0.010000 0.002390 -0.005064 0.009209 -0.008663 0.015582 -0.009750 0.027594
0.012068 0.002887 -0.004694 0.009721 -0.008538 0.018901 -0.009688 0.032772
0.014563 0.003662 -0.004384 0.010427 -0.008307 0.022789 -0.009595 0.039245
0.017575 0.004503 -0.003795 0.012375 -0.008026 0.027149 -0.009458 0.047307
0.021210 0.005683 -0.002808 0.015427 -0.007575 0.033141 -0.009253 0.057298
0.025595 0.007511 -0.001606 0.019270 -0.006921 0.041104 -0.008860 0.070099
0.030888 0.009679 -0.000237 0.025020 -0.005663 0.050686 -0.008233 0.086078
0.037276 0.012456 0.002009 0.032939 -0.004478 0.062156 -0.007829 0.102914
0.044984 0.016770 0.005058 0.042980 -0.002236 0.076914 -0.006840 0.124744
0.054287 0.024280 0.009098 0.056739 -0.000148 0.095423 -0.005993 0.150596
0.065513 0.034681 0.014516 0.075223 0.003253 0.117915 -0.004031 0.180707
0.079060 0.050454 0.022830 0.098988 0.007945 0.148715 -0.000717 0.215149
0.095410 0.073160 0.034773 0.130224 0.013863 0.191741 0.001224 0.253744
0.115140 0.104271 0.053418 0.172591 0.023068 0.250652 0.002566 0.296006
0.138950 0.142693 0.077606 0.225820 0.034798 0.308607 0.004390 0.356267
0.167683 0.188622 0.109845 0.291359 0.053730 0.381176 0.006778 0.458688
0.202359 0.240844 0.148695 0.369082 0.072786 0.463806 0.009765 0.556184
0.244205 0.303200 0.189424 0.446117 0.102928 0.548859 0.013289 0.667625
0.294705 0.366494 0.233519 0.523853 0.136954 0.634127 0.017172 0.732796
0.355648 0.430314 0.284303 0.593711 0.155052 0.718349 0.021142 0.806656
0.429193 0.488753 0.320990 0.654562 0.171281 0.784904 0.022569 0.861021
0.517947 0.533862 0.346436 0.706338 0.189530 0.840820 0.023414 0.902631
0.625055 0.575022 0.371429 0.748554 0.199616 0.882727 0.024043 0.929987
0.754312 0.610444 0.391965 0.780050 0.212745 0.905075 0.024504 0.950031
0.910298 0.632322 0.408605 0.804689 0.221204 0.924159 0.024840 0.961484
1.098541 0.651946 0.420180 0.822097 0.224573 0.938915 0.025082 0.968613
1.325711 0.664545 0.427589 0.838244 0.227015 0.950104 0.025255 0.973016
1.599859 0.675099 0.434726 0.848997 0.232158 0.958670 0.025380 0.975725
1.930698 0.680657 0.442867 0.857702 0.232564 0.963963 0.025468 0.977386
2.329952 0.686449 0.445698 0.866515 0.232810 0.967553 0.025532 0.978417
2.811769 0.688174 0.449421 0.870218 0.232960 0.969838 0.025576 0.979051
3.393222 0.690062 0.450241 0.874924 0.233051 0.972654 0.025608 0.979431
4.094915 0.691273 0.450721 0.877682 0.233107 0.974641 0.025631 0.979659
4.941713 0.691545 0.451501 0.880857 0.233140 0.975338 0.025647 0.979795
5.963623 0.692180 0.452912 0.883275 0.233161 0.975909 0.025659 0.979877
7.196857 0.693839 0.455071 0.885093 0.234348 0.976029 0.025667 0.979926
8.685114 0.693842 0.455105 0.887018 0.236275 0.976914 0.025672 0.979956
10.481131 0.695384 0.455126 0.888580 0.237387 0.977010 0.025676 0.979974
12.648552 0.695392 0.455139 0.889117 0.237425 0.977724 0.025679 0.979984
15.264180 0.695397 0.455147 0.889658 0.237451 0.977862 0.025681 0.979991
18.420700 0.695400 0.455153 0.889666 0.237470 0.977870 0.025683 0.979994
22.229965 0.695402 0.455156 0.889671 0.237483 0.978287 0.025684 0.979997
26.826958 0.695403 0.455158 0.890586 0.237493 0.978756 0.025685 0.979998
32.374575 0.695404 0.455159 0.890589 0.237499 0.979049 0.025685 0.979999
39.069399 0.695630 0.455160 0.890591 0.237504 0.979094 0.025685 0.979999
47.148664 0.696909 0.455160 0.890593 0.237507 0.979300 0.025686 0.980000
56.898660 0.697119 0.455161 0.890594 0.237509 0.979459 0.025686 0.980000
68.664885 0.697119 0.455161 0.890594 0.237511 0.979582 0.025686 0.980000
82.864277 0.697119 0.455161 0.890595 0.237512 0.979677 0.025686 0.980000
100.000000 0.697119 0.455161 0.890655 0.237513 0.979751 0.025686 0.980000
