0.001000 0.036771 0.030291 0.042610 0.027796 0.045062 0.027434 0.045476
0.001038 0.041045 0.033811 0.047562 0.031026 0.050300 0.030622 0.050762
0.001077 0.045812 0.037738 0.053086 0.034630 0.056141 0.034178 0.056657
0.001117 0.051128 0.042117 0.059246 0.038648 0.062656 0.038145 0.063232
0.001159 0.057057 0.047001 0.066116 0.043130 0.069921 0.042568 0.070563
0.001203 0.063666 0.052445 0.073775 0.048126 0.078021 0.047499 0.078738
0.001248 0.071034 0.058515 0.082312 0.053695 0.087050 0.052996 0.087850
0.001296 0.079246 0.065279 0.091828 0.059903 0.097114 0.059122 0.098005
0.001344 0.088396 0.072817 0.102431 0.066820 0.108327 0.065949 0.109322
0.001395 0.098591 0.081215 0.114245 0.074526 0.120821 0.073555 0.121930
0.001448 0.109946 0.090569 0.127403 0.083109 0.134736 0.082026 0.135974
0.001502 0.122591 0.100986 0.142056 0.092668 0.150233 0.091460 0.151612
0.001559 0.136669 0.112582 0.158369 0.103310 0.167485 0.101964 0.169023
0.001617 0.152338 0.125490 0.176526 0.115154 0.186687 0.113653 0.188401
0.001678 0.169773 0.139851 0.196728 0.128333 0.208052 0.126661 0.209963
0.001742 0.189166 0.155827 0.219200 0.142992 0.231818 0.141129 0.233947
0.001807 0.210730 0.173590 0.244188 0.159293 0.258244 0.157217 0.260616
0.001875 0.234700 0.193336 0.271964 0.177412 0.287618 0.175100 0.290260
0.001946 0.261333 0.215275 0.302826 0.197544 0.320257 0.194970 0.323199
0.002019 0.290915 0.239643 0.337104 0.219905 0.356509 0.217040 0.359783
0.002095 0.323756 0.266696 0.375160 0.244730 0.396754 0.241541 0.400398
0.002174 0.360198 0.296716 0.417388 0.272277 0.441413 0.268729 0.445467
0.002256 0.400616 0.330010 0.464223 0.302829 0.490945 0.298884 0.495454
0.002341 0.445420 0.366918 0.516141 0.336697 0.545850 0.332310 0.550864
0.002430 0.495056 0.407806 0.573658 0.374218 0.606679 0.369342 0.612250
0.002521 0.550013 0.453077 0.637340 0.415760 0.674026 0.410342 0.680217
0.002616 0.610820 0.503167 0.707802 0.461724 0.748544 0.455708 0.755418
0.002715 0.678053 0.558551 0.785710 0.512546 0.830936 0.505868 0.838567
0.002817 0.752336 0.619742 0.871787 0.568697 0.921968 0.561287 0.930435
0.002923 0.834342 0.687295 0.966814 0.630687 1.022464 0.622469 1.031855
0.003033 0.924799 0.761810 1.071633 0.699064 1.133317 0.689955 1.143725
0.003148 1.024488 0.843929 1.187149 0.774419 1.255482 0.764329 1.267013
0.003266 1.134245 0.934342 1.314333 0.857386 1.389987 0.846214 1.402753
0.003389 1.254966 1.033787 1.454221 0.948640 1.537927 0.936279 1.552052
0.003517 1.387603 1.143047 1.607917 1.048901 1.700470 1.035234 1.716088
0.003650 1.533167 1.262957 1.776593 1.158935 1.878856 1.143834 1.896111
0.003787 1.692727 1.394396 1.961487 1.279547 2.074392 1.262875 2.093444
0.003930 1.867407 1.538290 2.163902 1.411590 2.288458 1.393197 2.309476
0.004078 2.058385 1.695610 2.385202 1.555952 2.522497 1.535678 2.545664
0.004232 2.266889 1.867366 2.626811 1.713562 2.778013 1.691234 2.803526
0.004391 2.494191 2.054607 2.890202 1.885381 3.056565 1.860815 3.084637
0.004557 2.741603 2.258415 3.176896 2.072402 3.359762 2.045399 3.390618
0.004728 3.010469 2.479895 3.488451 2.275640 3.689250 2.245989 3.723133
0.004906 3.302156 2.720174 3.826450 2.496129 4.046705 2.463605 4.083870
0.005091 3.618044 2.980390 4.192493 2.734912 4.433818 2.699276 4.474538
0.005283 3.959517 3.261680 4.588182 2.993034 4.852283 2.954035 4.896847
0.005482 4.327945 3.565175 5.015108 3.271532 5.303783 3.228905 5.352493
0.005689 4.724680 3.891989 5.474833 3.571428 5.789971 3.524893 5.843146
0.005903 5.151035 4.243201 5.968882 3.893713 6.312457 3.842978 6.370431
0.006126 5.608271 4.619853 6.498715 4.239342 6.872788 4.184104 6.935908
0.006356 6.097587 5.022931 7.065721 4.609220 7.472432 4.549163 7.541059
0.006596 6.620105 5.453358 7.671201 5.004196 8.112764 4.938992 8.187272
0.006844 7.176857 5.911987 8.316350 5.425050 8.795048 5.354362 8.875823
0.007102 7.768777 6.399585 9.002251 5.872488 9.520431 5.795970 9.607867
0.007370 8.396694 6.916836 9.729865 6.347136 10.289926 6.264433 10.384430
0.007648 9.061328 7.464333 10.500025 6.849539 11.104418 6.760290 11.206402
0.007936 9.763291 8.042580 11.313442 7.380159 11.964655 7.283997 12.074540
0.008235 10.503093 8.651997 12.170704 7.939382 12.871263 7.835933 12.989474
0.008545 11.281151 9.292928 13.072297 8.527523 13.824753 8.416410 13.951720
0.008867 12.097809 9.965655 14.018618 9.144841 14.825545 9.025686 14.961704
0.009201 12.953358 10.670420 15.010006 9.791559 15.873998 9.663976 16.019786
0.009548 13.848071 11.407446 16.046775 10.467880 16.970444 10.331485 17.126302
0.009908 14.782237 12.176972 17.129261 11.174024 18.115240 11.028428 18.281612
0.010281 15.756207 12.979287 18.257873 11.910257 19.308816 11.755069 19.486149
0.010669 16.770450 13.814777 19.433150 12.676932 20.551743 12.511754 20.740492
0.011071 17.825604 14.683967 20.655835 13.474533 21.844807 13.298962 22.045431
0.011488 18.922551 15.587585 21.926947 14.303724 23.189085 14.117349 23.402056
0.011921 20.062480 16.526610 23.247867 15.165407 24.586039 14.967804 24.811839
0.012370 21.246974 17.502345 24.620427 16.060777 26.037605 15.851508 26.276737
0.012836 22.478089 18.516484 26.047010 16.991387 27.546304 16.769992 27.799291
0.013320 23.758442 19.571184 27.530648 17.959217 29.115342 17.725212 29.382739
0.013822 25.091307 20.669141 29.075137 18.966742 30.748733 18.719609 31.031132
0.014343 26.480716 21.813677 30.685147 20.017009 32.451417 19.756190 32.749453
0.014883 27.931559 23.008819 32.366345 21.113714 34.229387 20.838605 34.543752
0.015444 29.449695 24.259394 34.125521 22.261287 36.089823 21.971226 36.421275
0.016026 31.042069 25.571124 35.970722 23.464977 38.041235 23.159232 38.390609
0.016630 32.716831 26.950720 37.911390 24.730944 40.093611 24.408703 40.461834
0.017256 34.483464 28.405997 39.958518 26.066357 42.258573 25.726717 42.646679
0.017907 36.352926 29.945979 42.124800 27.479500 44.549549 27.121447 44.958696
0.018581 38.337793 31.581028 44.424812 28.979879 46.981952 28.602276 47.413438
0.019281 40.452422 33.322968 46.875188 30.578346 49.573374 30.179915 50.028660
0.020008 42.713120 35.185234 49.494824 32.287228 52.343799 31.866530 52.824529
0.020762 45.138335 37.183022 52.305098 34.120469 55.315836 33.675885 55.823861
0.021544 47.748858 39.333459 55.330103 36.093787 58.514963 35.623490 59.052369
0.022356 50.568054 41.655791 58.596911 38.224842 61.969812 37.726778 62.538948
0.023199 53.622103 44.171585 62.135862 40.533425 65.712469 40.005280 66.315977
0.024073 56.940278 46.904956 65.980875 43.041663 69.778805 42.480837 70.419659
0.024980 60.555243 49.882809 70.169800 45.774247 74.208849 45.177816 74.890389
0.025921 64.503383 53.135117 74.744799 48.758681 79.047190 48.123363 79.773166
0.026898 68.825167 56.695217 79.752767 52.025556 84.343422 51.347671 85.118039
0.027911 73.565546 60.600138 85.245792 55.608851 90.152632 54.884276 90.980601
0.028963 78.774395 64.890964 91.281667 59.546266 96.535938 58.770388 97.422532
0.030055 84.506986 69.613226 97.924440 63.879583 103.561076 63.047242 104.512190
0.031187 90.824514 74.817334 105.245023 68.655058 111.303040 67.760493 112.325256
0.032362 97.794666 80.559046 113.321849 73.923858 119.844777 72.960642 120.945441
0.033582 105.492240 86.899977 122.241593 79.742523 129.277951 78.703491 130.465250
0.034847 113.999815 93.908152 132.099944 86.173475 139.703759 85.050648 140.986809
0.036160 123.408472 101.658599 143.002444 93.285562 151.233818 92.070065 152.622762
0.037523 133.818570 110.233992 155.065388 101.154648 163.991119 99.836619 165.497226
0.038937 145.340583 119.725331 168.416789 109.864240 178.111041 108.432726 179.746827
0.040404 158.095979 130.232678 183.197401 119.506157 193.742441 117.949011 195.521787
0.041927 172.218163 141.865927 199.561811 130.181242 211.048804 128.485000 212.987093
0.043507 187.853466 154.745618 217.679583 142.000106 230.209454 140.149867 232.323716
0.045146 205.162181 169.003795 237.736461 155.083918 251.420827 153.063199 253.729896
0.046847 224.319642 184.784888 259.935616 169.565214 274.897789 167.355806 277.422473
0.048612 245.517332 202.246635 284.498933 185.588736 300.874998 183.170544 303.638258
0.050444 268.964015 221.561006 311.668324 203.312293 329.608288 200.663165 332.635437
0.052345 294.886878 242.915147 341.707046 222.907616 361.376071 220.003164 364.694978
0.054317 323.532664 266.512315 374.901018 244.561220 396.480724 241.374625 400.122034
0.056364 355.168773 292.572783 411.560097 268.475236 435.249939 264.977046 439.247309
0.058488 390.084316 321.334708 452.019296 294.868206 478.038013 291.026119 482.428352
0.060692 428.591079 353.054926 496.639905 323.975810 525.227033 319.754456 530.050760
0.062979 471.024375 388.009653 545.810477 356.051517 577.227915 351.412221 582.529223
0.065352 517.743739 426.495058 599.947628 391.367099 634.481259 386.267647 640.308386
0.067815 569.133414 468.827666 659.496612 430.213012 697.457947 424.607403 703.863457
0.070370 625.602598 515.344554 724.931596 472.898571 766.659439 466.736776 773.700501
0.073022 687.585373 566.403303 796.755582 519.751902 842.617690 512.979615 850.356359
0.075774 755.540272 622.381631 875.499906 571.119615 925.894623 563.678016 934.398114
0.078629 829.949415 683.676688 961.723235 627.366148 1017.081059 619.191665 1026.422014
0.081592 911.317142 750.703926 1056.009985 688.872737 1116.795056 679.896832 1127.051792
0.084666 1000.168085 823.895518 1158.968088 756.035956 1225.679538 746.184925 1236.936278
0.087857 1097.044610 903.698239 1271.226020 829.265783 1344.399157 818.460579 1356.746228
0.091167 1202.503551 990.570786 1393.429026 908.983135 1473.636301 897.139226 1487.170295
0.094603 1317.112201 1084.980471 1526.234472 995.616834 1614.086170 982.644101 1628.910068
0.098168 1441.443498 1187.399254 1670.306261 1089.599967 1766.450887 1075.402649 1782.674114
0.101867 1576.070376 1298.299095 1826.308295 1191.365623 1931.432566 1175.842314 1949.170998
0.105705 1721.559271 1418.146598 1994.896943 1301.341972 2109.725358 1284.385689 2129.101245
0.109688 1878.462781 1547.396972 2176.712544 1419.946732 2302.006460 1401.445047 2323.148273
0.113822 2047.311533 1686.487323 2372.369972 1547.581006 2508.926140 1527.416267 2531.968320
0.118111 2228.605303 1835.829345 2582.448355 1684.622580 2731.096861 1662.672210 2756.179474
0.122561 2422.803507 1995.801486 2807.480051 1831.418730 2969.081624 1807.555629 2996.349908
0.127180 2630.315199 2166.740707 3047.939062 1988.278665 3223.381715 1962.371703 3252.985512
0.131972 2851.488753 2348.933983 3304.229076 2155.465723 3494.424057 2127.380340 3526.517129
0.136945 3086.601450 2542.609726 3576.671395 2333.189503 3782.548449 2302.788407 3817.287679
0.142105 3335.849211 2747.929328 3865.493048 2521.598103 4087.994988 2488.742072 4125.539463
0.147460 3599.336771 2964.979065 4170.815402 2720.770695 4410.892025 2685.319476 4451.402013
0.153017 3877.068595 3193.762615 4492.643628 2930.710652 4751.245030 2892.523948 4794.880847
0.158783 4168.940836 3434.194434 4830.857393 3151.339476 5108.926743 3110.278014 5155.847538
0.164766 4474.734679 3686.094269 5185.203137 3382.491763 5483.669010 3338.418422 5534.031468
0.170975 4794.111341 3949.183048 5555.288291 3623.911424 5875.056663 3576.692422 5929.013656
0.177417 5126.609029 4223.080366 5940.577740 3875.249386 6282.523787 3824.755489 6340.222991
0.184103 5471.642069 4507.303767 6340.392819 4136.062931 6705.352653 4082.170674 6766.935151
0.191040 5828.502372 4801.269960 6753.913015 4405.816809 7142.675516 4348.409702 7208.274423
0.198239 6196.363355 5104.298041 7180.180506 4683.886200 7593.479422 4622.855891 7663.218549
0.205709 6574.286326 5415.614755 7618.107560 4969.561537 8056.614029 4904.808923 8130.606621
0.213460 6961.229266 5734.361733 8066.486714 5262.055148 8530.802369 5193.491389 8609.149945
0.221504 7356.057864 6059.604576 8524.003557 5560.509599 9014.654374 5488.057024 9097.445686
0.229851 7757.558559 6390.343607 8989.251848 5864.007547 9506.682858 5787.600441 9593.992998
0.238512 8164.453290 6725.526013 9460.750604 6171.582895 10005.321590 6091.168130 10097.211269
0.247499 8575.415568 7064.059090 9936.962725 6482.232938 10508.944993 6397.770452 10605.459990
0.256826 8989.087455 7404.824226 10416.314669 6794.931198 11015.888950 6706.394302 11117.059761
0.266503 9404.096998 7746.691265 10897.216653 7108.640605 11524.472170 7016.016124 11630.313850
0.276546 9819.075662 8088.532869 11378.082856 7422.326670 12033.017549 7325.614909 12143.529751
0.286967 10232.675314 8429.238500 11857.351095 7734.970327 12539.872984 7634.184868 12655.040187
0.297780 10643.584333 8767.727705 12333.501501 8045.580112 13043.431120 7940.747455 13163.223041
0.309001 11050.542496 9102.962363 12805.073761 8353.203408 13542.147586 8244.362468 13666.519760
0.320645 11452.354305 9433.957676 13270.682562 8656.936530 14034.557331 8544.137995 14163.451836
0.332727 11847.900526 9759.791667 13729.030968 8955.933439 14519.288765 8839.239020 14652.635082
0.345265 12236.147771 10079.613076 14178.921516 9249.412986 14995.075497 9128.894575 15132.791477
0.358275 12616.156020 10392.647552 14619.264934 9536.664603 15460.765555 9412.403347 15602.758471
0.371776 12987.084061 10698.202144 15049.086450 9817.052410 15915.328061 9689.137745 16061.495715
0.385785 13348.192903 10995.668100 15467.529739 10090.017797 16357.857396 9958.546435 16508.089275
0.400322 13698.847235 11284.522081 15873.858622 10355.080527 16787.575006 10220.155439 16941.753447
0.415407 14038.515106 11564.325887 16267.456688 10611.838494 17203.829000 10473.567890 17361.830351
0.431060 14366.765989 11834.724868 16647.825051 10859.966257 17606.091776 10718.462587 17767.787540
0.447304 14683.267436 12095.445168 17014.578482 11099.212517 17993.955929 10954.591505 18159.213868
0.464159 14987.780562 12346.290005 17367.440167 11329.396699 18367.128712 11181.776423 18535.813901
0.481649 15280.154568 12587.135156 17706.235363 11550.404812 18725.425324 11399.904835 18897.401138
0.499799 15560.320529 12817.923843 18030.884202 11762.184755 19068.761300 11608.925318 19243.890339
0.518632 15828.284666 13038.661192 18341.393893 11964.741230 19397.144263 11808.842514 19575.289197
0.538175 16084.121288 13249.408415 18637.850544 12158.130410 19710.665278 11999.711863 19891.689615
0.558455 16327.965593 13450.276882 18920.410818 12342.454490 20009.490025 12181.634229 20193.258792
0.579498 16560.006464 13641.422187 19189.293587 12517.856249 20293.849976 12354.750530 20480.230328
0.601335 16780.479410 13823.038331 19444.771753 12684.513710 20564.033740 12519.236471 20752.895481
0.623994 16989.659745 13995.352109 19687.164343 12842.634987 20820.378709 12675.297452 21011.594743
0.647508 17187.856102 14158.617756 19916.828993 12992.453377 21063.263103 12823.163732 21256.709807
0.671907 17375.404334 14313.111936 20134.154879 13134.222755 21293.098501 12963.085876 21488.656032
0.697226 17552.661857 14459.129072 20339.556167 13268.213294 21510.322908 13095.330540 21707.875445
0.723499 17720.002462 14596.977076 20533.465995 13394.707546 21715.394394 13220.176592 21914.830324
0.750762 17877.811602 14726.973468 20716.331015 13513.996879 21908.785321 13337.911603 22109.997369
0.779052 18026.482167 14849.441896 20888.606499 13626.378283 22090.977168 13448.828694 22293.862480
0.808408 18166.410733 14964.709039 21050.751987 13732.151531 22262.455924 13553.223733 22466.916112
0.838870 18297.994264 15073.101901 21203.227471 13831.616693 22423.708061 13651.392880 22629.649201
0.870480 18421.627256 15174.945451 21346.490083 13925.071971 22575.217023 13743.630451 22782.549634
0.903282 18537.699288 15270.560606 21480.991256 14012.811853 22717.460229 13830.227096 22926.099212
0.937319 18646.592952 15360.262531 21607.174328 14095.125543 22850.906534 13911.468251 23060.771099
0.972639 18748.682134 15444.359215 21725.472549 14172.295665 22976.014128 13987.632858 23187.027691
1.009290 18844.330614 15523.150325 21836.307454 14244.597201 23093.228810 14058.992316 23305.318882
1.047322 18933.890942 15596.926277 21940.087573 14312.296650 23202.982624 14125.809652 23416.080684
1.086787 19017.703586 15665.967535 22037.207428 14375.651374 23305.692802 14188.338874 23519.734161
1.127740 19096.096291 15730.544079 22128.046803 14434.909117 23401.760989 14246.824498 23616.684646
1.170235 19169.383643 15790.915052 22212.970231 14490.307679 23491.572701 14301.501225 23707.321196
1.214332 19237.866803 15847.328538 22292.326689 14542.074709 23575.497003 14352.593739 23792.016265
1.260090 19301.833391 15900.021466 22366.449464 14590.427622 23653.886364 14400.316620 23871.125561
1.307573 19361.557493 15949.219617 22435.656159 14635.573602 23727.076671 14444.874355 23944.988054
1.356845 19417.299777 15995.137717 22500.248831 14677.709690 23795.387367 14486.461417 24013.926120
1.407973 19469.307697 16037.979608 22560.514221 14717.022940 23859.121698 14525.262422 24078.245792
1.461028 19517.815769 16077.938475 22616.724081 14753.690624 23918.567057 14561.452331 24138.237102
1.516083 19563.045904 16115.197118 22669.135554 14787.880485 23973.995391 14595.196704 24194.174495
1.573212 19605.207789 16149.928268 22717.991621 14819.751029 24025.663666 14626.651980 24246.317296
1.632493 19644.499304 16182.294930 22763.521580 14849.451834 24073.814378 14655.965788 24294.910227
1.694009 19681.106959 16212.450745 22805.941554 14877.123887 24118.676092 14683.277278 24340.183954
1.757842 19715.206359 16240.540366 22845.455029 14902.899927 24160.464005 14708.717460 24382.355651
1.824081 19746.962669 16266.699851 22882.253394 14926.904804 24199.380523 14732.409558 24421.629582
1.892816 19776.531090 16291.057046 22916.516491 14949.255837 24235.615841 14754.469360 24458.197688
1.964141 19804.057333 16313.731983 22948.413167 14970.063169 24269.348524 14775.005576 24492.240174
2.038154 19829.678092 16334.837263 22978.101818 14989.430128 24300.746086 14794.120186 24523.926094
2.114955 19853.521502 16354.478441 23005.730926 15007.453574 24329.965555 14811.908790 24553.413917
2.194651 19875.707600 16372.754396 23031.439584 15024.224243 24357.154031 14828.460939 24580.852094
2.277350 19896.348759 16389.757696 23055.358008 15039.827079 24382.449226 14843.860473 24606.379602
2.363165 19915.550120 16405.574953 23077.608033 15054.341559 24405.979986 14858.185831 24630.126470
2.452213 19933.410002 16420.287156 23098.303587 15067.842002 24427.866798 14871.510366 24652.214293
2.544617 19950.020297 16433.970005 23117.551155 15080.397872 24448.222276 14883.902635 24672.756718
2.640503 19965.466857 16446.694217 23135.450216 15092.074064 24467.151626 14895.426688 24691.859917
2.740003 19979.829847 16458.525832 23152.093666 15102.931176 24484.753091 14906.142334 24709.623035
2.843251 19993.184100 16469.526492 23167.568217 15113.025775 24501.118375 14916.105401 24726.138619
2.950391 20005.599441 16479.753717 23181.954783 15122.410642 24516.333047 14925.367985 24741.493023
3.061567 20017.141002 16489.261159 23195.328836 15131.135010 24530.476925 14933.978676 24755.766799
3.176933 20027.869517 16498.098849 23207.760753 15139.244790 24543.624436 14941.982787 24769.035059
3.296646 20037.841604 16506.313426 23219.316141 15146.782779 24555.844965 14949.422557 24781.367821
3.420870 20047.110027 16513.948354 23230.056142 15153.788863 24567.203172 14956.337352 24792.830343
3.549775 20055.723948 16521.044133 23240.037725 15160.300203 24577.759305 14962.763851 24803.483425
3.683537 20063.729163 16527.638486 23249.313954 15166.351416 24587.569484 14968.736217 24813.383702
3.822340 20071.168320 16533.766544 23257.934251 15171.974741 24596.685974 14974.286271 24822.583918
3.966373 20078.081130 16539.461019 23265.944630 15177.200195 24605.157440 14979.443639 24831.133186
4.115834 20084.504560 16544.752365 23273.387930 15182.055723 24613.029184 14984.235900 24839.077225
4.270926 20090.473021 16549.668927 23280.304022 15186.567336 24620.343374 14988.688727 24846.458590
4.431863 20096.018534 16554.237082 23286.730015 15190.759238 24627.139254 14992.826010 24853.316883
4.598864 20101.170895 16558.481376 23292.700433 15194.653954 24633.453336 14996.669978 24859.688954
4.772158 20105.957826 16562.424644 23298.247401 15198.272438 24639.319593 15000.241313 24865.609088
4.951983 20110.405113 16566.088129 23303.400799 15201.634182 24644.769627 15003.559255 24871.109175
5.138583 20114.536744 16569.491589 23308.188423 15204.757318 24649.832831 15006.641697 24876.218880
5.332215 20118.375024 16572.653399 23312.636119 15207.658709 24654.536542 15009.505282 24880.965790
5.533143 20121.940699 16575.590648 23316.767928 15210.354033 24658.906181 15012.165488 24885.375561
5.741642 20125.253056 16578.319226 23320.606199 15212.857874 24662.965387 15014.636703 24889.472047
5.957999 20128.330030 16580.853905 23324.171714 15215.183786 24666.736137 15016.932309 24893.277428
6.182508 20131.188293 16583.208420 23327.483793 15217.344372 24670.238864 15019.064744 24896.812323
6.415476 20133.843345 16585.395538 23330.560397 15219.351350 24673.492560 15021.045571 24900.095902
6.657224 20136.309594 16587.427127 23333.418220 15221.215609 24676.514883 15022.885539 24903.145982
6.908081 20138.600430 16589.314220 23336.072780 15222.947273 24679.322242 15024.594639 24905.979124
7.168391 20140.728300 16591.067068 23338.538499 15224.555749 24681.929890 15026.182157 24908.610721
7.438510 20142.704772 16592.695200 23340.828781 15226.049781 24684.352003 15027.656722 24911.055079
7.718807 20144.540594 16594.207472 23342.956083 15227.437495 24686.601755 15029.026355 24913.325493
8.009667 20146.245757 16595.612112 23344.931981 15228.726443 24688.691387 15030.298508 24915.434316
8.311487 20147.829543 16596.916767 23346.767230 15229.923642 24690.632276 15031.480107 24917.393030
8.624680 20149.300579 16598.128543 23348.471826 15231.035610 24692.434991 15032.577587 24919.212301
8.949674 20150.666877 16599.254041 23350.055057 15232.068408 24694.109354 15033.596927 24920.902042
9.286915 20151.935886 16600.299396 23351.525550 15233.027662 24695.664490 15034.543683 24922.471461
9.636864 20153.114523 16601.270306 23352.891324 15233.918605 24697.108879 15035.423016 24923.929115
10.000000 20154.209217 16602.172068 23354.159825 15234.746093 24698.450397 15036.239723 24925.282953
