0.001000 0.000002 0.000002 0.000002 0.000001 0.000002 0.000001 0.000003
0.001038 0.000002 0.000002 0.000002 0.000002 0.000003 0.000001 0.000003
0.001077 0.000002 0.000002 0.000003 0.000002 0.000003 0.000002 0.000003
0.001117 0.000003 0.000002 0.000003 0.000002 0.000003 0.000002 0.000004
0.001159 0.000003 0.000002 0.000003 0.000002 0.000004 0.000002 0.000004
0.001203 0.000003 0.000003 0.000004 0.000002 0.000004 0.000002 0.000005
0.001248 0.000004 0.000003 0.000004 0.000003 0.000005 0.000003 0.000005
0.001296 0.000004 0.000003 0.000005 0.000003 0.000005 0.000003 0.000006
0.001344 0.000004 0.000004 0.000005 0.000003 0.000006 0.000003 0.000006
0.001395 0.000005 0.000004 0.000006 0.000004 0.000007 0.000003 0.000007
0.001448 0.000005 0.000005 0.000007 0.000004 0.000007 0.000004 0.000008
0.001502 0.000006 0.000005 0.000007 0.000005 0.000008 0.000004 0.000009
0.001559 0.000007 0.000006 0.000008 0.000005 0.000009 0.000005 0.000010
0.001617 0.000008 0.000006 0.000009 0.000006 0.000010 0.000005 0.000011
0.001678 0.000008 0.000007 0.000010 0.000006 0.000011 0.000006 0.000012
0.001742 0.000009 0.000008 0.000011 0.000007 0.000013 0.000007 0.000014
0.001807 0.000010 0.000009 0.000013 0.000008 0.000014 0.000007 0.000015
0.001875 0.000012 0.000010 0.000014 0.000009 0.000016 0.000008 0.000017
0.001946 0.000013 0.000011 0.000016 0.000010 0.000017 0.000009 0.000019
0.002019 0.000014 0.000012 0.000017 0.000011 0.000019 0.000010 0.000021
0.002095 0.000016 0.000013 0.000019 0.000012 0.000022 0.000011 0.000023
0.002174 0.000018 0.000015 0.000022 0.000013 0.000024 0.000013 0.000026
0.002256 0.000020 0.000017 0.000024 0.000015 0.000027 0.000014 0.000029
0.002341 0.000022 0.000019 0.000027 0.000016 0.000030 0.000016 0.000032
0.002430 0.000025 0.000021 0.000029 0.000018 0.000033 0.000018 0.000035
0.002521 0.000027 0.000023 0.000033 0.000020 0.000036 0.000020 0.000039
0.002616 0.000030 0.000025 0.000036 0.000023 0.000040 0.000022 0.000044
0.002715 0.000034 0.000028 0.000040 0.000025 0.000045 0.000024 0.000048
0.002817 0.000037 0.000031 0.000045 0.000028 0.000050 0.000027 0.000054
0.002923 0.000041 0.000035 0.000049 0.000031 0.000055 0.000030 0.000059
0.003033 0.000046 0.000039 0.000055 0.000034 0.000061 0.000033 0.000066
0.003148 0.000051 0.000043 0.000061 0.000038 0.000067 0.000037 0.000072
0.003266 0.000056 0.000047 0.000067 0.000042 0.000074 0.000041 0.000080
0.003389 0.000062 0.000053 0.000074 0.000047 0.000082 0.000045 0.000088
0.003517 0.000069 0.000058 0.000082 0.000052 0.000091 0.000050 0.000097
0.003650 0.000076 0.000064 0.000090 0.000057 0.000100 0.000055 0.000107
0.003787 0.000084 0.000071 0.000099 0.000064 0.000110 0.000061 0.000118
0.003930 0.000092 0.000079 0.000109 0.000070 0.000121 0.000068 0.000130
0.004078 0.000102 0.000087 0.000120 0.000078 0.000134 0.000075 0.000143
0.004232 0.000112 0.000096 0.000132 0.000086 0.000147 0.000083 0.000157
0.004391 0.000123 0.000106 0.000145 0.000094 0.000161 0.000091 0.000172
0.004557 0.000135 0.000116 0.000159 0.000104 0.000177 0.000101 0.000189
0.004728 0.000149 0.000128 0.000175 0.000114 0.000193 0.000111 0.000206
0.004906 0.000163 0.000141 0.000191 0.000126 0.000211 0.000122 0.000225
0.005091 0.000178 0.000155 0.000209 0.000138 0.000231 0.000134 0.000246
0.005283 0.000195 0.000169 0.000228 0.000152 0.000252 0.000147 0.000268
0.005482 0.000214 0.000186 0.000249 0.000167 0.000274 0.000161 0.000292
0.005689 0.000233 0.000203 0.000271 0.000183 0.000298 0.000176 0.000317
0.005903 0.000254 0.000222 0.000294 0.000200 0.000323 0.000193 0.000344
0.006126 0.000277 0.000242 0.000319 0.000218 0.000351 0.000211 0.000373
0.006356 0.000301 0.000263 0.000346 0.000238 0.000380 0.000230 0.000403
0.006596 0.000327 0.000286 0.000374 0.000260 0.000411 0.000250 0.000435
0.006844 0.000354 0.000311 0.000405 0.000282 0.000444 0.000273 0.000469
0.007102 0.000383 0.000338 0.000437 0.000307 0.000478 0.000296 0.000505
0.007370 0.000415 0.000366 0.000471 0.000333 0.000514 0.000321 0.000543
0.007648 0.000448 0.000396 0.000507 0.000361 0.000552 0.000348 0.000582
0.007936 0.000483 0.000427 0.000544 0.000390 0.000591 0.000377 0.000624
0.008235 0.000520 0.000461 0.000584 0.000422 0.000633 0.000407 0.000667
0.008545 0.000558 0.000497 0.000626 0.000455 0.000676 0.000440 0.000712
0.008867 0.000599 0.000535 0.000669 0.000491 0.000721 0.000474 0.000758
0.009201 0.000641 0.000574 0.000714 0.000528 0.000768 0.000510 0.000807
0.009548 0.000686 0.000615 0.000761 0.000567 0.000818 0.000548 0.000857
0.009908 0.000731 0.000659 0.000809 0.000609 0.000868 0.000588 0.000909
0.010281 0.000778 0.000704 0.000859 0.000652 0.000920 0.000630 0.000962
0.010669 0.000827 0.000752 0.000910 0.000698 0.000974 0.000675 0.001017
0.011071 0.000880 0.000803 0.000964 0.000745 0.001030 0.000721 0.001074
0.011488 0.000935 0.000854 0.001021 0.000796 0.001089 0.000770 0.001133
0.011921 0.000990 0.000909 0.001078 0.000848 0.001150 0.000820 0.001193
0.012370 0.001048 0.000965 0.001138 0.000903 0.001214 0.000873 0.001255
0.012836 0.001109 0.001023 0.001201 0.000961 0.001277 0.000927 0.001319
0.013320 0.001172 0.001083 0.001265 0.001020 0.001345 0.000984 0.001385
0.013822 0.001237 0.001147 0.001332 0.001082 0.001414 0.001044 0.001454
0.014343 0.001305 0.001214 0.001402 0.001149 0.001485 0.001106 0.001526
0.014883 0.001377 0.001283 0.001476 0.001218 0.001559 0.001172 0.001602
0.015444 0.001451 0.001356 0.001552 0.001290 0.001642 0.001240 0.001682
0.016026 0.001530 0.001433 0.001631 0.001366 0.001721 0.001313 0.001766
0.016630 0.001612 0.001514 0.001715 0.001446 0.001806 0.001388 0.001855
0.017256 0.001699 0.001598 0.001804 0.001528 0.001898 0.001465 0.001948
0.017907 0.001791 0.001688 0.001896 0.001615 0.001994 0.001548 0.002047
0.018581 0.001890 0.001785 0.001997 0.001707 0.002094 0.001635 0.002152
0.019281 0.001995 0.001883 0.002102 0.001805 0.002204 0.001727 0.002266
0.020008 0.002108 0.001992 0.002217 0.001911 0.002320 0.001826 0.002389
0.020762 0.002226 0.002110 0.002340 0.002024 0.002449 0.001932 0.002521
0.021544 0.002353 0.002234 0.002473 0.002143 0.002585 0.002045 0.002665
0.022356 0.002492 0.002370 0.002616 0.002271 0.002731 0.002168 0.002820
0.023199 0.002643 0.002512 0.002772 0.002409 0.002896 0.002295 0.002987
0.024073 0.002806 0.002667 0.002943 0.002559 0.003080 0.002440 0.003172
0.024980 0.002987 0.002834 0.003129 0.002723 0.003273 0.002598 0.003374
0.025921 0.003180 0.003017 0.003331 0.002900 0.003489 0.002768 0.003594
0.026898 0.003392 0.003218 0.003552 0.003091 0.003729 0.002953 0.003836
0.027911 0.003627 0.003439 0.003798 0.003302 0.003991 0.003156 0.004102
0.028963 0.003884 0.003679 0.004071 0.003530 0.004277 0.003379 0.004395
0.030055 0.004165 0.003943 0.004371 0.003776 0.004594 0.003621 0.004717
0.031187 0.004475 0.004236 0.004696 0.004048 0.004947 0.003887 0.005085
0.032362 0.004815 0.004556 0.005056 0.004355 0.005329 0.004180 0.005485
0.033582 0.005196 0.004911 0.005458 0.004699 0.005750 0.004503 0.005922
0.034847 0.005616 0.005297 0.005902 0.005078 0.006212 0.004860 0.006405
0.036160 0.006078 0.005730 0.006391 0.005482 0.006730 0.005244 0.006948
0.037523 0.006586 0.006209 0.006932 0.005931 0.007299 0.005668 0.007551
0.038937 0.007156 0.006742 0.007532 0.006417 0.007950 0.006137 0.008228
0.040404 0.007780 0.007326 0.008200 0.006967 0.008665 0.006656 0.008978
0.041927 0.008474 0.007971 0.008943 0.007575 0.009456 0.007232 0.009809
0.043507 0.009238 0.008687 0.009762 0.008245 0.010333 0.007869 0.010728
0.045146 0.010092 0.009492 0.010671 0.008982 0.011286 0.008575 0.011745
0.046847 0.011034 0.010370 0.011683 0.009804 0.012351 0.009357 0.012868
0.048612 0.012075 0.011346 0.012796 0.010715 0.013521 0.010223 0.014101
0.050444 0.013224 0.012420 0.014024 0.011733 0.014828 0.011181 0.015465
0.052345 0.014497 0.013607 0.015384 0.012852 0.016269 0.012241 0.016971
0.054317 0.015904 0.014927 0.016892 0.014094 0.017860 0.013414 0.018633
0.056364 0.017463 0.016386 0.018547 0.015468 0.019603 0.014711 0.020467
0.058488 0.019179 0.017976 0.020380 0.016985 0.021532 0.016144 0.022503
0.060692 0.021063 0.019744 0.022401 0.018661 0.023656 0.017725 0.024752
0.062979 0.023150 0.021699 0.024628 0.020510 0.026006 0.019471 0.027227
0.065352 0.025449 0.023853 0.027071 0.022543 0.028599 0.021395 0.029949
0.067815 0.027970 0.026222 0.029758 0.024779 0.031457 0.023514 0.032939
0.070370 0.030736 0.028825 0.032717 0.027239 0.034594 0.025837 0.036221
0.073022 0.033773 0.031672 0.035958 0.029933 0.038034 0.028379 0.039808
0.075774 0.037122 0.034797 0.039504 0.032892 0.041802 0.031170 0.043722
0.078629 0.040784 0.038230 0.043388 0.036137 0.045893 0.034229 0.047999
0.081592 0.044771 0.041997 0.047648 0.039698 0.050351 0.037579 0.052663
0.084666 0.049144 0.046105 0.052278 0.043616 0.055207 0.041242 0.057745
0.087857 0.053897 0.050583 0.057331 0.047896 0.060489 0.045242 0.063270
0.091167 0.059088 0.055449 0.062837 0.052513 0.066243 0.049605 0.069268
0.094603 0.064713 0.060755 0.068791 0.057533 0.072461 0.054353 0.075768
0.098168 0.070792 0.066539 0.075240 0.063020 0.079189 0.059515 0.082797
0.101867 0.077406 0.072801 0.082238 0.068986 0.086560 0.065114 0.090384
0.105705 0.084572 0.079588 0.089794 0.075451 0.094423 0.071178 0.098556
0.109688 0.092262 0.086899 0.097960 0.082444 0.102936 0.077731 0.107339
0.113822 0.100552 0.094796 0.106700 0.089942 0.112081 0.084799 0.116756
0.118111 0.109445 0.103273 0.116042 0.098001 0.121879 0.092406 0.126829
0.122561 0.118983 0.112285 0.126115 0.106690 0.132256 0.100575 0.137578
0.127180 0.129140 0.121958 0.136874 0.115944 0.143308 0.109326 0.149018
0.131972 0.139923 0.132290 0.148361 0.125827 0.155048 0.118677 0.161161
0.136945 0.151465 0.143396 0.160472 0.136379 0.167486 0.128646 0.174014
0.142105 0.163784 0.155123 0.173268 0.147670 0.180625 0.139245 0.187582
0.147460 0.176628 0.167542 0.186781 0.159703 0.194535 0.150482 0.201904
0.153017 0.190324 0.180620 0.200987 0.172278 0.209239 0.162363 0.217179
0.158783 0.204746 0.194468 0.215944 0.185333 0.224679 0.174987 0.233188
0.164766 0.219879 0.208858 0.231474 0.199238 0.240764 0.188541 0.249915
0.170975 0.235649 0.223890 0.247736 0.213827 0.257548 0.202791 0.267338
0.177417 0.251995 0.239625 0.264655 0.229064 0.274977 0.217726 0.285424
0.184103 0.269120 0.255912 0.282170 0.245007 0.293016 0.233330 0.304140
0.191040 0.286595 0.272916 0.300320 0.261475 0.311626 0.249582 0.323440
0.198239 0.304817 0.290246 0.318930 0.278462 0.330760 0.266454 0.343278
0.205709 0.323235 0.308311 0.338034 0.295960 0.350366 0.283911 0.363598
0.213460 0.342400 0.326849 0.357652 0.313652 0.370357 0.301606 0.384342
0.221504 0.361887 0.345707 0.377726 0.331795 0.390585 0.319279 0.405446
0.229851 0.381663 0.364980 0.397851 0.350226 0.411347 0.337308 0.426843
0.238512 0.401687 0.384380 0.418328 0.368938 0.432328 0.355636 0.448464
0.247499 0.422036 0.404223 0.438884 0.388204 0.453378 0.374207 0.470116
0.256826 0.442489 0.424007 0.459876 0.407694 0.474515 0.392959 0.491580
0.266503 0.462910 0.444001 0.480581 0.427616 0.495931 0.411830 0.513023
0.276546 0.483230 0.463921 0.501521 0.447832 0.517038 0.430759 0.534378
0.286967 0.503695 0.483754 0.522377 0.467508 0.538335 0.449682 0.555576
0.297780 0.523936 0.503582 0.543063 0.486762 0.558909 0.468539 0.576604
0.309001 0.544149 0.523305 0.563543 0.506137 0.580065 0.487270 0.597871
0.320645 0.564144 0.542743 0.583912 0.525189 0.600944 0.505819 0.618826
0.332727 0.583660 0.562031 0.603930 0.543874 0.621543 0.524129 0.639414
0.345265 0.602846 0.580949 0.623513 0.562422 0.641644 0.542152 0.659583
0.358275 0.621321 0.599289 0.642911 0.580533 0.661364 0.559840 0.679288
0.371776 0.639449 0.617038 0.661546 0.598186 0.680257 0.577151 0.698488
0.385785 0.657413 0.634681 0.679476 0.615032 0.698475 0.594046 0.717148
0.400322 0.675079 0.651762 0.697294 0.631669 0.716603 0.610492 0.735239
0.415407 0.691846 0.668107 0.714680 0.648320 0.733471 0.626460 0.752735
0.431060 0.708142 0.684077 0.731252 0.663794 0.750333 0.641927 0.769690
0.447304 0.723894 0.699568 0.747388 0.678697 0.766582 0.656873 0.786242
0.464159 0.738645 0.714381 0.762894 0.693041 0.782997 0.671283 0.802153
0.481649 0.753315 0.728844 0.777448 0.706697 0.797341 0.685146 0.817315
0.499799 0.767172 0.742362 0.792098 0.720040 0.811764 0.698456 0.831514
0.518632 0.780121 0.755103 0.805720 0.732880 0.825734 0.711209 0.845073
0.538175 0.792985 0.767682 0.818527 0.744776 0.838862 0.723406 0.858000
0.558455 0.804824 0.779446 0.830800 0.756299 0.851455 0.735051 0.870303
0.579498 0.816706 0.790730 0.842634 0.767130 0.863447 0.745851 0.881995
0.601335 0.827898 0.801455 0.853882 0.777713 0.874839 0.755722 0.893091
0.623994 0.838122 0.811542 0.864554 0.787551 0.885645 0.765086 0.903671
0.647508 0.848125 0.821086 0.874667 0.796765 0.895882 0.773957 0.913741
0.671907 0.857341 0.830170 0.884024 0.805484 0.905567 0.782351 0.923264
0.697226 0.866043 0.838876 0.893281 0.813705 0.914791 0.790283 0.932257
0.723499 0.874325 0.847253 0.901812 0.821244 0.923507 0.797771 0.941072
0.750762 0.881992 0.854647 0.909893 0.828847 0.931727 0.804832 0.949599
0.779052 0.889383 0.861611 0.917745 0.835761 0.939636 0.811483 0.957635
0.808408 0.896437 0.868478 0.924815 0.842284 0.946815 0.817743 0.965200
0.838870 0.903008 0.874555 0.931426 0.848491 0.953711 0.823629 0.972315
0.870480 0.909236 0.880523 0.937870 0.854325 0.960056 0.829158 0.979002
0.903282 0.914985 0.886126 0.943970 0.859803 0.966103 0.834350 0.985280
0.937319 0.920270 0.891328 0.949440 0.864943 0.971776 0.839339 0.991172
0.972639 0.925282 0.895982 0.954683 0.869763 0.977096 0.844301 0.996697
1.009290 0.930076 0.900635 0.959640 0.874280 0.982032 0.848954 1.001873
1.047322 0.934435 0.905019 0.964184 0.878510 0.986546 0.853313 1.006721
1.086787 0.938722 0.909122 0.968437 0.882513 0.990769 0.857395 1.011259
1.127740 0.942860 0.912960 0.972391 0.886414 0.994718 0.861215 1.015503
1.170235 0.946659 0.916549 0.976140 0.890063 0.998409 0.864789 1.019366
1.214332 0.949967 0.919903 0.979652 0.893474 1.001858 0.868130 1.022904
1.260090 0.953081 0.922828 0.982948 0.896443 1.005137 0.871252 1.026208
1.307573 0.956119 0.925755 0.985884 0.899096 1.008203 0.874169 1.029293
1.356845 0.958829 0.928305 0.988712 0.901572 1.011155 0.876892 1.032171
1.407973 0.961383 0.930661 0.991315 0.903881 1.013911 0.879433 1.034856
1.461028 0.963880 0.932951 0.993784 0.906106 1.016390 0.881805 1.037361
1.516083 0.966055 0.934992 0.996106 0.908245 1.018812 0.884017 1.039696
1.573212 0.968093 0.936895 0.998245 0.910239 1.021070 0.886080 1.041872
1.632493 0.969973 0.938893 1.000239 0.912097 1.023175 0.888002 1.043900
1.694009 0.971904 0.940634 1.002144 0.913829 1.025136 0.889794 1.045789
1.757842 0.973651 0.942271 1.003826 0.915442 1.026963 0.891464 1.047548
1.824081 0.975118 0.943838 1.005485 0.916944 1.028650 0.893019 1.049187
1.892816 0.976544 0.945186 1.007134 0.918343 1.030219 0.894468 1.050712
1.964141 0.978077 0.946557 1.008631 0.919645 1.031681 0.895816 1.052132
2.038154 0.979275 0.947860 1.009981 0.920857 1.033041 0.897072 1.053454
2.114955 0.980391 0.949060 1.011238 0.921985 1.034307 0.898241 1.054684
2.194651 0.981535 0.950177 1.012408 0.923035 1.035485 0.899328 1.055828
2.277350 0.982665 0.951216 1.013460 0.924057 1.036582 0.900340 1.056893
2.363165 0.983660 0.952183 1.014428 0.924977 1.037601 0.901282 1.057883
2.452213 0.984572 0.953035 1.015328 0.925796 1.038550 0.902158 1.058804
2.544617 0.985399 0.953794 1.016166 0.926557 1.039432 0.902972 1.059661
2.640503 0.986168 0.954499 1.016945 0.927282 1.040253 0.903730 1.060458
2.740003 0.986882 0.955155 1.017669 0.927962 1.041054 0.904435 1.061198
2.843251 0.987547 0.955755 1.018343 0.928594 1.041799 0.905090 1.061887
2.950391 0.988165 0.956310 1.018988 0.929169 1.042491 0.905699 1.062527
3.061567 0.988740 0.956825 1.019566 0.929675 1.043135 0.906266 1.063122
3.176933 0.989274 0.957304 1.020092 0.930146 1.043722 0.906792 1.063675
3.296646 0.989780 0.957749 1.020594 0.930584 1.044257 0.907282 1.064189
3.420870 0.990263 0.958162 1.021062 0.931009 1.044754 0.907736 1.064667
3.549775 0.990691 0.958547 1.021496 0.931404 1.045213 0.908159 1.065111
3.683537 0.991089 0.958904 1.021885 0.931771 1.045631 0.908552 1.065524
3.822340 0.991468 0.959236 1.022275 0.932112 1.046018 0.908918 1.065908
3.966373 0.991824 0.959544 1.022623 0.932429 1.046379 0.909257 1.066264
4.115834 0.992154 0.959831 1.022947 0.932724 1.046714 0.909572 1.066595
4.270926 0.992461 0.960097 1.023255 0.932998 1.047025 0.909865 1.066903
4.431863 0.992746 0.960366 1.023556 0.933252 1.047314 0.910138 1.067189
4.598864 0.993011 0.960631 1.023837 0.933488 1.047582 0.910391 1.067454
4.772158 0.993257 0.960876 1.024097 0.933707 1.047832 0.910626 1.067701
4.951983 0.993486 0.961105 1.024339 0.933911 1.048064 0.910844 1.067930
5.138583 0.993698 0.961303 1.024564 0.934101 1.048279 0.911047 1.068143
5.332215 0.993896 0.961478 1.024773 0.934277 1.048479 0.911236 1.068341
5.533143 0.994079 0.961641 1.024966 0.934440 1.048665 0.911411 1.068525
5.741642 0.994250 0.961792 1.025147 0.934592 1.048838 0.911573 1.068696
5.957999 0.994408 0.961933 1.025314 0.934733 1.048998 0.911724 1.068854
6.182508 0.994555 0.962063 1.025470 0.934864 1.049147 0.911865 1.069002
6.415476 0.994691 0.962184 1.025614 0.934986 1.049286 0.911995 1.069138
6.657224 0.994818 0.962297 1.025748 0.935099 1.049414 0.912116 1.069266
6.908081 0.994936 0.962401 1.025873 0.935204 1.049534 0.912229 1.069384
7.168391 0.995045 0.962498 1.025989 0.935302 1.049644 0.912333 1.069493
7.438510 0.995147 0.962589 1.026096 0.935392 1.049747 0.912431 1.069595
7.718807 0.995242 0.962672 1.026196 0.935476 1.049843 0.912521 1.069690
8.009667 0.995329 0.962750 1.026289 0.935555 1.049932 0.912605 1.069778
8.311487 0.995411 0.962822 1.026375 0.935627 1.050015 0.912682 1.069859
8.624680 0.995486 0.962889 1.026455 0.935695 1.050091 0.912755 1.069935
8.949674 0.995557 0.962952 1.026529 0.935757 1.050163 0.912822 1.070006
9.286915 0.995622 0.963010 1.026598 0.935816 1.050229 0.912884 1.070071
9.636864 0.995683 0.963064 1.026662 0.935870 1.050290 0.912942 1.070132
10.000000 0.995739 0.963113 1.026722 0.935920 1.050347 0.912996 1.070188
