0.010000 3209.335324 956.816109 8300.821439 411.577695 11803.537611 297.914764 14076.409194
0.012068 5058.759717 1625.904021 12638.441575 719.360038 17444.726278 521.096167 20529.421065
0.014563 8022.422200 2746.583015 19319.983996 1256.866122 25607.631362 911.311804 31134.112399
0.017575 12662.863219 4586.743054 28996.895601 2193.118595 38073.977808 1593.394061 48041.051769
0.021210 20274.866388 7657.011980 43647.161163 3776.661043 56467.268551 2785.266779 72207.443684
0.025595 31404.986510 13014.377173 65460.050655 6482.124996 83313.033382 4867.140218 106915.446894
0.030888 49238.489140 21436.615826 98280.049880 11328.603053 122857.635421 8466.246596 156674.841807
0.037276 77376.242088 35642.441801 146461.937926 19671.116613 182082.990786 14438.083868 228170.779637
0.044984 121903.215276 58956.652194 218475.117745 33937.880424 267113.559211 24614.341846 331183.142155
0.054287 190258.969747 97228.880079 325679.290284 58475.766821 391151.290921 41946.679973 479808.193432
0.065513 296641.874314 160578.939585 482905.112192 100906.401703 571478.607662 71449.976750 694180.503092
0.079060 463846.559542 264981.924958 717460.541172 169927.868314 833201.754093 121634.997938 1002943.425274
0.095410 724831.361981 436393.913169 1061861.085493 286790.698671 1226069.634381 208633.121370 1446726.054645
0.115140 1122598.994082 715444.184501 1556026.986843 483035.762184 1792578.123738 360621.883110 2082919.956690
0.138950 1721785.909714 1163923.130747 2273570.904403 816471.829086 2595778.195299 622735.622864 2992132.331390
0.167683 2640784.863365 1875298.889181 3324728.069594 1357460.250614 3766763.365918 1072138.306075 4286775.813458
0.202359 4040339.971144 3024465.861468 4885791.006482 2269747.225531 5478397.237239 1814481.516783 6122292.744822
0.244205 6138942.699047 4844950.249523 7125221.891129 3793942.916269 7903949.758625 3064520.854584 8781110.376881
0.294705 9207105.358243 7735732.504915 10393445.382832 6287069.063182 11441518.767937 5163094.096224 12768949.046748
0.355648 13760831.989542 12151394.535063 15229211.219418 10414254.049238 16580227.813180 8673495.672208 17995048.163557
0.429193 20594239.944660 18688925.931633 22384575.853914 16840687.007114 24065325.824926 14520451.618287 26991807.960872
0.517947 30564499.498805 28241274.390773 33010938.830807 26097489.529888 35515900.766118 24209986.330787 39812610.472667
0.625055 45215915.848832 41774334.976189 49142322.271635 38897610.182432 53200766.867684 35961749.757289 58885932.431224
0.754312 66292231.713047 60710978.736136 73826502.468610 56306202.135607 80242703.018897 52068288.129799 89761188.277318
0.910298 96084858.587528 86860904.393627 110517708.585305 80041357.320516 122408593.626138 75300081.841164 138013802.141657
1.098541 138106635.759659 122857421.983455 164803208.330555 114540365.791680 186401363.300550 108449555.320945 213439334.503728
1.325711 196802933.014888 172576218.683421 242205702.224011 160436137.099994 284846619.065554 150004389.720247 322946548.971583
1.599859 277401092.639854 241425004.305943 352561416.701467 220626996.495701 426107656.371918 203711667.653396 496384990.327592
1.930698 390195208.891080 334595860.052643 497154873.804504 296296908.227092 623505906.687209 264597625.567799 769445341.596919
2.329952 542963560.953943 457495099.093096 689429307.164254 390064151.625364 889854147.733979 338339687.939379 1170949435.788653
2.811769 740270769.490793 609920005.878562 941334874.896674 503434365.942707 1234459372.643800 426823011.857919 1588688429.620069
3.393222 995799709.967026 789054830.987001 1278422562.589020 639437737.086498 1640398977.299446 529174341.866920 2093758463.546748
4.094915 1307569749.492307 996341618.116296 1693978115.382312 780949475.739473 2206064827.479407 635337444.818047 2908140953.026459
4.941713 1670571481.823124 1192047739.434833 2246142784.215939 905275729.902226 2837458757.779813 690498648.261140 3745407652.694654
5.963623 2071772032.931583 1364579111.041114 2894986497.988970 998158817.559126 3752624740.557199 729681552.154323 4838276308.172817
7.196857 2506424775.190787 1519918565.769758 3692912295.931492 1072718554.303871 4837492415.943141 763365116.929134 6194106708.715143
8.685114 2955274951.246272 1689595703.753049 4654333299.363883 1116400913.388838 6433014196.334487 792321177.435318 7607056061.144716
10.481131 3388801362.498452 1839831792.396140 5723756753.205576 1135185514.335466 8366821652.742968 817213241.135913 10058903827.317709
12.648552 3826628343.953845 1930239237.426155 6911321823.393228 1159004347.237144 10583780681.569336 838611691.907287 13630822944.742739
15.264180 4168586596.764879 1990943259.109163 8011921947.859467 1195763602.811314 13913251494.592510 855553950.951724 17960085039.215420
18.420700 4466348309.775120 2042602464.015110 9229756803.697281 1204837580.794314 17162722994.836105 860656758.618171 21705955654.591579
22.229965 4715722637.319602 2086754784.140687 10079044782.624403 1223362167.712348 19658573499.212265 864504114.983736 27906038735.178921
26.826958 4945598751.722017 2131883765.270824 10760394664.319839 1235431826.293696 22140519798.542938 867404900.584766 33658618119.981079
32.374575 5141278446.849614 2163873534.544932 11509236953.659184 1249581634.237139 24385220138.583668 869592001.623405 37861807124.498817
39.069399 5264473490.059833 2187770423.735587 12009733296.957710 1256910711.095539 26022149643.434971 871241006.965792 41103228904.305580
47.148664 5396105629.283258 2218929988.222826 12322904049.810759 1262947639.414451 27596479357.123329 872484305.090195 43602953552.260422
56.898660 5519435508.841382 2226665033.802713 12742038101.715691 1269402270.670335 28582905161.963097 873421712.742196 47536159016.202904
68.664885 5602712091.544100 2243545721.902630 13124158719.631456 1288916392.636959 29419450409.144676 874128488.606152 51457717784.181671
82.864277 5667380199.906442 2257930783.661124 13475354095.945766 1294957865.868460 30128888409.599014 874661375.361242 55349564293.208160
100.000000 5764054628.059170 2271568570.428118 13758191846.389719 1295661647.807471 31713997220.688553 875063155.201544 59602191045.330551
