0.010000 -0.545617 -0.833660 -0.214459 -0.970956 -0.056894 -0.997531 -0.016870
0.012068 -0.552939 -0.843522 -0.222209 -0.975568 -0.059224 -0.998214 -0.018743
0.014563 -0.566621 -0.860276 -0.229413 -0.981256 -0.063063 -1.002455 -0.021312
0.017575 -0.575869 -0.878699 -0.237533 -0.994533 -0.066269 -1.026859 -0.024860
0.021210 -0.586537 -0.887621 -0.245161 -1.014453 -0.070771 -1.061329 -0.029790
0.025595 -0.591036 -0.903873 -0.256283 -1.033301 -0.081126 -1.085508 -0.035090
0.030888 -0.600802 -0.925482 -0.267171 -1.038562 -0.088997 -1.072437 -0.038109
0.037276 -0.615481 -0.947251 -0.276857 -1.038662 -0.094663 -1.066331 -0.041789
0.044984 -0.628110 -0.961007 -0.292005 -1.039526 -0.104521 -1.064729 -0.046284
0.054287 -0.646961 -0.980336 -0.308960 -1.044079 -0.118484 -1.082044 -0.051786
0.065513 -0.666721 -1.000563 -0.330460 -1.048009 -0.128539 -1.077446 -0.061578
0.079060 -0.689887 -1.007771 -0.356139 -1.051067 -0.143285 -1.076320 -0.074056
0.095410 -0.711664 -1.013513 -0.377597 -1.058287 -0.164550 -1.084541 -0.084953
0.115140 -0.738951 -1.019572 -0.403045 -1.069462 -0.178193 -1.101332 -0.100009
0.138950 -0.769404 -1.026513 -0.438844 -1.074735 -0.200877 -1.135070 -0.108751
0.167683 -0.797538 -1.035994 -0.473775 -1.093507 -0.233463 -1.149992 -0.125805
0.202359 -0.831714 -1.045955 -0.511017 -1.107092 -0.273046 -1.189965 -0.150996
0.244205 -0.865100 -1.057518 -0.550313 -1.126022 -0.315419 -1.201708 -0.177056
0.294705 -0.910190 -1.069364 -0.596021 -1.147059 -0.348942 -1.236427 -0.206820
0.355648 -0.953019 -1.087819 -0.647612 -1.180204 -0.404388 -1.278510 -0.246890
0.429193 -1.002550 -1.113046 -0.705886 -1.222680 -0.462016 -1.326696 -0.298990
0.517947 -1.035198 -1.141933 -0.763425 -1.262826 -0.528805 -1.381372 -0.340103
0.625055 -1.061558 -1.180212 -0.837761 -1.316229 -0.598930 -1.446113 -0.383972
0.754312 -1.090047 -1.232429 -0.898637 -1.386628 -0.656723 -1.514628 -0.439086
0.910298 -1.130235 -1.296246 -0.973602 -1.469278 -0.718618 -1.627791 -0.508538
1.098541 -1.183504 -1.375177 -1.048950 -1.568943 -0.790751 -1.834956 -0.556062
1.325711 -1.242863 -1.466589 -1.087664 -1.693336 -0.878727 -2.090067 -0.612237
1.599859 -1.311919 -1.583054 -1.125189 -1.861851 -0.968167 -4.277820 -0.683844
1.930698 -1.402255 -1.740451 -1.171272 -3.219408 -1.073737 -4.635982 -0.778532
2.329952 -1.514406 -1.916083 -1.230791 -4.012866 -1.111628 -4.954246 -0.963648
2.811769 -1.645672 -2.286112 -1.300763 -4.456084 -1.147769 -4.955724 -1.081715
3.393222 -1.793497 -3.230375 -1.373500 -4.685305 -1.191730 -4.965832 -1.142501
4.094915 -1.974070 -3.718617 -1.472515 -4.776528 -1.234713 -4.980299 -1.169817
4.941713 -2.207490 -4.028231 -1.607258 -4.823584 -1.276539 -4.986728 -1.201398
5.963623 -2.465120 -4.263063 -1.713977 -4.880081 -1.341921 -4.994105 -1.238088
7.196857 -2.930722 -4.355351 -1.881870 -4.908306 -1.409807 -4.994105 -1.280420
8.685114 -3.257758 -4.437782 -2.038015 -4.908306 -1.496065 -4.994105 -1.328873
10.481131 -3.512224 -4.534523 -2.289996 -4.931153 -1.639513 -4.994105 -1.383829
12.648552 -3.689393 -4.594093 -2.577674 -4.932705 -1.790175 -4.998277 -1.445521
15.264180 -3.849426 -4.657991 -3.068027 -4.954246 -2.027954 -4.998277 -1.513975
18.420700 -3.975777 -4.685305 -3.227511 -4.956587 -2.543419 -4.998277 -1.588962
22.229965 -4.048854 -4.715537 -3.326104 -4.958135 -3.056793 -4.998277 -3.023812
26.826958 -4.048854 -4.715537 -3.326104 -4.958135 -3.056793 -4.998277 -3.023812
32.374575 -4.048854 -4.715537 -3.326104 -4.958135 -3.056793 -4.998277 -3.023812
39.069399 -4.048854 -4.715537 -3.326104 -4.958135 -3.056793 -4.998277 -3.023812
47.148664 -4.048854 -4.715537 -3.326104 -4.958135 -3.056793 -4.998277 -3.023812
56.898660 -4.048854 -4.715537 -3.326104 -4.958135 -3.056793 -4.998277 -3.023812
68.664885 -4.048854 -4.715537 -3.326104 -4.958135 -3.056793 -4.998277 -3.023812
82.864277 -4.048854 -4.715537 -3.326104 -4.958135 -3.056793 -4.998277 -3.023812
100.000000 -4.048854 -4.715537 -3.326104 -4.958135 -3.056793 -4.998277 -3.023812
