0.010000 0.690707 0.684851 0.696618 0.679242 0.703672 0.674535 0.710394
0.012068 0.690567 0.684712 0.696475 0.679104 0.703527 0.674399 0.710245
0.014563 0.690363 0.684509 0.696267 0.678903 0.703315 0.674202 0.710029
0.017575 0.690065 0.684214 0.695964 0.678610 0.703007 0.673914 0.709713
0.021210 0.689632 0.683784 0.695524 0.678184 0.702558 0.673496 0.709254
0.025595 0.689003 0.683161 0.694885 0.677565 0.701908 0.672889 0.708587
0.030888 0.688086 0.682252 0.693948 0.676663 0.700958 0.672004 0.707615
0.037276 0.686753 0.680932 0.692593 0.675354 0.699580 0.670718 0.706203
0.044984 0.684800 0.679019 0.690631 0.673457 0.697584 0.668856 0.704159
0.054287 0.681995 0.676246 0.687785 0.670706 0.694683 0.666155 0.701194
0.065513 0.677940 0.672232 0.683668 0.666725 0.690478 0.662246 0.696905
0.079060 0.672091 0.666459 0.677745 0.661008 0.684429 0.656622 0.690737
0.095410 0.663721 0.658189 0.669269 0.652855 0.675776 0.648571 0.681914
0.115140 0.651800 0.646438 0.657115 0.641215 0.663428 0.637074 0.669325
0.138950 0.634969 0.629835 0.640045 0.624829 0.646059 0.620886 0.651625
0.167683 0.611644 0.606746 0.616313 0.602182 0.621988 0.598420 0.627106
0.202359 0.579870 0.575450 0.584153 0.571421 0.589250 0.567803 0.593782
0.244205 0.537823 0.534013 0.541618 0.530370 0.546002 0.527244 0.549892
0.294705 0.484378 0.481165 0.487548 0.478114 0.491199 0.475563 0.495026
0.355648 0.419710 0.417091 0.422219 0.414750 0.425020 0.412876 0.428713
0.429193 0.346549 0.344613 0.348449 0.342894 0.350469 0.341503 0.353734
0.517947 0.269965 0.268616 0.271365 0.267467 0.272734 0.266279 0.274916
0.625055 0.196821 0.195821 0.197749 0.195038 0.198775 0.194142 0.200000
0.754312 0.133878 0.133209 0.134540 0.132658 0.135300 0.132050 0.136014
0.910298 0.085102 0.084650 0.085541 0.084216 0.085979 0.083870 0.086456
1.098541 0.050644 0.050349 0.050930 0.050045 0.051253 0.049790 0.051508
1.325711 0.028435 0.028246 0.028615 0.028055 0.028804 0.027876 0.028985
1.599859 0.015356 0.015246 0.015459 0.015130 0.015569 0.015020 0.015680
1.930698 0.007976 0.007915 0.008033 0.007852 0.008093 0.007788 0.008156
2.329952 0.004012 0.003980 0.004043 0.003947 0.004075 0.003915 0.004107
2.811769 0.001988 0.001972 0.002004 0.001955 0.002021 0.001939 0.002037
3.393222 0.000973 0.000965 0.000981 0.000956 0.000989 0.000949 0.000997
4.094915 0.000469 0.000465 0.000473 0.000461 0.000477 0.000457 0.000481
4.941713 0.000224 0.000222 0.000226 0.000220 0.000228 0.000218 0.000229
5.963623 0.000107 0.000106 0.000108 0.000105 0.000109 0.000105 0.000110
7.196857 0.000051 0.000051 0.000051 0.000050 0.000052 0.000050 0.000052
8.685114 0.000024 0.000024 0.000024 0.000024 0.000024 0.000023 0.000025
10.481131 0.000011 0.000011 0.000012 0.000011 0.000012 0.000011 0.000012
12.648552 0.000005 0.000005 0.000005 0.000005 0.000006 0.000005 0.000006
15.264180 0.000003 0.000003 0.000003 0.000003 0.000003 0.000002 0.000003
18.420700 0.000001 0.000001 0.000001 0.000001 0.000001 0.000001 0.000001
22.229965 0.000001 0.000001 0.000001 0.000001 0.000001 0.000001 0.000001
26.826958 0.000000 0.000000 0.000000 0.000000 0.000000 0.000000 0.000000
32.374575 0.000000 0.000000 0.000000 0.000000 0.000000 0.000000 0.000000
39.069399 0.000000 0.000000 0.000000 0.000000 0.000000 0.000000 0.000000
47.148664 0.000000 0.000000 0.000000 0.000000 0.000000 0.000000 0.000000
56.898660 0.000000 0.000000 0.000000 0.000000 0.000000 0.000000 0.000000
68.664885 0.000000 0.000000 0.000000 0.000000 0.000000 0.000000 0.000000
82.864277 0.000000 0.000000 0.000000 0.000000 0.000000 0.000000 0.000000
100.000000 0.000000 0.000000 0.000000 0.000000 0.000000 0.000000 0.000000
