0.007340 0.934862 0.170682
0.018405 0.734672 0.134132
0.024803 0.759567 0.138677
0.030425 0.561415 0.102500
0.036248 0.483353 0.088248
0.041121 0.613083 0.111933
0.045194 0.536899 0.098024
0.048949 0.612708 0.111865
0.052017 0.697450 0.127336
0.054719 0.700182 0.127835
0.057417 0.634352 0.115816
0.060119 0.634957 0.115927
0.062505 0.755345 0.137907
0.064866 0.599978 0.109541
0.067728 0.474237 0.086584
0.070304 0.710833 0.129780
0.072200 0.785180 0.143354
0.074189 0.616874 0.112625
0.076009 0.921057 0.168161
0.077772 0.620488 0.113285
0.079988 0.537266 0.098091
0.082227 0.574177 0.104830
0.084134 0.712377 0.130062
0.085895 0.636816 0.116266
0.087632 0.704086 0.128548
0.089293 0.667606 0.121888
0.091073 0.591120 0.107923
0.092933 0.586383 0.107058
0.094676 0.649378 0.118560
0.096351 0.610741 0.111506
0.097799 0.870067 0.158852
0.099230 0.605050 0.110466
0.100958 0.561056 0.102434
0.102799 0.514484 0.093932
0.104686 0.514629 0.093958
0.106124 0.943366 0.172234
0.107413 0.596727 0.108947
0.108844 0.716848 0.130878
0.110229 0.618003 0.112831
0.111939 0.463535 0.084630
0.113642 0.605239 0.110501
0.115219 0.517375 0.094459
0.116876 0.530355 0.096829
0.118399 0.599278 0.109413
0.119770 0.635429 0.116013
0.121116 0.607837 0.110975
0.122468 0.616080 0.112480
0.123822 0.591955 0.108076
0.125286 0.517609 0.094502
0.126830 0.517790 0.094535
0.128364 0.511496 0.093386
0.130051 0.420614 0.076793
0.131599 0.610652 0.111489
0.133006 0.485137 0.088574
0.134368 0.645059 0.117771
0.135588 0.580906 0.106058
0.136894 0.552160 0.100810
0.138145 0.623682 0.113868
0.139247 0.698168 0.127468
0.140266 0.717217 0.130945
0.141528 0.467128 0.085285
0.142983 0.508483 0.092836
0.144381 0.494188 0.090226
0.145626 0.641541 0.117129
0.146771 0.566094 0.103354
0.147932 0.613485 0.112007
0.149244 0.445769 0.081386
0.150602 0.556797 0.101657
0.151853 0.510125 0.093136
0.153041 0.611042 0.111560
0.154125 0.599275 0.109412
0.155280 0.532220 0.097170
0.156597 0.454476 0.082976
0.157728 0.754540 0.137759
0.158683 0.596558 0.108916
0.159688 0.666078 0.121609
0.160737 0.545052 0.099512
0.161902 0.526568 0.096138
0.162903 0.754727 0.137794
0.163867 0.553790 0.101108
0.165009 0.519820 0.094906
0.165987 0.776285 0.141730
0.167054 0.446311 0.081485
0.168259 0.564305 0.103027
0.169155 0.814977 0.148794
0.169983 0.640946 0.117020
0.170955 0.577378 0.105414
0.171998 0.549236 0.100276
0.172984 0.643122 0.117417
0.174109 0.430046 0.078515
0.175280 0.576617 0.105275
0.176271 0.580153 0.105921
0.177344 0.489089 0.089295
0.178354 0.657348 0.120015
0.179249 0.603490 0.110182
0.180181 0.599651 0.109481
0.181300 0.425296 0.077648
0.182338 0.718024 0.131093
0.183322 0.458558 0.083721
0.184371 0.606253 0.110686
0.185265 0.613113 0.111939
0.186250 0.499755 0.091242
0.187147 0.755542 0.137943
0.188030 0.508410 0.092823
0.189023 0.571678 0.104374
0.189873 0.689823 0.125944
0.190718 0.574313 0.104855
0.191615 0.600844 0.109699
0.192499 0.586154 0.107017
0.193491 0.476716 0.087036
0.194589 0.468876 0.085605
0.195600 0.560326 0.102301
0.196637 0.443488 0.080969
0.197782 0.448658 0.081913
0.198730 0.666287 0.121647
0.199642 0.474745 0.086676
0.200484 0.808487 0.147609
0.201289 0.505544 0.092299
0.202200 0.599544 0.109461
0.202979 0.681512 0.124427
0.203661 0.776766 0.141817
0.204446 0.528196 0.096435
0.205281 0.664726 0.121362
0.206080 0.569086 0.103900
0.207109 0.405701 0.074071
0.208141 0.558615 0.101989
0.209184 0.394997 0.072116
0.210167 0.641428 0.117108
0.211064 0.455678 0.083195
0.211933 0.687609 0.125540
0.212654 0.630432 0.115101
0.213489 0.514321 0.093902
0.214435 0.481011 0.087820
0.215396 0.494621 0.090305
0.216226 0.652611 0.119150
0.217118 0.433473 0.079141
0.218167 0.449228 0.082017
0.219013 0.691104 0.126178
0.219764 0.548433 0.100130
0.220748 0.402733 0.073529
0.221844 0.428413 0.078217
0.222867 0.458814 0.083768
0.223803 0.506511 0.092476
0.224590 0.655264 0.119634
0.225307 0.595549 0.108732
0.226077 0.564853 0.103128
0.226791 0.694910 0.126873
0.227525 0.533413 0.097387
0.228564 0.353458 0.064532
0.229608 0.520448 0.095020
0.230402 0.587063 0.107183
0.231151 0.577988 0.105526
0.231929 0.541331 0.098833
0.232738 0.530817 0.096913
0.233583 0.492528 0.089923
0.234481 0.467284 0.085314
0.235322 0.561063 0.102436
0.236237 0.398908 0.072830
0.237225 0.468344 0.085508
0.238102 0.499542 0.091203
0.238979 0.463630 0.084647
0.239820 0.543406 0.099212
0.240579 0.562037 0.102613
0.241241 0.721609 0.131747
0.241847 0.656576 0.119874
0.242633 0.443073 0.080894
0.243560 0.450812 0.082307
0.244389 0.556685 0.101636
0.245134 0.547642 0.099985
0.245947 0.467266 0.085311
0.246730 0.591319 0.107960
0.247441 0.556782 0.101654
0.248192 0.526084 0.096049
0.249072 0.409345 0.074736
0.249962 0.507869 0.092724
0.250843 0.414653 0.075705
0.251747 0.476924 0.087074
0.252635 0.425534 0.077692
0.253513 0.483868 0.088342
0.254416 0.402459 0.073479
0.255303 0.498200 0.090958
0.256069 0.532219 0.097170
0.256793 0.553324 0.101023
0.257585 0.446185 0.081462
0.258394 0.525972 0.096029
0.259181 0.466676 0.085203
0.260000 0.480688 0.087761
0.260710 0.629272 0.114889
0.261463 0.431200 0.078726
0.262427 0.370886 0.067714
0.263305 0.530238 0.096808
0.264100 0.438978 0.080146
0.264913 0.502233 0.091695
0.265672 0.498419 0.090998
0.266535 0.391472 0.071473
0.267559 0.347338 0.063415
0.268455 0.530200 0.096801
0.269306 0.375585 0.068572
0.270158 0.526624 0.096148
0.270944 0.430722 0.078639
0.271702 0.567243 0.103564
0.272471 0.418040 0.076323
0.273223 0.593786 0.108410
0.273993 0.399599 0.072956
0.274916 0.395888 0.072279
0.275693 0.580634 0.106009
0.276374 0.496859 0.090714
0.277096 0.511893 0.093458
0.277816 0.496760 0.090695
0.278500 0.566962 0.103513
0.279193 0.481372 0.087886
0.279897 0.546117 0.099707
0.280638 0.436755 0.079740
0.281487 0.407607 0.074418
0.282263 0.530173 0.096796
0.282962 0.489833 0.089431
0.283605 0.636260 0.116165
0.284282 0.444261 0.081111
0.285102 0.419322 0.076557
0.285969 0.394795 0.072079
0.286878 0.379306 0.069252
0.287738 0.440544 0.080432
0.288468 0.524827 0.095820
0.289150 0.497732 0.090873
0.289911 0.422502 0.077138
0.290647 0.534432 0.097574
0.291379 0.423410 0.077304
0.292288 0.344085 0.062821
0.293153 0.471579 0.086098
0.293921 0.423401 0.077302
0.294679 0.483866 0.088341
0.295343 0.548504 0.100143
0.296121 0.364355 0.066522
0.296983 0.428968 0.078318
0.297798 0.402658 0.073515
0.298677 0.366750 0.066959
0.299393 0.657951 0.120125
0.299933 0.589897 0.107700
0.300557 0.492437 0.089906
0.301275 0.442443 0.080779
0.302023 0.451282 0.082393
0.302781 0.427797 0.078105
0.303543 0.444614 0.081175
0.304307 0.422301 0.077101
0.304966 0.619206 0.113051
0.305691 0.359485 0.065633
0.306508 0.456925 0.083423
0.307249 0.429752 0.078462
0.307939 0.530591 0.096872
0.308544 0.550115 0.100437
0.309276 0.373172 0.068132
0.310058 0.470282 0.085861
0.310831 0.378789 0.069157
0.311573 0.513972 0.093838
0.312189 0.533915 0.097479
0.312841 0.459955 0.083976
0.313555 0.442212 0.080737
0.314206 0.555811 0.101477
0.314975 0.332596 0.060723
0.315746 0.548002 0.100051
0.316480 0.359556 0.065646
0.317292 0.429161 0.078354
0.318019 0.443593 0.080989
0.318720 0.459294 0.083855
0.319445 0.412768 0.075361
0.320153 0.482506 0.088093
0.320828 0.449536 0.082074
0.321443 0.588870 0.107513
0.322052 0.455700 0.083199
0.322669 0.570312 0.104124
0.323297 0.439511 0.080243
0.323866 0.725023 0.132370
0.324457 0.412263 0.075269
0.325183 0.442052 0.080707
0.325997 0.333038 0.060804
0.326806 0.446900 0.081592
0.327517 0.419802 0.076645
0.328247 0.421807 0.077011
0.329065 0.336636 0.061461
0.329893 0.408189 0.074525
0.330643 0.404811 0.073908
0.331359 0.446706 0.081557
0.331955 0.593667 0.108388
0.332438 0.665559 0.121514
0.332985 0.473558 0.086459
0.333600 0.510972 0.093290
0.334218 0.466399 0.085152
0.334907 0.411253 0.075084
0.335684 0.364484 0.066545
0.336446 0.426509 0.077869
0.337102 0.489248 0.089324
0.337772 0.409262 0.074721
0.338490 0.420461 0.076765
0.339310 0.317766 0.058016
0.340056 0.530486 0.096853
0.340673 0.437987 0.079965
0.341471 0.319943 0.058413
0.342338 0.362486 0.066181
0.343008 0.553572 0.101068
0.343645 0.394085 0.071950
0.344316 0.489820 0.089429
0.344987 0.390934 0.071374
0.345774 0.352383 0.064336
0.346533 0.419944 0.076671
0.347279 0.362773 0.066233
0.348010 0.435687 0.079545
0.348645 0.477557 0.087190
0.349270 0.445945 0.081418
0.349876 0.510598 0.093222
0.350474 0.453294 0.082760
0.351135 0.417267 0.076182
0.351857 0.377744 0.068966
0.352624 0.367824 0.067155
0.353264 0.566408 0.103411
0.353823 0.462510 0.084442
0.354530 0.355986 0.064994
0.355416 0.290525 0.053042
0.356287 0.368914 0.067354
0.357055 0.365883 0.066801
0.357822 0.368631 0.067302
0.358523 0.440447 0.080414
0.359241 0.350717 0.064032
0.359883 0.576434 0.105242
0.360457 0.422080 0.077061
0.361168 0.367061 0.067016
0.361867 0.435648 0.079538
0.362473 0.484863 0.088524
0.363022 0.526233 0.096077
0.363619 0.415801 0.075915
0.364208 0.538938 0.098396
0.364851 0.357880 0.065340
0.365623 0.355586 0.064921
0.366345 0.410675 0.074979
0.366960 0.489225 0.089320
0.367476 0.583008 0.106442
0.367986 0.496126 0.090580
0.368566 0.449515 0.082070
0.369206 0.405680 0.074067
0.369847 0.446826 0.081579
0.370450 0.455631 0.083187
0.371020 0.499242 0.091149
0.371664 0.363837 0.066427
0.372394 0.377918 0.068998
0.373070 0.423497 0.077320
0.373664 0.490064 0.089473
0.374132 0.694657 0.126826
0.374661 0.400738 0.073164
0.375288 0.460342 0.084047
0.375991 0.325185 0.059370
0.376671 0.498139 0.090947
0.377232 0.456540 0.083352
0.377855 0.402734 0.073529
0.378482 0.448578 0.081899
0.379130 0.377792 0.068975
0.379877 0.335521 0.061258
0.380610 0.390553 0.071305
0.381224 0.480697 0.087763
0.381854 0.370254 0.067599
0.382541 0.397529 0.072579
0.383206 0.393891 0.071914
0.383886 0.378300 0.069068
0.384594 0.362836 0.066245
0.385290 0.389347 0.071085
0.385927 0.432471 0.078958
0.386490 0.498608 0.091033
0.387040 0.449908 0.082142
0.387623 0.442928 0.080867
0.388361 0.290951 0.053120
0.389185 0.341754 0.062395
0.389888 0.397669 0.072604
0.390538 0.397275 0.072532
0.391180 0.404419 0.073836
0.391791 0.439875 0.080310
0.392312 0.559279 0.102110
0.392895 0.362042 0.066100
0.393527 0.460805 0.084131
0.394025 0.580339 0.105955
0.394609 0.350409 0.063976
0.395316 0.370784 0.067696
0.395917 0.494754 0.090329
0.396514 0.372883 0.068079
0.397293 0.289185 0.052798
0.398025 0.429567 0.078428
0.398663 0.367702 0.067133
0.399376 0.341557 0.062359
0.400018 0.460495 0.084074
0.400574 0.445168 0.081276
0.401235 0.330925 0.060418
0.401988 0.335166 0.061193
0.402650 0.433378 0.079124
0.403300 0.345147 0.063015
0.403992 0.376740 0.068783
0.404622 0.416428 0.076029
0.405250 0.376572 0.068752
0.405958 0.328103 0.059903
0.406618 0.438244 0.080012
0.407264 0.340171 0.062106
0.407981 0.348849 0.063691
0.408729 0.312727 0.057096
0.409456 0.368961 0.067363
0.410206 0.294256 0.053724
0.410988 0.335909 0.061328
0.411812 0.265710 0.048512
0.412568 0.413068 0.075416
0.413095 0.524894 0.095832
0.413706 0.321471 0.058692
0.414425 0.356537 0.065095
0.414996 0.526442 0.096115
0.415572 0.350566 0.064004
0.416327 0.295126 0.053882
0.417060 0.373105 0.068119
0.417603 0.549131 0.100257
0.418192 0.325698 0.059464
0.418916 0.339135 0.061917
0.419621 0.342162 0.062470
0.420246 0.436319 0.079661
0.420893 0.321373 0.058674
0.421503 0.501730 0.091603
0.422117 0.317086 0.057892
0.422842 0.341053 0.062268
0.423506 0.377305 0.068886
0.424057 0.504297 0.092072
0.424525 0.509994 0.093112
0.425043 0.413638 0.075520
0.425653 0.365533 0.066737
0.426299 0.366249 0.066868
0.426886 0.446137 0.081453
0.427443 0.402374 0.073463
0.428131 0.297164 0.054254
0.428835 0.380138 0.069403
0.429504 0.325631 0.059452
0.430153 0.404863 0.073918
0.430796 0.330095 0.060267
0.431524 0.311968 0.056957
0.432208 0.375568 0.068569
0.432827 0.375755 0.068603
0.433388 0.461565 0.084270
0.433924 0.408404 0.074564
0.434477 0.429996 0.078506
0.435137 0.296575 0.054147
0.435810 0.407302 0.074363
0.436361 0.431938 0.078861
0.436979 0.328378 0.059953
0.437609 0.411870 0.075197
0.438229 0.337395 0.061600
0.438828 0.442555 0.080799
0.439435 0.328947 0.060057
0.440084 0.381311 0.069618
0.440759 0.304008 0.055504
0.441474 0.336235 0.061388
0.442036 0.509428 0.093008
0.442628 0.308740 0.056368
0.443369 0.304447 0.055584
0.444103 0.314315 0.057386
0.444755 0.388342 0.070901
0.445391 0.327729 0.059835
0.446016 0.403422 0.073654
0.446642 0.325446 0.059418
0.447455 0.240853 0.043974
0.448255 0.336682 0.061470
0.448931 0.327550 0.059802
0.449611 0.331784 0.060575
0.450399 0.247637 0.045212
0.451360 0.218915 0.039968
0.452123 0.439319 0.080208
0.452676 0.371420 0.067812
0.453334 0.308754 0.056371
0.454011 0.349728 0.063851
0.454620 0.379475 0.069282
0.455119 0.534116 0.097516
0.455663 0.326862 0.059677
0.456454 0.243790 0.044510
0.457302 0.277818 0.050722
0.458034 0.327482 0.059790
0.458684 0.348451 0.063618
0.459258 0.423216 0.077268
0.459806 0.378781 0.069156
0.460486 0.279493 0.051028
0.461238 0.302334 0.055198
0.462054 0.239375 0.043704
0.462771 0.415257 0.075815
0.463474 0.246143 0.044939
0.464274 0.301566 0.055058
0.464981 0.311654 0.056900
0.465656 0.329756 0.060205
0.466256 0.396498 0.072390
0.466889 0.299071 0.054603
0.467701 0.238037 0.043459
0.468458 0.352878 0.064426
0.469178 0.258144 0.047130
0.469888 0.362901 0.066256
0.470520 0.318333 0.058119
0.471051 0.545388 0.099574
0.471641 0.271188 0.049512
0.472274 0.444226 0.081104
0.472883 0.288772 0.052722
0.473624 0.285102 0.052052
0.474328 0.320508 0.058516
0.475005 0.305526 0.055781
0.475741 0.271840 0.049631
0.476503 0.283283 0.051720
0.477186 0.340325 0.062134
0.477777 0.374834 0.068435
0.478398 0.309628 0.056530
0.479073 0.312865 0.057121
0.479883 0.221229 0.040391
0.480687 0.316991 0.057874
0.481366 0.300213 0.054811
0.481993 0.373445 0.068181
0.482585 0.334362 0.061046
0.483173 0.377189 0.068865
0.483847 0.261428 0.047730
0.484576 0.313264 0.057194
0.485230 0.322126 0.058812
0.485911 0.288113 0.052602
0.486496 0.458295 0.083673
0.487012 0.356286 0.065049
0.487672 0.278671 0.050878
0.488434 0.262987 0.048015
0.489204 0.272446 0.049742
0.489945 0.282402 0.051559
0.490702 0.260724 0.047602
0.491437 0.299635 0.054706
0.492130 0.291046 0.053138
0.492728 0.415084 0.075784
0.493312 0.301359 0.055020
0.493976 0.313223 0.057186
0.494563 0.387855 0.070812
0.495102 0.367500 0.067096
0.495683 0.334229 0.061022
0.496347 0.281328 0.051363
0.497130 0.239409 0.043710
0.497866 0.322776 0.058930
0.498546 0.275225 0.050249
0.499295 0.263295 0.048071
0.499983 0.330496 0.060340
0.500551 0.380875 0.069538
0.501135 0.313978 0.057324
0.501782 0.306028 0.055873
0.502508 0.251276 0.045877
0.503222 0.316974 0.057871
0.503898 0.277500 0.050664
0.504537 0.356771 0.065137
0.505117 0.332036 0.060621
0.505824 0.243981 0.044545
0.506532 0.331224 0.060473
0.507133 0.329828 0.060218
0.507674 0.413023 0.075407
0.508236 0.307461 0.056134
0.508856 0.331627 0.060547
0.509421 0.369746 0.067506
0.509949 0.378473 0.069099
0.510621 0.239495 0.043726
0.511290 0.382622 0.069857
0.511902 0.277275 0.050623
0.512660 0.242987 0.044363
0.513380 0.309785 0.056559
0.513921 0.436040 0.079610
0.514408 0.373546 0.068200
0.514953 0.344956 0.062980
0.515612 0.259266 0.047335
0.516372 0.254244 0.046418
0.517074 0.305005 0.055686
0.517828 0.223488 0.040803
0.518580 0.306178 0.055900
0.519265 0.263281 0.048068
0.519980 0.278815 0.050904
0.520780 0.213298 0.038943
0.521533 0.321660 0.058727
0.522147 0.306443 0.055949
0.522798 0.286101 0.052235
0.523480 0.278104 0.050775
0.524127 0.318427 0.058137
0.524784 0.269448 0.049194
0.525444 0.314912 0.057495
0.526043 0.324453 0.059237
0.526698 0.265358 0.048447
0.527444 0.246992 0.045094
0.528213 0.249093 0.045478
0.528927 0.286903 0.052381
0.529503 0.387560 0.070758
0.530121 0.254947 0.046547
0.530807 0.301683 0.055080
0.531500 0.250224 0.045684
0.532231 0.267651 0.048866
0.532959 0.251908 0.045992
0.533648 0.299895 0.054753
0.534293 0.285089 0.052050
0.534990 0.256277 0.046790
0.535842 0.193642 0.035354
0.536680 0.265690 0.048508
0.537380 0.269465 0.049197
0.538171 0.210730 0.038474
0.538935 0.292026 0.053316
0.539462 0.449041 0.081983
0.540038 0.253228 0.046233
0.540656 0.371566 0.067838
0.541284 0.245853 0.044886
0.542015 0.263188 0.048051
0.542670 0.306466 0.055953
0.543339 0.252611 0.046120
0.544003 0.310825 0.056749
0.544555 0.363112 0.066295
0.545144 0.276530 0.050487
0.545751 0.337161 0.061557
0.546326 0.305000 0.055685
0.547065 0.210634 0.038456
0.547873 0.247049 0.045105
0.548490 0.373268 0.068149
0.549065 0.278174 0.050787
0.549794 0.228901 0.041791
0.550527 0.274470 0.050111
0.551162 0.302027 0.055142
0.551718 0.360087 0.065743
0.552244 0.333902 0.060962
0.552848 0.274434 0.050105
0.553457 0.327449 0.059784
0.553984 0.364591 0.066565
0.554489 0.354006 0.064632
0.555086 0.266185 0.048599
0.555892 0.194459 0.035503
0.556649 0.309730 0.056549
0.557396 0.198318 0.036208
0.558166 0.285845 0.052188
0.558737 0.353238 0.064492
0.559240 0.361324 0.065968
0.559805 0.284643 0.051968
0.560443 0.278439 0.050836
0.561178 0.217476 0.039705
0.562001 0.217889 0.039781
0.562803 0.228124 0.041650
0.563565 0.241075 0.044014
0.564326 0.228174 0.041659
0.565105 0.229589 0.041917
0.565836 0.258462 0.047188
0.566529 0.254669 0.046496
0.567160 0.313899 0.057310
0.567797 0.250329 0.045704
0.568610 0.192509 0.035147
0.569289 0.403769 0.073718
0.569762 0.347457 0.063437
0.570368 0.250110 0.045664
0.571146 0.207028 0.037798
0.571818 0.357013 0.065181
0.572347 0.311023 0.056785
0.572937 0.285628 0.052148
0.573570 0.269758 0.049251
0.574260 0.239667 0.043757
0.574865 0.365126 0.066663
0.575415 0.281699 0.051431
0.576100 0.233196 0.042576
0.576757 0.309037 0.056422
0.577396 0.243643 0.044483
0.578043 0.301314 0.055012
0.578657 0.267429 0.048826
0.579314 0.261400 0.047725
0.580013 0.236429 0.043166
0.580732 0.245558 0.044833
0.581506 0.205699 0.037555
0.582281 0.243236 0.044409
0.583047 0.210305 0.038396
0.583756 0.287756 0.052537
0.584463 0.211387 0.038594
0.585242 0.231130 0.042198
0.586049 0.197011 0.035969
0.586823 0.253762 0.046330
0.587470 0.276818 0.050540
0.588149 0.231361 0.042241
0.588928 0.208601 0.038085
0.589632 0.289308 0.052820
0.590298 0.229577 0.041915
0.590987 0.267641 0.048864
0.591673 0.230710 0.042122
0.592361 0.265875 0.048542
0.592956 0.308392 0.056304
0.593644 0.205171 0.037459
0.594444 0.218333 0.039862
0.595092 0.324324 0.059213
0.595608 0.331565 0.060535
0.596211 0.241977 0.044179
0.596875 0.267160 0.048777
0.597646 0.184809 0.033741
0.598466 0.229993 0.041991
0.599154 0.260686 0.047595
0.599756 0.298791 0.054551
0.600424 0.216505 0.039528
0.601100 0.289558 0.052866
0.601781 0.213370 0.038956
0.602535 0.230117 0.042013
0.603309 0.202516 0.036974
0.604009 0.289098 0.052782
0.604672 0.221705 0.040478
0.605387 0.244511 0.044641
0.606161 0.191192 0.034907
0.606936 0.243071 0.044378
0.607515 0.346953 0.063345
0.608064 0.266833 0.048717
0.608826 0.182447 0.033310
0.609618 0.243148 0.044393
0.610332 0.220032 0.040172
0.611080 0.220441 0.040247
0.611810 0.230445 0.042073
0.612518 0.233936 0.042711
0.613315 0.183556 0.033512
0.614049 0.285783 0.052177
0.614627 0.280216 0.051160
0.615189 0.303408 0.055394
0.615842 0.212530 0.038802
0.616494 0.304551 0.055603
0.617144 0.213416 0.038964
0.617885 0.226740 0.041397
0.618564 0.254249 0.046419
0.619186 0.267961 0.048923
0.619831 0.237546 0.043370
0.620550 0.214679 0.039195
0.621279 0.230577 0.042097
0.621929 0.270297 0.049349
0.622636 0.198110 0.036170
0.623440 0.203049 0.037071
0.624220 0.210629 0.038455
0.624984 0.211049 0.038532
0.625637 0.295501 0.053951
0.626230 0.250487 0.045732
0.626869 0.251957 0.046001
0.627483 0.270866 0.049453
0.628145 0.218867 0.039959
0.628882 0.215363 0.039320
0.629578 0.245440 0.044811
0.630241 0.236643 0.043205
0.630900 0.247423 0.045173
0.631593 0.214951 0.039244
0.632258 0.269368 0.049180
0.632824 0.293330 0.053554
0.633583 0.162712 0.029707
0.634413 0.231841 0.042328
0.635039 0.278742 0.050891
0.635639 0.249813 0.045609
0.636259 0.261011 0.047654
0.636862 0.262615 0.047947
0.637483 0.246418 0.044990
0.638155 0.223569 0.040818
0.638872 0.216170 0.039467
0.639455 0.358802 0.065508
0.640081 0.193295 0.035291
0.640850 0.216346 0.039499
0.641496 0.275943 0.050380
0.642102 0.243758 0.044504
0.642830 0.192289 0.035107
0.643522 0.274033 0.050031
0.644210 0.193630 0.035352
0.644975 0.215141 0.039279
0.645622 0.273752 0.049980
0.646357 0.172654 0.031522
0.647071 0.295251 0.053905
0.647748 0.187652 0.034260
0.648575 0.187505 0.034234
0.649278 0.267447 0.048829
0.649861 0.263716 0.048148
0.650445 0.265655 0.048502
0.651152 0.185668 0.033898
0.651904 0.229542 0.041908
0.652766 0.146400 0.026729
0.653665 0.206214 0.037649
0.654474 0.176052 0.032142
0.655125 0.358575 0.065467
0.655660 0.238499 0.043544
0.656290 0.248458 0.045362
0.657016 0.183134 0.033436
0.657661 0.336357 0.061410
0.658252 0.210289 0.038393
0.658938 0.235877 0.043065
0.659674 0.184914 0.033761
0.660465 0.200611 0.036626
0.661070 0.338504 0.061802
0.661640 0.219477 0.040071
0.662297 0.244504 0.044640
0.663122 0.147385 0.026909
0.664020 0.197139 0.035993
0.664880 0.159112 0.029050
0.665739 0.196669 0.035907
0.666442 0.235937 0.043076
0.667092 0.228176 0.041659
0.667745 0.233694 0.042666
0.668558 0.153037 0.027941
0.669389 0.221162 0.040378
0.670100 0.202238 0.036923
0.670803 0.225677 0.041203
0.671433 0.251144 0.045853
0.672217 0.153909 0.028100
0.673052 0.214153 0.039099
0.673844 0.168035 0.030679
0.674743 0.163691 0.029886
0.675537 0.219885 0.040145
0.676221 0.214733 0.039205
0.676865 0.250165 0.045674
0.677606 0.167033 0.030496
0.678305 0.290461 0.053031
0.678896 0.220543 0.040266
0.679523 0.254005 0.046375
0.680096 0.261622 0.047765
0.680718 0.217823 0.039769
0.681505 0.164673 0.030065
0.682349 0.185762 0.033915
0.683124 0.194565 0.035522
0.683762 0.283439 0.051749
0.684320 0.245699 0.044858
0.684992 0.196581 0.035891
0.685722 0.205298 0.037482
0.686372 0.250138 0.045669
0.687014 0.209831 0.038310
0.687644 0.259745 0.047423
0.688205 0.260827 0.047620
0.688896 0.177783 0.032459
0.689704 0.182905 0.033394
0.690482 0.192144 0.035081
0.691231 0.196496 0.035875
0.691970 0.196701 0.035913
0.692760 0.172584 0.031509
0.693464 0.255119 0.046578
0.694119 0.195244 0.035647
0.694856 0.197436 0.036047
0.695562 0.212933 0.038876
0.696185 0.254511 0.046467
0.696833 0.198051 0.036159
0.697563 0.196734 0.035919
0.698259 0.218155 0.039829
0.698859 0.266217 0.048604
0.699389 0.276713 0.050521
0.700019 0.194101 0.035438
0.700740 0.203932 0.037233
0.701521 0.166903 0.030472
0.702394 0.161386 0.029465
0.703131 0.243342 0.044428
0.703778 0.202130 0.036904
0.704441 0.230697 0.042119
0.705205 0.156650 0.028600
0.706067 0.174791 0.031912
0.706808 0.213147 0.038915
0.707478 0.210786 0.038484
0.708182 0.193640 0.035354
0.709028 0.147658 0.026959
0.709859 0.201841 0.036851
0.710653 0.159397 0.029102
0.711582 0.145585 0.026580
0.712498 0.163863 0.029917
0.713300 0.189253 0.034553
0.713997 0.217086 0.039634
0.714781 0.152791 0.027896
0.715651 0.171223 0.031261
0.716472 0.170688 0.031163
0.717208 0.215898 0.039417
0.717922 0.179474 0.032767
0.718750 0.159616 0.029142
0.719540 0.198367 0.036217
0.720145 0.276740 0.050526
0.720717 0.217774 0.039760
0.721388 0.198662 0.036271
0.722191 0.153639 0.028051
0.722931 0.242139 0.044208
0.723549 0.209650 0.038277
0.724297 0.166554 0.030408
0.725042 0.211445 0.038604
0.725672 0.228797 0.041772
0.726391 0.165985 0.030305
0.727191 0.180461 0.032947
0.727911 0.204850 0.037400
0.728667 0.164488 0.030031
0.729464 0.182452 0.033311
0.730286 0.154805 0.028263
0.731062 0.207338 0.037855
0.731725 0.206952 0.037784
0.732350 0.233855 0.042696
0.733032 0.176310 0.032190
0.733674 0.270459 0.049379
0.734483 0.123245 0.022501
0.735454 0.164231 0.029984
0.736295 0.160376 0.029281
0.736980 0.263037 0.048024
0.737797 0.121999 0.022274
0.738766 0.165528 0.030221
0.739457 0.242214 0.044222
0.740058 0.212204 0.038743
0.740856 0.141822 0.025893
0.741733 0.169768 0.030995
0.742528 0.170709 0.031167
0.743380 0.148599 0.027130
0.744284 0.150234 0.027429
0.745316 0.115572 0.021100
0.746330 0.156293 0.028535
0.747215 0.147902 0.027003
0.748078 0.164694 0.030069
0.748751 0.252806 0.046156
0.749483 0.143473 0.026194
0.750296 0.193706 0.035366
0.751099 0.146195 0.026691
0.751957 0.166799 0.030453
0.752742 0.173577 0.031691
0.753519 0.169878 0.031015
0.754403 0.135654 0.024767
0.755336 0.150158 0.027415
0.756121 0.194393 0.035491
0.756817 0.187612 0.034253
0.757614 0.149373 0.027272
0.758625 0.116713 0.021309
0.759602 0.161755 0.029532
0.760288 0.237920 0.043438
0.760870 0.217258 0.039666
0.761641 0.140952 0.025734
0.762403 0.224165 0.040927
0.763084 0.170105 0.031057
0.763945 0.138695 0.025322
0.764811 0.167628 0.030605
0.765474 0.241799 0.044146
0.766114 0.177788 0.032459
0.766988 0.129712 0.023682
0.767958 0.140479 0.025648
0.768747 0.202448 0.036962
0.769501 0.151130 0.027593
0.770349 0.156961 0.028657
0.771260 0.131406 0.023991
0.772094 0.192179 0.035087
0.772793 0.180042 0.032871
0.773601 0.145138 0.026498
0.774384 0.193458 0.035320
0.775303 0.110907 0.020249
0.776336 0.144246 0.026336
0.777264 0.134689 0.024591
0.778229 0.132991 0.024281
0.779140 0.151458 0.027652
0.779958 0.163951 0.029933
0.780847 0.129612 0.023664
0.781830 0.132103 0.024119
0.782610 0.218135 0.039826
0.783232 0.195728 0.035735
0.784016 0.140459 0.025644
0.784898 0.150165 0.027416
0.785725 0.159430 0.029108
0.786519 0.162201 0.029614
0.787367 0.140554 0.025661
0.788276 0.139815 0.025527
0.789153 0.150859 0.027543
0.789986 0.154798 0.028262
0.790816 0.151246 0.027614
0.791601 0.173685 0.031710
0.792369 0.157340 0.028726
0.793201 0.147593 0.026947
0.794108 0.132414 0.024175
0.795044 0.137677 0.025136
0.795819 0.199751 0.036469
0.796645 0.123361 0.022523
0.797500 0.183055 0.033421
0.798510 0.094389 0.017233
0.799570 0.159619 0.029142
0.800448 0.129458 0.023636
0.801344 0.152254 0.027798
0.802110 0.176634 0.032249
0.802781 0.197745 0.036103
0.803616 0.120343 0.021972
0.804519 0.162514 0.029671
0.805305 0.155143 0.028325
0.806155 0.139040 0.025385
0.807180 0.107796 0.019681
0.808341 0.106425 0.019430
0.809274 0.177278 0.032366
0.810042 0.148468 0.027106
0.811030 0.108489 0.019807
0.812114 0.120336 0.021970
0.813009 0.161854 0.029550
0.813823 0.142788 0.026069
0.814659 0.152266 0.027800
0.815470 0.151580 0.027675
0.816413 0.114509 0.020906
0.817345 0.155787 0.028443
0.818077 0.181557 0.033148
0.818767 0.174344 0.031831
0.819476 0.171425 0.031298
0.820475 0.095323 0.017404
0.821678 0.108900 0.019882
0.822527 0.211672 0.038646
0.823303 0.125013 0.022824
0.824230 0.138584 0.025302
0.825103 0.140405 0.025634
0.825917 0.159528 0.029126
0.826738 0.138199 0.025232
0.827627 0.134918 0.024633
0.828364 0.210394 0.038413
0.828985 0.181834 0.033198
0.829904 0.103161 0.018835
0.830983 0.122582 0.022380
0.831944 0.128923 0.023538
0.833003 0.102013 0.018625
0.833975 0.157782 0.028807
0.834755 0.150639 0.027503
0.835603 0.133913 0.024449
0.836584 0.112647 0.020567
0.837618 0.119500 0.021818
0.838665 0.109638 0.020017
0.839690 0.124803 0.022786
0.840587 0.142767 0.026066
0.841583 0.103239 0.018849
0.842677 0.115465 0.021081
0.843599 0.146215 0.026695
0.844396 0.152407 0.027826
0.845290 0.117811 0.021509
0.846396 0.098468 0.017978
0.847380 0.154978 0.028295
0.848410 0.091282 0.016666
0.849441 0.154288 0.028169
0.850307 0.122369 0.022341
0.851346 0.105746 0.019307
0.852359 0.129163 0.023582
0.853495 0.086474 0.015788
0.854716 0.108494 0.019808
0.855807 0.106565 0.019456
0.856961 0.097094 0.017727
0.858083 0.112551 0.020549
0.859114 0.114352 0.020878
0.860185 0.104035 0.018994
0.861254 0.114532 0.020911
0.862353 0.098587 0.018000
0.863510 0.102453 0.018705
0.864614 0.108185 0.019752
0.865546 0.146587 0.026763
0.866478 0.107786 0.019679
0.867336 0.180319 0.032922
0.868286 0.091865 0.016772
0.869370 0.126990 0.023185
0.870410 0.098298 0.017947
0.871592 0.096729 0.017660
0.872616 0.133927 0.024452
0.873534 0.117558 0.021463
0.874538 0.111323 0.020325
0.875669 0.092974 0.016975
0.876767 0.118744 0.021680
0.877834 0.097664 0.017831
0.878948 0.107888 0.019698
0.879928 0.126590 0.023112
0.880927 0.103753 0.018943
0.882022 0.104171 0.019019
0.883060 0.115364 0.021062
0.883983 0.131818 0.024067
0.884993 0.097824 0.017860
0.886153 0.097405 0.017784
0.887498 0.074001 0.013511
0.888670 0.138347 0.025259
0.889734 0.085898 0.015683
0.891066 0.083311 0.015210
0.892286 0.103289 0.018858
0.893399 0.098600 0.018002
0.894452 0.116014 0.021181
0.895579 0.087029 0.015889
0.896714 0.113754 0.020769
0.897754 0.101806 0.018587
0.899002 0.079736 0.014558
0.900210 0.109706 0.020029
0.901291 0.096968 0.017704
0.902442 0.096407 0.017601
0.903572 0.100081 0.018272
0.904573 0.124244 0.022684
0.905528 0.108939 0.019890
0.906516 0.115202 0.021033
0.907626 0.087764 0.016023
0.908820 0.097791 0.017854
0.910025 0.085972 0.015696
0.911162 0.110864 0.020241
0.912247 0.093296 0.017033
0.913492 0.083798 0.015299
0.914657 0.107379 0.019605
0.915627 0.119230 0.021768
0.916718 0.086525 0.015797
0.917859 0.107393 0.019607
0.919001 0.086062 0.015713
0.920019 0.142138 0.025951
0.920927 0.103756 0.018943
0.922027 0.094392 0.017234
0.923208 0.089881 0.016410
0.924464 0.083190 0.015188
0.925770 0.082785 0.015114
0.926948 0.103080 0.018820
0.928048 0.093925 0.017148
0.929139 0.104577 0.019093
0.930014 0.150041 0.027394
0.930873 0.107870 0.019694
0.932111 0.072796 0.013291
0.933439 0.091127 0.016637
0.934858 0.064578 0.011790
0.936113 0.126215 0.023044
0.937367 0.064398 0.011757
0.938625 0.124925 0.022808
0.939645 0.090044 0.016440
0.940756 0.102551 0.018723
0.941938 0.080370 0.014673
0.943187 0.090600 0.016541
0.944491 0.073889 0.013490
0.946002 0.066857 0.012206
0.947416 0.084983 0.015516
0.948625 0.090127 0.016455
0.949701 0.107629 0.019650
0.950933 0.071070 0.012976
0.952399 0.072588 0.013253
0.953817 0.075830 0.013845
0.955162 0.080479 0.014693
0.956490 0.077413 0.014134
0.957848 0.076857 0.014032
0.959116 0.088817 0.016216
0.960169 0.112456 0.020532
0.961167 0.097545 0.017809
0.962330 0.082768 0.015111
0.963718 0.068540 0.012514
0.965248 0.067255 0.012279
0.966753 0.070632 0.012896
0.968390 0.057299 0.010461
0.970006 0.072454 0.013228
0.971227 0.101473 0.018526
0.972391 0.078484 0.014329
0.973719 0.076686 0.014001
0.974926 0.095753 0.017482
0.976052 0.087018 0.015887
0.977290 0.079092 0.014440
0.978682 0.068814 0.012564
0.980053 0.081435 0.014868
0.981465 0.065061 0.011879
0.982720 0.108412 0.019793
0.983955 0.066509 0.012143
0.985292 0.088844 0.016221
0.986496 0.080445 0.014687
0.987643 0.098300 0.017947
0.988749 0.085694 0.015646
0.990126 0.064414 0.011760
0.991659 0.067505 0.012325
0.992900 0.102413 0.018698
0.994071 0.074233 0.013553
0.995352 0.083391 0.015225
0.996514 0.089961 0.016425
0.997735 0.075797 0.013839
0.998965 0.088233 0.016109
1.000170 0.078649 0.014359
1.001528 0.069205 0.012635
1.002939 0.072512 0.013239
1.004343 0.069694 0.012724
1.005789 0.068153 0.012443
1.007148 0.079052 0.014433
1.008596 0.060587 0.011062
1.010242 0.059911 0.010938
1.011528 0.107984 0.019715
1.012811 0.059865 0.010930
1.014152 0.095894 0.017508
1.015260 0.083052 0.015163
1.016414 0.087894 0.016047
1.017662 0.071539 0.013061
1.019034 0.071700 0.013090
1.020392 0.072980 0.013324
1.021713 0.075460 0.013777
1.022988 0.078205 0.014278
1.024285 0.072734 0.013279
1.025641 0.071317 0.013021
1.026886 0.086899 0.015865
1.028141 0.070065 0.012792
1.029588 0.064670 0.011807
1.031214 0.055489 0.010131
1.033066 0.049540 0.009045
1.034598 0.087337 0.015946
1.035679 0.091619 0.016727
1.036911 0.068398 0.012488
1.038506 0.054186 0.009893
1.039866 0.102115 0.018643
1.040693 0.135053 0.024657
1.041729 0.070671 0.012903
1.043104 0.068935 0.012586
1.044407 0.078860 0.014398
1.045633 0.077366 0.014125
1.046792 0.088440 0.016147
1.047896 0.084770 0.015477
1.049162 0.067747 0.012369
1.050613 0.063736 0.011637
1.052074 0.066648 0.012168
1.053554 0.061933 0.011307
1.054928 0.078056 0.014251
1.055997 0.102403 0.018696
1.057255 0.059490 0.010861
1.058599 0.086048 0.015710
1.059722 0.082240 0.015015
1.060960 0.070967 0.012957
1.062472 0.055517 0.010136
1.064241 0.051029 0.009317
1.065767 0.077601 0.014168
1.067200 0.056554 0.010325
1.068511 0.096903 0.017692
1.069703 0.065946 0.012040
1.071095 0.068358 0.012480
1.072421 0.072501 0.013237
1.073857 0.058685 0.010714
1.075351 0.066375 0.012118
1.076742 0.067175 0.012264
1.077983 0.084345 0.015399
1.079359 0.056061 0.010235
1.080749 0.082040 0.014978
1.081863 0.084065 0.015348
1.083087 0.068432 0.012494
1.084554 0.058185 0.010623
1.086061 0.064339 0.011747
1.087765 0.046476 0.008485
1.089453 0.065644 0.011985
1.090832 0.067350 0.012296
1.092257 0.061410 0.011212
1.093662 0.069297 0.012652
1.095119 0.057218 0.010447
1.096740 0.055299 0.010096
1.098574 0.045019 0.008219
1.100435 0.053413 0.009752
1.102048 0.059402 0.010845
1.103773 0.047075 0.008595
1.105570 0.054106 0.009878
1.107330 0.048792 0.008908
1.109171 0.049151 0.008974
1.110989 0.049877 0.009106
1.112548 0.068307 0.012471
1.114015 0.055361 0.010107
1.115650 0.054298 0.009913
1.117245 0.058039 0.010596
1.118960 0.047214 0.008620
1.120790 0.050400 0.009202
1.122578 0.049210 0.008984
1.124250 0.057863 0.010564
1.125834 0.054340 0.009921
1.127365 0.061950 0.011310
1.128754 0.065694 0.011994
1.130233 0.054803 0.010006
1.131894 0.051624 0.009425
1.133443 0.063423 0.011579
1.135005 0.050700 0.009256
1.136925 0.041741 0.007621
1.138642 0.065904 0.012032
1.140147 0.052173 0.009525
1.141921 0.046780 0.008541
1.143879 0.042629 0.007783
1.146048 0.038021 0.006942
1.148113 0.047256 0.008628
1.149927 0.048597 0.008873
1.151610 0.054813 0.010007
1.153169 0.056322 0.010283
1.154762 0.052436 0.009573
1.156503 0.047030 0.008586
1.158460 0.041463 0.007570
1.160241 0.057948 0.010580
1.162107 0.038192 0.006973
1.163865 0.067603 0.012343
1.165431 0.045982 0.008395
1.167212 0.050240 0.009172
1.168930 0.049217 0.008986
1.170665 0.049101 0.008965
1.172610 0.039475 0.007207
1.174556 0.048924 0.008932
1.176274 0.049861 0.009103
1.177903 0.054400 0.009932
1.179437 0.055995 0.010223
1.181189 0.042346 0.007731
1.183227 0.040492 0.007393
1.185012 0.056516 0.010318
1.186516 0.055360 0.010107
1.188542 0.033107 0.006045
1.190609 0.052335 0.009555
1.192207 0.052404 0.009568
1.193654 0.064373 0.011753
1.195182 0.047445 0.008662
1.196946 0.047046 0.008589
1.198954 0.037039 0.006762
1.200810 0.056560 0.010326
1.202872 0.031201 0.005697
1.205117 0.045103 0.008235
1.206894 0.048001 0.008764
1.208588 0.049443 0.009027
1.210347 0.044515 0.008127
1.212915 0.025005 0.004565
1.215591 0.039647 0.007239
1.217589 0.042452 0.007751
1.219378 0.049497 0.009037
1.221272 0.038182 0.006971
1.223380 0.039164 0.007150
1.225144 0.056129 0.010248
1.227060 0.034047 0.006216
1.229100 0.047770 0.008722
1.230933 0.041096 0.007503
1.232962 0.038669 0.007060
1.235069 0.037949 0.006928
1.237216 0.037085 0.006771
1.239270 0.041477 0.007573
1.241615 0.029127 0.005318
1.243873 0.045421 0.008293
1.246130 0.029024 0.005299
1.248186 0.058694 0.010716
1.249760 0.044540 0.008132
1.251289 0.062637 0.011436
1.252909 0.040311 0.007360
1.254877 0.040345 0.007366
1.257205 0.029447 0.005376
1.259634 0.036408 0.006647
1.261673 0.041292 0.007539
1.263640 0.038921 0.007106
1.265605 0.041237 0.007529
1.267822 0.031031 0.005665
1.270000 0.042893 0.007831
1.271939 0.038107 0.006957
1.273917 0.041029 0.007491
1.276026 0.033647 0.006143
1.278243 0.036761 0.006712
1.280230 0.041836 0.007638
1.282226 0.036300 0.006627
1.284439 0.033810 0.006173
1.286335 0.051457 0.009395
1.288151 0.036240 0.006616
1.290504 0.029904 0.005460
1.292660 0.044293 0.008087
1.294770 0.030914 0.005644
1.297130 0.034265 0.006256
1.299325 0.035508 0.006483
1.301384 0.038880 0.007099
1.303718 0.028180 0.005145
1.306030 0.039639 0.007237
1.308142 0.032951 0.006016
1.310443 0.033005 0.006026
1.312515 0.040997 0.007485
1.314465 0.036789 0.006717
1.316375 0.042718 0.007799
1.318464 0.031231 0.005702
1.320698 0.036589 0.006680
1.323319 0.023546 0.004299
1.325772 0.043567 0.007954
1.327667 0.036091 0.006589
1.330098 0.026761 0.004886
1.332557 0.034992 0.006389
1.334546 0.040216 0.007342
1.336513 0.035629 0.006505
1.338829 0.029107 0.005314
1.341239 0.032531 0.005939
1.343865 0.024793 0.004527
1.346585 0.029926 0.005464
1.349034 0.030190 0.005512
1.351343 0.033666 0.006147
1.353690 0.029151 0.005322
1.356067 0.032627 0.005957
1.358305 0.032700 0.005970
1.360725 0.027949 0.005103
1.363221 0.030503 0.005569
1.365464 0.034526 0.006304
1.368269 0.020670 0.003774
1.370972 0.038012 0.006940
1.373454 0.023566 0.004302
1.376284 0.027739 0.005064
1.378890 0.027470 0.005015
1.381109 0.039366 0.007187
1.383453 0.024987 0.004562
1.386548 0.021492 0.003924
1.389916 0.020892 0.003814
1.392871 0.028465 0.005197
1.395270 0.030856 0.005633
1.397688 0.027932 0.005100
1.400489 0.023067 0.004211
1.403114 0.032266 0.005891
1.405574 0.025780 0.004707
1.408547 0.021851 0.003990
1.411696 0.022746 0.004153
1.414584 0.025960 0.004740
1.417467 0.022734 0.004151
1.420638 0.021280 0.003885
1.424004 0.020074 0.003665
1.427225 0.023252 0.004245
1.429874 0.029833 0.005447
1.432732 0.020302 0.003707
1.435918 0.023171 0.004230
1.438603 0.028645 0.005230
1.441423 0.021153 0.003862
1.444317 0.026869 0.004906
1.447188 0.021364 0.003901
1.450253 0.023218 0.004239
1.453091 0.024797 0.004527
1.455560 0.030887 0.005639
1.457884 0.027637 0.005046
1.460252 0.029602 0.005405
1.463292 0.017780 0.003246
1.466870 0.020023 0.003656
1.470012 0.022961 0.004192
1.472746 0.026360 0.004813
1.475609 0.021002 0.003834
1.478577 0.024246 0.004427
1.481723 0.018809 0.003434
1.485187 0.019607 0.003580
1.488986 0.015727 0.002871
1.492599 0.021920 0.004002
1.496378 0.014500 0.002647
1.500967 0.014168 0.002587
1.505428 0.015267 0.002787
1.509755 0.014948 0.002729
1.513941 0.016237 0.002965
1.518096 0.015071 0.002752
1.522195 0.016610 0.003033
1.526091 0.016548 0.003021
1.530068 0.015858 0.002895
1.534067 0.016275 0.002971
1.538224 0.014628 0.002671
1.542459 0.015556 0.002840
1.546234 0.018433 0.003365
1.549971 0.015760 0.002877
1.553814 0.017276 0.003154
1.557508 0.016932 0.003091
1.561896 0.012458 0.002275
1.566112 0.018548 0.003386
1.570096 0.013637 0.002490
1.574352 0.015885 0.002900
1.577765 0.021454 0.003917
1.581156 0.015994 0.002920
1.585212 0.014625 0.002670
1.588951 0.019033 0.003475
1.592316 0.017671 0.003226
1.596052 0.015414 0.002814
1.600169 0.014422 0.002633
1.604942 0.011526 0.002104
1.610901 0.009188 0.001678
1.616349 0.014170 0.002587
1.620606 0.014259 0.002603
1.625297 0.011708 0.002137
1.629995 0.014122 0.002578
1.635190 0.009748 0.001780
1.640059 0.016566 0.003025
1.644517 0.011186 0.002042
1.649484 0.012830 0.002342
1.654409 0.011293 0.002062
1.660461 0.008558 0.001562
1.666310 0.012147 0.002218
1.671417 0.010838 0.001979
1.676241 0.013665 0.002495
1.680932 0.011333 0.002069
1.685951 0.012144 0.002217
1.691865 0.008604 0.001571
1.697690 0.012506 0.002283
1.703139 0.009585 0.001750
1.709151 0.010027 0.001831
1.715489 0.008598 0.001570
1.721969 0.009484 0.001732
1.728835 0.007654 0.001397
1.736577 0.007314 0.001335
1.743746 0.008926 0.001630
1.749954 0.009586 0.001750
1.755734 0.010213 0.001865
1.762480 0.007185 0.001312
1.769883 0.008193 0.001496
1.776193 0.009848 0.001798
1.782366 0.008463 0.001545
1.788929 0.008594 0.001569
1.795795 0.007689 0.001404
1.803777 0.006337 0.001157
1.812009 0.007120 0.001300
1.820215 0.006308 0.001152
1.828184 0.007510 0.001371
1.834332 0.010768 0.001966
1.840749 0.006935 0.001266
1.848414 0.007140 0.001304
1.856078 0.006870 0.001254
1.862512 0.010510 0.001919
1.869863 0.005514 0.001007
1.877778 0.008515 0.001555
1.883097 0.011875 0.002168
1.890135 0.005437 0.000993
1.899449 0.005800 0.001059
1.908909 0.005215 0.000952
1.917748 0.006656 0.001215
1.926212 0.005582 0.001019
1.935690 0.005217 0.000953
1.945152 0.005536 0.001011
1.955013 0.004766 0.000870
1.964308 0.006245 0.001140
1.972179 0.006455 0.001179
1.979878 0.006464 0.001180
1.988241 0.005456 0.000996
1.997148 0.005601 0.001023
2.007030 0.004438 0.000810
2.016609 0.005947 0.001086
2.024990 0.005614 0.001025
2.034413 0.004686 0.000856
2.044868 0.004473 0.000817
2.054893 0.005213 0.000952
2.066124 0.003714 0.000678
2.078509 0.004127 0.000753
2.089564 0.004596 0.000839
2.099596 0.004940 0.000902
2.109565 0.004597 0.000839
2.121325 0.003556 0.000649
2.133905 0.003910 0.000714
2.146672 0.003407 0.000622
2.159546 0.003783 0.000691
2.171023 0.004226 0.000772
2.183582 0.003166 0.000578
2.195724 0.004513 0.000824
2.208504 0.002865 0.000523
2.224350 0.002749 0.000502
2.240013 0.002880 0.000526
2.255044 0.002929 0.000535
2.269490 0.003067 0.000560
2.281291 0.004483 0.000819
2.290858 0.004575 0.000835
2.303157 0.002900 0.000529
2.316728 0.003561 0.000650
2.330497 0.002782 0.000508
2.346499 0.002559 0.000467
2.361221 0.003276 0.000598
2.373778 0.003407 0.000622
2.389862 0.002081 0.000380
2.408046 0.002487 0.000454
2.424049 0.002611 0.000477
2.437098 0.003815 0.000697
2.449924 0.002648 0.000484
2.466009 0.002319 0.000423
2.483056 0.002372 0.000433
2.501159 0.002081 0.000380
2.520597 0.002006 0.000366
2.537171 0.002906 0.000531
2.554492 0.001828 0.000334
2.574825 0.001964 0.000359
2.592401 0.002419 0.000442
2.609907 0.001938 0.000354
2.628071 0.002247 0.000410
2.644030 0.002532 0.000462
2.661518 0.001867 0.000341
2.678919 0.002510 0.000458
2.694102 0.002352 0.000429
2.711958 0.001807 0.000330
2.728833 0.002636 0.000481
2.744958 0.001914 0.000349
2.765615 0.001593 0.000291
2.789753 0.001396 0.000255
2.812242 0.001813 0.000331
2.835365 0.001293 0.000236
2.860101 0.001510 0.000276
2.881435 0.001731 0.000316
2.905004 0.001261 0.000230
2.931332 0.001317 0.000240
2.955594 0.001444 0.000264
2.977917 0.001549 0.000283
2.998193 0.001757 0.000321
3.017556 0.001652 0.000302
3.038816 0.001429 0.000261
3.060690 0.001516 0.000277
3.080622 0.001722 0.000314
3.101811 0.001353 0.000247
3.121777 0.001930 0.000352
3.141813 0.001314 0.000240
3.167161 0.001166 0.000213
3.189911 0.001672 0.000305
3.208362 0.001668 0.000305
3.227079 0.001587 0.000290
3.247363 0.001425 0.000260
3.269981 0.001272 0.000232
3.291782 0.001499 0.000274
3.312612 0.001380 0.000252
3.336023 0.001185 0.000216
3.359928 0.001280 0.000234
3.382469 0.001321 0.000241
3.404638 0.001316 0.000240
3.426160 0.001363 0.000249
3.450672 0.001028 0.000188
3.478601 0.001017 0.000186
3.504988 0.001139 0.000208
3.529580 0.001155 0.000211
3.554048 0.001115 0.000204
3.581050 0.000944 0.000172
