0.010000 100628142.776857 37506823.653885 310560197.070028 22772706.926810 1079513723.469253 15417544.128956 1613903165.358325
0.012068 93524914.023619 36717323.845033 278310433.662715 22684779.623829 951270290.490372 15376683.434136 1339180543.800791
0.014563 87815036.327968 35633742.745139 247804538.621273 22474152.824575 835902615.310284 15334570.719872 1111097872.374230
0.017575 81750986.452556 34706152.606903 223458141.371472 22281931.915285 731692338.617380 15290931.562187 921734502.878240
0.021210 76665848.659016 33940390.041594 197757001.412599 21943471.682244 619115984.251944 15245434.174722 764514527.849399
0.025595 72204835.596073 33226982.302895 175290464.845468 21607788.605180 519181212.818418 15197677.083698 633978463.615075
0.030888 66683962.312273 32243872.160933 155157216.888719 21274398.289354 429609342.405909 15147174.010873 525593741.071238
0.037276 62824123.139215 31490459.212905 140621172.751143 21019006.107375 364262570.938196 14981681.515270 435597442.000455
0.044984 59327825.038003 30481653.052303 124872254.607904 20844775.252091 310321900.826015 14813731.079083 360865842.866437
0.054287 55150616.749759 29523930.596441 110560819.250550 20395609.489202 257751283.206601 14771763.485049 298806255.374741
0.065513 51443715.848434 28583291.914912 98063037.088322 20154306.113551 213703877.984244 14725505.493221 247267402.236172
0.079060 47957141.830678 27798556.174871 87732138.345406 19871566.751650 176696130.805358 14674015.670813 204465143.015766
0.095410 45104833.772317 26957765.574530 77906275.187070 19533850.095649 147229834.219347 14616135.224821 168920775.860017
0.115140 42181816.558207 25976801.262316 70881412.756081 19251562.970052 121790525.131666 14550433.008846 139409437.447639
0.138950 39111687.316130 25191564.233088 63071967.100019 18871067.632886 102336442.246350 14394695.130307 114916455.701990
0.167683 36282602.047722 24266083.378742 56006933.988901 18604593.548516 84773358.575913 14219392.210587 94600092.952449
0.202359 33655089.494864 23311791.918632 49371465.382503 18024889.731053 70581364.001917 14021660.757514 77866940.103828
0.244205 31227761.145170 22254591.960400 43795361.324140 17588961.744818 58957268.696409 13797751.276144 64776235.855296
0.294705 28572620.754374 21054134.624997 38407658.719622 17024159.910518 48832877.263976 13543486.861677 53066993.993427
0.355648 26038079.854257 19990233.754222 33826845.670080 16451224.777953 40558835.903609 13254297.142368 43639169.900003
0.429193 23697103.350442 18680675.889220 29482896.297252 15597107.812548 33857197.845907 12925295.051223 35890588.456129
0.517947 21272952.547347 17318054.919215 25175177.257480 14812552.031504 27964744.716702 12551410.791894 30084443.725903
0.625055 18790680.223008 15882813.191982 21400562.475283 13912628.873553 23447053.822141 12127597.838886 24782876.197826
0.754312 16414100.754094 14429502.516480 18039374.537142 12930588.972576 19726823.389917 11649123.821553 20391875.512726
0.910298 14054877.700165 12939085.479721 15245250.591658 11760034.600778 16311435.381564 10820405.395192 17345225.751626
1.098541 11920119.230526 11083306.043926 12847544.695882 10408445.123410 13692414.996844 9729833.381401 14795310.978095
1.325711 10000324.734271 9168270.227936 10860348.921538 8574887.939924 11733832.811046 8077609.419947 13260827.771519
1.599859 8220155.766661 7350542.568192 9128726.362413 6838133.376645 10309357.886554 6378870.331837 12217882.389239
1.930698 6614768.450723 5800473.216028 7534258.085836 5389201.673747 8993874.307931 5029225.598120 11064794.566085
2.329952 5215456.423970 4529500.872743 6183094.346263 4178966.187511 7802317.324375 3932337.257684 9387270.351771
2.811769 4035715.431578 3481317.186702 4921279.725097 3181716.738243 6186219.014837 2964348.705504 7603776.425131
3.393222 3046819.898454 2619021.576208 3769787.116639 2366342.967133 4725364.227800 1891323.199547 5941771.088370
4.094915 2262269.133807 1933590.273861 2801971.233292 1518677.673486 3521444.642899 924666.967349 4669396.268055
4.941713 1655714.518138 1374598.943883 2010810.165277 804113.171219 2611541.721689 382428.571327 3100269.337337
5.963623 1181209.938827 899649.546469 1451926.197651 400297.453163 1818139.040029 158501.564566 2370268.537138
7.196857 815549.563459 487203.535069 1015975.193906 188217.598462 1294126.304110 65415.445992 1770031.340614
8.685114 526509.584069 236030.966525 700260.018429 84877.181590 887558.491812 27054.860222 1122339.185017
10.481131 312848.580759 115034.020735 469702.171727 39479.599256 616909.947233 11189.489738 795217.681448
12.648552 170341.829152 55043.908994 304820.783882 17260.461148 423205.104528 4627.807335 548899.173315
15.264180 82035.159220 26430.242845 176909.268106 7783.646732 278447.512233 1913.992616 388254.040705
18.420700 40698.413308 12120.306390 94964.527258 3414.096464 159998.647922 791.599016 262648.753225
22.229965 20058.308757 5802.421670 46405.947397 1510.381879 82792.146616 327.393636 132811.149507
26.826958 9746.739464 2571.254914 23235.201603 639.523454 42865.506717 135.405162 71623.216800
32.374575 4692.261936 1167.873444 11493.546717 280.410193 21486.828571 56.001571 39470.605066
39.069399 2213.956664 512.073783 5802.209557 114.563530 11038.296876 23.161421 21751.727078
47.148664 1060.889545 236.108268 3043.542261 46.406774 5937.889076 9.579221 11987.088368
56.898660 496.732732 104.479870 1546.455078 19.385911 3222.646198 3.961824 6605.925453
68.664885 240.506465 46.458441 782.200761 7.646343 1749.953113 1.638552 3640.437923
82.864277 116.251438 20.716321 406.754450 3.107872 953.194532 0.677681 2006.197068
100.000000 55.944184 9.119226 216.200925 1.275872 524.209910 0.280279 1105.588602
