0.017435 12.016418 1.966609
0.041952 9.617399 1.671506
0.054899 7.679215 1.478999
0.065243 8.268444 1.50695
0.076382 8.182972 1.30721
0.08658 8.452399 1.10816
0.09388 9.33963 1.352383
0.101704 7.206845 0.837323
0.109248 8.365565 1.008123
0.117628 8.462631 1.407753
0.127246 7.874084 0.891153
0.136485 8.961927 1.429076
0.142957 5.488768 0.979058
0.149121 8.446349 1.54716
0.157143 7.714328 0.960412
0.1638 11.456131 1.685651
0.170649 12.766926 1.834884
0.178593 8.638152 0.956489
0.186023 11.891217 1.640077
0.193734 8.106068 1.044092
0.201864 8.292315 0.961815
0.210678 9.382534 1.527098
0.220244 8.211374 1.203603
0.227711 9.569911 1.333202
0.234941 9.211438 1.356511
0.243662 9.593991 1.352727
0.252488 11.298384 1.695216
0.263728 10.878455 1.809451
0.278235 11.83067 1.363559
0.292264 9.031569 1.549994
0.304171 8.84325 1.497444
0.315859 9.521803 1.501082
0.331456 9.039177 1.25385
0.348007 10.743526 1.420613
0.366149 10.491328 1.507861
0.387153 7.374275 1.218964
0.412988 8.677255 1.343232
0.447282 10.595211 1.431036
0.48864 8.113388 1.355895
0.538618 11.306461 1.356908
0.616362 9.709035 1.121927
0.71887 10.066092 1.42786
0.849194 10.859484 1.750286
