0.010000 8.731253 8.172031 9.199581 7.694723 10.110956 7.162556 18.365852
0.012068 8.724559 8.172773 9.188941 7.690353 10.053259 7.165778 18.318470
0.014563 8.720944 8.174887 9.181779 7.693838 10.003198 7.175628 18.256842
0.017575 8.710865 8.180578 9.165676 7.702044 9.939406 7.192204 18.177450
0.021210 8.706784 8.188661 9.148152 7.714370 9.901615 7.216196 18.076771
0.025595 8.698979 8.199951 9.134441 7.731430 9.820733 7.248804 17.951095
0.030888 8.692717 8.221551 9.114331 7.753306 9.769353 7.291410 17.796260
0.037276 8.684838 8.249381 9.096378 7.787402 9.712363 7.345173 17.607182
0.044984 8.678409 8.271669 9.063194 7.822028 9.625091 7.410421 17.377510
0.054287 8.663546 8.289539 9.030102 7.869290 9.518324 7.483426 17.099355
0.065513 8.652741 8.305928 8.987766 7.928738 9.427974 7.543900 16.764243
0.079060 8.635111 8.325477 8.942551 7.986693 9.311358 7.612620 16.365987
0.095410 8.609984 8.326604 8.887849 8.050224 9.217494 7.695147 15.904373
0.115140 8.587971 8.347650 8.844611 8.100000 9.139951 7.782630 15.387069
0.138950 8.575642 8.370227 8.804999 8.154122 9.086198 7.894491 14.830419
0.167683 8.586124 8.401965 8.811978 8.216038 9.083824 7.953870 14.259741
0.202359 8.653915 8.457950 8.866264 8.290906 9.130610 8.080189 13.695419
0.244205 8.765378 8.563082 8.988928 8.386853 9.278463 8.192680 13.156187
0.294705 8.940248 8.722390 9.176148 8.516086 9.465003 8.372397 12.685147
0.355648 9.175073 8.927762 9.439085 8.696666 9.753706 8.454916 12.291320
0.429193 9.473755 9.180715 9.790021 8.873634 10.146464 8.497446 11.921252
0.517947 9.848602 9.444255 10.255843 9.055627 10.706754 8.602922 11.556139
0.625055 10.280194 9.732320 10.841397 9.224307 11.231896 8.715411 11.562290
0.754312 10.779575 10.015196 11.459028 9.402212 11.919757 8.878868 12.267317
0.910298 11.311337 10.327305 12.163755 9.609771 12.690155 9.044183 13.043687
1.098541 11.904972 10.647043 12.890113 9.809959 13.505010 9.140501 13.879195
1.325711 12.443427 10.939468 13.635357 9.780082 14.350645 9.307803 14.815259
1.599859 12.949581 11.159145 14.385051 9.742194 15.243462 9.008852 15.678350
1.930698 13.261619 11.276141 15.079440 9.402441 16.054236 8.590903 16.582113
2.329952 13.400318 11.219715 15.652601 8.769797 16.848978 8.033508 17.547694
2.811769 13.551792 10.865707 16.105892 8.160118 17.701170 7.376145 18.584995
3.393222 13.502340 10.246923 16.373749 7.537184 18.477478 6.696823 19.710272
4.094915 13.220657 9.511281 16.481501 6.995988 18.927724 6.099689 20.777383
4.941713 12.847416 8.846465 16.408457 6.548973 19.356799 5.545889 21.725388
5.963623 12.135976 8.142305 15.964415 6.115070 19.701717 5.023343 22.444679
7.196857 11.254032 7.461171 15.340752 5.550060 19.726662 4.518398 22.909653
8.685114 10.126255 6.667417 14.099382 4.900007 19.162724 3.935556 22.866803
10.481131 8.431535 5.534601 12.083879 3.853386 17.074287 2.991670 21.247599
12.648552 1.717790 1.109717 2.592606 0.733115 3.771307 0.456814 4.850879
15.264180 0.000000 0.000000 0.000000 0.000000 0.000000 0.000000 0.000000
18.420700 0.000000 0.000000 0.000000 0.000000 0.000000 0.000000 0.000000
22.229965 0.000000 0.000000 0.000000 0.000000 0.000000 0.000000 0.000000
26.826958 0.000000 0.000000 0.000000 0.000000 0.000000 0.000000 0.000000
32.374575 0.000000 0.000000 0.000000 0.000000 0.000000 0.000000 0.000000
39.069399 0.000000 0.000000 0.000000 0.000000 0.000000 0.000000 0.000000
47.148664 0.000000 0.000000 0.000000 0.000000 0.000000 0.000000 0.000000
56.898660 0.000000 0.000000 0.000000 0.000000 0.000000 0.000000 0.000000
68.664885 0.000000 0.000000 0.000000 0.000000 0.000000 0.000000 0.000000
82.864277 0.000000 0.000000 0.000000 0.000000 0.000000 0.000000 0.000000
100.000000 0.000000 0.000000 0.000000 0.000000 0.000000 0.000000 0.000000
