0.010000 -0.843656 -1.343005 -0.330089 -1.775007 -0.062961 -1.988076 -0.005629
0.012068 -0.851388 -1.308398 -0.352785 -1.758630 -0.066962 -1.983609 -0.007040
0.014563 -0.862415 -1.272508 -0.369212 -1.743850 -0.068912 -1.976946 -0.009030
0.017575 -0.879394 -1.248361 -0.386559 -1.731117 -0.071795 -1.967107 -0.011845
0.021210 -0.899016 -1.221416 -0.406281 -1.720359 -0.077421 -1.952724 -0.015842
0.025595 -0.917648 -1.184586 -0.420841 -1.675755 -0.086446 -1.931934 -0.020153
0.030888 -0.933595 -1.157748 -0.442537 -1.634823 -0.091954 -1.902300 -0.023580
0.037276 -0.948037 -1.130114 -0.472674 -1.575293 -0.103957 -1.860804 -0.028386
0.044984 -0.960832 -1.105395 -0.502811 -1.523708 -0.116826 -1.804047 -0.035152
0.054287 -0.973785 -1.080919 -0.522639 -1.515801 -0.131743 -1.728821 -0.044696
0.065513 -0.989045 -1.065329 -0.556332 -1.454904 -0.150739 -1.680204 -0.061141
0.079060 -0.993652 -1.060683 -0.574430 -1.430484 -0.176249 -1.650182 -0.084816
0.095410 -1.004076 -1.051932 -0.598329 -1.349734 -0.211089 -1.695213 -0.104341
0.115140 -1.009402 -1.046057 -0.623108 -1.294331 -0.238130 -1.742620 -0.125443
0.138950 -1.014611 -1.045268 -0.663578 -1.265043 -0.280292 -1.795703 -0.147438
0.167683 -1.018569 -1.047339 -0.705256 -1.241174 -0.332539 -1.875239 -0.177993
0.202359 -1.024483 -1.051105 -0.749714 -1.199808 -0.413338 -1.963720 -0.220122
0.244205 -1.031720 -1.061192 -0.799629 -1.167251 -0.479352 -2.062082 -0.277459
0.294705 -1.040067 -1.070646 -0.843013 -1.166575 -0.550838 -2.162651 -0.342767
0.355648 -1.051872 -1.083435 -0.896704 -1.159884 -0.597324 -2.257976 -0.393942
0.429193 -1.064036 -1.099828 -0.958369 -1.168010 -0.677142 -2.346092 -0.444120
0.517947 -1.079834 -1.120870 -1.011638 -1.197007 -0.732517 -2.440404 -0.465901
0.625055 -1.098219 -1.144068 -1.046438 -1.221545 -0.806573 -2.533513 -0.494143
0.754312 -1.119082 -1.171118 -1.064989 -1.260063 -0.834959 -2.623002 -0.530877
0.910298 -1.142699 -1.200511 -1.087697 -1.300051 -0.882461 -2.704655 -0.578671
1.098541 -1.173539 -1.243426 -1.115531 -2.681761 -0.967230 -4.944798 -0.789351
1.325711 -1.210883 -1.304750 -1.144541 -3.823703 -1.040325 -4.944798 -0.852081
1.599859 -1.259102 -1.462311 -1.184599 -4.325728 -1.118407 -4.979455 -0.897926
1.930698 -1.327449 -3.397521 -1.226218 -4.643013 -1.153549 -4.979455 -0.934037
2.329952 -1.413490 -3.884001 -1.275115 -4.718994 -1.195648 -4.988258 -0.977599
2.811769 -1.543543 -4.198527 -1.345109 -4.834202 -1.253756 -4.988258 -1.189396
3.393222 -3.161405 -4.360811 -1.427643 -4.881723 -1.313356 -4.995079 -1.246785
4.094915 -3.444823 -4.463885 -1.535738 -4.921640 -1.377043 -4.995079 -1.290408
4.941713 -3.585316 -4.543297 -1.680252 -4.947468 -1.449392 -4.996229 -1.340245
5.963623 -3.672179 -4.576379 -1.838529 -4.951905 -1.542720 -4.996229 -1.440495
7.196857 -3.781614 -4.612405 -2.211916 -4.953154 -1.641040 -4.996229 -1.523334
8.685114 -3.835974 -4.631407 -3.093939 -4.953154 -1.773350 -4.996229 -1.621934
10.481131 -3.863847 -4.637444 -3.181799 -4.953154 -1.901958 -4.996229 -1.743998
12.648552 -3.918999 -4.646476 -3.264085 -4.953154 -2.078478 -4.996229 -1.845607
15.264180 -3.946325 -4.654495 -3.301482 -4.955141 -3.012737 -4.996229 -1.952020
18.420700 -3.948985 -4.655665 -3.313065 -4.955141 -3.036733 -4.996229 -2.180858
22.229965 -3.962265 -4.656146 -3.326308 -4.955141 -3.047443 -4.996229 -3.016499
26.826958 -3.962265 -4.656146 -3.326308 -4.955141 -3.047443 -4.996229 -3.016499
32.374575 -3.962264 -4.656146 -3.326308 -4.955141 -3.047443 -4.996229 -3.016499
39.069399 -3.962264 -4.656146 -3.326308 -4.955141 -3.047443 -4.996229 -3.016499
47.148664 -3.962264 -4.656146 -3.326308 -4.955141 -3.047443 -4.996229 -3.016499
56.898660 -3.962264 -4.656146 -3.326308 -4.955141 -3.047443 -4.996229 -3.016499
68.664885 -3.962264 -4.656146 -3.326308 -4.955141 -3.047443 -4.996229 -3.016499
82.864277 -3.962264 -4.656146 -3.326308 -4.955141 -3.047443 -4.996229 -3.016499
100.000000 -3.962264 -4.656146 -3.326308 -4.955141 -3.047443 -4.996229 -3.016499
