0.010000 0.001575 0.000297 0.007103 0.000036 0.054148 0.000005 0.180686
0.012068 0.001915 0.000374 0.008315 0.000046 0.063526 0.000006 0.207952
0.014563 0.002312 0.000466 0.009898 0.000058 0.072891 0.000008 0.236139
0.017575 0.002773 0.000584 0.011622 0.000071 0.077377 0.000010 0.265245
0.021210 0.003360 0.000729 0.013790 0.000092 0.087954 0.000012 0.297524
0.025595 0.004061 0.000916 0.016033 0.000119 0.099679 0.000015 0.328492
0.030888 0.004888 0.001130 0.018622 0.000153 0.104211 0.000018 0.355293
0.037276 0.005924 0.001391 0.022053 0.000182 0.119634 0.000022 0.374944
0.044984 0.007176 0.001760 0.025766 0.000221 0.134656 0.000028 0.392973
0.054287 0.008639 0.002220 0.030451 0.000282 0.151364 0.000034 0.409298
0.065513 0.010417 0.002663 0.036011 0.000346 0.176196 0.000042 0.423904
0.079060 0.012560 0.003301 0.042345 0.000429 0.194827 0.000051 0.436836
0.095410 0.014872 0.004045 0.048808 0.000522 0.212665 0.000063 0.448176
0.115140 0.017904 0.004952 0.056868 0.000632 0.228189 0.000078 0.458040
0.138950 0.021318 0.006012 0.065264 0.000805 0.255221 0.000092 0.466556
0.167683 0.025880 0.007313 0.075060 0.001014 0.276192 0.000106 0.473865
0.202359 0.030356 0.008877 0.087312 0.001274 0.290979 0.000121 0.480104
0.244205 0.036205 0.010472 0.100568 0.001599 0.309220 0.000137 0.485404
0.294705 0.042903 0.012631 0.115852 0.001913 0.324578 0.000156 0.489891
0.355648 0.049823 0.015280 0.130452 0.002229 0.342699 0.000176 0.493675
0.429193 0.057259 0.018260 0.145922 0.002585 0.354849 0.000198 0.496860
0.517947 0.066413 0.021489 0.162102 0.002981 0.366379 0.000222 0.499532
0.625055 0.076900 0.024884 0.178364 0.003417 0.380587 0.000247 0.501771
0.754312 0.088283 0.028707 0.192227 0.004062 0.395936 0.000274 0.503643
0.910298 0.100944 0.033590 0.210006 0.004822 0.411083 0.000303 0.507345
1.098541 0.112650 0.037860 0.228678 0.005674 0.421097 0.000332 0.509799
1.325711 0.125961 0.041850 0.247104 0.006188 0.431140 0.000362 0.510186
1.599859 0.141896 0.045877 0.265135 0.006553 0.444025 0.000392 0.510486
1.930698 0.156851 0.050915 0.285561 0.006965 0.454332 0.000422 0.514224
2.329952 0.170608 0.053699 0.297310 0.007500 0.462073 0.000452 0.517654
2.811769 0.182142 0.056560 0.316413 0.008118 0.471177 0.000481 0.520657
3.393222 0.190778 0.059487 0.332087 0.008598 0.478140 0.000510 0.523282
4.094915 0.202486 0.062276 0.350472 0.008910 0.484578 0.000536 0.525573
4.941713 0.216652 0.064555 0.366412 0.009294 0.487988 0.000562 0.527570
5.963623 0.221951 0.066906 0.381710 0.009726 0.497188 0.000586 0.529308
7.196857 0.232602 0.069051 0.396107 0.010119 0.503291 0.000608 0.533399
8.685114 0.239064 0.070211 0.408477 0.010471 0.506600 0.000628 0.538026
10.481131 0.244485 0.072220 0.419227 0.010783 0.511439 0.000646 0.541748
12.648552 0.250780 0.073303 0.425864 0.011016 0.512380 0.000663 0.544732
15.264180 0.256229 0.074526 0.433980 0.011228 0.514615 0.000678 0.547118
18.420700 0.259960 0.075750 0.440207 0.011403 0.520635 0.000691 0.549028
22.229965 0.263951 0.077289 0.445708 0.011545 0.523568 0.000703 0.550805
26.826958 0.266150 0.078280 0.451062 0.011661 0.525789 0.000713 0.552234
32.374575 0.268417 0.078863 0.455826 0.011755 0.528134 0.000723 0.553384
39.069399 0.269337 0.079448 0.458576 0.011831 0.533564 0.000731 0.554307
47.148664 0.270079 0.080124 0.461619 0.011892 0.535928 0.000738 0.555148
56.898660 0.271191 0.080719 0.465171 0.011941 0.537874 0.000741 0.556045
68.664885 0.272087 0.081242 0.465631 0.011980 0.539012 0.000741 0.556970
82.864277 0.273571 0.081437 0.467573 0.012012 0.542051 0.000741 0.557697
100.000000 0.274752 0.081534 0.471618 0.012037 0.543235 0.000741 0.558267
