0.001000 0.000000 0.000000 0.000000 0.000000 0.000000 0.000000 0.000000
0.001038 0.000000 0.000000 0.000000 0.000000 0.000000 0.000000 0.000000
0.001077 0.000000 0.000000 0.000000 0.000000 0.000000 0.000000 0.000000
0.001117 0.000000 0.000000 0.000000 0.000000 0.000000 0.000000 0.000000
0.001159 0.000000 0.000000 0.000000 0.000000 0.000000 0.000000 0.000000
0.001203 0.000000 0.000000 0.000000 0.000000 0.000000 0.000000 0.000000
0.001248 0.000000 0.000000 0.000000 0.000000 0.000000 0.000000 0.000000
0.001296 0.000000 0.000000 0.000000 0.000000 0.000000 0.000000 0.000000
0.001344 0.000000 0.000000 0.000000 0.000000 0.000000 0.000000 0.000000
0.001395 0.000000 0.000000 0.000000 0.000000 0.000000 0.000000 0.000000
0.001448 0.000000 0.000000 0.000000 0.000000 0.000000 0.000000 0.000000
0.001502 0.000000 0.000000 0.000000 0.000000 0.000000 0.000000 0.000000
0.001559 0.000000 0.000000 0.000000 0.000000 0.000000 0.000000 0.000000
0.001617 0.000000 0.000000 0.000000 0.000000 0.000000 0.000000 0.000000
0.001678 0.000000 0.000000 0.000000 0.000000 0.000000 0.000000 0.000000
0.001742 0.000000 0.000000 0.000000 0.000000 0.000001 0.000000 0.000001
0.001807 0.000001 0.000000 0.000001 0.000000 0.000001 0.000000 0.000001
0.001875 0.000001 0.000001 0.000001 0.000001 0.000001 0.000000 0.000001
0.001946 0.000001 0.000001 0.000001 0.000001 0.000001 0.000001 0.000001
0.002019 0.000001 0.000001 0.000001 0.000001 0.000001 0.000001 0.000001
0.002095 0.000001 0.000001 0.000001 0.000001 0.000001 0.000001 0.000001
0.002174 0.000001 0.000001 0.000001 0.000001 0.000001 0.000001 0.000001
0.002256 0.000001 0.000001 0.000001 0.000001 0.000001 0.000001 0.000001
0.002341 0.000001 0.000001 0.000001 0.000001 0.000001 0.000001 0.000001
0.002430 0.000001 0.000001 0.000001 0.000001 0.000001 0.000001 0.000001
0.002521 0.000001 0.000001 0.000001 0.000001 0.000002 0.000001 0.000002
0.002616 0.000002 0.000001 0.000002 0.000001 0.000002 0.000001 0.000002
0.002715 0.000002 0.000002 0.000002 0.000002 0.000002 0.000001 0.000002
0.002817 0.000002 0.000002 0.000002 0.000002 0.000002 0.000002 0.000002
0.002923 0.000002 0.000002 0.000002 0.000002 0.000002 0.000002 0.000003
0.003033 0.000002 0.000002 0.000003 0.000002 0.000003 0.000002 0.000003
0.003148 0.000003 0.000003 0.000003 0.000002 0.000003 0.000002 0.000003
0.003266 0.000003 0.000003 0.000003 0.000003 0.000003 0.000003 0.000004
0.003389 0.000003 0.000003 0.000004 0.000003 0.000004 0.000003 0.000004
0.003517 0.000004 0.000004 0.000004 0.000003 0.000004 0.000003 0.000005
0.003650 0.000004 0.000004 0.000004 0.000004 0.000005 0.000004 0.000005
0.003787 0.000005 0.000004 0.000005 0.000004 0.000005 0.000004 0.000006
0.003930 0.000005 0.000005 0.000006 0.000005 0.000006 0.000005 0.000006
0.004078 0.000006 0.000006 0.000006 0.000005 0.000007 0.000005 0.000007
0.004232 0.000007 0.000006 0.000007 0.000006 0.000007 0.000006 0.000008
0.004391 0.000007 0.000007 0.000008 0.000007 0.000008 0.000006 0.000009
0.004557 0.000008 0.000008 0.000009 0.000007 0.000009 0.000007 0.000010
0.004728 0.000009 0.000009 0.000010 0.000008 0.000010 0.000008 0.000011
0.004906 0.000010 0.000010 0.000011 0.000009 0.000011 0.000009 0.000012
0.005091 0.000011 0.000011 0.000012 0.000010 0.000013 0.000010 0.000014
0.005283 0.000013 0.000012 0.000014 0.000012 0.000014 0.000011 0.000015
0.005482 0.000014 0.000013 0.000015 0.000013 0.000016 0.000012 0.000017
0.005689 0.000016 0.000015 0.000017 0.000014 0.000018 0.000014 0.000019
0.005903 0.000018 0.000017 0.000019 0.000016 0.000020 0.000015 0.000021
0.006126 0.000020 0.000019 0.000021 0.000018 0.000022 0.000017 0.000024
0.006356 0.000022 0.000021 0.000024 0.000020 0.000025 0.000019 0.000027
0.006596 0.000025 0.000023 0.000026 0.000023 0.000028 0.000021 0.000030
0.006844 0.000028 0.000026 0.000030 0.000025 0.000031 0.000024 0.000033
0.007102 0.000031 0.000029 0.000033 0.000028 0.000035 0.000027 0.000037
0.007370 0.000034 0.000033 0.000037 0.000031 0.000039 0.000030 0.000041
0.007648 0.000039 0.000036 0.000041 0.000035 0.000043 0.000033 0.000046
0.007936 0.000043 0.000041 0.000046 0.000039 0.000048 0.000037 0.000052
0.008235 0.000048 0.000045 0.000051 0.000044 0.000054 0.000041 0.000058
0.008545 0.000054 0.000051 0.000057 0.000049 0.000060 0.000046 0.000064
0.008867 0.000060 0.000057 0.000064 0.000055 0.000067 0.000052 0.000072
0.009201 0.000067 0.000063 0.000072 0.000061 0.000075 0.000058 0.000080
0.009548 0.000075 0.000071 0.000080 0.000068 0.000084 0.000065 0.000090
0.009908 0.000084 0.000079 0.000089 0.000076 0.000094 0.000072 0.000100
0.010281 0.000093 0.000088 0.000100 0.000085 0.000105 0.000080 0.000112
0.010669 0.000104 0.000098 0.000111 0.000095 0.000117 0.000090 0.000125
0.011071 0.000116 0.000110 0.000124 0.000106 0.000130 0.000100 0.000139
0.011488 0.000130 0.000123 0.000138 0.000118 0.000145 0.000112 0.000155
0.011921 0.000145 0.000137 0.000154 0.000132 0.000162 0.000125 0.000173
0.012370 0.000162 0.000153 0.000172 0.000147 0.000181 0.000140 0.000193
0.012836 0.000181 0.000171 0.000192 0.000164 0.000202 0.000156 0.000216
0.013320 0.000202 0.000191 0.000215 0.000183 0.000226 0.000174 0.000241
0.013822 0.000225 0.000213 0.000240 0.000205 0.000252 0.000194 0.000269
0.014343 0.000251 0.000238 0.000267 0.000229 0.000281 0.000217 0.000300
0.014883 0.000280 0.000265 0.000298 0.000255 0.000313 0.000242 0.000334
0.015444 0.000313 0.000296 0.000333 0.000285 0.000349 0.000270 0.000373
0.016026 0.000349 0.000330 0.000371 0.000318 0.000390 0.000301 0.000416
0.016630 0.000389 0.000368 0.000414 0.000354 0.000434 0.000336 0.000464
0.017256 0.000434 0.000411 0.000462 0.000395 0.000484 0.000375 0.000517
0.017907 0.000484 0.000459 0.000515 0.000441 0.000540 0.000419 0.000576
0.018581 0.000540 0.000512 0.000574 0.000492 0.000602 0.000467 0.000642
0.019281 0.000602 0.000571 0.000639 0.000549 0.000671 0.000521 0.000715
0.020008 0.000671 0.000637 0.000713 0.000612 0.000747 0.000581 0.000797
0.020762 0.000748 0.000709 0.000794 0.000683 0.000832 0.000647 0.000887
0.021544 0.000834 0.000791 0.000885 0.000761 0.000927 0.000722 0.000988
0.022356 0.000929 0.000882 0.000986 0.000848 0.001032 0.000804 0.001100
0.023199 0.001035 0.000983 0.001098 0.000945 0.001149 0.000897 0.001225
0.024073 0.001153 0.001095 0.001222 0.001053 0.001278 0.000999 0.001363
0.024980 0.001285 0.001220 0.001360 0.001173 0.001421 0.001114 0.001516
0.025921 0.001430 0.001359 0.001513 0.001307 0.001581 0.001241 0.001686
0.026898 0.001592 0.001513 0.001683 0.001456 0.001759 0.001382 0.001875
0.027911 0.001772 0.001685 0.001872 0.001622 0.001957 0.001539 0.002084
0.028963 0.001971 0.001875 0.002081 0.001806 0.002175 0.001714 0.002316
0.030055 0.002193 0.002087 0.002314 0.002010 0.002417 0.001908 0.002572
0.031187 0.002439 0.002321 0.002571 0.002237 0.002682 0.002124 0.002856
0.032362 0.002711 0.002581 0.002857 0.002489 0.002977 0.002363 0.003171
0.033582 0.003012 0.002870 0.003173 0.002767 0.003304 0.002628 0.003519
0.034847 0.003344 0.003191 0.003525 0.003075 0.003666 0.002923 0.003903
0.036160 0.003714 0.003547 0.003913 0.003415 0.004067 0.003249 0.004328
0.037523 0.004123 0.003940 0.004342 0.003792 0.004511 0.003611 0.004796
0.038937 0.004576 0.004375 0.004812 0.004210 0.004999 0.004012 0.005314
0.040404 0.005077 0.004853 0.005332 0.004673 0.005537 0.004456 0.005885
0.041927 0.005628 0.005384 0.005910 0.005186 0.006132 0.004948 0.006514
0.043507 0.006235 0.005976 0.006544 0.005755 0.006785 0.005492 0.007208
0.045146 0.006910 0.006627 0.007246 0.006381 0.007509 0.006093 0.007972
0.046847 0.007652 0.007345 0.008016 0.007073 0.008313 0.006757 0.008812
0.048612 0.008472 0.008139 0.008863 0.007832 0.009186 0.007491 0.009737
0.050444 0.009370 0.009014 0.009809 0.008673 0.010152 0.008300 0.010755
0.052345 0.010366 0.009975 0.010841 0.009599 0.011222 0.009191 0.011872
0.054317 0.011458 0.011036 0.011975 0.010615 0.012393 0.010163 0.013100
0.056364 0.012657 0.012200 0.013226 0.011734 0.013678 0.011232 0.014448
0.058488 0.013979 0.013478 0.014593 0.012976 0.015093 0.012408 0.015927
0.060692 0.015424 0.014879 0.016094 0.014341 0.016645 0.013700 0.017548
0.062979 0.017012 0.016415 0.017750 0.015825 0.018357 0.015120 0.019325
0.065352 0.018769 0.018108 0.019566 0.017459 0.020239 0.016678 0.021272
0.067815 0.020690 0.019962 0.021573 0.019234 0.022308 0.018387 0.023402
0.070370 0.022786 0.022003 0.023761 0.021209 0.024574 0.020261 0.025733
0.073022 0.025085 0.024224 0.026139 0.023373 0.027054 0.022314 0.028280
0.075774 0.027597 0.026659 0.028743 0.025723 0.029767 0.024560 0.031063
0.078629 0.030342 0.029316 0.031596 0.028278 0.032724 0.027018 0.034101
0.081592 0.033357 0.032230 0.034710 0.031067 0.035959 0.029704 0.037414
0.084666 0.036617 0.035398 0.038093 0.034120 0.039494 0.032638 0.041024
0.087857 0.040204 0.038846 0.041830 0.037476 0.043338 0.035838 0.044955
0.091167 0.044074 0.042616 0.045849 0.041135 0.047530 0.039326 0.049229
0.094603 0.048285 0.046698 0.050222 0.045117 0.052105 0.043124 0.053873
0.098168 0.052866 0.051126 0.054977 0.049448 0.057047 0.047255 0.058911
0.101867 0.057864 0.055955 0.060164 0.054174 0.062388 0.051742 0.064370
0.105705 0.063274 0.061174 0.065734 0.059271 0.068218 0.056611 0.070279
0.109688 0.069126 0.066821 0.071772 0.064778 0.074517 0.061886 0.076662
0.113822 0.075441 0.072918 0.078286 0.070703 0.081201 0.067593 0.083549
0.118111 0.082222 0.079484 0.085303 0.077117 0.088428 0.073758 0.090966
0.122561 0.089523 0.086592 0.092855 0.084042 0.096236 0.080406 0.098939
0.127180 0.097399 0.094241 0.100974 0.091497 0.104624 0.087563 0.107571
0.131972 0.105839 0.102456 0.109611 0.099499 0.113604 0.095254 0.116831
0.136945 0.114882 0.111216 0.118927 0.108071 0.123199 0.103500 0.126716
0.142105 0.124496 0.120595 0.128858 0.117199 0.133427 0.112326 0.137242
0.147460 0.134739 0.130563 0.139443 0.126944 0.144270 0.121749 0.148424
0.153017 0.145657 0.141186 0.150662 0.137315 0.155825 0.131787 0.160270
0.158783 0.157173 0.152445 0.162525 0.148275 0.167981 0.142455 0.172788
0.164766 0.169339 0.164361 0.175064 0.160037 0.180799 0.153764 0.185979
0.170975 0.182194 0.176909 0.188295 0.172325 0.194289 0.165720 0.199839
0.177417 0.195656 0.190110 0.202160 0.185244 0.208474 0.178325 0.214359
0.184103 0.209838 0.203992 0.216693 0.198859 0.223342 0.191579 0.229524
0.191040 0.224752 0.218515 0.231870 0.213136 0.238844 0.205472 0.245315
0.198239 0.240145 0.233666 0.247637 0.228080 0.254959 0.219993 0.261704
0.205709 0.256189 0.249481 0.264056 0.243587 0.271581 0.235158 0.278619
0.213460 0.272822 0.265815 0.281006 0.259615 0.288752 0.250840 0.295921
0.221504 0.289970 0.282614 0.298512 0.276177 0.306657 0.267112 0.313944
0.229851 0.307561 0.300010 0.316477 0.293267 0.324873 0.283905 0.332530
0.238512 0.325516 0.317875 0.334681 0.310749 0.343509 0.301178 0.351508
0.247499 0.343960 0.335966 0.353525 0.328745 0.362522 0.318887 0.370902
0.256826 0.362691 0.354533 0.372550 0.346938 0.381974 0.336981 0.390603
0.266503 0.381793 0.373350 0.391844 0.365570 0.401289 0.355406 0.410550
0.276546 0.401068 0.392360 0.411307 0.384313 0.420985 0.374106 0.430677
0.286967 0.420533 0.411563 0.431086 0.403342 0.440790 0.393022 0.450918
0.297780 0.440086 0.430862 0.450859 0.422510 0.460641 0.412091 0.471208
0.309001 0.459558 0.450147 0.470618 0.441551 0.480472 0.431251 0.491480
0.320645 0.479059 0.469512 0.490346 0.460588 0.500221 0.450439 0.511670
0.332727 0.498450 0.488598 0.509880 0.479705 0.519825 0.469594 0.531714
0.345265 0.517727 0.507742 0.529184 0.498652 0.539226 0.488654 0.551552
0.358275 0.536709 0.526643 0.548246 0.517303 0.558368 0.507561 0.571128
0.371776 0.555355 0.545316 0.567155 0.535981 0.577314 0.526259 0.590387
0.385785 0.573777 0.563581 0.585820 0.554202 0.596062 0.544695 0.609282
0.400322 0.591854 0.581665 0.604037 0.572084 0.614204 0.562819 0.627768
0.415407 0.609562 0.599119 0.621801 0.589573 0.631919 0.580406 0.645806
0.431060 0.626891 0.616219 0.639383 0.606533 0.649103 0.596933 0.663353
0.447304 0.643676 0.632877 0.656241 0.623276 0.666170 0.613013 0.680402
0.464159 0.659937 0.648995 0.672414 0.639313 0.682374 0.628617 0.696908
0.481649 0.675632 0.664722 0.688418 0.654677 0.698002 0.643726 0.712856
0.499799 0.690891 0.679925 0.703631 0.669532 0.713504 0.658320 0.728234
0.518632 0.705496 0.694481 0.718433 0.683810 0.728297 0.672388 0.743029
0.538175 0.719510 0.708531 0.732492 0.697388 0.742787 0.685920 0.757236
0.558455 0.733020 0.722022 0.746118 0.710714 0.756556 0.698912 0.770853
0.579498 0.745863 0.734937 0.759238 0.723312 0.769511 0.711361 0.783881
0.601335 0.758271 0.747147 0.771565 0.735381 0.782273 0.723267 0.796323
0.623994 0.770110 0.758788 0.783375 0.747133 0.794403 0.734486 0.808187
0.647508 0.781369 0.769963 0.794705 0.758310 0.806013 0.745178 0.819483
0.671907 0.792097 0.780539 0.805588 0.768959 0.817091 0.755354 0.830222
0.697226 0.802258 0.790719 0.815957 0.778906 0.827619 0.765025 0.840418
0.723499 0.811968 0.800433 0.825694 0.788693 0.837362 0.774204 0.850085
0.750762 0.821126 0.809446 0.834967 0.797823 0.846593 0.782905 0.859242
0.779052 0.829811 0.817989 0.843796 0.806426 0.855330 0.791145 0.867903
0.808408 0.838106 0.826067 0.852163 0.814574 0.863615 0.798938 0.876088
0.838870 0.845828 0.833673 0.860018 0.822019 0.871591 0.806302 0.883815
0.870480 0.853128 0.840899 0.867315 0.829093 0.879058 0.813253 0.891102
0.903282 0.860026 0.847785 0.874301 0.835695 0.886171 0.819810 0.897969
0.937319 0.866580 0.854206 0.880838 0.841841 0.892784 0.825989 0.904434
0.972639 0.872740 0.860345 0.886931 0.847832 0.898931 0.831808 0.910516
1.009290 0.878484 0.866026 0.892762 0.853495 0.904809 0.837283 0.916234
1.047322 0.883904 0.871357 0.898074 0.858804 0.910355 0.842431 0.921605
1.086787 0.888914 0.876412 0.903112 0.863821 0.915368 0.847269 0.926647
1.127740 0.893657 0.881103 0.908004 0.868517 0.920029 0.851813 0.931378
1.170235 0.898191 0.885494 0.912536 0.872923 0.924578 0.856077 0.935814
1.214332 0.902308 0.889699 0.916760 0.877055 0.928921 0.860078 0.939970
1.260090 0.906270 0.893538 0.920656 0.880928 0.933154 0.863829 0.944046
1.307573 0.909905 0.897097 0.924375 0.884555 0.936914 0.867345 0.948135
1.356845 0.913308 0.900426 0.927906 0.887952 0.940406 0.870638 0.951965
1.407973 0.916543 0.903600 0.931246 0.891130 0.943676 0.873721 0.955551
1.461028 0.919563 0.906530 0.934387 0.894037 0.946670 0.876606 0.958907
1.516083 0.922387 0.909326 0.937216 0.896700 0.949496 0.879306 0.962046
1.573212 0.925026 0.911896 0.939968 0.899190 0.952236 0.881831 0.964982
1.632493 0.927476 0.914296 0.942565 0.901518 0.954781 0.884191 0.967726
1.694009 0.929739 0.916539 0.944991 0.903693 0.957120 0.886396 0.970289
1.757842 0.931911 0.918633 0.947257 0.905740 0.959306 0.888457 0.972684
1.824081 0.933950 0.920639 0.949293 0.907716 0.961349 0.890381 0.974920
1.892816 0.935866 0.922512 0.951165 0.909561 0.963342 0.892178 0.977007
1.964141 0.937623 0.924259 0.952912 0.911282 0.965201 0.893855 0.978955
2.038154 0.939239 0.925887 0.954472 0.912886 0.966936 0.895419 0.980772
2.114955 0.940746 0.927419 0.955989 0.914382 0.968536 0.896879 0.982466
2.194651 0.942150 0.928800 0.957457 0.915777 0.970007 0.898240 0.984046
2.277350 0.943451 0.930071 0.958823 0.917076 0.971379 0.899509 0.985519
2.363165 0.944679 0.931306 0.960028 0.918287 0.972656 0.900692 0.986891
2.452213 0.945831 0.932441 0.961175 0.919414 0.973847 0.901795 0.988170
2.544617 0.946901 0.933510 0.962258 0.920465 0.974956 0.902822 0.989361
2.640503 0.947902 0.934517 0.963273 0.921443 0.975988 0.903779 0.990470
2.740003 0.948843 0.935454 0.964218 0.922353 0.976948 0.904670 0.991503
2.843251 0.949755 0.936314 0.965098 0.923200 0.977825 0.905500 0.992465
2.950391 0.950589 0.937104 0.965916 0.923989 0.978642 0.906273 0.993361
3.061567 0.951364 0.937858 0.966678 0.924723 0.979402 0.906993 0.994194
3.176933 0.952086 0.938560 0.967387 0.925406 0.980109 0.907663 0.994970
3.296646 0.952741 0.939213 0.968046 0.926041 0.980766 0.908286 0.995691
3.420870 0.953332 0.939790 0.968659 0.926632 0.981378 0.908866 0.996363
3.549775 0.953882 0.940322 0.969230 0.927176 0.981947 0.909405 0.996987
3.683537 0.954394 0.940830 0.969760 0.927670 0.982476 0.909907 0.997568
3.822340 0.954870 0.941323 0.970253 0.928129 0.982968 0.910374 0.998108
3.966373 0.955316 0.941781 0.970712 0.928556 0.983425 0.910809 0.998611
4.115834 0.955748 0.942205 0.971139 0.928953 0.983851 0.911213 0.999078
4.270926 0.956150 0.942583 0.971542 0.929322 0.984246 0.911588 0.999512
4.431863 0.956508 0.942935 0.971918 0.929665 0.984613 0.911937 0.999916
4.598864 0.956836 0.943262 0.972263 0.929984 0.984955 0.912262 1.000292
4.772158 0.957142 0.943566 0.972592 0.930281 0.985273 0.912564 1.000641
4.951983 0.957425 0.943848 0.972882 0.930556 0.985568 0.912845 1.000965
5.138583 0.957690 0.944111 0.973148 0.930813 0.985842 0.913105 1.001267
5.332215 0.957948 0.944355 0.973395 0.931051 0.986097 0.913348 1.001547
5.533143 0.958187 0.944582 0.973629 0.931272 0.986333 0.913573 1.001807
5.741642 0.958398 0.944792 0.973849 0.931478 0.986554 0.913783 1.002050
5.957999 0.958605 0.944988 0.974050 0.931669 0.986758 0.913977 1.002274
6.182508 0.958797 0.945170 0.974235 0.931846 0.986948 0.914158 1.002483
6.415476 0.958975 0.945339 0.974406 0.932011 0.987125 0.914326 1.002678
6.657224 0.959141 0.945496 0.974576 0.932164 0.987288 0.914483 1.002858
6.908081 0.959295 0.945642 0.974734 0.932307 0.987441 0.914628 1.003026
7.168391 0.959438 0.945777 0.974881 0.932439 0.987582 0.914763 1.003182
7.438510 0.959571 0.945903 0.975013 0.932562 0.987714 0.914888 1.003326
7.718807 0.959695 0.946020 0.975136 0.932676 0.987836 0.915004 1.003461
8.009667 0.959810 0.946129 0.975250 0.932782 0.987950 0.915112 1.003586
8.311487 0.959916 0.946230 0.975355 0.932881 0.988055 0.915213 1.003702
8.624680 0.960015 0.946323 0.975454 0.932972 0.988153 0.915306 1.003810
8.949674 0.960107 0.946410 0.975545 0.933057 0.988244 0.915393 1.003910
9.286915 0.960193 0.946491 0.975630 0.933136 0.988328 0.915474 1.004003
9.636864 0.960272 0.946566 0.975708 0.933210 0.988407 0.915548 1.004089
10.000000 0.960346 0.946636 0.975782 0.933278 0.988480 0.915618 1.004169
