0.010000 0.000556 -0.012356 0.013546 -0.018529 0.019615 -0.020233 0.031636
0.012068 0.000873 -0.012227 0.013937 -0.018524 0.019778 -0.020524 0.034808
0.014563 0.001313 -0.011865 0.014205 -0.018412 0.020106 -0.020917 0.038645
0.017575 0.001808 -0.011697 0.014701 -0.018424 0.021683 -0.021448 0.043278
0.021210 0.002218 -0.011244 0.015187 -0.018462 0.024621 -0.023720 0.048861
0.025595 0.002720 -0.010732 0.016191 -0.018430 0.028157 -0.024836 0.055570
0.030888 0.003723 -0.010075 0.017518 -0.018352 0.032602 -0.026456 0.063610
0.037276 0.004707 -0.009225 0.018950 -0.018486 0.038403 -0.030500 0.075242
0.044984 0.006137 -0.008549 0.021146 -0.018330 0.047550 -0.035387 0.089831
0.054287 0.007736 -0.007282 0.025119 -0.018811 0.058673 -0.041275 0.106832
0.065513 0.010851 -0.005891 0.031578 -0.020010 0.073322 -0.049522 0.126406
0.079060 0.015075 -0.004387 0.041609 -0.022552 0.090294 -0.058827 0.166357
0.095410 0.020479 -0.002808 0.056244 -0.025466 0.109687 -0.069040 0.203964
0.115140 0.029607 0.000763 0.073365 -0.034997 0.135638 -0.079917 0.238279
0.138950 0.041244 0.005170 0.096692 -0.044275 0.163549 -0.101892 0.276734
0.167683 0.059340 0.011842 0.124697 -0.054273 0.212057 -0.117371 0.319102
0.202359 0.085781 0.018987 0.164506 -0.065312 0.262330 -0.130212 0.382038
0.244205 0.118735 0.024266 0.212533 -0.077715 0.318514 -0.152348 0.450929
0.294705 0.159929 0.028731 0.270843 -0.083122 0.392241 -0.168247 0.504938
0.355648 0.207716 0.034452 0.337779 -0.097807 0.479469 -0.178730 0.570341
0.429193 0.257773 0.039184 0.421270 -0.112489 0.556125 -0.187544 0.665609
0.517947 0.307924 0.043792 0.504865 -0.118853 0.628749 -0.199368 0.746900
0.625055 0.348970 0.046641 0.583475 -0.126902 0.695167 -0.206289 0.808023
0.754312 0.379037 0.049128 0.651703 -0.133230 0.758653 -0.211616 0.851164
0.910298 0.402503 0.053053 0.704514 -0.137231 0.819465 -0.215129 0.882808
1.098541 0.425363 0.055657 0.741848 -0.144680 0.864248 -0.217414 0.904948
1.325711 0.440321 0.055695 0.770580 -0.148360 0.892156 -0.218887 0.934265
1.599859 0.449663 0.056561 0.790752 -0.149180 0.916920 -0.219815 0.957195
1.930698 0.455423 0.058459 0.801815 -0.152588 0.929333 -0.220288 0.968937
2.329952 0.461914 0.058491 0.810980 -0.156071 0.940722 -0.220578 0.977321
2.811769 0.468217 0.058894 0.814677 -0.158888 0.951777 -0.220754 0.982377
3.393222 0.472243 0.059516 0.817895 -0.160493 0.955009 -0.220862 0.985410
4.094915 0.472876 0.059596 0.822301 -0.160976 0.960755 -0.220928 0.987223
4.941713 0.474435 0.059655 0.823444 -0.161312 0.965690 -0.220968 0.988305
5.963623 0.475773 0.059698 0.828709 -0.161545 0.969236 -0.220992 0.988950
7.196857 0.476065 0.059730 0.829183 -0.161707 0.970405 -0.221007 0.989334
8.685114 0.476586 0.059838 0.829479 -0.161819 0.971135 -0.221016 0.989563
10.481131 0.476816 0.059964 0.831015 -0.161897 0.972664 -0.221021 0.989699
12.648552 0.476925 0.060066 0.832183 -0.161951 0.973980 -0.221057 0.989780
15.264180 0.476996 0.060150 0.833170 -0.161988 0.974930 -0.221182 0.989828
18.420700 0.477042 0.060244 0.833847 -0.162014 0.975616 -0.221271 0.989857
22.229965 0.477046 0.060497 0.833869 -0.162031 0.976111 -0.221335 0.989874
26.826958 0.477048 0.060705 0.833883 -0.162044 0.976467 -0.221380 0.989884
32.374575 0.477109 0.060876 0.833992 -0.162052 0.976724 -0.221413 0.989890
39.069399 0.477118 0.061016 0.834775 -0.162058 0.976910 -0.221437 0.989894
47.148664 0.477124 0.061045 0.834776 -0.162062 0.977043 -0.221453 0.989896
56.898660 0.477128 0.061045 0.834776 -0.162065 0.977139 -0.221465 0.989897
68.664885 0.477130 0.061045 0.834777 -0.162067 0.977209 -0.221474 0.989898
82.864277 0.477132 0.061045 0.834777 -0.162069 0.977259 -0.221480 0.989898
100.000000 0.477133 0.061045 0.834777 -0.162070 0.977295 -0.221484 0.989899
