0.010000 9682.991299 2473.291322 26556.783223 672.243551 110892.338724 422.036113 221312.810251
0.012068 14986.910971 3977.077998 35486.343530 1154.769588 135484.254204 732.189502 306535.026687
0.014563 23131.207656 6521.951779 48447.526324 1941.779659 168987.150452 1270.194796 423606.718854
0.017575 34947.730250 10689.931188 65784.582426 3316.972903 213043.064592 2203.344012 583828.279121
0.021210 52865.373280 17212.034786 90038.395696 5749.700108 267553.353371 3821.633399 802152.389719
0.025595 79482.599969 27630.496539 123652.483788 9873.861609 328021.719120 6627.602345 1098168.266408
0.030888 119167.935431 43901.587078 170464.168391 16816.529764 411778.461440 11491.732763 1497256.322811
0.037276 176968.216895 70427.526691 235774.819479 28599.051771 523558.811318 19920.956439 2031907.161209
0.044984 261245.519562 112312.580179 329782.693445 48681.213574 650688.644094 34521.888149 2743192.980340
0.054287 383048.471671 182773.825695 467817.415490 83657.394364 823653.471642 59798.298002 3682383.627987
0.065513 559431.158102 289939.717644 673303.800793 143596.926351 1096931.778623 103519.872638 4931217.625382
0.079060 819817.165041 457454.090728 962046.864611 246095.741067 1452373.293340 179061.570059 6579751.692267
0.095410 1199278.555941 718180.136929 1378883.669336 416133.641783 1896132.786782 309377.780881 8719288.428730
0.115140 1755250.305891 1138988.043382 1983918.872104 707726.901632 2573305.869953 533695.912372 11469434.126606
0.138950 2561965.159844 1762657.971582 2852279.567521 1192727.477054 3534384.689418 918652.236802 14965107.525407
0.167683 3724507.253122 2777337.832425 4114440.999459 1973500.868315 4828910.989713 1576493.428980 19349713.229921
0.202359 5417952.079397 4341011.339840 5952390.389184 3281390.824145 6730249.096353 2671836.685285 24764048.222127
0.244205 7876850.551988 6719478.018805 8610550.499664 5283229.150261 9394413.067040 4475265.835041 31333327.107875
0.294705 11463065.042154 10174969.440457 12446359.291719 8582083.215464 13437284.219285 7470456.212500 39156397.980213
0.355648 16716024.598160 15278916.009228 18027919.856907 13370267.393886 19212673.434852 12275713.806201 48300213.876542
0.429193 24374636.317165 22631168.713645 26095657.230398 20681606.293969 28069370.590307 19595204.768033 58799280.259862
0.517947 35439160.142916 32992556.596151 37797440.542079 31216054.786532 40524455.525428 29277616.505172 70657360.582753
0.625055 51427598.844182 48078777.899446 54950069.099380 45319918.525557 60443473.183536 42857546.282101 83849547.425120
0.754312 74213622.675389 69417554.589805 79987876.813674 64977702.739428 90148014.527994 61606685.891212 99092522.774426
0.910298 106509166.665113 99431368.041827 115045940.703637 93301851.427673 129864482.812385 88357750.363058 147121874.609107
1.098541 152008901.143301 141096582.348082 165445111.944532 130184651.246315 193314600.609192 123643593.466959 224671305.379041
1.325711 216241265.119048 200324287.599809 236488199.663171 181637982.687262 275680147.586905 144258964.122794 326188457.861364
1.599859 304776953.457120 279764477.782010 333812384.535090 252948789.480803 385399207.763617 161694032.462135 461236582.165625
1.930698 423659188.500270 384930074.520532 463105251.233223 314969182.636785 533269100.601977 179613254.961318 658360683.031250
2.329952 581599161.444954 510362451.354092 640478189.694047 355644713.387867 731785013.640294 197966648.493639 862571742.836871
2.811769 789223491.831229 626326036.759845 875095526.237772 385293431.184439 989164951.678260 216724177.158587 1194090400.618960
3.393222 1033959786.495379 701926814.405238 1185733888.974339 398481077.139278 1347940247.855433 235856374.848202 1617990065.931631
4.094915 1312676930.207542 760614447.585318 1586270985.643585 407689794.573850 1791289229.247889 255325802.667543 2104135516.952220
4.941713 1597213998.770154 812797719.926895 2086970927.960897 416956640.565502 2401298422.519241 275089307.520305 2779323344.456556
5.963623 1828066060.135700 861427660.480442 2687219137.110866 434751560.031814 3240375719.173714 295103909.364512 3693784785.411942
7.196857 2008421787.336058 882944322.645601 3347571251.999808 450569658.690979 4300891464.448228 315330692.937570 4919890218.822599
8.685114 2163191035.088632 917260343.015755 4049654416.499351 464630539.700570 5685059114.323780 335566463.236091 6475686625.255458
10.481131 2278816774.567741 937431513.914862 4783798505.245425 477129410.710666 7186598620.918125 354013641.994203 8417073341.050049
12.648552 2398324270.839786 968394941.161712 5560445397.881644 488239793.937754 8851855731.771988 360896851.975486 10711403678.320850
15.264180 2470484091.573030 980018250.144563 6277977622.198269 498115935.179073 10664179599.065870 361341689.389299 13689412215.283688
18.420700 2533272030.398904 998231397.713169 6828401274.059040 506014285.621275 12492505395.199045 361650322.337031 16815110874.311239
22.229965 2621183490.319400 1035437726.733253 7252608576.626900 508318343.219045 14142193343.005785 361864455.171789 20119079820.986946
26.826958 2674428001.988209 1038898787.212315 7689791638.865817 510149052.844306 15894975645.548359 362013022.819080 23407628230.632584
32.374575 2726037777.922021 1046338955.753079 8027338252.123257 511603659.593402 16810415278.364313 362116100.639195 26390849923.153152
39.069399 2767659247.345656 1065984295.836667 8325930140.658308 512759430.429651 18245227088.961082 362187617.131468 29097093091.300476
47.148664 2794321799.942888 1077348412.762240 8520705026.883199 513677758.511625 19654442905.279579 362237236.037469 31719525605.654789
56.898660 2840913994.243808 1084474540.847980 8614246980.445190 514407424.323992 20729164401.559174 362271662.164289 34352805738.743858
68.664885 2858154794.197384 1100486680.489014 8834329075.619860 514987186.838270 21426393726.000549 362295547.378684 36829427472.491043
82.864277 2869087758.610053 1103289811.994743 9061222065.895775 515447842.342838 22639399597.386002 362312119.195480 39158710686.606819
100.000000 2918976597.110974 1103638681.767730 9251017644.088921 515813860.304783 23661271409.285202 362323616.898929 41349420805.003670
