0.010000 339623969.173114 121897632.956055 1304347004.686252 70188483.668204 2011952783.348208 45334480.112256 2463808840.248668
0.012068 312985586.016442 118606115.433370 1153263567.204687 68681721.041050 1717369277.810658 45187032.428714 2067769778.580812
0.014563 289401094.369570 115183146.984022 1017603721.314173 68059690.681861 1461381736.608640 45027591.906422 1727714597.579161
0.017575 266379873.290638 112061908.024026 897455779.453123 66927615.109760 1235972214.841794 44853690.646001 1437116404.927606
0.021210 246390601.955123 109279845.079563 771283490.732972 65549510.376823 1035267185.317011 44662364.856102 1190644956.523794
0.025595 227989375.450613 106241948.947504 662285516.232177 64642699.459604 860680063.955086 44450057.372821 1003823348.760663
0.030888 209218099.520750 103013917.565383 564136539.464638 63651929.941115 717587190.124057 44212502.023885 848553660.142311
0.037276 192187962.335365 98657862.600029 476888191.813335 62870366.730050 593779098.066781 43944586.937601 709420157.923652
0.044984 176726142.363496 95094429.984080 400613704.304158 61193174.510824 492817710.910610 43640193.690077 587476541.762618
0.054287 162699492.651347 92015159.666627 337348562.931276 58791380.611149 409137770.375156 43292009.126733 483238135.434033
0.065513 148701100.868581 87888179.206605 283614965.055865 57289873.097863 338299581.406615 43051524.229534 396123624.630895
0.079060 135585589.356892 84221598.495787 236990004.970750 55840328.964879 278793756.197837 42819879.761955 328588277.037473
0.095410 123374077.138542 80455813.791544 196983996.961834 54226490.542021 229122902.878558 42557562.278077 287453962.809449
0.115140 111070498.598031 76660497.399271 163911188.245836 52611218.004424 189588419.385549 42253537.614169 249108988.479083
0.138950 100013541.928273 72522549.546565 136951279.211469 50717612.078236 156745889.306781 41411139.730871 213308298.467383
0.167683 88978643.019062 67657428.762016 114723595.981125 48791510.912501 129615580.353879 40381171.900799 179973089.790846
0.202359 79324154.754326 62630853.802922 96096555.720439 46803820.770426 107193069.600297 39207800.366466 149219395.994355
0.244205 69158436.574663 57324258.414688 79628811.043449 44717659.797112 88823553.603544 37868687.970094 118139407.500815
0.294705 59905247.887781 51643655.757776 66754873.506019 42479950.798366 74657341.172648 36060147.491744 92613737.794031
0.355648 51120963.201192 45989098.737114 55867716.712052 39548768.287715 62031784.350801 34423253.588405 73084238.360989
0.429193 43047730.052581 39789686.914720 47119238.114218 36189146.849578 52030824.963761 32513887.751160 58232091.636774
0.517947 36095091.562067 33699835.565009 39154552.651509 31545578.382672 43153973.251676 30052980.636280 46715499.944472
0.625055 30093650.889418 27837694.968226 32540587.372836 26201465.403855 35456022.611802 25315911.959974 37326241.984553
0.754312 24634137.703983 22526536.691837 26807093.823523 21456334.312809 28878559.752537 20604148.999718 29953152.287459
0.910298 19732107.093923 17990508.029223 21620159.151783 17226943.971581 23459031.559231 16562698.382728 26345071.189538
1.098541 15481788.032826 14226713.761375 17025354.696952 13676303.612462 18700704.447805 12701744.842389 23568096.939156
1.325711 11907867.390363 11102889.753746 13119081.243980 10569946.044642 14946425.707166 9065902.716876 20962201.522550
1.599859 9032946.883288 8434693.163023 9980139.546576 7863438.289307 11436676.245828 6039704.353213 13807840.446553
1.930698 6757568.566574 6222545.718320 7426399.278600 5491509.381015 8295090.390336 4102289.949802 9380662.648936
2.329952 4961384.923613 4360557.419612 5485869.958995 3598425.519116 6218552.424620 2746620.408670 6787643.582239
2.811769 3569271.260519 2943603.183344 4040301.564621 2177889.478260 4718925.785490 1671041.566998 5477608.407951
3.393222 2499056.522866 1921668.718832 2944653.600058 1276186.319486 3406628.944481 912946.126996 4172180.336306
4.094915 1675024.579416 1214574.370211 2082133.020469 745229.290555 2513395.671331 491861.354787 2957597.341973
4.941713 1081318.489945 724786.571022 1457554.272275 428778.648657 1766565.683006 246018.702487 2200053.911118
5.963623 675667.986552 411880.619600 983239.624320 219721.346706 1231508.751061 121743.475628 1653424.619005
7.196857 394248.898927 218954.455268 652067.512874 113427.459526 842551.000476 58214.075772 1225125.785593
8.685114 222276.827957 116733.965545 401566.155494 53214.949739 570672.377118 28317.698169 724114.289975
10.481131 120287.957915 58017.635792 251573.078068 24546.809487 376645.895757 12485.438251 503449.687257
12.648552 63967.699268 27597.284222 148269.339434 10906.711514 234592.175059 4944.886673 332620.101987
15.264180 33351.975180 12927.841841 79340.415140 4952.252883 138942.091181 1958.433795 201843.208088
18.420700 16328.802978 6076.795687 40323.912257 2110.715228 79189.119476 775.642230 117296.206634
22.229965 7924.574567 2779.050078 19606.119933 901.219413 37913.147570 307.182396 64629.223633
26.826958 3897.386528 1227.186020 9805.266101 384.601367 19369.169991 120.825064 34421.436618
32.374575 1929.856416 554.043851 4878.219663 164.172879 10380.472273 47.524521 17994.258780
39.069399 944.505428 254.190379 2450.295064 69.316684 5776.465569 18.692977 9731.094111
47.148664 457.281818 111.352204 1254.237842 28.180367 3214.454372 7.487557 5262.466977
56.898660 226.440451 48.941250 641.423845 11.390000 1706.548205 2.993483 2845.883347
68.664885 109.510645 21.122199 340.730095 4.575080 921.571501 1.185576 1539.021919
82.864277 52.854234 9.099019 184.575122 1.802652 505.877582 0.469550 832.285860
100.000000 25.345203 3.949680 98.287914 0.717144 285.241584 0.185966 450.090894
