0.001000 900.598283 150.628482 6656.859489 75.910361 20557.493851 50.354182 31949.862617
0.001038 884.484076 149.753557 6544.476550 75.781070 19863.598230 50.303206 30799.595605
0.001077 868.658019 149.224932 6381.189566 75.692653 19212.530875 50.252246 29690.729441
0.001117 853.114953 148.767226 6193.854550 75.604298 18582.794096 50.201302 28621.789020
0.001159 837.849785 148.310832 6021.770409 75.516006 17973.689086 50.150372 27591.336758
0.001203 822.857575 147.580377 5942.124013 75.427774 17384.539747 50.099456 26597.981231
0.001248 808.133438 146.600442 5803.376678 75.339601 16814.692430 50.048552 25640.383262
0.001296 793.672570 146.322911 5640.507814 75.251485 16263.514737 49.997658 24717.263774
0.001344 779.470256 146.045315 5482.207848 75.163426 15731.384184 49.946773 23827.384217
0.001395 765.521871 145.767633 5333.415990 75.075421 15214.741324 49.895897 22969.538032
0.001448 751.822889 145.489847 5178.805402 74.907671 14715.981845 49.845026 22142.574760
0.001502 738.368836 145.152260 5033.457273 74.695878 14233.562950 49.794161 21345.383554
0.001559 728.478884 143.942272 4892.186536 74.484580 13766.949254 49.743298 20576.893098
0.001617 718.828355 142.715624 4785.523515 74.273773 13315.622951 49.692438 19836.075059
0.001678 709.303891 141.499376 4689.479888 74.063454 12879.083218 49.641578 19121.925373
0.001742 699.903803 140.293437 4595.339163 73.853616 12456.845610 49.590716 18433.486338
0.001807 690.626429 139.167060 4503.062435 73.676507 12048.441555 49.539850 17769.833768
0.001875 681.240684 138.547107 4404.496357 73.548293 11653.417846 49.488980 17130.074793
0.001946 670.128995 138.233472 4316.497437 73.420243 11271.336128 49.438103 16513.347136
0.002019 659.197583 137.931850 4230.245487 73.292355 10866.072666 49.387217 15918.825990
0.002095 649.805122 137.630717 4128.962789 73.184449 10531.326711 49.336321 15345.707678
0.002174 646.023469 137.330064 4034.169475 73.167820 10198.571955 49.285411 14793.226017
0.002256 637.448596 136.920024 3926.911108 73.134055 9864.154913 49.234487 14260.633953
0.002341 628.356473 136.124400 3861.788258 72.907124 9540.694320 49.183547 13747.217654
0.002430 617.182246 135.332980 3775.813171 72.680782 9227.831249 49.132588 13252.285576
0.002521 606.205926 134.545730 3689.656916 72.528307 8925.218521 49.081607 12775.173981
0.002616 598.768125 133.762615 3577.063363 72.401493 8632.520346 49.030603 12315.239768
0.002715 589.266294 133.342158 3513.091407 72.274823 8349.411932 48.979574 11871.865447
0.002817 578.690776 133.120659 3422.650119 72.148296 8075.579112 48.928517 11444.455367
0.002923 568.304138 132.899308 3325.064628 72.053325 7810.718033 48.877430 11032.433257
0.003033 558.102996 132.269191 3240.381147 72.008092 7554.534802 48.826311 10635.246683
0.003148 548.084025 131.601664 3174.931927 71.962433 7332.754459 48.775156 10252.360700
0.003266 538.243960 130.953271 3101.386012 71.916334 7112.952031 48.723963 9883.261356
0.003389 528.579596 130.043353 3061.927443 71.869779 6858.565632 48.672731 9527.451419
0.003517 519.087785 129.483620 2986.095008 71.746498 6674.738049 48.621455 9184.452834
0.003650 509.765436 129.001087 2918.524727 71.472339 6513.118424 48.570134 8858.271733
0.003787 502.332633 128.328067 2859.938469 71.193473 6292.864046 48.518765 8544.949874
0.003930 496.639505 127.776466 2802.495027 71.015581 6071.588906 48.467346 8242.701377
0.004078 491.010374 127.432939 2753.984885 70.890351 5858.089995 48.415872 7951.135030
0.004232 484.391989 127.080150 2707.734274 70.765238 5652.094141 48.364342 7669.873451
0.004391 477.384496 126.602078 2651.455877 70.640240 5453.337784 48.290297 7398.552589
0.004557 471.851735 126.367937 2588.855674 70.515354 5288.700287 48.192055 7136.821271
0.004728 465.339280 125.653383 2551.523094 70.429579 5143.453852 48.093935 6884.340726
0.004906 457.534044 125.165782 2480.523084 70.370744 4981.582519 47.995935 6640.784171
0.005091 451.184686 124.506474 2409.664024 70.258423 4811.965662 47.898053 6405.836358
0.005283 445.105124 124.223254 2345.563412 70.016894 4648.103106 47.800289 6179.193197
0.005482 437.503871 123.749584 2297.155456 69.892540 4489.799138 47.702640 5960.561338
0.005689 430.030685 123.276540 2256.846537 69.627312 4336.864690 47.605105 5749.657804
0.005903 422.683391 122.804089 2214.721444 69.231551 4189.117112 47.507684 5546.209622
0.006126 417.908329 122.332199 2155.354915 68.877923 4046.379949 47.410374 5349.953470
0.006356 413.238414 121.860836 2120.293951 68.468364 3908.482736 47.313176 5160.635334
0.006596 406.452820 121.389966 2076.948224 68.061206 3803.689959 47.216088 4978.010182
0.006844 401.556130 120.919556 2040.647288 67.670496 3709.335724 47.119109 4801.841645
0.007102 395.993410 120.449570 2001.815052 67.285679 3578.425023 47.022238 4631.901711
0.007370 389.816916 119.979975 1956.431677 66.903023 3452.134113 46.925477 4467.970432
0.007648 383.736467 119.510733 1908.841958 66.522518 3330.300143 46.828823 4309.835637
0.007936 378.518505 119.041810 1860.416301 66.144157 3212.766011 46.732278 4157.292657
0.008235 373.117726 118.573169 1816.733133 65.767931 3099.380161 46.635841 4010.144064
0.008545 367.760025 118.104775 1772.160093 65.393835 3010.056314 46.539513 3868.199409
0.008867 364.038457 117.438430 1734.973413 65.089500 2918.000522 46.443295 3747.031048
0.009201 360.347602 117.168576 1685.846523 64.880872 2813.358549 46.347188 3639.485094
0.009548 355.359687 116.700699 1644.055695 64.672646 2712.471060 46.251194 3534.728244
0.009908 348.487352 116.076936 1603.142991 64.464819 2615.203632 46.155315 3432.680530
0.010281 341.746132 115.758292 1565.691243 64.257389 2539.205254 46.059552 3333.264448
0.010669 337.443533 115.100751 1530.995570 64.050354 2469.976432 45.963910 3236.404941
0.011071 333.346773 114.446272 1485.595742 63.848570 2401.886521 45.868390 3142.029374
0.011488 328.066414 113.794836 1447.810744 63.655286 2334.926265 45.772998 3050.067523
0.011921 323.647320 113.141871 1408.519614 63.486118 2268.102482 45.677737 2960.451559
0.012370 319.282373 112.501023 1363.913467 63.406248 2204.370130 45.582614 2873.116037
0.012836 314.970853 111.858617 1322.881896 63.326136 2140.767951 45.487633 2787.997889
0.013320 310.712053 111.136300 1283.221325 63.245784 2078.282615 45.392803 2705.036414
0.013822 306.225018 110.265299 1251.045579 63.165191 2016.916433 45.298130 2624.173268
0.014343 300.731964 109.401212 1224.105584 63.084361 1956.673595 45.203624 2532.749800
0.014883 295.954982 108.544011 1181.760820 63.003297 1897.559951 45.109294 2440.846848
0.015444 292.432158 107.693668 1160.004134 62.922003 1851.830519 45.015150 2352.286549
0.016026 288.261778 106.850159 1130.755721 62.840485 1804.359748 44.921206 2266.947984
0.016630 284.709146 106.097284 1099.937225 62.758751 1759.098232 44.827473 2184.714634
0.017256 281.043074 105.684306 1072.986856 62.676810 1709.749285 44.733969 2105.474216
0.017907 276.515052 105.377438 1045.004387 62.594672 1661.572182 44.640707 2035.591895
0.018581 272.060573 105.067759 1016.865721 62.512350 1605.720297 44.547708 1971.700130
0.019281 268.171397 104.755212 990.794539 62.429860 1549.816395 44.454990 1909.237913
0.020008 264.657903 104.468704 965.296424 62.270200 1495.871683 44.362576 1848.201951
0.020762 261.004954 104.180546 941.200356 62.010054 1454.622829 44.270489 1788.589660
0.021544 257.370421 103.799828 913.561900 61.750993 1409.173662 44.178757 1730.398883
0.022356 253.146044 102.772557 886.180808 61.493045 1364.297478 44.087407 1673.627591
0.023199 248.486668 102.455701 867.397652 61.236244 1319.986013 43.996473 1618.273594
0.024073 244.945403 102.250770 841.738524 60.980626 1276.741446 43.905987 1564.334257
0.024980 241.517170 102.042875 817.664024 60.726231 1234.924610 43.815987 1511.806227
0.025921 237.696938 101.385274 794.117249 60.473104 1194.489304 43.726516 1460.685177
0.026898 234.607275 101.075565 773.320471 60.314385 1155.390862 43.637617 1410.965581
0.027911 231.522589 100.420937 752.947250 60.254617 1120.389559 43.549338 1362.640512
0.028963 228.694243 99.771660 732.694162 60.194964 1089.802945 43.461734 1315.701467
0.030055 225.765562 99.592680 712.584320 60.135483 1057.285249 43.374860 1270.138238
0.031187 222.872576 99.479966 690.079500 60.076241 1027.756321 43.288781 1225.938812
0.032362 219.270360 99.367972 668.093521 60.017307 997.961762 43.203562 1184.689194
0.033582 216.408402 98.849654 647.890156 59.958759 968.460376 43.119278 1150.733411
0.034847 213.787364 98.034734 629.589904 59.900309 939.301105 43.036007 1117.681173
0.036160 210.703414 97.224560 609.517217 59.815173 910.530843 42.953837 1085.507733
0.037523 206.800144 96.419212 587.644545 59.729743 885.281490 42.872859 1054.189086
0.038937 203.498652 95.658694 568.458057 59.644105 859.286442 42.793174 1023.701960
0.040404 199.709315 95.079940 551.544156 59.558356 829.731956 42.714891 994.023799
0.041927 196.805818 94.659970 535.178355 59.451986 801.226403 42.638127 965.132763
0.043507 193.933242 94.102626 519.316315 59.166622 773.958540 42.563009 937.007711
0.045146 190.499120 93.647306 502.748682 58.884365 748.340912 42.489674 904.196061
0.046847 187.499639 93.192034 487.583846 58.489324 723.179777 42.418270 872.426971
0.048612 184.776165 92.737005 473.941053 58.097955 700.143995 42.348954 841.736827
0.050444 181.352410 92.542419 458.888534 57.712870 680.224370 42.281898 812.101681
0.052345 179.071640 92.241322 445.208262 57.334273 659.792227 42.217287 783.497127
0.054317 176.823612 91.857738 429.467675 56.962383 636.236409 42.155319 755.898366
0.056364 174.686425 91.480628 415.612752 56.948024 613.557651 42.096207 729.280267
0.058488 172.131153 90.896919 403.630289 56.974655 591.726791 42.040181 703.617449
0.060692 169.639246 90.590450 391.007215 56.761055 570.908217 41.987488 678.884365
0.062979 166.972673 89.579438 380.585867 56.515993 557.317689 41.938392 655.055387
0.065352 164.214523 89.331830 367.423549 56.276399 538.242557 41.893178 632.104893
0.067815 161.144129 88.918152 356.311874 56.042617 519.811566 41.852151 610.007360
0.070370 159.008378 88.258862 346.652563 55.889493 501.790291 41.815640 588.737446
0.073022 156.127706 87.868086 336.810185 55.879165 484.445857 41.783994 568.270070
0.075774 154.012700 87.397807 327.391849 55.881169 467.757766 41.757591 548.580489
0.078629 151.863511 86.974682 316.611647 56.000699 451.705880 41.736834 529.644367
0.081592 148.858540 86.458695 306.937710 56.104613 437.037395 41.722155 511.437833
0.084666 146.892687 85.919972 296.618386 55.888763 422.624496 41.714015 493.937537
0.087857 144.826653 85.392591 287.514715 55.859906 409.688715 41.712910 477.120689
0.091167 143.436739 84.877278 279.360044 55.973241 395.975868 41.719368 460.965103
0.094603 140.911096 84.518468 271.409082 56.097422 382.914908 41.733955 445.449216
0.098168 138.704509 84.220384 263.678928 56.233291 370.626859 41.757276 430.552115
0.101867 136.485475 84.127773 255.625677 56.381746 358.464873 41.789975 416.253551
0.105705 134.455383 83.563257 247.561699 56.543749 346.796997 41.832743 402.533940
0.109688 132.684091 83.162674 240.084103 56.720327 336.091740 41.886316 389.374374
0.113822 130.319505 82.633871 232.835680 56.912578 325.475292 41.951480 376.756612
0.118111 128.804079 82.121724 226.399593 57.121675 315.291509 42.029073 364.663080
0.122561 127.406901 81.586430 220.083575 57.059446 305.526902 42.119992 353.076858
0.127180 125.176861 81.072758 214.488409 56.935387 296.168511 42.225192 344.877984
0.131972 124.189913 80.602138 208.130640 56.830178 287.203887 42.345693 338.008580
0.136945 122.598956 80.262233 202.573290 56.744927 278.621078 42.482583 331.312832
0.142105 121.244666 80.081854 197.048448 56.680814 270.408615 42.637023 324.789521
0.147460 119.683209 79.816166 191.989346 56.639086 262.555505 42.810254 318.437565
0.153017 118.066028 79.649780 187.050838 56.621066 255.138543 43.003601 312.256021
0.158783 116.393474 79.246062 182.423647 56.628161 248.179356 43.218480 306.244100
0.164766 114.964865 79.066352 178.336682 56.661861 241.212071 43.456403 300.401173
0.170975 114.335170 78.907595 174.611953 56.723750 234.576660 43.718992 294.726779
0.177417 113.233151 78.808841 171.506485 56.815513 228.327463 44.007980 289.220641
0.184103 112.179387 78.577852 167.960867 56.938942 222.425033 44.325224 282.816384
0.191040 110.894290 78.795382 164.489606 57.139730 216.817602 44.672719 274.850494
0.198239 110.386091 79.007196 161.479218 57.288561 211.497731 45.052604 267.237946
0.205709 109.628092 78.725310 158.396431 57.518960 206.458422 45.467179 259.972927
0.213460 108.766990 78.850022 155.632196 57.725842 202.350110 45.918920 253.049604
0.221504 107.879399 78.857168 152.693148 58.102560 198.596996 46.410492 246.462151
0.229851 107.369992 78.671430 150.033218 58.598873 194.886934 46.944772 240.204773
0.238512 106.864517 78.464904 148.087807 59.031874 190.880318 47.524866 234.271744
0.247499 106.305573 78.662597 145.416992 59.325009 187.136356 48.154128 228.657437
0.256826 105.849453 78.601563 143.137008 59.837121 183.650671 48.836193 223.356365
0.266503 105.095342 79.233209 141.248576 60.407253 180.478815 49.574992 218.363215
0.276546 104.559133 79.811561 140.162794 61.039226 177.756408 50.374792 213.672889
0.286967 104.356085 80.105071 139.044433 61.737152 175.261771 51.240219 209.280537
0.297780 104.690898 80.825691 137.611043 62.505468 172.994382 52.176296 205.181596
0.309001 104.809690 81.397409 136.569690 63.159999 171.020099 53.188479 201.371825
0.320645 105.265073 82.021121 136.113509 64.211445 169.142069 54.282696 197.847331
0.332727 106.076500 82.899627 136.031395 65.282464 167.665638 55.465391 194.604605
0.345265 106.233427 84.037854 135.780405 66.384037 166.868691 56.743570 191.640544
0.358275 106.527480 85.138969 135.721687 67.583942 166.235029 57.989848 188.952474
0.371776 106.993207 86.030627 135.920137 68.903026 165.774714 59.232782 186.538170
0.385785 108.297830 87.236968 135.875117 70.397518 165.282878 60.578902 184.395873
0.400322 109.244656 88.920291 136.603395 71.845832 165.234917 62.035940 182.524302
0.415407 110.195966 90.201129 137.145579 73.514020 165.178804 63.612227 180.922667
0.431060 111.560016 92.095584 138.394523 75.320907 165.745331 65.316734 179.590671
0.447304 112.810159 93.282582 139.892647 77.276413 166.426182 67.159109 179.487029
0.464159 114.104503 94.663510 141.705419 79.247750 167.554353 69.149715 181.347051
0.481649 115.796369 96.478893 143.968980 81.578863 169.039496 71.299667 184.264640
0.499799 117.596184 98.187780 146.198554 84.090825 170.608619 73.620876 187.434916
0.518632 119.983920 100.646834 147.925808 86.796739 171.884242 76.126080 190.871895
0.538175 122.257562 102.826086 150.889747 89.530283 173.418007 78.828881 194.590415
0.558455 125.116916 105.390912 154.319821 92.178129 177.114625 81.743780 198.606177
0.579498 128.187780 108.011500 158.193929 94.951908 180.006026 84.798996 202.935788
0.601335 131.678837 111.193291 162.192159 97.876674 184.080601 87.810985 207.596802
0.623994 134.872393 114.191803 166.499641 101.458186 188.759006 90.957751 212.607770
0.647508 139.249877 117.532305 170.745540 105.131832 194.559788 94.360612 217.988290
0.671907 143.213035 121.249193 176.281077 108.825039 199.458434 98.037873 223.623438
0.697226 147.709314 124.899545 181.707143 112.860914 205.064467 102.009050 226.797023
0.723499 152.365102 129.677405 188.477326 116.798888 211.395600 106.256070 230.350934
0.750762 157.209729 133.902844 194.419321 121.114875 217.324996 110.723901 234.296897
0.779052 162.795170 139.401638 201.185707 125.620524 224.782597 115.047843 241.451764
0.808408 169.025648 144.579364 208.467750 130.612522 233.175462 119.618644 249.712924
0.838870 175.698342 150.497240 216.286475 136.297580 241.751284 124.530821 258.580131
0.870480 182.411773 156.670805 225.081518 141.688884 252.521628 129.807581 268.644831
0.903282 189.647538 163.340696 233.730479 147.287892 262.157062 135.473824 279.415193
0.937319 197.379789 170.441092 242.497473 153.304229 273.425139 141.556263 290.929351
0.972639 205.918049 177.665765 252.943717 160.191993 285.011309 147.814689 303.584522
1.009290 215.057391 185.724294 264.205009 166.938444 297.615472 154.389189 320.187761
1.047322 224.802953 194.095101 276.497367 173.881663 313.371011 162.372230 332.734614
1.086787 235.273804 203.013751 288.430081 181.505088 327.482852 169.660614 346.292776
1.127740 246.536277 212.478446 301.798239 189.661628 343.375103 177.406244 367.843910
1.170235 257.916849 222.601562 316.165537 198.600352 358.985964 185.875377 390.901493
1.214332 270.403521 233.419246 331.337800 208.006783 376.875472 195.320115 415.561237
1.260090 283.772013 244.850186 348.030093 218.730392 396.787568 205.474441 441.924946
1.307573 298.055230 257.274744 365.890561 230.150362 415.897887 216.386418 470.237178
1.356845 312.877404 270.544269 385.120253 241.677016 437.578064 228.107294 502.476585
1.407973 329.080204 284.505589 404.954893 254.602679 460.112975 240.691691 536.116923
1.461028 346.347195 299.285042 426.030087 268.521598 483.958830 254.197795 568.853105
1.516083 363.700965 314.570180 448.350441 283.328323 510.598172 268.687568 600.659420
1.573212 383.231380 330.589329 472.163924 297.958886 537.972857 284.226952 631.640479
1.632493 403.355875 347.661976 497.334406 313.743419 567.602172 300.886101 661.888373
1.694009 424.848056 365.677689 523.693459 331.477873 597.320007 317.520961 691.484093
1.757842 447.084135 384.262227 550.455231 349.113364 627.050904 334.155527 720.498805
1.824081 470.494691 404.621397 579.512640 368.714475 662.505334 351.800534 748.994965
1.892816 495.842160 425.750371 609.510805 389.581403 699.191176 370.505344 784.310023
1.964141 521.827386 447.742751 641.714507 410.809150 738.641342 390.320989 819.304188
2.038154 549.958228 471.394473 677.000763 431.928599 777.300355 411.300160 853.281182
2.114955 578.697165 495.787531 713.380269 455.741007 819.782757 433.497177 886.317451
2.194651 609.330590 521.308398 751.531136 481.081142 853.952046 457.531184 919.518526
2.277350 643.163404 548.378337 791.146964 507.038309 897.453657 481.769987 969.259725
2.363165 675.976258 576.218462 832.663096 533.516153 944.681385 507.962253 1016.157393
2.452213 713.146637 606.267046 878.088866 558.850793 992.367869 533.178696 1069.365157
2.544617 749.571243 639.225038 925.144562 583.955295 1043.191206 554.615996 1132.115153
2.640503 787.273359 671.408742 974.655707 613.517184 1095.984156 574.812186 1198.132050
2.740003 828.780027 705.640694 1028.046107 646.375407 1150.000824 593.592596 1267.534088
2.843251 873.595731 741.422174 1077.958203 675.142415 1209.936469 612.885506 1340.442033
2.950391 919.328478 779.232824 1133.336953 705.048450 1272.514526 632.690267 1415.805405
3.061567 966.036435 816.746907 1193.265012 735.478905 1337.882803 653.005642 1487.755422
3.176933 1015.558696 858.649643 1256.665633 766.272565 1406.051832 673.829838 1557.874004
3.296646 1066.564664 899.472513 1317.747531 793.917421 1473.242475 695.160537 1626.247367
3.420870 1122.240447 944.309023 1380.531788 826.327332 1552.855573 716.994932 1692.954035
3.549775 1177.315438 987.923346 1449.245231 860.035943 1636.380749 739.329753 1758.065671
3.683537 1234.059788 1030.473537 1520.909323 894.507528 1723.456008 762.161299 1846.879143
3.822340 1288.842252 1072.679370 1593.211678 929.719272 1812.676468 785.485463 1968.445454
3.966373 1352.350913 1113.633082 1665.773279 965.647952 1908.434783 809.297757 2097.886616
4.115834 1411.774896 1161.056060 1743.623702 1002.270277 2006.406315 835.774358 2235.661545
4.270926 1478.187824 1210.385210 1821.620903 1037.422875 2108.062956 863.340770 2382.251076
4.431863 1542.897489 1259.817685 1902.219990 1071.845494 2212.954634 891.520356 2536.397486
4.598864 1614.390998 1312.130928 1990.339703 1106.507743 2321.280733 920.308927 2699.106715
4.772158 1682.929763 1357.171048 2090.293882 1144.385632 2432.024057 949.701822 2871.036245
4.951983 1755.741411 1410.628842 2184.979253 1175.613367 2545.714859 976.557826 3035.197793
5.138583 1828.574872 1453.319009 2287.519344 1207.553986 2676.292743 1001.147868 3190.989821
5.332215 1903.809964 1506.769457 2390.590198 1239.607688 2812.451892 1025.888672 3338.874565
5.533143 1978.897307 1561.769204 2482.631427 1272.869530 2947.425085 1050.782268 3479.284576
5.741642 2063.659012 1614.805674 2591.851358 1304.684523 3087.938673 1075.135302 3612.625070
5.957999 2152.504196 1670.387046 2704.162818 1334.738222 3244.454379 1101.039497 3739.276042
6.182508 2235.179304 1723.115689 2798.756681 1375.094919 3407.437396 1126.410069 3900.160316
6.415476 2325.201784 1772.952547 2905.932362 1408.285183 3563.586888 1150.953349 4084.971147
6.657224 2415.267396 1818.972800 3037.302585 1437.304072 3717.742113 1165.301128 4202.061184
6.908081 2502.852877 1866.681292 3151.963788 1468.510345 3896.936288 1188.221594 4397.948832
7.168391 2590.624881 1914.521410 3299.629741 1493.079538 4090.205886 1211.296600 4630.434365
7.438510 2682.934793 1956.624571 3439.752075 1521.902941 4305.944224 1228.691414 4873.063406
7.718807 2777.599889 2008.780838 3576.432273 1545.306636 4476.135691 1245.262844 5126.106953
8.009667 2864.595967 2056.916086 3718.204636 1572.459319 4679.878102 1261.330959 5389.832441
8.311487 2946.649464 2101.802882 3885.047792 1599.693410 4835.866871 1276.911588 5664.503055
8.624680 3029.910036 2145.938288 4031.642826 1616.846646 5057.015619 1292.019955 5950.377034
8.949674 3113.850131 2197.008389 4176.297459 1635.369390 5268.137453 1306.670709 6247.706992
9.286915 3194.765407 2245.156891 4314.331925 1647.708932 5498.607442 1320.877965 6556.739239
9.636864 3279.873676 2285.738051 4470.996631 1662.305878 5661.737953 1334.655332 6877.713110
10.000000 3363.536946 2333.350134 4634.288882 1676.373850 5868.033518 1348.015941 7210.860316
