0.010000 -0.390800 -0.739168 -0.126042 -0.926804 -0.033728 -1.001672 -0.007272
0.012068 -0.397431 -0.762374 -0.127862 -0.927849 -0.035147 -1.002101 -0.008249
0.014563 -0.403393 -0.777790 -0.133495 -0.952623 -0.037448 -1.002616 -0.009440
0.017575 -0.407895 -0.799468 -0.137885 -0.976183 -0.040550 -1.021728 -0.010896
0.021210 -0.415649 -0.813697 -0.144253 -1.004550 -0.043922 -1.049991 -0.012679
0.025595 -0.425506 -0.835188 -0.150168 -1.036623 -0.048695 -1.061514 -0.014869
0.030888 -0.433236 -0.848149 -0.157233 -1.040384 -0.052530 -1.064514 -0.017567
0.037276 -0.445280 -0.871075 -0.164799 -1.041289 -0.057703 -1.067898 -0.020903
0.044984 -0.458742 -0.905777 -0.172893 -1.043080 -0.063980 -1.070464 -0.022684
0.054287 -0.470892 -0.925364 -0.182810 -1.045161 -0.072198 -1.072264 -0.024565
0.065513 -0.482752 -0.943285 -0.201850 -1.047829 -0.081052 -1.080602 -0.027086
0.079060 -0.502301 -0.970824 -0.220516 -1.051267 -0.092011 -1.084598 -0.030493
0.095410 -0.523464 -0.992827 -0.241398 -1.057358 -0.108953 -1.085517 -0.035131
0.115140 -0.551731 -1.006066 -0.274795 -1.056764 -0.131896 -1.098125 -0.041490
0.138950 -0.582749 -1.014113 -0.308511 -1.065422 -0.162465 -1.092696 -0.050257
0.167683 -0.617691 -1.018770 -0.350707 -1.072569 -0.195566 -1.130612 -0.062588
0.202359 -0.657359 -1.034236 -0.397123 -1.080735 -0.230515 -1.150392 -0.084120
0.244205 -0.712226 -1.044939 -0.453345 -1.092665 -0.271217 -1.153728 -0.109561
0.294705 -0.768435 -1.060002 -0.514988 -1.113650 -0.316482 -1.258524 -0.144829
0.355648 -0.835392 -1.079857 -0.592512 -1.135559 -0.365019 -1.352354 -0.193295
0.429193 -0.905924 -1.108301 -0.677873 -1.164338 -0.424156 -1.420017 -0.258932
0.517947 -0.981670 -1.138378 -0.775995 -1.222180 -0.510896 -1.485040 -0.326859
0.625055 -1.060165 -1.183138 -0.880373 -1.275459 -0.628342 -1.551061 -0.370212
0.754312 -1.142738 -1.248155 -0.995672 -1.367731 -0.743678 -1.635816 -0.423142
0.910298 -1.219738 -1.332838 -1.088668 -1.512265 -0.876784 -1.719966 -0.488563
1.098541 -1.297392 -1.442632 -1.185163 -1.651495 -1.008981 -1.848289 -0.562249
1.325711 -1.387136 -1.564899 -1.264262 -1.816404 -1.071267 -3.022295 -0.673680
1.599859 -1.499565 -1.726431 -1.345998 -2.084325 -1.170193 -3.361368 -1.062578
1.930698 -1.608986 -1.883884 -1.416032 -2.301656 -1.235794 -3.378512 -1.088417
2.329952 -1.719740 -2.036311 -1.489030 -2.684863 -1.284201 -3.533689 -1.105734
2.811769 -1.850285 -2.197292 -1.563111 -3.025452 -1.344198 -3.582308 -1.126219
3.393222 -1.980812 -2.427686 -1.654640 -3.457064 -1.439271 -4.956774 -1.160847
4.094915 -2.128563 -2.747213 -1.754259 -3.963146 -1.538828 -4.970766 -1.326075
4.941713 -2.289775 -3.048349 -1.858367 -4.569979 -1.663311 -4.986338 -1.484069
5.963623 -2.442548 -3.424772 -1.970942 -4.730373 -1.756043 -4.986338 -1.556240
7.196857 -2.681164 -3.784164 -2.105748 -4.817302 -1.884998 -4.986338 -1.634750
8.685114 -3.003963 -4.111116 -2.245625 -4.852842 -1.993529 -4.995894 -1.816929
10.481131 -3.147281 -4.332707 -2.405937 -4.888540 -2.126330 -4.995894 -1.932120
12.648552 -3.380943 -4.401124 -2.625360 -4.921613 -2.260608 -4.995894 -2.048600
15.264180 -3.648148 -4.524009 -2.944834 -4.950065 -2.388407 -4.995894 -2.223269
18.420700 -3.792489 -4.561422 -3.132362 -4.955938 -2.589382 -4.995894 -2.330192
22.229965 -3.848887 -4.586915 -3.237722 -4.956966 -3.039855 -4.995894 -3.010368
26.826958 -3.848887 -4.586915 -3.237722 -4.956966 -3.039855 -4.995894 -3.010368
32.374575 -3.848887 -4.586915 -3.237722 -4.956966 -3.039855 -4.995894 -3.010368
39.069399 -3.848887 -4.586915 -3.237722 -4.956966 -3.039855 -4.995894 -3.010368
47.148664 -3.848887 -4.586915 -3.237722 -4.956966 -3.039855 -4.995894 -3.010368
56.898660 -3.848887 -4.586915 -3.237722 -4.956966 -3.039855 -4.995894 -3.010368
68.664885 -3.848887 -4.586915 -3.237722 -4.956966 -3.039855 -4.995894 -3.010368
82.864277 -3.848887 -4.586915 -3.237722 -4.956966 -3.039855 -4.995894 -3.010368
100.000000 -3.848887 -4.586915 -3.237722 -4.956966 -3.039855 -4.995894 -3.010368
