0.044107 12.909305 1.087360
0.103885 10.327946 1.123731
0.133830 13.156496 1.710405
0.161532 11.618226 1.134577
0.187558 11.617380 1.000661
0.213783 11.245757 1.315328
0.238705 13.249470 1.355074
0.260439 13.698381 1.100255
0.280944 13.071855 1.427685
0.301429 12.711343 1.471735
0.321552 10.937885 0.924958
0.341411 13.463914 1.536633
0.360611 12.462352 0.990460
0.380426 11.167244 1.184333
0.401300 14.068261 1.194529
0.421379 12.154962 0.845410
0.441122 12.552304 0.924453
0.460358 12.174695 1.450812
0.479902 12.560987 1.467279
0.499733 15.296577 1.627535
0.521491 8.726959 0.905940
0.542820 12.934759 1.220472
0.563348 14.474997 1.401755
0.585371 11.904531 1.373023
0.607157 12.173790 1.311433
0.627652 11.260506 1.430741
0.649700 14.247269 0.986181
0.672973 12.641572 1.212456
0.693355 13.464695 1.421771
0.713724 13.662359 0.996658
0.733813 12.815366 1.195136
0.755678 12.101412 1.456619
0.780551 13.906526 1.236129
0.801974 13.221385 1.401793
0.822190 12.199532 1.194204
0.846925 13.059987 1.119201
0.871370 11.559710 0.914708
0.896283 10.841538 1.195620
0.924452 12.304426 1.029018
0.952303 14.006448 1.370491
0.979202 13.254351 1.034034
1.008761 12.116523 1.307436
1.038259 12.083581 1.239682
1.070453 12.351187 0.880242
1.106770 13.791665 1.183990
1.142861 11.244102 0.853240
1.185370 13.252677 1.137859
1.237728 11.679535 0.880901
1.300798 12.544577 1.073018
1.365391 12.851211 1.624468
1.431220 11.635346 1.388851
1.497426 10.871275 0.828657
1.560260 12.477914 1.374805
1.649681 14.731161 1.643779
1.835142 11.894650 1.217111
2.118207 10.661866 0.893576
2.492613 9.829801 1.095172
