0.010000 5373.764876 1705.496033 9661.083789 534.738575 12002.704817 267.450667 13263.030540
0.012068 8416.345397 2790.738106 14524.208043 924.880097 17607.223610 468.600296 19321.320474
0.014563 13141.342266 4688.379519 21832.665447 1615.744853 26002.257065 821.002759 28492.961086
0.017575 20819.840776 7682.594147 32796.880494 2801.703864 38274.817587 1438.352952 42588.255062
0.021210 32487.462998 12404.699156 48914.420302 4879.842507 57126.065887 2519.761286 63155.325763
0.025595 50336.038690 20274.771365 72806.875294 8253.604560 83870.373220 4413.863530 93009.298288
0.030888 77568.270495 32595.714589 108014.544624 13987.757128 123640.944847 7730.970849 140709.046772
0.037276 118865.871472 53564.811789 160357.485775 23533.345810 181849.106972 13539.153842 210558.287419
0.044984 183708.376073 86613.223790 236200.056585 39747.753791 265973.877052 23706.829322 311754.937017
0.054287 277353.449525 138605.795615 348033.701434 67194.330197 390989.053651 41500.715890 457824.098892
0.065513 422069.432216 226058.534321 514563.646188 113535.983976 573564.019613 72628.089993 668654.666322
0.079060 631913.796810 361353.223827 755119.140380 190700.839505 842979.546975 127050.032358 973465.940575
0.095410 941845.387892 577342.446616 1106674.390916 320379.476248 1234763.130411 222052.511683 1414845.388686
0.115140 1400498.668468 914110.952194 1625429.988171 543203.126715 1801272.710489 381635.146393 2094604.677158
0.138950 2072334.931283 1466661.670825 2378875.701766 918225.676361 2639920.679324 655076.358198 3232660.854765
0.167683 3057323.470054 2298332.963265 3480058.924286 1542951.318383 3850157.172726 1122462.667931 4938418.848776
0.202359 4504169.098954 3610538.322787 5067381.215068 2576236.180915 5633348.820576 1918620.586422 7460770.867453
0.244205 6598215.571952 5538049.639600 7399620.331178 4162201.645261 8182006.344049 3260675.595719 11137215.450543
0.294705 9709293.530340 8373155.793727 10777638.500383 6700675.527011 11865628.950926 5388666.700307 16414996.148183
0.355648 14260700.566867 12515571.186147 15686554.461776 10588972.398212 17237097.039958 9173301.253803 23872978.395041
0.429193 20883222.526024 18687117.505418 22971921.917409 16570594.658596 24948133.540747 14675014.813192 34242642.312273
0.517947 30480329.934655 27686225.520307 33547604.010081 24776250.434755 36506447.022526 23385842.965771 48425990.502313
0.625055 44361963.790982 40314446.629643 49079890.901625 36355061.430857 53459668.253174 33486925.697388 67507229.226632
0.754312 64412912.016398 58241976.158134 71588744.963689 52421801.724621 80008865.629604 47795769.242654 92753334.758573
0.910298 92725979.676890 83340541.188079 104497884.102474 74579780.255800 119939227.947832 67959728.607541 143565936.813048
1.098541 132679808.242803 118890708.891264 151243232.393586 105608286.594843 175167891.436235 96202091.056545 229673233.441230
1.325711 188032926.695839 168562855.530247 215337753.101773 149791070.272304 255930589.026923 135480730.706044 347522015.815946
1.599859 257737680.883434 232454835.242495 291527856.212337 210014629.599676 347807170.597067 189665340.587440 451711046.729560
1.930698 339445825.630551 300226010.364615 389960181.851326 260472686.799331 452219100.062476 239624282.122107 539657311.842504
2.329952 433690476.632272 353239589.495903 504697036.827043 289587826.686353 589838966.070700 266860728.276599 712903073.188860
2.811769 517202792.093861 392648282.218845 638702034.812279 311036376.518758 776984917.880419 280415042.035626 924393739.993566
3.393222 576045750.417070 420286354.908619 794876024.014426 336591358.010691 980288679.153566 296016021.531721 1271791552.332185
4.094915 632813662.117823 443368775.976663 932698226.542797 354667350.964691 1212880395.449388 301397237.764394 1552328320.294740
4.941713 674187135.548390 464104172.970300 1053883932.234562 365014553.064948 1515281106.633508 305094102.530441 1789334953.256676
5.963623 712720536.624506 482102252.211493 1154709281.667728 373143089.750395 1892869567.118397 307633827.475048 2381601502.849910
7.196857 742669864.675749 497240762.379397 1235961972.278463 377882663.298247 2203597646.224959 309617221.852310 3132370268.213930
8.685114 772779188.660657 507135209.209745 1315895904.861702 381000137.531891 2738425617.769673 311752037.064815 4068355580.028246
10.481131 796986870.443603 514153152.329730 1361111187.572327 383272563.504518 3255394183.085296 313323517.494416 5245358402.466638
12.648552 819529158.549106 522686512.731299 1413484633.912583 386988037.559358 3706490501.570858 314480315.856239 6606636508.944899
15.264180 844376005.562891 527187860.657743 1464474026.010693 388439644.762601 4049411738.800922 315331858.404723 7695655445.509243
18.420700 861170040.424201 533808949.543798 1514880948.894298 389514948.938888 4766393255.591485 315958696.007377 8674503071.203936
22.229965 877145179.701746 537359639.149940 1570961822.527133 390311499.871508 5013554688.024496 316420123.778426 9853934339.192879
26.826958 890328401.938174 542996573.475482 1620446628.723798 391141247.893597 5140544053.612590 316759790.044448 10644680782.981031
32.374575 899472615.742479 546035591.664572 1680931159.089128 392321217.734595 5234281113.613619 317009825.216824 11376765196.668713
39.069399 908080730.733680 548521932.226666 1722249497.187363 393263510.575146 5303473020.959127 317193881.137823 12054539460.435135
47.148664 916779890.769624 549761304.041628 1767784600.902362 394016000.822357 5635620205.664644 317329368.404406 12682032607.448235
56.898660 922082580.413606 550083339.383655 1800916250.167981 394616919.716972 6075153218.123611 317429103.307291 13262974774.476419
68.664885 927067788.308702 551556087.282745 1839206918.801644 395096797.721030 6238977713.115808 317502520.175933 13800819375.708950
82.864277 933603118.318123 552198115.295791 1866365626.217513 395480015.657498 6256801419.687177 317556563.810060 14229980556.172573
100.000000 939324993.876368 554447161.146342 1885998914.751841 395786043.409529 6269208193.769682 317596346.416478 14759767574.750965
