253.999025
253.999788
254.000591
253.999373
253.998795
253.999838
253.998017
254.001696
253.999057
253.999186
253.999177
254.002417
253.999806
254.001791
254.001213
254.002139
253.997807
253.999148
254.001793
253.998174
253.998594
253.999032
253.997925
253.999658
254.001272
253.998039
253.998112
253.998043
253.999551
254.001539
253.997863
253.998898
253.998282
254.000047
253.999379
254.000306
253.998531
254.001221
254.001619
253.999037
253.999476
253.999414
253.999853
253.998372
254.001561
254.001373
254.000959
254.000632
253.997970
254.001311
254.001402
254.002017
254.002317
254.001419
254.000806
253.998237
253.999949
253.997630
254.001344
253.999893
253.997828
253.999935
253.998732
254.000482
253.998162
253.997995
253.999938
254.000347
253.999505
254.000975
253.998634
253.999802
254.001323
253.999727
253.997522
254.001995
253.997776
253.999807
253.998039
253.998947
254.000767
254.001822
253.999516
253.999905
253.998014
253.998084
254.001428
254.000899
254.001497
254.000428
254.000657
254.002114
254.000190
254.002487
254.000724
254.000995
254.000954
253.997902
253.998428
254.001574
254.001459
253.999979
253.998329
254.000543
254.001770
253.999866
254.001445
254.000213
254.002345
253.998478
253.998336
253.998731
253.999504
254.001120
253.998450
253.997804
254.002426
254.002138
253.999622
253.999082
254.001954
253.997887
253.998988
253.998661
254.000343
253.997760
254.002380
253.997999
254.001206
254.000080
254.002333
253.998240
254.001524
253.998371
253.999364
253.999400
253.997818
254.001243
254.000897
254.000358
253.999500
253.998774
254.000532
253.997726
254.000383
253.998797
253.999744
254.001057
253.998720
254.001692
254.002411
253.999589
254.001053
253.999668
254.001699
254.001513
253.999754
253.997510
254.001333
253.998496
254.000766
253.998646
254.002098
253.998666
253.999272
254.001614
254.000334
253.997859
254.000861
254.000577
254.001091
254.001155
254.000217
253.999209
254.001385
254.001912
254.002415
254.000495
254.000338
254.000535
253.998988
253.999735
253.997905
254.000807
254.001256
254.000398
254.001157
254.001033
254.000549
254.001793
253.997803
253.999236
253.997850
253.998423
253.999389
254.002009
253.997805
254.000888
254.002251
254.000002
254.000857
254.001128
254.000708
254.000820
253.999122
253.999721
253.999627
253.999716
253.997941
253.998511
254.001517
254.000319
253.998429
254.001153
253.999376
254.000039
253.999275
254.002172
254.000207
253.999280
254.000019
254.000367
253.998078
253.999816
253.999278
253.999703
253.998685
254.001096
254.001955
254.000250
254.001808
253.998972
253.998634
253.999698
254.000635
254.002507
254.001865
254.000872
254.001436
254.002509
254.001580
253.997590
253.999369
253.999464
253.997838
254.002154
254.001285
254.001764
254.001124
253.998493
254.001357
254.001793
254.002520
253.998563
254.000554
253.998252
254.000850
254.002447
253.998921
254.002468
253.999945
254.001195
253.997462
254.000828
254.000453
253.998683
253.998171
254.002088
253.999815
254.002096
253.998798
254.002459
254.002245
253.999176
254.000307
254.001190
254.000880
254.002016
254.000733
254.000265
254.001859
253.999816
253.998609
253.997938
253.997489
254.001251
254.000538
253.999935
254.000685
253.998017
254.000436
254.001368
253.999544
254.001575
254.002395
253.999839
253.999008
253.999183
254.002018
254.001318
253.998981
253.999933
254.001521
254.000607
253.999800
253.999445
254.002121
253.998979
253.999737
253.997861
254.001460
253.999282
254.001218
254.000523
253.999993
254.002322
253.997461
253.998819
253.997532
253.999696
253.999268
253.999850
253.999235
254.001361
254.001056
254.002220
254.001853
254.001588
253.997830
253.998397
253.999864
253.999693
254.001349
254.000228
254.001324
253.998727
254.000638
253.998144
254.001889
254.001482
253.998258
254.001941
254.002356
253.999465
254.001089
254.000882
253.999924
254.000794
254.001610
253.998452
254.001088
253.998603
253.998422
253.997468
254.001987
254.002370
253.999252
253.998020
253.997676
254.001099
254.002295
253.999421
253.999620
254.001316
254.000780
253.998437
253.998927
254.001621
253.999748
254.000702
254.001388
254.001615
253.998969
254.000671
253.998359
254.002134
253.998805
254.002118
254.002190
253.998169
254.000121
254.000502
253.999088
253.998941
253.998310
254.002252
254.000876
254.001956
253.999300
254.001808
253.999199
253.998398
253.999926
254.000463
253.998174
253.998200
253.999569
254.001651
254.000849
253.998687
254.001053
254.000092
254.001225
254.000966
253.999591
254.001166
254.001076
254.001778
254.000014
253.999260
254.001330
254.000488
253.999016
253.998026
253.998976
253.997632
253.999614
253.997776
253.999664
253.998679
253.999825
254.001323
254.000585
254.000962
254.000765
253.999469
254.002408
253.999229
254.002184
253.998072
254.002232
253.999329
254.001495
254.001750
253.999386
253.998449
253.997952
254.000592
253.998827
254.000422
254.001067
254.001847
254.000609
254.000171
253.998617
253.997678
253.998041
253.998276
253.998265
254.001439
254.000872
254.001605
253.997863
254.000413
254.001398
254.000668
253.997555
253.998966
253.997696
253.997495
253.998869
254.000397
253.997801
253.999639
254.001989
254.000634
253.998589
253.998253
253.998518
254.000635
254.000612
253.999989
253.997849
253.997946
253.999215
253.999532
254.001958
253.997764
253.997995
254.000025
253.999561
254.001557
254.002173
253.998252
254.001501
254.000472
254.002048
254.001910
254.002355
253.998716
254.001370
254.002206
253.999232
254.000378
254.001549
253.998991
253.999831
254.002471
253.997811
254.001337
253.998099
254.001728
254.000280
253.998301
253.998626
254.001349
253.998129
254.000347
253.999096
253.998088
253.999680
253.999571
254.001990
253.999947
253.999732
254.002163
253.999910
254.000904
253.998209
253.997617
254.000199
254.000697
254.000885
254.000821
254.000851
254.001476
254.001903
253.997514
254.000750
253.998942
254.001909
254.000311
253.997906
254.001209
253.999283
253.997719
254.000678
254.002337
254.000593
253.998197
253.998750
254.002391
254.001981
253.998701
254.000268
253.998008
253.999669
253.997960
253.998372
253.998998
254.001602
254.000057
253.998473
254.001603
254.001388
253.999049
254.001474
253.999664
253.999307
254.001524
254.002350
253.998718
254.001223
254.001328
254.000935
253.997673
254.001032
253.998539
254.002179
254.001482
254.002028
253.998094
254.002390
254.000702
254.000183
253.998130
254.000129
254.001445
254.002364
254.000344
253.999839
254.000780
253.997595
253.999462
253.997647
254.000553
253.998944
253.998818
253.999130
254.000590
253.998650
254.001680
253.998526
254.001212
254.000355
253.999648
254.001940
253.999439
254.002393
254.000718
253.999228
254.002105
253.998075
254.001045
253.999776
253.997876
253.998247
253.998978
253.997824
253.999653
253.997492
254.002371
254.001370
253.998703
253.999300
253.998386
254.002370
253.999335
254.000186
254.002066
253.999756
253.999644
254.001906
253.999079
253.998270
253.999455
254.001573
254.001079
254.002507
253.998888
254.000713
254.001444
253.999313
254.002321
253.998032
254.000677
254.002027
253.998507
253.997920
254.002216
254.000035
253.997482
253.997472
254.000064
254.002185
253.997661
254.000994
254.002166
253.998841
253.998587
254.000009
254.000675
253.998102
253.997861
253.997678
254.000960
253.999043
253.997670
253.997606
253.998844
254.001831
253.999342
254.001936
254.001999
254.000260
253.997742
253.997930
253.998263
253.998619
254.000296
254.000356
253.997750
254.001329
254.000547
253.999230
254.001694
254.001022
253.998495
254.001481
254.002504
254.000496
254.001611
253.999902
254.000505
254.001574
254.002056
253.998964
254.001110
253.999882
254.000042
254.002235
253.999270
253.998081
253.998749
253.999872
254.000362
254.000024
254.001374
254.002187
254.000036
253.999979
254.001442
253.997540
254.001076
253.997777
253.998793
254.001548
253.999469
254.002109
254.000953
253.999706
254.000431
254.000267
253.997780
253.999446
253.998683
254.000849
253.997467
254.000783
254.001234
253.997742
253.998032
254.000785
253.998266
253.999975
253.999264
253.999124
253.997984
254.001347
253.997986
254.001173
254.000578
254.000701
253.998552
254.000878
254.000219
254.001266
253.999248
254.000016
254.001674
254.001127
253.999100
253.999947
253.997803
253.999321
254.001254
253.997599
253.998305
253.999617
254.001053
254.000057
254.001052
253.999415
254.000645
254.002500
253.998692
253.999065
253.997469
253.998418
254.000979
254.000305
254.001555
253.998489
253.998380
253.998100
254.000549
254.001540
254.002296
253.997985
254.002315
253.999363
254.001804
253.997482
253.998051
253.998774
253.999334
254.001000
254.001100
254.000389
254.000707
254.000290
254.001349
253.999681
254.000947
254.001169
254.001179
253.998902
254.001666
254.000247
253.999844
253.997526
254.002343
254.002442
254.000113
253.997529
253.999869
253.998831
253.997468
253.998729
253.998805
253.998606
253.997885
253.999930
254.001115
253.999069
253.999425
253.997898
254.001633
253.998559
253.999241
254.000834
253.999369
253.999941
254.001801
253.999330
254.001859
254.000499
254.001309
253.997710
254.001332
253.999294
254.000603
253.999073
254.002228
254.001934
253.997857
254.001384
254.000225
254.002037
253.998377
253.998729
253.999100
253.999614
253.999783
254.001656
254.001020
253.998561
253.998866
253.998237
253.998532
254.002481
253.999630
254.000385
254.000832
253.999383
253.999095
254.001810
254.001459
253.999415
254.000254
253.999373
253.997678
254.001709
254.002114
253.998981
254.001400
254.000509
254.000889
254.001137
253.997907
254.000273
254.002206
254.000244
253.999175
253.999577
253.997796
254.001242
254.001536
253.998107
254.000322
253.999540
253.999362
254.000968
253.997740
253.998692
254.001115
253.998780
253.999345
254.001836
253.999189
253.997524
253.998016
253.999270
254.000545
253.998419
254.001996
254.000663
253.999215
253.997791
254.002425
253.999553
254.000026
253.997531
254.002149
254.001328
254.000068
254.000331
254.001176
254.001775
253.999276
253.999862
253.997757
253.999209
253.998478
253.999655
254.000598
254.000779
253.997975
254.001847
253.997618
254.001479
253.998734
253.998701
254.000488
253.999823
254.002487
254.000595
253.997907
254.002454
253.997936
253.997987
254.001657
254.001608
254.002307
254.000897
253.998707
254.000860
254.002061
253.997896
253.999799
253.999629
254.000573
254.001049
253.998186
253.998976
254.000805
254.000575
254.002450
254.001527
253.997587
254.000354
254.000307
253.999898
254.002281
253.998977
253.999956
253.999534
253.998118
253.997520
254.000361
253.998740
253.999380
254.002327
253.998136
253.998854
253.999388
253.998961
254.000485
254.001684
254.000571
253.998849
254.000205
253.999186
253.998652
254.002512
254.002405
254.001527
254.000903
254.001405
253.998333
253.997625
254.000318
254.000377
253.998371
253.998190
253.998282
253.999120
253.997813
254.002504
253.998653
254.001111
253.997707
253.999407
253.999027
254.002044
253.999623
253.998506
253.999173
254.002303
254.000887
253.998047
253.998708
253.997644
254.001253
253.998317
253.999957
254.002079
253.998589
253.999887
253.999289
