0.010000 0.000214 0.000097 0.000474 0.000057 0.000794 0.000039 0.000957
0.012068 0.000239 0.000109 0.000518 0.000069 0.000818 0.000050 0.000960
0.014563 0.000262 0.000118 0.000562 0.000079 0.000830 0.000060 0.000962
0.017575 0.000278 0.000125 0.000602 0.000087 0.000846 0.000070 0.000963
0.021210 0.000294 0.000133 0.000639 0.000094 0.000868 0.000078 0.000964
0.025595 0.000310 0.000136 0.000660 0.000099 0.000887 0.000084 0.000964
0.030888 0.000318 0.000139 0.000678 0.000100 0.000894 0.000089 0.000967
0.037276 0.000327 0.000141 0.000688 0.000103 0.000907 0.000093 0.000971
0.044984 0.000330 0.000143 0.000698 0.000104 0.000921 0.000096 0.000973
0.054287 0.000332 0.000144 0.000698 0.000105 0.000934 0.000098 0.000975
0.065513 0.000336 0.000145 0.000701 0.000105 0.000942 0.000099 0.000979
0.079060 0.000338 0.000146 0.000702 0.000106 0.000949 0.000100 0.000984
0.095410 0.000339 0.000147 0.000703 0.000106 0.000950 0.000100 0.000987
0.115140 0.000340 0.000147 0.000703 0.000106 0.000951 0.000100 0.000989
0.138950 0.000340 0.000147 0.000704 0.000107 0.000951 0.000100 0.000990
0.167683 0.000340 0.000148 0.000705 0.000107 0.000951 0.000100 0.000990
0.202359 0.000340 0.000148 0.000706 0.000107 0.000951 0.000100 0.000992
0.244205 0.000340 0.000148 0.000706 0.000107 0.000951 0.000100 0.000992
0.294705 0.000340 0.000148 0.000707 0.000107 0.000951 0.000100 0.000993
0.355648 0.000340 0.000148 0.000707 0.000107 0.000951 0.000100 0.000993
0.429193 0.000340 0.000148 0.000707 0.000107 0.000951 0.000100 0.000994
0.517947 0.000341 0.000148 0.000707 0.000107 0.000951 0.000100 0.000994
0.625055 0.000341 0.000148 0.000707 0.000107 0.000951 0.000100 0.000994
0.754312 0.000341 0.000148 0.000707 0.000107 0.000951 0.000100 0.000994
0.910298 0.000341 0.000148 0.000707 0.000107 0.000951 0.000100 0.000994
1.098541 0.000341 0.000148 0.000707 0.000107 0.000951 0.000100 0.000994
1.325711 0.000341 0.000148 0.000707 0.000107 0.000951 0.000100 0.000994
1.599859 0.000341 0.000148 0.000707 0.000107 0.000951 0.000100 0.000994
1.930698 0.000341 0.000148 0.000707 0.000107 0.000951 0.000100 0.000994
2.329952 0.000341 0.000148 0.000707 0.000107 0.000951 0.000100 0.000994
2.811769 0.000341 0.000148 0.000707 0.000107 0.000951 0.000100 0.000994
3.393222 0.000341 0.000148 0.000707 0.000107 0.000951 0.000100 0.000994
4.094915 0.000341 0.000148 0.000707 0.000107 0.000951 0.000100 0.000994
4.941713 0.000341 0.000148 0.000707 0.000107 0.000951 0.000100 0.000994
5.963623 0.000341 0.000148 0.000707 0.000107 0.000951 0.000100 0.000994
7.196857 0.000341 0.000148 0.000707 0.000107 0.000951 0.000100 0.000994
8.685114 0.000341 0.000148 0.000707 0.000107 0.000951 0.000100 0.000994
10.481131 0.000341 0.000148 0.000707 0.000107 0.000951 0.000100 0.000994
12.648552 0.000341 0.000148 0.000707 0.000107 0.000951 0.000100 0.000994
15.264180 0.000341 0.000148 0.000707 0.000107 0.000951 0.000100 0.000994
18.420700 0.000341 0.000148 0.000707 0.000107 0.000951 0.000100 0.000994
22.229965 0.000341 0.000148 0.000707 0.000107 0.000951 0.000100 0.000994
26.826958 0.000341 0.000148 0.000707 0.000107 0.000951 0.000100 0.000994
32.374575 0.000341 0.000148 0.000707 0.000107 0.000951 0.000100 0.000994
39.069399 0.000341 0.000148 0.000707 0.000107 0.000951 0.000100 0.000994
47.148664 0.000341 0.000148 0.000707 0.000107 0.000951 0.000100 0.000994
56.898660 0.000341 0.000148 0.000707 0.000107 0.000951 0.000100 0.000994
68.664885 0.000341 0.000148 0.000707 0.000107 0.000951 0.000100 0.000994
82.864277 0.000341 0.000148 0.000707 0.000107 0.000951 0.000100 0.000994
100.000000 0.000341 0.000148 0.000707 0.000107 0.000951 0.000100 0.000994
