0.001000 0.000000 0.000000 0.000000 0.000000 0.000000 0.000000 0.000000
0.001038 0.000000 0.000000 0.000000 0.000000 0.000000 0.000000 0.000000
0.001077 0.000000 0.000000 0.000000 0.000000 0.000000 0.000000 0.000000
0.001117 0.000000 0.000000 0.000000 0.000000 0.000000 0.000000 0.000000
0.001159 0.000000 0.000000 0.000000 0.000000 0.000000 0.000000 0.000000
0.001203 0.000000 0.000000 0.000000 0.000000 0.000000 0.000000 0.000000
0.001248 0.000000 0.000000 0.000000 0.000000 0.000000 0.000000 0.000000
0.001296 0.000000 0.000000 0.000000 0.000000 0.000000 0.000000 0.000000
0.001344 0.000000 0.000000 0.000000 0.000000 0.000000 0.000000 0.000000
0.001395 0.000000 0.000000 0.000000 0.000000 0.000000 0.000000 0.000000
0.001448 0.000000 0.000000 0.000000 0.000000 0.000000 0.000000 0.000000
0.001502 0.000000 0.000000 0.000000 0.000000 0.000000 0.000000 0.000000
0.001559 0.000000 0.000000 0.000000 0.000000 0.000000 0.000000 0.000000
0.001617 0.000000 0.000000 0.000000 0.000000 0.000000 0.000000 0.000000
0.001678 0.000000 0.000000 0.000000 0.000000 0.000000 0.000000 0.000000
0.001742 0.000000 0.000000 0.000000 0.000000 0.000000 0.000000 0.000000
0.001807 0.000000 0.000000 0.000000 0.000000 0.000000 0.000000 0.000000
0.001875 0.000000 0.000000 0.000000 0.000000 0.000000 0.000000 0.000000
0.001946 0.000000 0.000000 0.000000 0.000000 0.000000 0.000000 0.000000
0.002019 0.000000 0.000000 0.000000 0.000000 0.000000 0.000000 0.000000
0.002095 0.000000 0.000000 0.000000 0.000000 0.000000 0.000000 0.000000
0.002174 0.000000 0.000000 0.000000 0.000000 0.000000 0.000000 0.000000
0.002256 0.000000 0.000000 0.000000 0.000000 0.000000 0.000000 0.000000
0.002341 0.000000 0.000000 0.000000 0.000000 0.000000 0.000000 0.000000
0.002430 0.000000 0.000000 0.000000 0.000000 0.000000 0.000000 0.000000
0.002521 0.000000 0.000000 0.000000 0.000000 0.000000 0.000000 0.000000
0.002616 0.000000 0.000000 0.000001 0.000000 0.000001 0.000000 0.000001
0.002715 0.000001 0.000001 0.000001 0.000000 0.000001 0.000000 0.000001
0.002817 0.000001 0.000001 0.000001 0.000001 0.000001 0.000001 0.000001
0.002923 0.000001 0.000001 0.000001 0.000001 0.000001 0.000001 0.000001
0.003033 0.000001 0.000001 0.000001 0.000001 0.000001 0.000001 0.000001
0.003148 0.000001 0.000001 0.000001 0.000001 0.000001 0.000001 0.000001
0.003266 0.000001 0.000001 0.000001 0.000001 0.000001 0.000001 0.000001
0.003389 0.000001 0.000001 0.000001 0.000001 0.000001 0.000001 0.000001
0.003517 0.000001 0.000001 0.000001 0.000001 0.000001 0.000001 0.000001
0.003650 0.000001 0.000001 0.000001 0.000001 0.000001 0.000001 0.000002
0.003787 0.000001 0.000001 0.000002 0.000001 0.000002 0.000001 0.000002
0.003930 0.000002 0.000002 0.000002 0.000001 0.000002 0.000001 0.000002
0.004078 0.000002 0.000002 0.000002 0.000002 0.000002 0.000002 0.000002
0.004232 0.000002 0.000002 0.000002 0.000002 0.000002 0.000002 0.000002
0.004391 0.000002 0.000002 0.000002 0.000002 0.000002 0.000002 0.000003
0.004557 0.000003 0.000002 0.000003 0.000002 0.000003 0.000002 0.000003
0.004728 0.000003 0.000003 0.000003 0.000003 0.000003 0.000002 0.000003
0.004906 0.000003 0.000003 0.000003 0.000003 0.000003 0.000003 0.000004
0.005091 0.000004 0.000003 0.000004 0.000003 0.000004 0.000003 0.000004
0.005283 0.000004 0.000004 0.000004 0.000004 0.000004 0.000003 0.000005
0.005482 0.000004 0.000004 0.000005 0.000004 0.000005 0.000004 0.000005
0.005689 0.000005 0.000005 0.000005 0.000004 0.000005 0.000004 0.000006
0.005903 0.000005 0.000005 0.000006 0.000005 0.000006 0.000005 0.000006
0.006126 0.000006 0.000006 0.000006 0.000006 0.000007 0.000005 0.000007
0.006356 0.000007 0.000007 0.000007 0.000006 0.000008 0.000006 0.000008
0.006596 0.000008 0.000007 0.000008 0.000007 0.000008 0.000007 0.000009
0.006844 0.000009 0.000008 0.000009 0.000008 0.000009 0.000008 0.000010
0.007102 0.000010 0.000009 0.000010 0.000009 0.000011 0.000008 0.000011
0.007370 0.000011 0.000010 0.000011 0.000010 0.000012 0.000009 0.000012
0.007648 0.000012 0.000011 0.000013 0.000011 0.000013 0.000010 0.000014
0.007936 0.000013 0.000013 0.000014 0.000012 0.000015 0.000012 0.000015
0.008235 0.000015 0.000014 0.000016 0.000013 0.000016 0.000013 0.000017
0.008545 0.000017 0.000016 0.000018 0.000015 0.000018 0.000015 0.000019
0.008867 0.000019 0.000018 0.000020 0.000017 0.000021 0.000016 0.000022
0.009201 0.000021 0.000020 0.000022 0.000019 0.000023 0.000018 0.000024
0.009548 0.000023 0.000022 0.000024 0.000021 0.000026 0.000020 0.000027
0.009908 0.000026 0.000025 0.000027 0.000023 0.000029 0.000023 0.000030
0.010281 0.000029 0.000028 0.000031 0.000026 0.000032 0.000025 0.000034
0.010669 0.000032 0.000031 0.000034 0.000029 0.000036 0.000028 0.000038
0.011071 0.000036 0.000035 0.000038 0.000033 0.000040 0.000032 0.000042
0.011488 0.000040 0.000039 0.000043 0.000037 0.000045 0.000035 0.000047
0.011921 0.000045 0.000043 0.000048 0.000041 0.000050 0.000040 0.000052
0.012370 0.000051 0.000048 0.000053 0.000046 0.000056 0.000044 0.000059
0.012836 0.000056 0.000054 0.000059 0.000051 0.000062 0.000049 0.000066
0.013320 0.000063 0.000060 0.000066 0.000057 0.000070 0.000055 0.000073
0.013822 0.000070 0.000067 0.000074 0.000064 0.000078 0.000062 0.000082
0.014343 0.000079 0.000075 0.000083 0.000071 0.000087 0.000069 0.000091
0.014883 0.000088 0.000084 0.000092 0.000080 0.000097 0.000077 0.000102
0.015444 0.000098 0.000094 0.000103 0.000089 0.000108 0.000086 0.000114
0.016026 0.000110 0.000105 0.000115 0.000099 0.000121 0.000096 0.000127
0.016630 0.000123 0.000117 0.000129 0.000111 0.000135 0.000107 0.000142
0.017256 0.000137 0.000131 0.000144 0.000124 0.000151 0.000120 0.000159
0.017907 0.000153 0.000146 0.000161 0.000138 0.000169 0.000134 0.000178
0.018581 0.000171 0.000163 0.000180 0.000155 0.000188 0.000150 0.000198
0.019281 0.000191 0.000182 0.000201 0.000173 0.000210 0.000167 0.000222
0.020008 0.000213 0.000203 0.000224 0.000193 0.000235 0.000187 0.000247
0.020762 0.000238 0.000227 0.000250 0.000216 0.000263 0.000209 0.000276
0.021544 0.000266 0.000254 0.000280 0.000241 0.000293 0.000233 0.000309
0.022356 0.000297 0.000283 0.000313 0.000269 0.000328 0.000260 0.000345
0.023199 0.000332 0.000316 0.000349 0.000300 0.000366 0.000291 0.000385
0.024073 0.000371 0.000353 0.000390 0.000335 0.000409 0.000325 0.000430
0.024980 0.000414 0.000395 0.000435 0.000375 0.000456 0.000363 0.000480
0.025921 0.000463 0.000441 0.000486 0.000419 0.000510 0.000405 0.000536
0.026898 0.000517 0.000492 0.000543 0.000467 0.000569 0.000452 0.000599
0.027911 0.000577 0.000550 0.000607 0.000522 0.000636 0.000505 0.000669
0.028963 0.000645 0.000614 0.000677 0.000583 0.000710 0.000564 0.000747
0.030055 0.000720 0.000686 0.000756 0.000651 0.000793 0.000630 0.000834
0.031187 0.000804 0.000766 0.000844 0.000727 0.000885 0.000704 0.000931
0.032362 0.000897 0.000855 0.000943 0.000812 0.000988 0.000786 0.001040
0.033582 0.001002 0.000955 0.001053 0.000906 0.001103 0.000877 0.001161
0.034847 0.001118 0.001066 0.001175 0.001012 0.001231 0.000980 0.001296
0.036160 0.001249 0.001190 0.001312 0.001130 0.001375 0.001094 0.001446
0.037523 0.001394 0.001328 0.001464 0.001261 0.001534 0.001221 0.001614
0.038937 0.001555 0.001482 0.001634 0.001408 0.001713 0.001363 0.001802
0.040404 0.001736 0.001655 0.001824 0.001571 0.001911 0.001521 0.002010
0.041927 0.001937 0.001847 0.002036 0.001754 0.002133 0.001698 0.002243
0.043507 0.002162 0.002061 0.002272 0.001957 0.002380 0.001895 0.002503
0.045146 0.002412 0.002300 0.002535 0.002184 0.002655 0.002115 0.002792
0.046847 0.002691 0.002566 0.002828 0.002437 0.002962 0.002360 0.003115
0.048612 0.003002 0.002862 0.003154 0.002719 0.003304 0.002633 0.003474
0.050444 0.003349 0.003193 0.003518 0.003033 0.003685 0.002937 0.003874
0.052345 0.003735 0.003561 0.003923 0.003383 0.004109 0.003276 0.004319
0.054317 0.004165 0.003971 0.004375 0.003773 0.004582 0.003654 0.004815
0.056364 0.004644 0.004428 0.004877 0.004208 0.005108 0.004074 0.005367
0.058488 0.005176 0.004936 0.005436 0.004691 0.005693 0.004543 0.005981
0.060692 0.005769 0.005502 0.006058 0.005230 0.006344 0.005064 0.006664
0.062979 0.006429 0.006132 0.006749 0.005829 0.007068 0.005645 0.007424
0.065352 0.007163 0.006832 0.007518 0.006496 0.007873 0.006291 0.008268
0.067815 0.007979 0.007611 0.008372 0.007237 0.008768 0.007009 0.009206
0.070370 0.008886 0.008476 0.009322 0.008061 0.009763 0.007807 0.010247
0.073022 0.009894 0.009438 0.010376 0.008978 0.010866 0.008695 0.011403
0.075774 0.011013 0.010506 0.011547 0.009995 0.012090 0.009681 0.012686
0.078629 0.012253 0.011692 0.012844 0.011125 0.013447 0.010775 0.014108
0.081592 0.013629 0.013008 0.014285 0.012380 0.014952 0.011991 0.015685
0.084666 0.015156 0.014468 0.015882 0.013771 0.016618 0.013339 0.017431
0.087857 0.016847 0.016085 0.017651 0.015314 0.018465 0.014834 0.019363
0.091167 0.018720 0.017876 0.019610 0.017023 0.020511 0.016490 0.021501
0.094603 0.020792 0.019861 0.021777 0.018916 0.022774 0.018325 0.023863
0.098168 0.023080 0.022057 0.024172 0.021011 0.025269 0.020355 0.026473
0.101867 0.025608 0.024482 0.026817 0.023328 0.028028 0.022601 0.029352
0.105705 0.028402 0.027155 0.029737 0.025888 0.031078 0.025083 0.032525
0.109688 0.031487 0.030104 0.032956 0.028715 0.034429 0.027823 0.036021
0.113822 0.034884 0.033366 0.036507 0.031833 0.038126 0.030847 0.039867
0.118111 0.038622 0.036959 0.040407 0.035270 0.042181 0.034180 0.044093
0.122561 0.042738 0.040915 0.044692 0.039054 0.046634 0.037849 0.048731
0.127180 0.047265 0.045256 0.049399 0.043203 0.051518 0.041886 0.053816
0.131972 0.052220 0.050021 0.054535 0.047754 0.056880 0.046321 0.059382
0.136945 0.057656 0.055237 0.060155 0.052744 0.062726 0.051187 0.065466
0.142105 0.063604 0.060945 0.066325 0.058212 0.069112 0.056521 0.072106
0.147460 0.070100 0.067180 0.073102 0.064206 0.076080 0.062358 0.079343
0.153017 0.077162 0.074015 0.080471 0.070734 0.083666 0.068736 0.087258
0.158783 0.084874 0.081459 0.088412 0.077850 0.091907 0.075695 0.095860
0.164766 0.093279 0.089524 0.097075 0.085593 0.100855 0.083274 0.105188
0.170975 0.102377 0.098273 0.106486 0.094011 0.110573 0.091514 0.115283
0.177417 0.112233 0.107761 0.116678 0.103162 0.121056 0.100456 0.126185
0.184103 0.122789 0.118007 0.127647 0.113067 0.132259 0.110139 0.137931
0.191040 0.134221 0.129124 0.139454 0.123763 0.144395 0.120603 0.150554
0.198239 0.146470 0.141060 0.152233 0.135287 0.157371 0.131803 0.164085
0.205709 0.159644 0.153865 0.165881 0.147672 0.171330 0.143812 0.178549
0.213460 0.173628 0.167537 0.180374 0.160947 0.186158 0.156877 0.193966
0.221504 0.188618 0.182130 0.195800 0.175137 0.202090 0.170865 0.210348
0.229851 0.204558 0.197571 0.212326 0.190262 0.218998 0.185710 0.227700
0.238512 0.221363 0.214020 0.229743 0.206215 0.236881 0.201298 0.246016
0.247499 0.239179 0.231462 0.247981 0.223055 0.255694 0.217794 0.265281
0.256826 0.257861 0.249882 0.267060 0.240659 0.275303 0.235190 0.285469
0.266503 0.277554 0.268990 0.287111 0.259506 0.295823 0.253468 0.306541
0.276546 0.298178 0.289183 0.308079 0.279124 0.317159 0.272599 0.328447
0.286967 0.319564 0.310076 0.329749 0.299440 0.339595 0.292546 0.351123
0.297780 0.341699 0.331652 0.352370 0.320520 0.362610 0.313255 0.374492
0.309001 0.364555 0.353886 0.375575 0.342361 0.386339 0.334664 0.398465
0.320645 0.387975 0.376763 0.399282 0.364759 0.410541 0.356696 0.422939
0.332727 0.411738 0.399986 0.423330 0.387731 0.435284 0.379265 0.447803
0.345265 0.435991 0.423570 0.448061 0.411187 0.460369 0.402270 0.472935
0.358275 0.460489 0.447597 0.473050 0.435039 0.485672 0.425605 0.498204
0.371776 0.485329 0.471876 0.498080 0.458762 0.511061 0.449151 0.523476
0.385785 0.509854 0.496093 0.523120 0.482475 0.536494 0.472784 0.548612
0.400322 0.534223 0.520177 0.548156 0.505989 0.561730 0.496378 0.573473
0.415407 0.558455 0.544164 0.572784 0.529373 0.586316 0.519800 0.597923
0.431060 0.582409 0.567478 0.596826 0.552482 0.610742 0.542921 0.622411
0.447304 0.605399 0.590325 0.620036 0.575049 0.634522 0.565615 0.647568
0.464159 0.627577 0.612746 0.643253 0.596958 0.657485 0.587389 0.670028
0.481649 0.649319 0.634109 0.665102 0.618237 0.679888 0.608368 0.693348
0.499799 0.670461 0.654792 0.686550 0.638177 0.701682 0.628534 0.716159
0.518632 0.690402 0.674266 0.707383 0.657836 0.722401 0.647803 0.738328
0.538175 0.709719 0.692842 0.726580 0.675671 0.742210 0.666103 0.759362
0.558455 0.727352 0.710747 0.745019 0.692995 0.760755 0.683379 0.779192
0.579498 0.744138 0.727138 0.762361 0.709435 0.778131 0.699596 0.797719
0.601335 0.760009 0.742487 0.778176 0.724503 0.794720 0.714733 0.814536
0.623994 0.774831 0.756845 0.792913 0.738584 0.809475 0.728789 0.830104
0.647508 0.788146 0.770186 0.806225 0.751657 0.823061 0.741627 0.844438
0.671907 0.800528 0.782564 0.818838 0.763639 0.835645 0.753446 0.857572
0.697226 0.812098 0.793891 0.830284 0.774780 0.847267 0.764323 0.869554
0.723499 0.822571 0.804259 0.840820 0.785004 0.857773 0.774048 0.880443
0.750762 0.832018 0.813942 0.850268 0.793840 0.867057 0.782429 0.890308
0.779052 0.840784 0.822699 0.859216 0.802540 0.875854 0.790029 0.899226
0.808408 0.848901 0.830649 0.867513 0.810545 0.883739 0.796920 0.907278
0.838870 0.856196 0.837685 0.874472 0.817628 0.890936 0.803174 0.914547
0.870480 0.862698 0.844351 0.881232 0.824093 0.897884 0.808862 0.921117
0.903282 0.869001 0.850471 0.887440 0.829978 0.903972 0.814052 0.927067
0.937319 0.874587 0.856115 0.893286 0.835308 0.909253 0.819213 0.932475
0.972639 0.879546 0.861404 0.898400 0.840289 0.914160 0.824018 0.937449
1.009290 0.884217 0.865863 0.903132 0.845019 0.919145 0.828443 0.942256
1.047322 0.888520 0.870140 0.907434 0.849390 0.923834 0.832538 0.946329
1.086787 0.892593 0.874442 0.911547 0.853590 0.928032 0.836349 0.950049
1.127740 0.896466 0.878231 0.915380 0.857514 0.931649 0.839918 0.953711
1.170235 0.900035 0.881985 0.919190 0.861233 0.935010 0.843204 0.957169
1.214332 0.903522 0.885580 0.922583 0.864777 0.938166 0.846231 0.960458
1.260090 0.906849 0.889128 0.925974 0.868437 0.941287 0.849130 0.963604
1.307573 0.909981 0.892368 0.929015 0.871630 0.944641 0.851918 0.966629
1.356845 0.913017 0.895169 0.931915 0.874919 0.947757 0.854611 0.969550
1.407973 0.916020 0.898432 0.934868 0.878101 0.951013 0.857217 0.972381
1.461028 0.918948 0.900989 0.937659 0.881182 0.953770 0.859744 0.975130
1.516083 0.921773 0.903587 0.940498 0.884169 0.956969 0.862199 0.977804
1.573212 0.924356 0.906167 0.943115 0.886999 0.959929 0.864584 0.980623
1.632493 0.926799 0.908752 0.945793 0.889865 0.962733 0.866900 0.983415
1.694009 0.929272 0.911106 0.948247 0.892518 0.965132 0.869150 0.986100
1.757842 0.931690 0.913210 0.950847 0.895055 0.967730 0.871332 0.988683
1.824081 0.933937 0.915718 0.953136 0.897330 0.970349 0.873446 0.991163
1.892816 0.936240 0.918152 0.955448 0.899501 0.972880 0.875492 0.993545
1.964141 0.938446 0.920054 0.957679 0.901457 0.975321 0.877469 0.995828
2.038154 0.940455 0.922183 0.959855 0.903472 0.977671 0.879376 0.998015
2.114955 0.942389 0.924215 0.961898 0.905383 0.979886 0.881211 1.000108
2.194651 0.944291 0.926171 0.963826 0.907286 0.981883 0.882975 1.002106
2.277350 0.946186 0.928000 0.965678 0.909055 0.983786 0.884668 1.004013
2.363165 0.947966 0.929567 0.967456 0.910735 0.985596 0.886288 1.005831
2.452213 0.949677 0.931116 0.969210 0.912180 0.987316 0.887838 1.007560
2.544617 0.951280 0.932589 0.970788 0.913787 0.988948 0.889317 1.009203
2.640503 0.952830 0.933987 0.972362 0.915331 0.990495 0.890727 1.010762
2.740003 0.954265 0.935375 0.973759 0.916709 0.991960 0.892068 1.012240
2.843251 0.955640 0.936794 0.975159 0.917793 0.993345 0.893342 1.013640
2.950391 0.956853 0.938125 0.976510 0.918817 0.994654 0.894551 1.014963
3.061567 0.958125 0.939420 0.977711 0.919783 0.995888 0.895696 1.016214
3.176933 0.959226 0.940592 0.978949 0.920694 0.997052 0.896779 1.017394
3.296646 0.960283 0.941598 0.980081 0.921551 0.998149 0.897833 1.018506
3.420870 0.961393 0.942674 0.980970 0.922672 0.999180 0.898840 1.019553
3.549775 0.962451 0.943688 0.981922 0.923759 1.000150 0.899789 1.020539
3.683537 0.963382 0.944676 0.982747 0.924517 1.001061 0.900684 1.021466
3.822340 0.964248 0.945606 0.983634 0.925209 1.001917 0.901525 1.022336
3.966373 0.965060 0.946480 0.984513 0.925857 1.002719 0.902316 1.023154
4.115834 0.965819 0.947300 0.985339 0.926464 1.003471 0.903060 1.023920
4.270926 0.966483 0.947952 0.986112 0.927032 1.004176 0.903757 1.024639
4.431863 0.967205 0.948634 0.986837 0.927549 1.004836 0.904411 1.025312
4.598864 0.967882 0.949217 0.987409 0.928016 1.005453 0.905024 1.025943
4.772158 0.968406 0.949808 0.988061 0.928454 1.006031 0.905599 1.026532
4.951983 0.968950 0.950410 0.988554 0.928871 1.006571 0.906136 1.027084
5.138583 0.969459 0.950975 0.989113 0.929362 1.007075 0.906639 1.027600
5.332215 0.969934 0.951458 0.989635 0.929740 1.007547 0.907110 1.028082
5.533143 0.970321 0.951944 0.990123 0.930093 1.007987 0.907550 1.028532
5.741642 0.970659 0.952245 0.990578 0.930421 1.008397 0.907956 1.028952
5.957999 0.971030 0.952549 0.990973 0.930728 1.008780 0.908319 1.029344
6.182508 0.971385 0.952935 0.991319 0.931014 1.009138 0.908658 1.029710
6.415476 0.971777 0.953301 0.991640 0.931281 1.009593 0.908974 1.030051
6.657224 0.972111 0.953643 0.991942 0.931529 1.010017 0.909269 1.030370
6.908081 0.972422 0.953962 0.992242 0.931760 1.010413 0.909544 1.030666
7.168391 0.972712 0.954258 0.992535 0.931975 1.010783 0.909801 1.030943
7.438510 0.972983 0.954466 0.992809 0.932176 1.011104 0.910040 1.031200
7.718807 0.973234 0.954672 0.993065 0.932363 1.011334 0.910263 1.031440
8.009667 0.973444 0.954914 0.993304 0.932537 1.011548 0.910470 1.031663
8.311487 0.973632 0.955122 0.993526 0.932698 1.011748 0.910664 1.031871
8.624680 0.973832 0.955324 0.993734 0.932849 1.011934 0.910844 1.032065
8.949674 0.974022 0.955513 0.993927 0.932989 1.012108 0.911011 1.032245
9.286915 0.974187 0.955682 0.994109 0.933119 1.012269 0.911167 1.032413
9.636864 0.974339 0.955820 0.994286 0.933240 1.012419 0.911313 1.032569
10.000000 0.974481 0.955968 0.994451 0.933353 1.012559 0.911448 1.032714
