0.018938 2.497422 0.455965
0.045643 2.525975 0.461178
0.058112 3.277133 0.598320
0.067732 2.686779 0.490537
0.077012 2.664596 0.486487
0.085987 2.255015 0.411708
0.095468 1.925414 0.351531
0.104402 2.105459 0.384402
0.111959 2.287891 0.417710
0.118744 2.283764 0.416956
0.125449 2.088985 0.381395
0.131875 2.244787 0.409840
0.137086 2.968745 0.542016
0.141639 2.671246 0.487701
0.146294 2.656373 0.484985
0.150472 3.151349 0.575355
0.154549 2.628958 0.479980
0.159120 2.358625 0.430624
0.163953 2.212774 0.403995
0.168795 2.213802 0.404183
0.174321 1.626667 0.296987
0.179954 1.985405 0.362484
0.185141 1.784276 0.325763
0.189782 2.407672 0.439579
0.193727 2.297215 0.419412
0.197751 2.219716 0.405263
0.202071 1.916633 0.349928
0.206553 1.966255 0.358987
0.210981 1.877872 0.342851
0.215794 1.598708 0.291883
0.220597 1.802472 0.329085
0.224557 2.282787 0.416778
0.228729 1.586909 0.289729
0.233545 1.596608 0.291499
0.237853 1.925663 0.351576
0.242289 1.458665 0.266315
0.246747 1.834216 0.334880
0.250814 1.666976 0.304347
0.255279 1.470901 0.268549
0.260142 1.351207 0.246696
0.265198 1.306941 0.238614
0.269927 1.493944 0.272756
0.275242 1.022157 0.186620
0.281894 0.885944 0.161751
0.287800 1.280635 0.233811
0.292848 1.125298 0.205450
0.298174 1.104528 0.201658
0.303385 1.133170 0.206888
0.308941 0.942084 0.172000
0.315480 0.784103 0.143157
0.321655 1.026836 0.187474
0.326899 1.058034 0.193170
0.331642 1.265416 0.231032
0.336834 0.873689 0.159513
0.342845 0.883040 0.161220
0.349042 0.792444 0.144680
0.355400 0.805210 0.147011
0.361843 0.741894 0.135451
0.369783 0.521003 0.095122
0.377882 0.674492 0.123145
0.387345 0.381769 0.069701
0.396704 0.658065 0.120146
0.403376 0.662465 0.120949
0.411057 0.486683 0.088856
0.420304 0.428074 0.078155
0.429221 0.515890 0.094188
0.438094 0.424309 0.077468
0.448580 0.350234 0.063944
0.460303 0.318157 0.058087
0.470265 0.479736 0.087587
0.481160 0.260969 0.047646
0.494861 0.269864 0.049270
0.509676 0.215324 0.039313
0.526548 0.190383 0.034759
0.546479 0.146448 0.026738
0.568696 0.139897 0.025542
0.594595 0.100342 0.018320
0.621959 0.113984 0.020811
0.655719 0.063357 0.011567
0.701217 0.052118 0.009515
0.756613 0.037483 0.006843
0.818199 0.035403 0.006464
0.886114 0.026662 0.004868
0.970182 0.019359 0.003534
1.081961 0.012495 0.002281
1.229004 0.008697 0.001588
1.423411 0.005461 0.000997
1.725565 0.002672 0.000488
2.369568 0.000811 0.000148
