0.010000 0.000339 -0.013997 0.014248 -0.019007 0.019755 -0.020176 0.037652
0.012068 0.000431 -0.013819 0.014562 -0.018983 0.020575 -0.020176 0.043952
0.014563 0.000744 -0.013679 0.014874 -0.018927 0.022451 -0.020343 0.051636
0.017575 0.001035 -0.013607 0.015205 -0.018929 0.025283 -0.020500 0.060858
0.021210 0.001429 -0.013402 0.015423 -0.018731 0.028779 -0.021395 0.071865
0.025595 0.001952 -0.013071 0.016411 -0.018631 0.034461 -0.023097 0.084915
0.030888 0.002445 -0.012655 0.017273 -0.018493 0.042118 -0.025120 0.100267
0.037276 0.003230 -0.012095 0.018654 -0.018850 0.050422 -0.027500 0.118159
0.044984 0.004264 -0.011708 0.020244 -0.018974 0.059436 -0.030270 0.138788
0.054287 0.005100 -0.011137 0.023537 -0.019838 0.071402 -0.033450 0.162281
0.065513 0.006477 -0.010379 0.030234 -0.022449 0.085604 -0.037047 0.188657
0.079060 0.009088 -0.009418 0.038291 -0.026489 0.103138 -0.042327 0.217806
0.095410 0.012227 -0.009223 0.048240 -0.033813 0.121943 -0.054015 0.249461
0.115140 0.017700 -0.009190 0.065267 -0.041177 0.147869 -0.072286 0.283188
0.138950 0.025711 -0.010094 0.088991 -0.050062 0.182628 -0.080719 0.318404
0.167683 0.036919 -0.012586 0.113152 -0.060304 0.211283 -0.096828 0.354408
0.202359 0.053028 -0.015119 0.144492 -0.071529 0.252898 -0.117106 0.390430
0.244205 0.069718 -0.016922 0.178646 -0.082884 0.296781 -0.134446 0.431545
0.294705 0.092206 -0.020746 0.221992 -0.101062 0.353387 -0.147868 0.476614
0.355648 0.114178 -0.025109 0.272507 -0.115086 0.419241 -0.157478 0.514949
0.429193 0.135833 -0.029889 0.336217 -0.128611 0.488905 -0.163983 0.551992
0.517947 0.153835 -0.035978 0.399419 -0.138435 0.547648 -0.181711 0.655144
0.625055 0.168581 -0.040972 0.450124 -0.147172 0.619654 -0.195854 0.745025
0.754312 0.182029 -0.043879 0.502262 -0.155567 0.701223 -0.205041 0.813942
0.910298 0.192430 -0.045401 0.540467 -0.160185 0.761835 -0.210718 0.863291
1.098541 0.198655 -0.046337 0.567047 -0.166664 0.808538 -0.214118 0.902147
1.325711 0.206567 -0.047303 0.591486 -0.173009 0.845324 -0.216115 0.926117
1.599859 0.212011 -0.048453 0.611952 -0.175673 0.874819 -0.217276 0.945548
1.930698 0.215908 -0.049479 0.623533 -0.179498 0.892829 -0.217947 0.959715
2.329952 0.219074 -0.050219 0.635033 -0.181800 0.906862 -0.218332 0.968421
2.811769 0.221114 -0.050746 0.646014 -0.182049 0.914430 -0.218554 0.974646
3.393222 0.222772 -0.051117 0.650923 -0.182216 0.919294 -0.218681 0.978562
4.094915 0.224992 -0.051377 0.653769 -0.183032 0.922169 -0.218753 0.981016
4.941713 0.225607 -0.051558 0.655388 -0.184425 0.923954 -0.218795 0.982550
5.963623 0.226016 -0.051684 0.661474 -0.184501 0.925314 -0.218819 0.983508
7.196857 0.226345 -0.051772 0.664768 -0.184523 0.925745 -0.218832 0.984105
8.685114 0.226467 -0.051832 0.665432 -0.184537 0.926168 -0.218840 0.984477
10.481131 0.226586 -0.051874 0.665871 -0.184545 0.926430 -0.219510 0.984730
12.648552 0.226664 -0.051903 0.666168 -0.184551 0.926591 -0.220135 0.984906
15.264180 0.226717 -0.051923 0.666363 -0.184554 0.926691 -0.220607 0.986136
18.420700 0.226751 -0.051936 0.666479 -0.184557 0.926753 -0.220762 0.987161
22.229965 0.226774 -0.051946 0.666563 -0.184571 0.926791 -0.220770 0.987907
26.826958 0.226789 -0.051953 0.666618 -0.184616 0.926815 -0.220776 0.988450
32.374575 0.226799 -0.051957 0.666655 -0.184647 0.926829 -0.220779 0.988846
39.069399 0.226806 -0.051960 0.666679 -0.184668 0.926838 -0.220782 0.989133
47.148664 0.226810 -0.051962 0.666695 -0.184683 0.926844 -0.220784 0.989342
56.898660 0.226813 -0.051964 0.666705 -0.184694 0.926847 -0.220785 0.989494
68.664885 0.226815 -0.051965 0.666712 -0.184701 0.926849 -0.220786 0.989605
82.864277 0.226816 -0.051965 0.666717 -0.184706 0.926851 -0.220787 0.989685
100.000000 0.226817 -0.051966 0.666720 -0.184710 0.926851 -0.220787 0.989743
