0.010000 0.001610 0.000287 0.006938 0.000053 0.035221 0.000002 0.173305
0.012068 0.001940 0.000356 0.008286 0.000068 0.040779 0.000003 0.202694
0.014563 0.002362 0.000446 0.009725 0.000086 0.046930 0.000003 0.233460
0.017575 0.002873 0.000557 0.011432 0.000107 0.053361 0.000004 0.264680
0.021210 0.003500 0.000696 0.013597 0.000133 0.060881 0.000005 0.295376
0.025595 0.004242 0.000864 0.016052 0.000169 0.069797 0.000006 0.324634
0.030888 0.005105 0.001063 0.018789 0.000214 0.080742 0.000007 0.351706
0.037276 0.006125 0.001331 0.021945 0.000268 0.091971 0.000009 0.376079
0.044984 0.007431 0.001650 0.026265 0.000321 0.105437 0.000011 0.397485
0.054287 0.008908 0.002056 0.030612 0.000397 0.120300 0.000013 0.404888
0.065513 0.010735 0.002603 0.035053 0.000494 0.136604 0.000016 0.408145
0.079060 0.013005 0.003257 0.040752 0.000613 0.153083 0.000019 0.410761
0.095410 0.015520 0.004042 0.047884 0.000761 0.168983 0.000023 0.412855
0.115140 0.018880 0.005028 0.055954 0.000943 0.191631 0.000027 0.419125
0.138950 0.022704 0.006083 0.065148 0.001149 0.208127 0.000032 0.441934
0.167683 0.027330 0.007286 0.074858 0.001426 0.225753 0.000039 0.461564
0.202359 0.032276 0.008721 0.085270 0.001681 0.244489 0.000045 0.478162
0.244205 0.038010 0.010420 0.096620 0.002046 0.267998 0.000053 0.483525
0.294705 0.044026 0.012371 0.111389 0.002472 0.285364 0.000061 0.486229
0.355648 0.051660 0.014652 0.126356 0.002819 0.304062 0.000070 0.488352
0.429193 0.060712 0.017439 0.142403 0.003291 0.316247 0.000080 0.490014
0.517947 0.070418 0.020614 0.158443 0.003826 0.330858 0.000089 0.491314
0.625055 0.080284 0.024123 0.174141 0.004428 0.348429 0.000099 0.492328
0.754312 0.092654 0.028757 0.191100 0.005097 0.368447 0.000109 0.493120
0.910298 0.106369 0.033596 0.208471 0.005833 0.385105 0.000118 0.493737
1.098541 0.119560 0.037706 0.226273 0.006519 0.400120 0.000127 0.494217
1.325711 0.134767 0.042878 0.244957 0.007086 0.413830 0.000136 0.494591
1.599859 0.147706 0.048465 0.258628 0.007896 0.423343 0.000143 0.494882
1.930698 0.160842 0.051663 0.277745 0.008910 0.428214 0.000150 0.498450
2.329952 0.174933 0.056497 0.297068 0.009591 0.436630 0.000156 0.505173
2.811769 0.188893 0.061063 0.314096 0.010257 0.450319 0.000161 0.511099
3.393222 0.201803 0.066890 0.331860 0.010901 0.460263 0.000166 0.516305
4.094915 0.213466 0.070780 0.346930 0.011854 0.467514 0.000170 0.520865
4.941713 0.224415 0.074583 0.359782 0.012412 0.476481 0.000173 0.527647
5.963623 0.236397 0.076942 0.373911 0.013173 0.484242 0.000175 0.533521
7.196857 0.243327 0.078464 0.386421 0.013328 0.490923 0.000178 0.538305
8.685114 0.248018 0.080387 0.398654 0.013590 0.495794 0.000180 0.542185
10.481131 0.255769 0.082296 0.408546 0.014032 0.500147 0.000181 0.545322
12.648552 0.262865 0.084253 0.416817 0.014424 0.506909 0.000182 0.547852
15.264180 0.267100 0.085961 0.424672 0.014754 0.512533 0.000183 0.548457
18.420700 0.271549 0.087458 0.431848 0.015031 0.517189 0.000184 0.548693
22.229965 0.276358 0.088905 0.438808 0.015261 0.522536 0.000185 0.549916
26.826958 0.277890 0.089906 0.442345 0.015489 0.527388 0.000186 0.550886
32.374575 0.279080 0.091027 0.445529 0.015688 0.530717 0.000186 0.551655
39.069399 0.280315 0.091857 0.448607 0.015862 0.533069 0.000186 0.552264
47.148664 0.281422 0.092486 0.452133 0.016012 0.534651 0.000187 0.552747
56.898660 0.283041 0.092990 0.453279 0.016142 0.536337 0.000187 0.553129
68.664885 0.283591 0.093527 0.455125 0.016254 0.537302 0.000187 0.553432
82.864277 0.284551 0.093967 0.456685 0.016351 0.537768 0.000187 0.553671
100.000000 0.285115 0.094049 0.458324 0.016434 0.539030 0.000188 0.553998
