0.010000 1020960310.038527 363916129.383505 1686167976.204515 125070098.537571 1961827893.626212 63501898.786158 2219760785.315556
0.012068 922352054.330683 339190337.845732 1436055961.667464 123378264.836119 1675389983.083918 63302509.770654 1885340411.323932
0.014563 810944641.397713 312564145.711483 1224257113.194581 122389546.680145 1411901606.638987 63100306.093761 1585541410.807549
0.017575 717645382.741172 289500836.987026 1033525411.595647 118202842.352826 1184720622.374200 62894388.220372 1353293716.599423
0.021210 627574581.998631 266322250.460519 875870017.984514 114147947.129400 996490864.203027 62683576.942848 1165413259.675412
0.025595 552472216.069096 247812828.302209 737021941.596861 109189585.619119 828934102.455130 62466313.167940 980190886.513654
0.030888 478849418.141262 228886071.159456 613987402.023997 104942384.090293 693907030.285004 62240518.094602 810991249.790925
0.037276 414026219.172219 207832398.646168 517183548.643261 101029096.473565 578185933.553909 62003397.610335 670772870.981115
0.044984 355863807.911196 193789142.542087 432225165.941188 97164789.290925 483751918.812973 61751168.105730 554575417.282153
0.054287 302417508.365856 175282589.864055 360707514.178099 92739489.610235 402406592.539444 61478671.869064 458288165.476430
0.065513 256839834.860797 159999814.094959 301322831.099862 88801190.780226 335355411.854600 61178838.511788 378785805.587609
0.079060 217027217.569667 144977289.759441 250414848.780247 85637745.844076 279287751.486180 60029200.493164 333944100.913815
0.095410 182252119.384494 131242772.879541 208383774.906442 82343919.754359 231124954.220591 58672566.945695 293317053.331664
0.115140 152770992.991576 117560685.291415 172637278.747806 79013448.529088 192556885.239031 57262856.802065 254875878.286647
0.138950 127809621.120331 104695307.804037 143084837.389209 74771707.989814 159550599.149471 55773237.025051 218854284.733276
0.167683 106553627.870262 90590735.912782 118964545.054856 69187281.279680 131466315.772179 53930065.766186 185499989.918303
0.202359 89326334.791410 77673608.210683 98727173.979957 62957296.610706 108685101.819693 50730545.404927 155046952.425362
0.244205 74487445.116002 65948323.958000 82398313.424182 57102048.390268 89918650.379322 49245857.638405 127685132.074990
0.294705 62056713.959454 55804337.205571 68403128.119006 49239752.674661 75114413.779594 44725867.166007 103532496.341783
0.355648 51367815.325430 46658862.186751 56879937.665016 41890027.226982 62747353.625472 38901605.915217 82614400.270186
0.429193 42526234.872666 38428371.834625 47253189.768013 34647072.142769 52627747.565623 31661364.808040 64854456.778775
0.517947 34979350.557488 31451295.336343 39278902.716450 28257885.846849 45049379.429033 25685326.606426 50390970.046145
0.625055 28585087.524225 25558334.357845 32660191.319583 22789878.638730 38250501.890561 20753672.439538 46812237.968750
0.754312 23251721.503942 20673142.617651 26749260.012816 18354586.102989 32109901.725299 16688827.458610 42885457.744703
0.910298 18783957.547718 16665635.957666 21738485.234166 14810213.854411 27165421.214715 13344970.398911 38557601.769636
1.098541 15046047.684658 13336543.930423 17505716.534514 11787393.427984 22600802.410004 10601542.986732 33749895.934212
1.325711 11481862.911346 9932233.601380 13396722.887222 7997966.355856 16877799.120540 6878653.941143 22493265.706530
1.599859 8269093.722827 5693377.907590 9771906.347311 3859546.959673 12041667.900612 2972110.788980 14519438.015954
1.930698 5133901.546111 2695763.159653 7133553.130646 1776145.874859 8579111.695039 1202621.722946 11177791.251985
2.329952 2507786.876445 1279635.048356 4911535.530387 788558.326051 6259512.705980 497377.119463 7637433.154592
2.811769 1227103.899597 588148.747468 2962368.926231 323629.191157 4345519.624780 202619.371687 6016042.249530
3.393222 590959.535272 275483.690004 1487050.448531 136624.936960 2910588.881636 82542.216311 3601130.198021
4.094915 291616.203424 127931.120314 722601.575099 56509.566372 1972216.713666 33625.696383 2502866.603275
4.941713 141388.211638 56427.059834 359505.542362 23203.399008 1294735.776216 13698.292919 1847272.618589
5.963623 67576.703525 24963.769800 184905.417220 9434.109797 894167.422773 5530.406189 1353724.563077
7.196857 32140.190446 11181.509990 95686.761053 3849.988088 576109.403222 2229.831726 973902.071930
8.685114 15303.662780 4888.751543 49035.056577 1575.148921 332109.129074 899.056842 687349.471089
10.481131 7413.901175 2112.935380 25187.703662 640.011837 182363.854012 362.495159 465986.279646
12.648552 3542.121247 906.404980 13447.230939 260.947005 86389.179438 143.327147 265783.964580
15.264180 1678.469085 394.712076 6969.482161 106.393875 45887.926868 56.241970 173719.362864
18.420700 787.871079 168.902831 3740.781804 43.379140 18461.224326 22.069505 87356.740404
22.229965 381.269346 72.906367 1978.000621 17.686636 9904.921455 8.660135 40887.684783
26.826958 179.089444 30.357514 1044.320539 7.360053 4891.391100 3.398261 20683.825961
32.374575 87.641780 13.128393 554.316579 2.957096 2323.494139 1.333487 9652.415503
39.069399 41.483373 5.631382 302.052665 1.201686 1109.343761 0.523264 5295.148183
47.148664 20.073535 2.364681 162.893301 0.481642 586.768663 0.205330 2910.410004
56.898660 9.542252 1.000163 85.831364 0.193045 287.643267 0.080572 1599.669376
68.664885 4.582644 0.426341 46.431583 0.077374 151.345460 0.031617 847.386773
82.864277 2.208450 0.182481 23.798261 0.031012 83.555506 0.012406 447.272134
100.000000 1.053918 0.077520 12.476736 0.012239 46.247261 0.004868 236.081526
