0.001000 0.152013 0.125082 0.175858 0.114413 0.186517 0.113101 0.188229
0.001038 0.169853 0.139761 0.196496 0.127840 0.208406 0.126375 0.210320
0.001077 0.189787 0.156163 0.219557 0.142843 0.232864 0.141206 0.235002
0.001117 0.212060 0.174490 0.245324 0.159607 0.260193 0.157778 0.262582
0.001159 0.236947 0.194968 0.274114 0.178338 0.290729 0.176294 0.293398
0.001203 0.264754 0.217849 0.306284 0.199268 0.324848 0.196984 0.327830
0.001248 0.295825 0.243416 0.342229 0.222653 0.362972 0.220101 0.366304
0.001296 0.330543 0.271982 0.382392 0.248784 0.405569 0.245932 0.409293
0.001344 0.369335 0.303902 0.427268 0.277980 0.453166 0.274794 0.457326
0.001395 0.412679 0.339567 0.477412 0.310603 0.506348 0.307043 0.510997
0.001448 0.461110 0.379417 0.533439 0.347055 0.565772 0.343077 0.570966
0.001502 0.515224 0.423945 0.596042 0.387784 0.632170 0.383339 0.637973
0.001559 0.575690 0.473698 0.665992 0.433294 0.706359 0.428327 0.712844
0.001617 0.643251 0.529290 0.744151 0.484144 0.789255 0.478594 0.796501
0.001678 0.718741 0.591405 0.831482 0.540961 0.881880 0.534760 0.889976
0.001742 0.803090 0.660811 0.929063 0.604447 0.985375 0.597518 0.994421
0.001807 0.897338 0.738361 1.038094 0.675383 1.101015 0.667641 1.111123
0.001875 1.002646 0.825013 1.159921 0.754643 1.230226 0.745993 1.241520
0.001946 1.120313 0.921833 1.296045 0.843205 1.374601 0.833539 1.387220
0.002019 1.251788 1.030016 1.448144 0.942160 1.535918 0.931360 1.550019
0.002095 1.398693 1.150894 1.618092 1.052728 1.716167 1.040661 1.731923
0.002174 1.562837 1.285957 1.807983 1.176271 1.917568 1.162788 1.935173
0.002256 1.746244 1.436871 2.020160 1.314313 2.142605 1.299247 2.162276
0.002341 1.951174 1.605495 2.257235 1.468554 2.394050 1.451720 2.416029
0.002430 2.180153 1.793907 2.522132 1.640895 2.675003 1.622086 2.699561
0.002521 2.436003 2.004430 2.818115 1.833461 2.988925 1.812445 3.016366
0.002616 2.721878 2.239657 3.148831 2.048625 3.339687 2.025142 3.370348
0.002715 3.041299 2.502488 3.518357 2.289038 3.731611 2.262799 3.765870
0.002817 3.398205 2.796163 3.931247 2.557664 4.169526 2.528345 4.207806
0.002923 3.796992 3.124299 4.392588 2.857812 4.658831 2.825053 4.701602
0.003033 4.242577 3.490942 4.908067 3.193182 5.205554 3.156579 5.253345
0.003148 4.740450 3.900609 5.484036 3.567906 5.816433 3.527008 5.869832
0.003266 5.296745 4.358349 6.127592 3.986603 6.498996 3.940905 6.558662
0.003389 5.918320 4.869802 6.846667 4.454432 7.261655 4.403371 7.328322
0.003517 6.612832 5.441271 7.650120 4.977157 8.113806 4.920104 8.188297
0.003650 7.388839 6.079798 8.547852 5.561221 9.065952 5.497473 9.149184
0.003787 8.255905 6.793250 9.550925 6.213819 10.129823 6.142590 10.222823
0.003930 9.224712 7.590419 10.671699 6.942993 11.318529 6.863406 11.422442
0.004078 10.307197 8.481126 11.923983 7.757727 12.646716 7.668801 12.762822
0.004232 11.516698 9.476345 13.323206 8.668059 14.130748 8.568698 14.260479
0.004391 12.868115 10.588339 14.886606 9.685205 15.788909 9.574185 15.933863
0.004557 14.378099 11.830807 16.633446 10.821697 17.641628 10.697649 17.803591
0.004728 16.065251 13.219056 18.585245 12.091534 19.711728 11.952930 19.892697
0.004906 17.950355 14.770186 20.766046 13.510361 22.024712 13.355493 22.226915
0.005091 20.056633 16.503305 23.202714 15.095654 24.609070 14.922613 24.835000
0.005283 22.410028 18.439762 25.925263 16.866940 27.496637 16.673596 27.749077
0.005482 25.039528 20.603407 28.967226 18.846037 30.722979 18.630006 31.005039
0.005689 27.977518 23.020889 32.366068 21.057319 34.327831 20.815941 34.642986
0.005903 31.260180 25.721979 36.163648 23.528019 38.355588 23.258320 38.707722
0.006126 34.927939 28.739941 40.406732 26.288563 42.855852 25.987220 43.249302
0.006356 39.025959 32.111936 45.147567 29.372944 47.884037 29.036244 48.323649
0.006596 43.604697 35.879484 50.444525 32.819138 53.502053 32.442935 53.993243
0.006844 48.720525 40.088967 56.362821 36.669573 59.779067 36.249233 60.327885
0.007102 54.436420 44.792208 62.975312 40.971650 66.792352 40.501996 67.405557
0.007370 60.822743 50.047099 70.363392 45.778325 74.628236 45.253572 75.313381
0.007648 67.958093 55.918318 78.617993 51.148756 83.383163 50.562443 84.148684
0.007936 75.930283 62.478117 87.840700 57.149037 93.164874 56.493943 94.020199
0.008235 84.837410 69.807216 98.144998 63.852999 104.093733 63.121058 105.049393
0.008545 94.789061 77.995785 109.657664 71.343123 116.304201 70.525323 117.371962
0.008867 105.907655 87.144557 122.520320 79.711549 129.946484 78.797823 131.139492
0.009201 118.329948 97.366057 136.891171 89.061205 145.188377 88.040304 146.521318
0.009548 132.208700 108.785985 152.946944 99.507068 162.217318 98.366428 163.706597
0.009908 147.714557 121.544751 170.885048 111.177574 181.242681 109.903155 182.906627
0.010281 165.038130 135.799198 190.925994 124.216185 202.498342 122.792306 204.357432
0.010669 184.392329 151.724517 213.316092 138.783151 226.245542 137.192293 228.322649
0.011071 206.014972 169.516390 238.330459 155.057464 252.776073 153.280054 255.096750
0.011488 230.171680 189.393382 266.276386 173.239045 282.415850 171.253222 285.008643
0.011921 257.159130 211.599609 297.497085 193.551188 315.528888 191.332529 318.425685
0.012370 287.308670 236.407714 332.375879 216.243283 352.521745 213.764506 355.758164
0.012836 320.990358 264.122195 371.340873 241.593853 393.848473 238.824485 397.464303
0.013320 358.617470 295.083112 414.870170 269.913953 440.016155 266.819954 444.055840
0.013822 400.651532 329.670221 463.497691 301.550951 491.591072 298.094299 496.104254
0.014343 447.607927 368.307601 517.819662 336.892749 549.205590 333.030978 554.247717
0.014883 500.062157 411.468792 578.501856 376.372500 613.565835 372.058176 619.198838
0.015444 558.656820 459.682549 646.287672 420.473857 685.460264 415.654003 691.753314
0.016026 624.109401 513.539242 722.007138 469.736836 765.769216 464.352285 772.799562
0.016630 697.220947 573.698003 806.586955 524.764346 855.475558 518.749020 863.329478
0.017256 778.885751 640.894686 901.061691 586.229478 955.676569 579.509583 964.450410
0.017907 870.102133 715.950744 1006.586265 654.883619 1067.597166 647.376747 1077.398524
0.018581 971.984466 799.783124 1124.449851 731.565503 1192.604665 723.179634 1203.553687
0.019281 1085.776574 893.415287 1256.091378 817.211296 1332.225207 807.843678 1344.456053
0.020008 1212.866648 997.989486 1403.116788 912.865823 1488.162077 902.401725 1501.824543
0.020762 1354.803872 1114.780443 1567.318271 1019.695079 1662.316090 1008.006407 1677.577423
0.021544 1513.316924 1245.210577 1750.695664 1139.000155 1856.808298 1125.943899 1873.855218
0.022356 1690.334575 1390.866948 1955.480286 1272.232744 2074.005264 1257.649255 2093.046218
0.023199 1888.008612 1553.520123 2184.161453 1421.012391 2316.547184 1404.723456 2337.814858
0.024073 2108.739336 1735.145153 2439.515976 1587.145687 2587.379178 1568.952381 2611.133296
0.024980 2355.203919 1937.944910 2724.640968 1772.647609 2889.786079 1752.327911 2916.316524
0.025921 2630.387924 2164.376022 3042.990309 1979.765246 3227.431114 1957.071377 3257.061398
0.026898 2937.620338 2417.177696 3398.415168 2211.004163 3604.398877 2185.659623 3637.490014
0.027911 3280.612470 2699.403727 3795.209011 2469.157683 4025.243067 2440.853953 4062.197876
0.028963 3663.501144 3014.458042 4238.157563 2757.339393 4495.039483 2725.732262 4536.307382
0.030055 4090.896625 3366.134129 4732.594257 3079.019215 5019.444823 3043.724698 5065.527164
0.031187 4567.935766 3758.658771 5284.461709 3438.063409 5604.761898 3398.653201 5656.217897
0.032362 5100.340910 4196.740515 5900.379871 3838.778905 6258.011904 3794.775331 6315.465237
0.033582 5694.485135 4685.623353 6587.721499 4285.962408 6987.014474 4236.832811 7051.160608
0.034847 6357.464460 5231.146141 7354.695694 4784.954749 7800.476277 4730.105247 7872.090611
0.036160 7097.177708 5839.808309 8210.440287 5341.700986 8708.089002 5280.469553 8788.035915
0.037523 7922.414753 6518.842476 9165.123931 5962.816832 9720.637641 5894.465605 9809.880525
0.038937 8842.953946 7276.294614 10230.058809 6655.661977 10850.120029 6579.368728 10949.732425
0.040404 9869.669571 8121.112468 11417.824945 7428.420966 12109.878685 7343.269651 12221.056628
0.041927 11014.650236 9063.242970 12742.407161 8290.192306 13514.746076 8195.162585 13638.821776
0.043507 12291.329145 10113.739436 14219.345794 9251.086519 15081.204466 9145.042155 15219.661451
0.045146 13714.627285 11284.879381 15865.902338 10322.333907 16827.561595 10204.009931 16982.051473
0.046847 15301.110568 12590.293820 17701.241228 11516.402826 18774.143489 11384.391347 18946.504477
0.048612 17069.162022 14045.108959 19746.629055 12847.129290 20943.505742 12699.863815 21135.783134
0.050444 19039.170176 15666.101198 22025.652489 14329.858754 23360.664652 14165.596885 23575.133410
0.052345 21233.734755 17471.866389 24564.456246 15981.600933 26053.349612 15798.405294 26292.539277
0.054317 23677.890843 19483.004284 27392.002411 17821.198520 29052.278147 17616.915741 29319.000268
0.056364 26399.352607 21722.319076 30540.352394 19869.510623 32391.454964 19641.748228 32688.833280
0.058488 29428.777647 24215.036921 34044.972740 22149.611726 36108.496295 21895.712740 36439.999892
0.060692 32800.052918 26989.041201 37945.065909 24687.006896 40244.980727 24404.021980 40614.460413
0.062979 36550.603049 30075.126223 42283.926956 27509.863835 44846.827503 27194.520766 45258.555660
0.065352 40721.721685 33507.269854 47109.326840 30649.262262 49964.703060 30297.932554 50423.417227
0.067815 45358.926190 37322.925388 52473.922776 34139.460887 55654.456256 33748.123349 56165.406707
0.070370 50512.335744 41563.332656 58435.695633 38018.181983 61977.582281 37582.383018 62546.583862
0.073022 56237.072402 46273.848030 65058.413906 42326.913244 69001.714743 41841.723683 69635.203229
0.075774 62593.684129 51504.292511 72412.123106 47111.226181 76801.144734 46571.194476 77506.237949
0.078629 69648.588168 57309.316554 80573.658681 52421.109830 85457.364826 51820.211412 86241.928758
0.081592 77474.532258 63748.779564 89627.179572 58311.317880 95059.634977 57642.900542 95932.355089
0.084666 86151.070212 70888.141226 99664.718395 64841.726622 105705.566056 64098.451802 106676.023953
0.087857 95765.047205 78798.860815 110786.742848 72077.700201 117501.715279 71251.480073 118580.470843
0.091167 106411.088705 87558.799508 123102.721344 80090.458613 130564.186126 79172.388964 131762.865157
0.094603 118192.085386 97252.619382 136731.683976 88957.442671 145019.223305 87937.731590 146350.610627
0.098168 131219.664460 107972.171245 151802.767789 98762.668755 161003.791075 97630.561258 162481.928948
0.101867 145614.635767 119816.861699 168455.732843 109597.064567 178666.120593 108340.763375 180306.412151
0.105705 161507.398583 132893.987870 186841.432831 121558.775306 198166.209048 120165.358111 199985.526324
0.109688 179038.292428 147319.026070 207122.220916 134753.427715 219676.250105 133208.761419 221693.046000
0.113822 198357.872318 163215.858277 229472.268159 149294.337243 243380.971627 147582.989822 245615.394986
0.118111 219627.085774 180716.917794 254077.768291 165302.641272 269477.852865 163407.792116 271951.865542
0.122561 243017.325687 199963.232741 281136.998878 182907.338907 298177.189323 180810.688702 300914.683846
0.127180 268710.329818 221104.343360 310860.205044 202245.215335 329701.969440 199926.896811 332728.885542
0.131972 296897.894436 244298.066392 343469.268204 223460.626294 364287.523239 220899.117441 367631.961162
0.136945 327781.366544 269710.077259 379197.118632 246705.115894 402180.899293 243877.157569 405873.227373
0.142105 361570.876442 297513.278585 418286.847643 272136.839006 443639.923095 269017.359151 447712.876705
0.147460 398484.270325 327886.921910 460990.472767 299919.757883 488931.887383 296481.804953 493420.655846
0.153017 438745.701478 361015.448469 507567.307949 330222.581816 538331.823562 326437.270369 543274.121201
0.158783 482583.838731 397087.015044 558281.890989 363217.418727 592120.303516 359053.890462 597556.420517
0.164766 530229.652590 436291.672320 613401.422403 399078.108899 650580.723239 394503.512802 656553.551579
0.170975 581913.743258 478819.166284 673192.674319 437978.213907 713996.024368 432957.709441 720551.053647
0.177417 637863.181044 524856.338399 737918.335271 480088.638543 782644.817436 474585.426106 789830.095110
0.184103 698297.838881 574584.107876 807832.767440 525574.870488 856796.881947 519550.253508 864662.932255
0.191040 763426.209228 628174.029668 883177.167389 574593.831888 936708.033797 568007.315008 945307.729563
0.198239 833440.713810 685784.435162 964174.140096 627290.349232 1022614.370430 620099.776963 1032002.752032
0.205709 908512.534762 747556.179061 1051021.719309 683793.263000 1114725.928754 675955.002964 1124959.964872
0.213460 988786.019630 813608.035620 1143886.894915 744211.216578 1213219.820198 735680.391031 1224358.105527
0.221504 1074372.740292 884031.810118 1242898.739946 808628.184701 1318232.941128 799358.953302 1330335.327178
0.229851 1165345.316511 958887.256658 1348141.265293 877098.824737 1429854.394478 867044.720613 1442981.550793
0.238512 1261731.147642 1038196.920399 1459646.168171 949643.758851 1548117.798685 938758.078740 1562330.703451
0.247499 1363506.229641 1121941.049965 1577385.679266 1026244.920365 1672993.701290 1014481.168100 1688353.062296
0.256826 1470589.267122 1210052.752642 1701265.751202 1106841.122188 1804382.354547 1094153.502986 1820947.963823
0.266503 1582836.319573 1302413.589097 1831119.864977 1191324.027289 1942107.146452 1177667.988223 1959937.174594
0.276546 1700036.244373 1398849.823731 1966703.758158 1279534.718872 2085909.009414 1264867.528664 2105059.248580
0.286967 1821907.214009 1499129.558918 2107691.395796 1371261.079053 2235442.146952 1355542.437914 2255965.214623
0.297780 1948094.588009 1602960.983960 2253672.508551 1466236.187172 2390271.422605 1449428.854999 2412215.941377
0.309001 2078170.408771 1709991.960239 2404152.009435 1564137.940326 2549871.741323 1546208.369254 2573281.513019
0.320645 2211634.762309 1819811.140882 2558551.568004 1664590.077538 2713629.719074 1645509.032745 2738542.914180
0.332727 2347919.198490 1931950.785057 2716213.567095 1767164.753996 2880847.879400 1746907.905008 2907296.265039
0.345265 2486392.340135 2045891.373338 2876407.591770 1871386.762764 3050751.535676 1849935.226361 3078759.766754
0.358275 2626367.727455 2161068.062380 3038339.504223 1976739.438894 3222498.416057 1954080.254338 3252083.414779
0.371776 2767113.846240 2276878.936475 3201163.045001 2082672.207168 3395190.967869 2058798.724915 3426361.416222
0.385785 2907866.179549 2392694.924099 3363993.775113 2188609.652812 3567891.144772 2163521.819247 3600647.112761
0.400322 3047841.009121 2507871.154207 3525925.042331 2293961.909153 3739637.340810 2267666.432247 3773970.070159
0.415407 3186250.581936 2621759.435810 3686045.526774 2398136.072749 3909462.999456 2370646.456872 3945354.858166
0.431060 3322319.157293 2733721.462081 3843457.805134 2500548.281249 4076416.303054 2471884.723533 4113840.920710
0.447304 3455299.368989 2843142.273729 3997297.279421 2600636.028408 4239580.248863 2570825.173941 4278502.836263
0.464159 3584488.283329 2949443.472101 4146750.753831 2697870.250172 4398092.351902 2666944.808657 4438470.201574
0.481649 3709242.513196 3052095.655568 4291073.919610 2791766.700303 4551163.189600 2759764.932313 4592946.346568
0.499799 3828991.765283 3150629.566671 4429607.027298 2881896.146726 4698093.023964 2848861.233082 4741225.109124
0.518632 3943250.253067 3244645.483111 4561788.089950 2967892.961517 4838285.805065 2933872.274200 4882704.967119
0.538175 4051625.500238 3333820.461529 4687163.067458 3049461.746818 4971259.972657 3014506.043927 5016899.939213
0.558455 4153824.182757 3417913.144554 4805392.625007 3126381.731871 5096655.624263 3090544.302181 5143446.818753
0.579498 4249654.804553 3496765.962457 4916255.228470 3198508.786882 5214237.798198 3161844.571315 5262108.486924
0.601335 4339027.161558 3570304.692150 5019646.524379 3265775.019631 5323895.815953 3228339.737351 5372773.249104
0.623994 4421948.710017 3638535.468893 5115575.138562 3328186.042070 5425638.826183 3290035.347911 5475450.337940
0.647508 4498518.105907 3701539.470307 5204155.202167 3385816.107764 5519587.877718 3347004.805399 5570261.913582
0.671907 4568916.312450 3759465.599317 5285596.064287 3438801.418939 5605965.008653 3399382.750767 5657432.052606
0.697226 4633395.773303 3812521.575474 5360189.766864 3487331.977678 5685079.962090 3447357.008121 5737273.341790
0.723499 4692268.214468 3860963.897936 5428296.933211 3531642.405003 5757315.219332 3491159.509044 5810171.773910
0.750762 4745891.665579 3905087.166121 5490331.753453 3572002.172431 5823110.075270 3531056.636126 5876570.676919
0.779052 4794657.281760 3945213.236270 5546746.739268 3608705.683428 5882944.469082 3567339.418111 5936954.396203
0.808408 4838976.504456 3981680.656929 5598017.870766 3642062.609988 5937323.230841 3600313.977254 5991832.396562
0.838870 4879269.029454 4014834.768600 5644630.677171 3672388.836748 5986761.318519 3630292.577232 6041724.363675
0.870480 4915951.960504 4045018.778971 5687067.689084 3699998.297442 6031770.509717 3657585.553187 6087146.773654
0.903282 4949430.425822 4072566.041840 5725797.583094 3725195.912405 6072847.888309 3682494.330180 6128601.273980
0.937319 4980089.830487 4097793.682105 5761266.218882 3748271.757322 6110466.338283 3705305.658783 6166565.090080
0.972639 5008289.817727 4120997.626909 5793889.653275 3769496.518185 6145067.134380 3726287.122141 6201483.547934
1.009290 5034359.922333 4142449.029110 5824049.111860 3789118.219828 6177054.608915 3745683.902001 6233764.691936
1.047322 5058596.824123 4162392.007331 5852087.811620 3807360.158740 6206792.781834 3763716.735225 6263775.884014
1.086787 5081263.051092 4181042.578873 5878309.460664 3824419.926994 6234603.769511 3780580.948906 6291842.197817
1.127740 5102586.941422 4198588.628452 5902978.214281 3840469.383650 6260767.738135 3796446.432100 6318246.371672
1.170235 5122763.650211 4215190.736570 5926319.839575 3855655.412474 6285524.138936 3811458.384855 6343230.055157
1.214332 5141956.978917 4230983.684847 5948523.831885 3870101.298867 6309073.952889 3825738.679365 6366996.074403
1.260090 5160301.810622 4246078.459844 5969746.232040 3883908.562774 6331582.678721 3839387.671860 6389711.447544
1.307573 5177906.949351 4260564.589354 5990112.911054 3897159.095701 6353183.816701 3852486.315133 6411510.900482
1.356845 5194858.183960 4274512.663476 6009723.114614 3909917.466755 6373982.627967 3865098.438138 6432500.660734
1.407973 5211221.423658 4287976.914631 6028653.090439 3922233.282595 6394059.981743 3877273.078900 6452762.339964
1.461028 5227045.780659 4300997.754083 6046959.654483 3934143.507599 6413476.137690 3889046.778078 6472356.751065
1.516083 5242366.503742 4313604.185773 6064683.584644 3945674.671813 6432274.345326 3900445.761605 6491327.540616
1.573212 5257207.693074 4325816.040167 6081852.761437 3956844.914261 6450484.175051 3911487.960578 6509704.550498
1.632493 5271584.750520 4337645.990464 6098485.002664 3967665.827179 6468124.524635 3922184.834355 6527506.851975
1.694009 5285506.540188 4349101.330365 6114590.562855 3978144.082150 6485206.270152 3932542.978041 6544745.420973
1.757842 5298977.250805 4360185.506502 6130174.287780 3988282.831827 6501734.551083 3942565.508152 6561425.444157
1.824081 5311997.964839 4370899.409569 6145237.429704 3998082.890929 6517710.695593 3952253.230067 6577548.261886
1.892816 5324567.949152 4381242.436311 6159779.140487 4007543.707659 6533133.804137 3961605.598315 6593112.966355
1.964141 5336685.688849 4391213.340223 6173797.667611 4016664.141832 6548002.017972 3970621.485779 6608117.681758
2.038154 5348349.690291 4400810.892285 6187291.283143 4025443.069255 6562313.504432 3979299.781155 6622560.558605
2.114955 5359559.081356 4410034.374882 6200258.978159 4033879.833525 6576067.193443 3987639.835563 6636440.516994
2.194651 5370314.037540 4418883.932421 6212700.955686 4041974.566731 6589263.300335 3995641.779578 6649757.774234
2.277350 5380616.061694 4427360.801499 6224618.954309 4049728.399994 6601903.669074 4003306.731354 6662514.191220
2.363165 5390468.143489 4435467.442124 6236016.432660 4057143.583494 6613991.967923 4010636.915280 6674713.469893
2.452213 5399874.822464 4443207.589588 6246898.642350 4064223.533923 6625533.766803 4017635.708880 6686361.231310
2.544617 5408842.175898 4450586.244491 6257272.613939 4070972.825353 6636536.522410 4024307.633796 6697465.000623
2.640503 5417377.750021 4457609.616138 6267147.077358 4077397.137465 6647009.493808 4030658.304603 6708034.121904
2.740003 5425490.450377 4464285.032325 6276532.335074 4083503.173030 6656963.607917 4036694.347237 6718079.622389
2.843251 5433190.404572 4470620.826402 6285440.103307 4089298.554605 6666411.291094 4042423.296879 6727614.042520
2.950391 5440488.808237 4476626.210531 6293883.333834 4094791.708596 6675366.280147 4047853.483345 6736651.245217
3.061567 5447397.762911 4482311.142285 6301876.026442 4099991.743246 6683843.423413 4052993.910470 6745206.215138
3.176933 5453930.112641 4487686.190198 6309433.039891 4104908.325644 6691858.480268 4057854.134531 6753294.856342
3.296646 5460099.284454 4492762.402504 6316569.907373 4109551.561662 6699427.925395 4062444.145557 6760933.794761
3.420870 5465919.136499 4497551.182174 6323302.660822 4113931.881655 6706568.762453 4066774.254339 6768140.190162
3.549775 5471403.816476 4502064.170439 6329647.667147 4118059.933910 6713298.350376 4070854.987107 6774931.560846
3.683537 5476567.632062 4506313.140157 6335621.478325 4121946.487121 6719634.244384 4074696.989112 6781325.623204
3.822340 5481424.934254 4510309.899836 6341240.696449 4125602.342586 6725594.052851 4078310.937838 6787340.147268
3.966373 5485990.014001 4514066.208574 6346521.854145 4129038.256409 6731195.310474 4081707.466092 6792992.828718
4.115834 5490277.012020 4517593.701852 6351481.310240 4132264.871619 6736455.367617 4084897.094906 6798301.177207
4.270926 5494299.841363 4520903.827819 6356135.160188 4135292.659897 6741391.295306 4087890.175922 6803282.420484
4.431863 5498072.122079 4524007.793532 6360499.160477 4138131.872391 6746019.805055 4090696.842781 6807953.423491
4.598864 5501607.127139 4526916.520462 6364588.666073 4140792.499022 6750357.182524 4093326.970891 6812330.621401
4.772158 5504917.738708 4529640.608507 6368418.579839 4143284.235570 6754419.233860 4095790.144889 6816429.965473
4.951983 5508016.413800 4532190.307739 6372003.312793 4145616.457825 6758221.243560 4098095.633092 6820266.880529
5.138583 5510915.158337 4534575.497053 6375356.754106 4147798.202060 6761777.942640 4100252.368192 6823856.232824
5.332215 5513625.508656 4536805.668956 6378492.249703 4149838.151117 6765103.485944 4102268.933498 6827212.307158
5.533143 5516158.519551 4538889.919722 6381422.588432 4151744.625403 6768211.437475 4104153.554042 6830348.792059
5.741642 5518524.757977 4540836.944214 6384159.994778 4153525.578149 6771114.762664 4105914.091889 6833278.771993
5.957999 5520734.301617 4542655.034705 6386716.127210 4155188.594340 6773825.826619 4107558.045077 6836014.725588
6.182508 5522796.741573 4544352.083094 6389102.081290 4156740.892733 6776356.397423 4109092.549614 6838568.528966
6.415476 5524721.188512 4545935.585957 6391328.396781 4158189.330483 6778717.653673 4110524.384054 6840951.463354
6.657224 5526516.281661 4547412.651957 6393405.068061 4159540.409918 6780920.195522 4111859.976187 6843174.226220
6.908081 5528190.200118 4548790.011144 6395341.557199 4160800.287047 6782974.058552 4113105.411460 6845246.945283
7.168391 5529750.676006 4550074.025780 6397146.809176 4161974.781462 6784888.729914 4114266.442753 6847179.194792
7.438510 5531205.009041 4551270.702332 6398829.268745 4163069.387309 6786673.166212 4115348.501231 6848980.013579
7.718807 5532560.082181 4552385.704338 6400396.898520 4164089.285052 6788335.812687 4116356.707979 6850657.924420
8.009667 5533822.378003 4553424.365893 6401857.197938 4165039.353814 6789884.623330 4117295.886190 6852220.954328
8.311487 5534997.995585 4554391.705532 6403217.222775 4165924.184074 6791327.081580 4118170.573721 6853676.655447
8.624680 5536092.667625 4555292.440322 6404483.604961 4166748.090556 6792670.221339 4118985.035837 6855032.126256
8.949674 5537111.777641 4556131.000012 6405662.572471 4167515.125171 6793920.648069 4119743.278005 6856294.032859
9.286915 5538060.377064 4556911.541097 6406759.969104 4168229.089888 6795084.559774 4120449.058609 6857468.630163
9.636864 5538943.202120 4557637.960712 6407781.274009 4168893.549434 6796167.767702 4121105.901515 6858561.782768
10.000000 5539764.690372 4558313.910241 6408731.620826 4169511.843746 6797175.716652 4121717.108376 6859578.985459
