0.010000 0.001644 0.000316 0.007149 0.000055 0.038794 0.000003 0.126349
0.012068 0.002004 0.000396 0.008436 0.000068 0.045146 0.000004 0.141930
0.014563 0.002395 0.000495 0.009883 0.000083 0.053319 0.000004 0.157379
0.017575 0.002884 0.000617 0.011797 0.000105 0.062058 0.000005 0.172308
0.021210 0.003493 0.000761 0.014133 0.000133 0.070506 0.000007 0.186382
0.025595 0.004198 0.000949 0.016732 0.000164 0.079751 0.000008 0.199343
0.030888 0.005115 0.001171 0.019996 0.000199 0.089566 0.000010 0.211023
0.037276 0.006159 0.001452 0.023238 0.000244 0.102235 0.000012 0.221347
0.044984 0.007348 0.001766 0.027620 0.000306 0.117739 0.000015 0.235096
0.054287 0.008896 0.002199 0.032546 0.000389 0.132772 0.000019 0.247926
0.065513 0.010767 0.002712 0.037943 0.000473 0.148099 0.000024 0.264687
0.079060 0.012974 0.003321 0.044508 0.000585 0.166152 0.000030 0.283502
0.095410 0.015350 0.004099 0.051712 0.000738 0.189177 0.000037 0.301625
0.115140 0.018170 0.005020 0.060568 0.000907 0.204157 0.000045 0.317365
0.138950 0.021542 0.006102 0.070225 0.001083 0.221178 0.000055 0.327484
0.167683 0.025409 0.007532 0.080347 0.001284 0.237355 0.000067 0.342391
0.202359 0.030139 0.009088 0.092798 0.001514 0.262442 0.000081 0.363811
0.244205 0.035417 0.010885 0.106894 0.001743 0.276313 0.000098 0.380512
0.294705 0.041519 0.012871 0.121888 0.002119 0.288088 0.000119 0.399309
0.355648 0.048413 0.015194 0.135952 0.002405 0.304768 0.000143 0.416717
0.429193 0.057212 0.017600 0.150461 0.002748 0.319938 0.000168 0.432668
0.517947 0.066629 0.020637 0.168904 0.003140 0.335574 0.000192 0.448307
0.625055 0.076810 0.023944 0.181235 0.003664 0.342992 0.000215 0.465371
0.754312 0.089053 0.026991 0.192728 0.004322 0.355009 0.000238 0.479662
0.910298 0.100970 0.031507 0.208102 0.005244 0.374091 0.000260 0.491475
1.098541 0.113538 0.035687 0.225210 0.006067 0.387377 0.000300 0.501135
1.325711 0.126993 0.039153 0.244886 0.006672 0.399209 0.000345 0.508966
1.599859 0.142806 0.043758 0.263162 0.007248 0.411493 0.000393 0.515268
1.930698 0.156003 0.048158 0.280864 0.007947 0.426390 0.000444 0.520310
2.329952 0.171694 0.052269 0.298939 0.008606 0.436110 0.000497 0.524327
2.811769 0.185995 0.056517 0.314164 0.009333 0.446521 0.000551 0.527514
3.393222 0.196253 0.060670 0.331086 0.009935 0.453235 0.000604 0.530036
4.094915 0.206903 0.064328 0.344241 0.010590 0.463144 0.000657 0.532027
4.941713 0.214750 0.067928 0.359745 0.010970 0.473638 0.000707 0.534212
5.963623 0.225422 0.070619 0.375762 0.011607 0.479334 0.000755 0.536610
7.196857 0.233642 0.073778 0.387745 0.012194 0.482594 0.000799 0.539972
8.685114 0.239365 0.075507 0.397874 0.012807 0.490181 0.000840 0.540480
10.481131 0.244767 0.077871 0.409030 0.013075 0.496804 0.000876 0.540877
12.648552 0.248306 0.080023 0.417345 0.013232 0.504847 0.000908 0.543050
15.264180 0.252856 0.081161 0.426260 0.013361 0.511070 0.000937 0.545102
18.420700 0.256683 0.082925 0.432802 0.013467 0.514276 0.000961 0.546846
22.229965 0.260238 0.084487 0.436425 0.013555 0.521094 0.000983 0.548325
26.826958 0.263164 0.085433 0.441508 0.013626 0.524622 0.001001 0.550065
32.374575 0.266546 0.085650 0.444559 0.013685 0.527845 0.001016 0.551581
39.069399 0.268633 0.087092 0.446409 0.013732 0.530595 0.001030 0.552771
47.148664 0.271504 0.088071 0.449523 0.013771 0.532937 0.001041 0.553267
56.898660 0.273016 0.088578 0.451143 0.013802 0.534929 0.001050 0.553538
68.664885 0.273842 0.089008 0.452980 0.013827 0.537224 0.001057 0.553751
82.864277 0.275175 0.089372 0.454021 0.013848 0.539017 0.001064 0.553948
100.000000 0.276253 0.089680 0.454784 0.013865 0.539275 0.001069 0.554337
