0.001000 0.003481 0.002914 0.004052 0.002669 0.004292 0.002616 0.004337
0.001038 0.003889 0.003256 0.004528 0.002982 0.004795 0.002923 0.004846
0.001077 0.004346 0.003638 0.005059 0.003332 0.005358 0.003266 0.005414
0.001117 0.004856 0.004064 0.005653 0.003724 0.005987 0.003650 0.006050
0.001159 0.005426 0.004541 0.006317 0.004161 0.006689 0.004078 0.006760
0.001203 0.006062 0.005074 0.007058 0.004649 0.007474 0.004556 0.007553
0.001248 0.006774 0.005670 0.007886 0.005194 0.008351 0.005091 0.008439
0.001296 0.007569 0.006335 0.008812 0.005804 0.009332 0.005689 0.009430
0.001344 0.008457 0.007079 0.009846 0.006485 0.010427 0.006356 0.010537
0.001395 0.009449 0.007910 0.011001 0.007246 0.011650 0.007102 0.011773
0.001448 0.010558 0.008838 0.012292 0.008097 0.013017 0.007935 0.013155
0.001502 0.011797 0.009875 0.013735 0.009047 0.014545 0.008867 0.014698
0.001559 0.013182 0.011034 0.015346 0.010108 0.016252 0.009907 0.016423
0.001617 0.014729 0.012329 0.017147 0.011295 0.018159 0.011070 0.018351
0.001678 0.016457 0.013775 0.019160 0.012620 0.020290 0.012369 0.020504
0.001742 0.018389 0.015392 0.021408 0.014101 0.022671 0.013820 0.022910
0.001807 0.020546 0.017198 0.023920 0.015756 0.025332 0.015442 0.025599
0.001875 0.022957 0.019216 0.026727 0.017605 0.028304 0.017254 0.028603
0.001946 0.025652 0.021471 0.029864 0.019670 0.031626 0.019279 0.031959
0.002019 0.028662 0.023991 0.033368 0.021979 0.035337 0.021541 0.035709
0.002095 0.032025 0.026806 0.037284 0.024558 0.039484 0.024069 0.039900
0.002174 0.035783 0.029952 0.041659 0.027440 0.044117 0.026894 0.044582
0.002256 0.039982 0.033466 0.046547 0.030659 0.049294 0.030049 0.049813
0.002341 0.044674 0.037394 0.052009 0.034257 0.055078 0.033576 0.055659
0.002430 0.049916 0.041781 0.058112 0.038277 0.061541 0.037515 0.062190
0.002521 0.055773 0.046684 0.064931 0.042768 0.068762 0.041918 0.069487
0.002616 0.062317 0.052162 0.072550 0.047787 0.076831 0.046836 0.077641
0.002715 0.069629 0.058283 0.081063 0.053394 0.085846 0.052332 0.086751
0.002817 0.077799 0.065121 0.090574 0.059659 0.095919 0.058472 0.096930
0.002923 0.086928 0.072762 0.101202 0.066659 0.107174 0.065333 0.108303
0.003033 0.097128 0.081300 0.113076 0.074481 0.119749 0.072999 0.121011
0.003148 0.108524 0.090839 0.126343 0.083219 0.133799 0.081564 0.135209
0.003266 0.121257 0.101497 0.141167 0.092984 0.149497 0.091134 0.151073
0.003389 0.135483 0.113405 0.157730 0.103893 0.167037 0.101826 0.168798
0.003517 0.151379 0.126710 0.176235 0.116082 0.186635 0.113773 0.188602
0.003650 0.169139 0.141576 0.196911 0.129701 0.208531 0.127121 0.210729
0.003787 0.188982 0.158185 0.220013 0.144917 0.232995 0.142034 0.235452
0.003930 0.211152 0.176743 0.245824 0.161918 0.260329 0.158697 0.263074
0.004078 0.235923 0.197477 0.274662 0.180913 0.290869 0.177314 0.293936
0.004232 0.263598 0.220642 0.306882 0.202136 0.324990 0.198114 0.328417
0.004391 0.294520 0.246525 0.342880 0.225847 0.363113 0.221354 0.366941
0.004557 0.329067 0.275442 0.383100 0.252339 0.405706 0.247319 0.409984
0.004728 0.367665 0.307750 0.428036 0.281937 0.453294 0.276328 0.458073
0.004906 0.410789 0.343846 0.478241 0.315006 0.506461 0.308739 0.511801
0.005091 0.458968 0.384175 0.534332 0.351952 0.565862 0.344950 0.571827
0.005283 0.512796 0.429231 0.596998 0.393229 0.632226 0.385405 0.638891
0.005482 0.572934 0.479568 0.667010 0.439344 0.706369 0.430603 0.713816
0.005689 0.640120 0.535806 0.745229 0.490865 0.789203 0.481099 0.797524
0.005903 0.715181 0.598634 0.832615 0.548424 0.881746 0.537513 0.891042
0.006126 0.799037 0.668826 0.930241 0.612728 0.985133 0.600538 0.995519
0.006356 0.892720 0.747242 1.039306 0.684567 1.100634 0.670947 1.112238
0.006596 0.997379 0.834845 1.161150 0.764823 1.229668 0.749606 1.242632
0.006844 1.114298 0.932711 1.297268 0.854480 1.373817 0.837480 1.388301
0.007102 1.244911 1.042040 1.449328 0.954639 1.534850 0.935646 1.551032
0.007370 1.390821 1.164172 1.619197 1.066527 1.714743 1.045309 1.732821
0.007648 1.553816 1.300605 1.808956 1.191517 1.915699 1.167812 1.935895
0.007936 1.735893 1.453011 2.020930 1.331139 2.140182 1.304657 2.162745
0.008235 1.939283 1.623256 2.257716 1.487105 2.390940 1.457519 2.416147
0.008545 2.166474 1.813424 2.522212 1.661322 2.671044 1.628270 2.699204
0.008867 2.420246 2.025841 2.817655 1.855923 2.983920 1.819000 3.015378
0.009201 2.703704 2.263106 3.147656 2.073288 3.333394 2.032040 3.368537
0.009548 3.020309 2.528118 3.516250 2.316071 3.723737 2.269993 3.762995
0.009908 3.373930 2.824113 3.927936 2.587239 4.159716 2.535766 4.203571
0.010281 3.768882 3.154703 4.387739 2.890101 4.646652 2.832603 4.695639
0.010669 4.209980 3.523919 4.901266 3.228349 5.190481 3.164121 5.245202
0.011071 4.702598 3.936260 5.474773 3.606105 5.797830 3.534362 5.858954
0.011488 5.252735 4.396746 6.115243 4.027967 6.476092 3.947831 6.544367
0.011921 5.867079 4.910976 6.830463 4.499066 7.233517 4.409558 7.309777
0.012370 6.553094 5.485198 7.629124 5.025125 8.079305 4.925151 8.164482
0.012836 7.319106 6.126380 8.520916 5.612528 9.023720 5.500867 9.118853
0.013320 8.174398 6.842293 9.516649 6.268394 10.078209 6.143685 10.184460
0.013822 9.129324 7.641604 10.628375 7.000662 11.255537 6.861385 11.374200
0.014343 10.195428 8.533975 11.869535 7.818185 12.569935 7.662643 12.702455
0.014883 11.385576 9.530176 13.255107 8.730829 14.037268 8.557130 14.185258
0.015444 12.714110 10.642211 14.801790 9.749593 15.675217 9.555626 15.840475
0.016026 14.197013 11.883459 16.528187 10.886730 17.503487 10.670140 17.688019
0.016630 15.852088 13.268822 18.455029 12.155896 19.544027 11.914055 19.750073
0.017256 17.699167 14.814900 20.605402 13.572296 21.821290 13.302277 22.051344
0.017907 19.760336 16.540180 23.005018 15.152867 24.362504 14.851402 24.619348
0.018581 22.060180 18.465240 25.682500 16.916462 27.197979 16.579911 27.484717
0.019281 24.626063 20.612985 28.669706 18.884065 30.361455 18.508368 30.681545
0.020008 27.488433 23.008901 32.002082 21.079023 33.890469 20.659658 34.247763
0.020762 30.681154 25.681335 35.719053 23.527305 37.826772 23.059231 38.225565
0.021544 34.241880 28.661803 39.864457 26.257785 42.216788 25.735389 42.661864
0.022356 38.212464 31.985338 44.487017 29.302558 47.112118 28.719586 47.608803
0.023199 42.639403 35.690860 49.640868 32.697278 52.570088 32.046769 53.124314
0.024073 47.574335 39.821593 55.386125 36.481545 58.654362 35.755748 59.272733
0.024980 53.074580 44.425514 61.789519 40.699311 65.435610 39.889602 66.125473
0.025921 59.203729 49.555854 68.925085 45.399341 72.992233 44.496126 73.761763
0.026898 66.032296 55.271633 76.874915 50.635708 81.411169 49.628316 82.269456
0.027911 73.638424 61.638262 85.729983 56.468334 90.788758 55.344902 91.745910
0.028963 82.108655 68.728179 95.591041 62.963583 101.231700 61.710928 102.298947
0.030055 91.538768 76.621555 106.569594 70.194899 112.858079 68.798378 114.047898
0.031187 102.034685 85.407052 118.788960 78.243510 125.798488 76.686863 127.124733
0.032362 113.713457 95.182644 132.385407 87.199171 140.197237 85.464352 141.675283
0.033582 126.704318 106.056506 147.509390 97.160985 156.213659 95.227976 157.860560
0.034847 141.149821 118.147961 164.326870 108.238265 174.023509 106.084876 175.858173
0.036160 157.207060 131.588503 183.020736 120.551478 193.820468 118.153118 195.863843
0.037523 175.048965 146.522880 203.792313 134.233230 215.817739 131.562673 218.093023
0.038937 194.865676 163.110248 226.862963 149.429327 240.249747 146.456445 242.782608
0.040404 216.866001 181.525387 252.475780 166.299890 267.373931 162.991370 270.192752
0.041927 241.278937 201.959977 280.897363 185.020523 297.472622 181.339558 300.608763
0.043507 268.355262 224.623928 312.419669 205.783528 330.855004 201.689485 334.343082
0.045146 298.369177 249.746757 347.361921 228.799172 367.859137 224.247235 371.737335
0.046847 331.619986 277.578994 386.072571 254.296972 408.854034 249.237759 413.164426
0.048612 368.433802 308.393609 428.931281 282.527002 454.241761 276.906155 459.030658
0.050444 409.165252 342.487437 476.350907 313.761200 504.459535 307.518952 509.777860
0.052345 454.199148 380.182583 528.779449 348.294654 559.981793 341.365366 565.885467
0.054317 503.952099 421.827763 586.701922 386.446832 621.322169 378.758510 627.872532
0.056364 558.874016 467.799571 650.642114 428.562741 689.035359 420.036527 696.299597
0.058488 619.449468 518.503611 721.164161 475.013964 763.718789 465.563608 771.770385
0.060692 686.198827 574.375455 798.873883 526.199540 846.014024 515.730852 854.933228
0.062979 759.679148 635.881379 884.419802 582.546636 936.607857 570.956928 946.482157
0.065352 840.484700 703.518809 978.493767 644.510956 1036.232962 631.688474 1047.157571
0.067815 929.247076 777.816415 1081.831083 712.576829 1145.668030 698.400183 1157.746372
0.070370 1026.634804 859.333781 1195.210047 787.256901 1265.737288 771.594502 1279.081474
0.073022 1133.352343 948.660566 1319.450794 869.091375 1397.309262 851.800887 1412.040562
0.075774 1250.138387 1046.415086 1455.413312 958.646705 1541.294689 939.574523 1557.543972
0.078629 1377.763368 1153.242223 1603.994539 1056.513684 1698.643433 1035.494448 1716.551584
0.081592 1517.026052 1269.810577 1766.124402 1163.304832 1870.340293 1140.160996 1890.058578
0.084666 1668.749142 1396.808781 1942.760691 1279.651023 2057.399578 1254.192492 2079.089958
0.087857 1833.773785 1534.940909 2134.882670 1406.197277 2260.858337 1378.221121 2284.693706
0.091167 2012.952910 1684.920897 2343.483323 1543.597648 2481.768147 1512.887924 2507.932484
0.094603 2207.143346 1847.465943 2569.560170 1692.509179 2721.185391 1658.836875 2749.873813
0.098168 2417.196669 2023.288850 2814.104619 1853.584887 2980.159977 1816.707998 3011.578669
0.101867 2643.948791 2213.089310 3078.089838 2027.465776 3259.722500 1987.129544 3294.088513
0.105705 2888.208312 2417.544153 3362.457203 2214.771908 3560.869882 2170.709238 3598.410777
0.109688 3150.743729 2637.296641 3668.101398 2416.092590 3884.549602 2368.024665 3925.502929
0.113822 3432.269614 2872.944899 3995.854330 2631.975779 4231.642657 2579.612879 4276.255254
0.118111 3733.431966 3125.029653 4346.468069 2862.916848 4602.945497 2805.959399 4651.472598
0.122561 4054.792955 3394.021463 4720.597099 3109.346889 4999.151221 3047.486738 5051.855369
0.127180 4396.815382 3680.307710 5118.780211 3371.620791 5420.830418 3304.542726 5477.980169
0.131972 4759.847191 3984.179638 5541.422482 3650.005369 5868.412065 3577.388870 5930.280499
0.136945 5144.106436 4305.819766 5988.777772 3944.667834 6342.165003 3866.189055 6409.028034
0.142105 5549.667160 4645.290071 6460.932281 4255.664965 6842.180518 4170.998928 6914.315022
0.147460 5976.446630 5002.521303 6957.789692 4582.933319 7368.356610 4491.756311 7446.038388
0.153017 6424.194420 5377.303844 7479.058457 4926.280862 7920.384527 4828.272988 8003.886125
0.158783 6892.483794 5769.280501 8024.241772 5285.380359 8497.738149 5180.228236 8587.326567
0.164766 7380.705831 6177.941582 8592.630727 5659.764868 9099.666735 5547.164402 9195.601057
0.170975 7888.066645 6602.622574 9183.301080 6048.825613 9725.191506 5928.484822 9827.720497
0.177417 8413.588023 7042.504673 9795.113994 6451.812468 10373.106422 6323.454293 10482.466133
0.184103 8956.111658 7496.618331 10426.720965 6867.837206 11041.983409 6731.202260 11158.394835
0.191040 9514.307073 7963.849886 11076.573051 7295.879574 11730.182122 7150.728767 11853.848965
0.198239 10086.683192 8442.951250 11742.934336 7734.796166 12435.864213 7580.913156 12566.970794
0.205709 10671.603385 8932.552497 12423.899454 8183.331961 13157.011884 8020.525375 13295.721250
0.213460 11267.303692 9431.177124 13117.414801 8640.134298 13891.450350 8468.239674 14037.902621
0.221504 11871.913812 9937.259617 13821.302968 9103.768968 14636.873718 8922.650379 14791.184704
0.229851 12483.480323 10449.164883 14533.289777 9572.738025 15390.873616 9382.289343 15553.133735
0.238512 13099.991546 10965.209067 15251.033229 10045.498848 16150.969844 9845.644635 16321.243369
0.247499 13719.403382 11483.681178 15972.153578 10520.483954 16914.642236 10311.179959 17092.966868
0.256826 14339.665451 12002.864968 16694.263772 10996.121048 17679.362880 10777.354299 17865.749671
0.266503 14958.746847 12521.060489 17414.999423 11470.852763 18442.627873 11242.641273 18637.061476
0.276546 15574.660862 13036.604787 18132.047605 11943.155627 19201.987805 11705.547719 19404.427051
0.286967 16185.488098 13547.891250 18843.173748 12411.557784 19955.076250 12164.631061 20165.455021
0.297780 16789.397451 14053.387173 19546.246080 12874.655083 20699.635643 12618.515085 20917.864019
0.309001 17384.664571 14551.649206 20239.257110 13331.125238 21433.540033 13065.903811 21659.505684
0.320645 17969.687485 15041.336435 20920.341817 13779.739803 22154.814349 13505.593233 22388.384121
0.332727 18542.999198 15521.220928 21587.792323 14219.373839 22861.649935 13936.480793 23102.671604
0.345265 19103.277186 15990.195678 22240.068943 14649.013191 23552.416249 14357.572513 23800.720405
0.358275 19649.349806 16447.279977 22875.807649 15067.759406 24225.668777 14767.987813 24481.070778
0.371776 20180.199738 16891.622285 23493.824075 15474.832370 24880.153263 15166.962099 25142.455245
0.385785 20694.964636 17322.500787 24093.114276 15869.570807 25514.806524 15553.847254 25783.799413
0.400322 21192.935258 17739.321817 24672.852550 16251.430848 26128.754133 15928.110227 26404.219638
0.415407 21673.551347 18141.616421 25232.386648 16619.982870 26721.305353 16289.329943 27003.017900
0.431060 22136.395615 18529.035309 25771.230760 16974.906882 27291.945706 16637.192776 27579.674298
0.447304 22581.186132 18901.342496 26289.056663 17315.986691 27840.327604 16971.486837 28133.837577
0.464159 23007.767493 19258.407903 26785.683435 17643.103130 28366.259448 17292.095326 28665.314120
0.481649 23416.101063 19600.199190 27261.066096 17956.226569 28869.693603 17598.989205 29174.055789
0.499799 23806.254608 19926.773079 27715.283541 18255.408975 29350.713619 17892.219406 29660.147016
0.518632 24178.391601 20238.266404 28148.526083 18540.775703 29809.521040 18171.908791 30123.791469
0.538175 24532.760430 20534.887077 28561.082898 18812.517227 30246.422107 18438.244044 30565.298617
0.558455 24869.683739 20816.905161 28953.329608 19070.880960 30661.814605 18691.467656 30985.070440
0.579498 25189.548059 21084.644200 29325.716212 19316.163306 31056.175087 18931.870134 31383.588515
0.601335 25492.793881 21338.472900 29678.755532 19548.702048 31430.046635 19159.782540 31761.401648
0.623994 25779.906279 21578.797290 30013.012292 19768.869157 31784.027298 19375.569446 32119.114195
0.647508 26051.406168 21806.053394 30329.092941 19977.064087 32118.759309 19579.622359 32457.375158
0.671907 26307.842232 22020.700484 30627.636258 20173.707586 32434.919142 19772.353655 32776.868143
0.697226 26549.783575 22223.214920 30909.304795 20359.236063 32733.208443 19954.191061 33078.302195
0.723499 26777.813089 22414.084607 31174.777157 20534.096498 33014.345861 20125.572665 33362.403538
0.750762 26992.521539 22593.804040 31424.741112 20698.741909 33279.059750 20286.942471 33629.908204
0.779052 27194.502345 22762.869932 31659.887522 20853.627349 33528.081736 20438.746481 33881.555534
0.808408 27384.347030 22921.777414 31880.905039 20999.206417 33762.141107 20581.429268 34118.082504
0.838870 27562.641298 23071.016741 32088.475540 21135.928251 33981.959978 20715.431034 34340.218842
0.870480 27729.961701 23211.070511 32283.270248 21264.234968 34188.249178 20841.185102 34548.682870
0.903282 27886.872843 23342.411319 32465.946476 21384.559527 34381.704809 20959.115815 34744.178031
0.937319 28033.925090 23465.499844 32637.144961 21497.323964 34563.005415 21069.636815 34927.390020
0.972639 28171.652713 23580.783291 32797.487703 21602.937978 34732.809699 21173.149648 35098.984486
1.009290 28300.572446 23688.694187 32947.576282 21701.797814 34891.754742 21270.042678 35259.605226
1.047322 28421.182390 23789.649461 33087.990591 21794.285435 35040.454652 21360.690267 35409.872822
1.086787 28533.961236 23884.049799 33219.287923 21880.767916 35179.499607 21445.452187 35550.383676
1.127740 28639.367763 23972.279216 33342.002387 21961.597063 35309.455236 21524.673247 35681.709378
1.170235 28737.840567 24054.704833 33456.644599 22037.109207 35430.862284 21598.683084 35804.396373
1.214332 28829.797998 24131.676825 33563.701602 22107.625150 35544.236531 21667.796119 35918.965882
1.260090 28915.638262 24203.528509 33663.636989 22173.450252 35650.068930 21732.311637 36025.914031
1.307573 28995.739676 24270.576548 33756.891196 22234.874617 35748.825903 21792.513970 36125.712162
1.356845 29070.461031 24333.121266 33843.881929 22292.173378 35840.949806 21848.672778 36218.807292
1.407973 29140.142059 24391.447032 33925.004704 22345.607053 35926.859494 21901.043395 36305.622693
1.461028 29205.103971 24445.822712 34000.633477 22395.421956 36006.950987 21949.867236 36386.558560
1.516083 29265.650059 24496.502173 34071.121339 22441.850662 36081.598213 21995.372247 36461.992764
1.573212 29322.066337 24543.724820 34136.801269 22485.112496 36151.153801 22037.773391 36532.281649
1.632493 29374.622220 24587.716166 34197.986921 22525.414054 36215.949910 22077.273153 36597.760880
1.694009 29423.571218 24628.688406 34254.973431 22562.949735 36276.299094 22114.062065 36658.746302
1.757842 29469.151643 24666.841017 34308.038241 22597.902284 36332.495165 22148.319237 36715.534827
1.824081 29511.587317 24702.361348 34357.441927 22630.443336 36384.814076 22180.212889 36768.405316
1.892816 29551.088282 24735.425212 34403.429021 22660.733959 36433.514787 22209.900882 36817.619460
1.964141 29587.851496 24766.197471 34446.228819 22688.925185 36478.840126 22237.531247 36863.422647
2.038154 29622.061517 24794.832606 34486.056186 22715.158540 36521.017636 22263.242692 36906.044818
2.114955 29653.891171 24821.475280 34523.112325 22739.566552 36560.260392 22287.165109 36945.701295
2.194651 29683.502197 24846.260876 34557.585534 22762.273249 36596.767805 22309.420058 36982.593592
2.277350 29711.045880 24869.316024 34589.651938 22783.394639 36630.726390 22330.121240 37016.910190
2.363165 29736.663645 24890.759102 34619.476185 22803.039172 36662.310513 22349.374947 37048.827293
2.452213 29760.487641 24910.700726 34647.212124 22821.308187 36691.683101 22367.280501 37078.509544
2.544617 29782.641296 24929.244208 34673.003448 22838.296329 36718.996326 22383.930666 37106.110722
2.640503 29803.239841 24946.486002 34696.984310 22854.091961 36744.392256 22399.412046 37131.774392
2.740003 29822.390814 24962.516121 34719.279906 22868.777549 36768.003477 22413.805466 37155.634537
2.843251 29840.194541 24977.418542 34740.007037 22882.430025 36789.953679 22427.186327 37177.816151
2.950391 29856.744586 24991.271581 34759.274628 22895.121137 36810.358217 22439.624950 37198.435806
3.061567 29872.128181 25004.148257 34777.184237 22906.917778 36829.324640 22451.186898 37217.602186
3.176933 29886.426634 25016.116625 34793.830521 22917.882295 36846.953192 22461.933278 37235.416589
3.296646 29899.715708 25027.240103 34809.301684 22928.072788 36863.337281 22471.921032 37251.973409
3.420870 29912.065982 25037.577770 34823.679895 22937.543380 36878.563925 22481.203207 37267.360582
3.549775 29923.543196 25047.184650 34837.041687 22946.344480 36892.714173 22489.829210 37281.660010
3.683537 29934.208563 25056.111982 34849.458327 22954.523030 36905.863497 22497.845049 37294.947962
3.822340 29944.119077 25064.407473 34860.996164 22962.122733 36918.082161 22505.293557 37307.295444
3.966373 29953.327786 25072.115525 34871.716960 22969.184271 36929.435573 22512.214605 37318.768550
4.115834 29961.884066 25079.277468 34881.678196 22975.745504 36939.984603 22518.645303 37329.428795
4.270926 29969.833860 25085.931759 34890.933360 22981.841664 36949.785898 22524.620181 37339.333421
4.431863 29977.219916 25092.114179 34899.532220 22987.505532 36958.892162 22530.171367 37348.535688
4.598864 29984.082002 25097.858016 34907.521072 22992.767602 36967.352422 22535.328749 37357.085142
4.772158 29990.457109 25103.194231 34914.942983 22997.656241 36975.212287 22540.120128 37365.027870
4.951983 29996.379640 25108.151623 34921.838004 23002.197830 36982.514172 22544.571363 37372.406736
5.138583 30001.881592 25112.756974 34928.243386 23006.416905 36989.297523 22548.706500 37379.261602
5.332215 30006.992714 25117.035184 34934.193764 23010.336280 36995.599023 22552.547899 37385.629536
5.533143 30011.740671 25121.009411 34939.721343 23013.977167 37001.452774 22556.116351 37391.545001
5.741642 30016.151179 25124.701181 34944.856065 23017.359288 37006.890487 22559.431186 37397.040042
5.957999 30020.248149 25128.130506 34949.625764 23020.500978 37011.941638 22562.510372 37402.144445
6.182508 30024.053805 25131.315990 34954.056316 23023.419279 37016.633629 22565.370613 37406.885902
6.415476 30027.588806 25134.274925 34958.171770 23026.130032 37020.991929 22568.027436 37411.290150
6.657224 30030.872353 25137.023383 34961.994481 23028.647962 37025.040212 22570.495273 37415.381112
6.908081 30033.922291 25139.576302 34965.545225 23030.986754 37028.800478 22572.787535 37419.181022
7.168391 30036.755206 25141.947563 34968.843309 23033.159125 37032.293176 22574.916686 37422.710542
7.438510 30039.386508 25144.150067 34971.906676 23035.176893 37035.537307 22576.894311 37425.988875
7.718807 30041.830521 25146.195801 34974.752000 23037.051041 37038.550529 22578.731173 37429.033863
8.009667 30044.100552 25148.095907 34977.394774 23038.791775 37041.349248 22580.437275 37431.862088
8.311487 30046.208966 25149.860733 34979.849393 23040.408575 37043.948711 22582.021909 37434.488956
8.624680 30048.167254 25151.499896 34982.129235 23041.910254 37046.363082 22583.493712 37436.928781
8.949674 30049.986089 25153.022333 34984.246727 23043.304996 37048.605523 22584.860706 37439.194863
9.286915 30051.675391 25154.436345 34986.213415 23044.600407 37050.688262 22586.130345 37441.299559
9.636864 30053.244373 25155.749645 34988.040026 23045.803554 37052.622658 22587.309555 37443.254350
10.000000 30054.701595 25156.969398 34989.736527 23046.920999 37054.419267 22588.404769 37445.069899
