0.010000 -0.586290 -0.877079 -0.264641 -0.992500 -0.077085 -1.014433 -0.019584
0.012068 -0.604459 -0.888006 -0.274400 -0.996502 -0.087153 -1.019339 -0.022464
0.014563 -0.625497 -0.902928 -0.289046 -1.001523 -0.094083 -1.031667 -0.025968
0.017575 -0.643061 -0.920558 -0.302727 -1.012023 -0.102983 -1.050322 -0.030238
0.021210 -0.659598 -0.947787 -0.319148 -1.027477 -0.111590 -1.079469 -0.035450
0.025595 -0.689694 -0.970681 -0.337278 -1.053572 -0.124181 -1.108726 -0.041828
0.030888 -0.707674 -0.991582 -0.359918 -1.074049 -0.136805 -1.169609 -0.049158
0.037276 -0.730885 -1.010306 -0.377533 -1.084753 -0.145946 -1.187470 -0.056058
0.044984 -0.758614 -1.023814 -0.393844 -1.101605 -0.170083 -1.210948 -0.064498
0.054287 -0.788759 -1.033708 -0.413333 -1.120279 -0.182721 -1.237512 -0.074847
0.065513 -0.823001 -1.046958 -0.441206 -1.146832 -0.198497 -1.263937 -0.087578
0.079060 -0.857085 -1.065928 -0.478006 -1.188247 -0.220831 -1.311015 -0.099157
0.095410 -0.895797 -1.091455 -0.512194 -1.232968 -0.244846 -1.392132 -0.122783
0.115140 -0.937403 -1.116834 -0.559705 -1.291767 -0.278222 -1.457363 -0.147056
0.138950 -0.987642 -1.147792 -0.608118 -1.344980 -0.326179 -1.533051 -0.160756
0.167683 -1.016750 -1.181945 -0.657734 -1.413121 -0.366924 -1.623874 -0.178047
0.202359 -1.039960 -1.222099 -0.707203 -1.489073 -0.416011 -1.724761 -0.209936
0.244205 -1.067556 -1.274469 -0.771920 -1.580200 -0.475263 -1.825125 -0.220788
0.294705 -1.103844 -1.341026 -0.842801 -1.667558 -0.542195 -1.922071 -0.235609
0.355648 -1.147285 -1.425270 -0.905899 -1.780179 -0.607608 -2.064519 -0.255905
0.429193 -1.201169 -1.517447 -0.991421 -1.892433 -0.658852 -2.155897 -0.283692
0.517947 -1.275459 -1.610194 -1.036761 -1.992513 -0.719768 -2.245773 -0.321590
0.625055 -1.356561 -1.721572 -1.077176 -2.118998 -0.790145 -2.387226 -0.372818
0.754312 -1.438577 -1.834791 -1.127160 -2.253625 -0.867171 -2.554203 -0.426866
0.910298 -1.523194 -1.959088 -1.180219 -2.389568 -0.950227 -2.650237 -0.492534
1.098541 -1.636369 -2.145033 -1.253839 -3.445488 -1.036350 -4.777711 -0.567847
1.325711 -1.772316 -2.443215 -1.332442 -4.456056 -1.059429 -4.934621 -0.623283
1.599859 -1.945357 -2.842081 -1.420844 -4.595614 -1.083611 -4.995173 -0.694838
1.930698 -2.136744 -3.430614 -1.553624 -4.742830 -1.129538 -4.995173 -1.036985
2.329952 -2.353705 -3.748783 -1.701103 -4.806644 -1.180522 -4.997152 -1.075558
2.811769 -2.535979 -3.992733 -1.848140 -4.813666 -1.273773 -4.997152 -1.090476
3.393222 -2.757275 -4.087687 -2.020022 -4.824987 -1.350365 -4.997152 -1.108174
4.094915 -3.008933 -4.296911 -2.188797 -4.869294 -1.461844 -4.997152 -1.129100
4.941713 -3.199934 -4.383287 -2.339785 -4.869336 -1.568403 -4.997152 -1.153744
5.963623 -3.343053 -4.424446 -2.476935 -4.876820 -1.679418 -4.997152 -1.214083
7.196857 -3.511295 -4.471775 -2.630078 -4.898227 -1.846749 -4.997152 -1.256819
8.685114 -3.606335 -4.533469 -2.792406 -4.902991 -2.027397 -4.997152 -1.301910
10.481131 -3.688369 -4.565625 -2.909813 -4.902991 -2.251633 -4.997152 -1.671109
12.648552 -3.760736 -4.599692 -3.054754 -4.907840 -2.464226 -4.997152 -1.835305
15.264180 -3.837605 -4.627875 -3.175727 -4.918568 -2.707834 -4.997152 -1.927898
18.420700 -3.930548 -4.647989 -3.271600 -4.924722 -2.942243 -4.997152 -2.142709
22.229965 -3.947041 -4.655493 -3.311153 -4.934621 -3.056499 -4.997152 -3.017326
26.826958 -3.947041 -4.655493 -3.311153 -4.934621 -3.056499 -4.997152 -3.017326
32.374575 -3.947041 -4.655493 -3.311153 -4.934621 -3.056499 -4.997152 -3.017326
39.069399 -3.947041 -4.655493 -3.311153 -4.934621 -3.056499 -4.997152 -3.017326
47.148664 -3.947041 -4.655493 -3.311153 -4.934621 -3.056499 -4.997152 -3.017326
56.898660 -3.947041 -4.655493 -3.311153 -4.934621 -3.056499 -4.997152 -3.017326
68.664885 -3.947041 -4.655493 -3.311153 -4.934621 -3.056499 -4.997152 -3.017326
82.864277 -3.947041 -4.655493 -3.311153 -4.934621 -3.056499 -4.997152 -3.017326
100.000000 -3.947041 -4.655493 -3.311153 -4.934621 -3.056499 -4.997152 -3.017326
