1345979525.113214 13.977525 0.806525 0.057205 16.610754 3.694847 20.784467
2173645896.572616 11.938258 0.716048 0.012762 1.240089 3.067216 23.452172
1167205803.792745 18.138475 0.671478 0.643966 9.810782 4.145891 21.239458
3009485780.798844 10.506410 0.000273 0.414389 8.490472 4.674034 25.369370
3272669944.914687 11.657827 0.385680 0.360954 1.730958 4.456931 26.727274
3699292887.164980 9.284502 0.691993 0.041379 7.583498 3.617810 26.443064
3229643805.986302 11.110557 0.388969 0.023319 3.106893 3.815859 26.310108
7770765570.616345 7.788134 0.016280 0.148676 16.546028 4.600791 32.667842
5022552067.032378 10.739322 0.172370 3.361766 18.883749 4.718429 30.243404
1402737331.357203 15.186546 0.737481 0.022063 1.618393 3.436917 21.528543
4526214388.038231 10.995777 0.313476 0.068266 12.274039 3.083984 29.372027
9383411711.833866 29.591199 0.771572 4.420002 3.780214 4.201014 49.115819
2497443491.487071 11.750071 0.144382 0.040815 14.797280 4.576969 24.470016
3033462754.209127 16.544591 0.426021 1.354220 1.714076 3.535759 28.479392
2828225987.083973 11.530468 0.803235 0.215589 2.667483 3.814098 25.391804
1327920179.887284 25.268047 0.985817 0.703269 1.066548 4.476510 24.393713
1669177419.980304 12.472020 0.038942 0.246025 2.848087 4.012000 21.704662
57416647980.774429 4.503249 0.820496 0.027348 4.755794 3.042154 58.282633
8273047354.745398 8.798597 0.548861 0.275597 3.667938 4.358672 34.188899
7450485522.414669 48.630111 0.774055 9.439341 1.528843 3.676920 53.399950
8133217904.735991 8.576615 0.161002 0.017458 2.832949 3.741630 33.815539
1320209975.054270 42.899363 0.740514 2.272192 19.967142 3.392639 28.767514
11183612376.240339 7.253854 0.916271 0.106873 8.671767 4.398310 36.386437
4966136139.180939 9.426568 0.478281 0.226971 2.877733 3.122575 29.266165
8603112810.688738 7.867778 0.102648 0.422607 1.308156 4.790432 33.862186
4635338004.599524 19.317500 0.821614 1.292562 1.237006 3.080967 34.229397
5649867032.324877 36.338117 0.681009 7.658751 1.718854 3.190862 44.249103
78378396288.436310 4.262176 0.071687 1.884816 18.297576 3.231256 64.233420
1597038635.371433 29.121933 0.796907 1.184590 2.202259 3.413450 27.085008
2048014277.733114 30.660099 0.655535 1.938670 9.851765 3.184387 29.899361
1331513091.630130 23.890422 0.387357 1.334678 12.504933 4.744412 24.011766
9362126621.795406 9.608529 0.184244 1.994789 3.577403 4.513963 36.304048
1104491584.663966 15.766767 0.280283 0.077295 1.532891 3.426303 20.076818
42925725480.188637 9.999606 0.423217 4.645744 1.478055 4.972785 60.844420
129621872836.083725 3.754924 0.219481 0.531309 2.432855 3.922741 74.960008
1082130684.006745 49.760809 0.465604 7.313686 19.952956 4.114563 28.287678
520353206.839372 32.570876 0.914235 0.596476 2.748874 3.628965 19.299245
2362590412.533266 11.495741 0.378119 0.014065 6.491659 4.244878 23.896912
1134646087.923216 19.154209 0.332699 0.745112 4.523236 3.248937 21.361187
818604091.404385 17.247356 0.788365 0.033125 15.459571 4.421235 18.611977
1805327674.126983 47.806097 0.576350 4.638290 19.238747 3.810107 33.101034
21774790943.804111 5.816760 0.770574 0.013586 4.319971 3.573150 43.735509
20557200973.320454 5.654677 0.664468 0.038322 5.757782 4.046850 42.715155
246262700.446858 47.200863 0.461655 0.601803 1.978057 4.419540 16.966938
799358548.227991 34.328623 0.259831 5.336776 7.710787 4.995588 22.641840
5411745598.328527 10.385389 0.974623 0.295216 2.093241 3.205959 30.769207
2116546742.562431 36.387996 0.514694 5.189412 6.825568 4.865650 31.912364
8440245479.186909 7.602159 0.816357 0.157125 1.416271 4.836770 33.423582
2373075930.054615 26.467631 0.431595 6.074141 13.819339 4.213803 30.018275
2687887225.246028 11.417045 0.576680 0.013482 1.481050 4.565625 24.906443
315088879027.469849 2.341227 0.405641 0.188487 9.239443 3.918039 98.179500
1052209215.813259 14.988736 0.169251 0.017085 12.198077 3.905067 19.494120
3903992603.609381 19.981178 0.304102 7.224023 1.049826 4.002184 32.634540
1241654485.356088 15.156493 0.028182 0.747154 1.601933 4.806644 20.660039
883927438.935286 18.616498 0.505034 0.332681 15.837796 3.939237 19.499696
1851136359.062012 41.392707 0.582141 4.590404 17.284823 3.226082 31.822040
1041869260.469108 16.009687 0.612182 0.174653 16.087993 3.392053 19.770015
1541627326.308281 13.400415 0.130801 0.083122 5.015700 4.191446 21.515961
3656340874.491577 28.977471 0.527396 7.905292 4.385744 4.235448 35.642962
2701160887.681620 11.556502 0.196175 0.056264 5.522115 3.838582 25.019058
543287283.586886 26.280432 0.088404 4.788496 2.516518 3.143124 18.324280
382687909.665031 35.208088 0.529929 0.605410 11.426745 3.648761 17.855829
2093985802.698877 12.029498 0.433667 0.086148 2.368095 4.447103 23.204537
1610116428.917680 37.667470 0.945487 1.857251 9.059874 4.305891 29.457964
1117957962.558605 15.754233 0.037960 0.827080 1.496606 4.087687 20.153841
1579233682.221384 45.037212 0.541565 4.458955 2.288105 4.758082 31.033234
232838186318.544067 5.688430 0.767147 1.848236 1.664671 4.813666 96.016600
1736682504.940549 25.535586 0.312383 5.801797 2.734847 4.372458 26.760763
16203540574.597235 7.436519 0.100512 0.931101 1.638788 3.087402 41.366231
1861529525.812195 37.123417 0.798764 2.663285 2.716770 3.386416 30.772901
6682186856.945563 8.699943 0.869765 0.049101 1.040593 4.595614 31.765098
855582699.059964 28.039381 0.458722 1.255220 3.367003 4.745483 21.743233
1227319196.417442 39.653205 0.535061 4.429895 4.761998 4.854611 27.361523
1010725088.146702 23.539069 0.516798 0.755647 7.705381 4.326108 21.808234
1545084847.968984 13.724194 0.166838 0.060089 5.738279 4.163173 21.661847
80882952280.966217 4.024605 0.391549 0.033984 1.713763 3.760736 64.502229
9279418890.081675 9.252178 0.112612 5.990092 4.159134 4.088187 35.902196
325372230.478816 38.969288 0.838239 0.497703 4.741304 4.796354 17.477939
5678033246.021152 8.699087 0.858475 0.056734 1.011399 4.637337 30.086230
2971575553.199632 11.186975 0.194288 0.054336 13.682469 4.641843 25.630762
151997948459.434174 3.712461 0.554247 0.216439 2.678174 3.737709 78.962163
1513641559.542224 15.441026 0.259845 0.231377 2.248326 3.233698 22.178034
216640015.516545 34.889225 0.112888 0.148143 5.593586 3.323819 14.728230
2997097416.188875 9.500382 0.081792 0.014588 11.391259 3.279562 24.773868
1779599813.588165 16.267941 0.073508 3.105187 1.529879 4.014578 23.733563
1128496137.221797 46.531593 0.399623 8.819682 1.577015 3.836251 28.047782
5783338258.913868 8.880154 0.183722 0.141608 1.109191 3.107381 30.401479
475863461.438599 23.388817 0.902461 0.120851 7.009608 3.691297 16.933678
2709249186.310257 10.754730 0.057614 0.010970 9.350327 4.664125 24.627212
16300657428.846626 23.845984 0.737832 6.562811 5.651142 4.432970 55.310166
103120078386.170914 3.475073 0.361145 0.012110 1.129265 3.394742 68.982216
592389152.412116 43.428910 0.252614 6.571421 1.233457 3.631189 22.113066
2807008491.891190 34.439106 0.717627 2.666049 8.868237 4.745863 34.450025
4018232185.226159 11.862753 0.540819 0.300659 16.992151 3.843292 28.738973
1369432898.029293 34.252767 0.473485 3.969823 3.631944 3.244828 27.073186
823558870.163752 34.919426 0.729043 1.339911 4.147851 3.770989 22.992651
17253199043.146019 6.294221 0.049183 1.530687 17.565198 4.930796 40.996582
4378807891.577384 12.205854 0.113398 7.497714 2.929425 4.484827 29.777828
940179745.109177 16.883815 0.392249 0.054899 1.038292 3.419178 19.378933
5796892871.002748 12.267775 0.933909 0.478885 1.006374 4.519443 32.736990
1276054608.349622 18.298786 0.046195 9.673775 14.511780 4.963500 21.933417
469179014.817652 48.516597 0.628410 1.222453 6.816998 3.974105 21.228438
21448151223.653797 8.411834 0.202240 3.951692 1.047357 3.040420 46.533554
1559126031.544067 37.787638 0.482222 6.760382 13.686580 4.362512 29.173665
1865160849.146638 17.953433 0.630863 1.235167 1.281308 3.150313 24.761268
3127126009.444457 21.955046 0.730704 1.293951 2.119569 4.228494 31.137267
795240603.520034 19.835050 0.344339 0.195319 6.299976 4.192303 19.161914
664435856.104416 33.785512 0.812135 0.864743 9.001453 4.555753 21.181172
255227443.300392 31.900002 0.134343 0.395155 2.668855 4.004059 15.120820
4093399984.883316 14.001693 0.732364 0.914297 1.251943 4.680895 30.126250
790591008.001150 26.765329 0.197367 5.116206 5.550060 3.028916 20.880285
932136644.588833 48.084380 0.509797 3.857624 12.853612 4.706050 26.606904
890309255.920340 36.858777 0.921517 1.060307 3.568554 3.653137 24.009964
24273487406.981400 6.101037 0.306968 0.019974 3.149145 3.502252 45.699366
1765966505.611495 15.900112 0.154181 5.212863 9.143316 3.315249 23.529046
3398797295.000461 22.318819 0.708318 1.963502 6.328820 3.057253 32.167225
8319527163.609105 8.279608 0.614098 0.355221 6.352753 4.675292 33.827760
20426745148.044319 15.445491 0.484571 4.549970 1.998089 4.876828 52.805777
3272364092.680799 10.026797 0.580420 0.026161 6.011261 4.814064 25.814551
443672411.568654 38.867228 0.204362 5.774632 6.122724 4.427327 19.364859
18943142637.116322 6.063734 0.207651 0.301562 2.266535 3.222703 42.031892
29345099165.609344 5.501766 0.485600 0.140090 16.735565 3.468823 47.894523
3994474240.393238 9.821435 0.554521 0.125337 10.288047 4.035811 27.462404
933526164.148828 16.609286 0.550998 0.028311 2.163031 3.943580 19.247851
181657974697.467316 3.325661 0.540924 0.043164 2.408885 4.514197 83.023951
3443107204.710416 12.441826 0.185524 0.457591 3.211689 4.510128 27.612910
136584886231.025345 2.903780 0.461415 0.045771 7.128264 3.042657 74.843651
9793023574.349054 7.829638 0.251656 0.076840 2.967628 3.489744 35.322826
500783585.267864 33.754713 0.132753 9.708197 5.059510 4.071067 19.270372
3765446186.481744 9.504260 0.784514 0.049103 16.852944 4.143497 26.734423
1781397898.693467 47.760540 0.643788 5.150278 17.753071 3.895714 32.943607
3789633447.759102 9.887609 0.942164 0.050706 3.699647 3.795593 27.024772
1526025624.483037 14.603257 0.407672 0.100520 1.929321 4.009409 21.917392
224495118355.484039 3.245917 0.564179 0.020042 3.089829 4.733038 88.937010
2009805510.493215 14.169777 0.438987 0.421222 2.853474 3.819259 23.839133
13761531766.826813 7.226938 0.222559 0.022599 15.126679 3.963095 38.964313
1337835563.067400 14.654576 0.004460 0.431708 1.603882 3.545360 20.995659
3694869167.580238 41.098788 0.582975 9.855914 1.445917 4.664649 39.973043
825028972.013259 25.636896 0.673541 0.867524 4.970573 4.688986 20.905682
2371814272.937690 13.581022 0.781271 0.482729 2.175693 3.084168 24.922346
16992640047.357992 10.751316 0.319479 5.387601 3.292907 4.731886 45.413766
2090922560.037866 12.270797 0.254325 0.025936 3.219386 3.215129 23.304812
3269326323.350814 10.524569 0.042434 1.038324 8.523595 4.069226 26.089697
4493608208.950240 8.172889 0.826685 0.074830 4.558143 3.747383 27.477148
7997430063.732649 7.157556 0.250415 0.017408 5.609210 3.637635 32.457712
32626459809.841579 5.697490 0.312503 0.015079 1.228428 4.427740 49.883755
223530567.526899 34.099210 0.044340 0.171207 5.170973 3.578688 14.774683
8345681919.230185 7.368483 0.034146 6.940694 3.967620 4.695608 33.101101
701117955.513538 18.719320 0.213020 0.011568 9.709544 4.301513 18.078034
1556855392.209276 13.629830 0.078000 0.251501 3.282068 3.934344 21.678912
4359634562.678944 13.686049 0.640334 1.088354 1.760432 3.179018 30.588342
9639353600.598057 8.343808 0.310977 0.033306 1.071866 3.514594 35.585138
1801394088.055462 46.077482 0.699111 3.617112 12.481369 3.821534 32.672389
1674726159.389167 14.041549 0.228115 0.124297 10.497338 3.223717 22.380995
981249003.879016 15.642054 0.278929 0.231653 6.766307 4.858426 19.259960
722992340.344779 27.407676 0.303276 2.403853 1.146979 3.380545 20.413930
5295567095.149449 49.423244 0.630747 9.824316 6.812600 4.251346 47.915859
792839677.507887 20.387109 0.927041 0.333390 2.591687 3.370642 19.292240
1639687894.337257 43.576658 0.887321 2.215928 11.149506 3.813107 31.082868
4081053815.285001 8.435477 0.054870 0.012166 6.138422 3.792279 26.779900
6998807448.252227 8.015367 0.562180 0.076396 1.898834 3.312437 31.727028
2983648585.921145 13.203839 0.133931 4.628678 4.988785 3.060897 26.714403
1229201622.284245 21.504253 0.891631 0.731498 2.227561 3.176552 22.672577
23324464485.949837 5.513454 0.326106 0.025471 1.187015 3.327732 44.379648
1407538318.653003 15.706496 0.079426 1.478816 10.059493 4.399556 21.744736
1562188092.975785 14.776510 0.748865 0.013646 3.172001 4.283081 22.156682
796429301.002796 21.079626 0.294020 0.696850 5.302919 3.221355 19.506677
6182201065.208158 13.500382 0.555043 1.675328 3.259014 3.478926 34.247242
1742162288.488507 13.746049 0.783814 0.177574 3.380479 3.498193 22.555320
1654240056.944140 12.431144 0.440678 0.092657 11.000018 3.100436 21.622398
1373905123.281532 13.353731 0.696543 0.033330 1.277451 3.032031 20.687443
7808676375.510086 11.658263 0.360557 2.966458 2.209645 4.997177 35.714968
8131421717.925059 7.679475 0.897195 0.028225 4.685751 3.919184 33.075284
1441927485.654599 12.983056 0.421842 0.146022 5.531992 4.448400 20.876458
4052292206.680178 36.336701 0.747533 3.840816 2.866128 4.461769 39.608331
19516790800.019192 5.908493 0.708866 0.045596 15.824488 3.672809 42.273660
4708333049.183356 42.779275 0.659411 8.669060 2.209850 4.390766 43.911238
288707351.979222 37.204769 0.132613 2.614215 5.435783 3.995655 16.545154
66536968557.495560 4.750516 0.096971 1.467524 18.694611 3.298673 61.633579
2162875294.743200 13.738738 0.565156 0.474601 4.690267 3.913399 24.238450
1639348907.320168 38.405334 0.518418 5.417190 3.806556 3.257340 29.821757
676410626.499474 36.668886 0.670597 1.020759 15.735085 3.507676 21.872228
725865674.932478 33.739557 0.703866 1.227634 3.974505 4.580122 21.805380
434000507.826531 36.470486 0.501250 1.106142 17.186452 3.210960 18.831965
1418002109.076288 13.988466 0.788575 0.028066 5.833070 3.131269 21.152977
428837185.605168 24.356812 0.446761 0.217609 7.434829 3.421707 16.553687
7757016671.685076 7.478672 0.375088 0.207563 10.984438 3.069970 32.394666
22854542803.590210 6.073089 0.644266 0.228411 1.273501 4.119301 44.757137
2278872775.178239 10.631518 0.055821 0.120296 18.791484 3.291172 23.185952
1654436779.058499 37.324289 0.649836 3.318497 8.499777 3.460071 29.638125
2201730071.961653 12.155016 0.930772 0.108531 1.007562 3.407821 23.655050
745781000.322007 18.659746 0.247948 0.040438 1.281793 3.709646 18.437676
1245116678.783001 13.657883 0.451605 0.087976 6.533115 4.137469 20.133380
1989703309.247334 13.350608 0.300458 0.018580 7.494453 4.668813 23.404098
1262812434.056977 15.584344 0.279525 0.674106 3.572456 3.659202 20.929152
758249605.993570 20.351174 0.931207 0.227550 1.465130 3.082165 18.997958
330996688.935087 45.017759 0.256426 2.371083 6.055830 3.834329 18.431349
2907186475.476192 27.249413 0.495809 4.894415 18.788561 4.968122 32.404654
2212890737.703494 41.962593 0.712941 3.202780 17.399510 3.814377 33.924864
2329248007.790538 11.582683 0.042650 0.335674 12.867465 4.132301 23.826430
2413340584.171969 13.848325 0.120746 6.043542 13.049094 4.738842 25.190750
10546297304.689072 6.818382 0.380448 0.051834 10.153217 4.548094 35.280310
611173474.952160 25.304487 0.145431 2.772905 2.737719 3.239461 18.842109
648646763.179190 30.163227 0.386600 1.384631 7.068004 4.684478 20.277479
425693291.836262 24.896373 0.085897 0.098282 3.113130 3.450319 16.621203
805942487.515879 17.353825 0.270690 0.037429 1.148763 3.610720 18.546561
1720084767.370191 14.536302 0.029149 0.177691 3.225574 3.821389 22.782597
2065766888.838854 13.272531 0.741285 0.062043 15.692766 3.346215 23.663874
2525782602.552525 33.225222 0.510231 6.143409 3.066984 3.076170 32.882528
2712670916.751858 10.223612 0.288044 0.085203 5.557795 4.410788 24.355580
2379455794.606793 10.422827 0.140102 0.021199 3.416783 4.466723 23.416234
1612996002.702893 15.133966 0.450880 0.234509 8.215768 4.376978 22.534080
6465327525.222682 14.045801 0.286949 6.715733 1.173719 4.924722 35.112504
13193208465.640638 6.581214 0.340540 0.388212 1.659840 4.076173 37.777404
2211659178.964258 14.777188 0.291618 0.860500 13.519569 4.187903 24.879301
2121254187.315825 23.162196 0.661723 1.177752 3.370093 3.917964 27.789357
1311123767.089386 26.665742 0.454708 1.900938 1.106653 4.167573 24.687467
225614493200.806091 4.835430 0.359847 2.405661 1.653937 4.433853 92.810785
786910753.747056 18.052037 0.628741 0.010385 7.371102 4.620161 18.599338
152419491770.196930 2.903054 0.504665 0.166532 4.239973 4.098810 77.629818
4714848011.496702 14.587007 0.478858 1.382118 1.087749 3.113037 31.912880
880562283.909797 33.503450 0.530264 1.859198 11.361994 3.708426 23.204142
77155062944.667206 4.281208 0.899075 0.113237 1.707598 4.400275 63.930139
684320419.472641 37.214826 0.377428 3.382777 3.973779 4.532514 22.061881
4508369970.341487 11.521458 0.265909 0.451061 1.616334 3.697344 29.656167
913007947.385713 24.360193 0.191226 3.124234 11.524569 3.711951 21.296424
331347577.862604 27.739889 0.676186 0.021406 3.648017 3.714521 15.796921
604776962.980451 49.370332 0.339125 6.315585 4.602572 3.530184 23.238974
12463840105.998747 6.568452 0.955760 0.047983 3.847248 4.447712 37.055465
830270840.374058 18.333990 0.155397 0.750626 11.627534 4.416857 19.016068
2070127129.410696 12.751108 0.799743 0.014546 6.449576 3.953822 23.446292
4739429620.210114 26.085772 0.447694 6.918010 4.614821 4.625450 37.637284
9211498203.852354 6.916075 0.681177 0.097522 12.187234 3.643848 33.810639
1857478963.146494 28.660276 0.829306 1.592084 19.058640 4.305975 28.344057
6726518444.695383 8.838396 0.002014 0.037013 11.239198 3.126210 31.940109
6631523970.019711 9.200532 0.315600 0.570671 13.910059 4.379976 32.060117
2062880975.766309 22.711809 0.674047 1.445781 2.088288 3.449785 27.374162
610901619.366231 21.050362 0.091541 0.020698 8.223980 4.559804 17.849176
840591304.811469 23.661216 0.372314 1.238465 1.585037 3.507728 20.540007
1377649706.521819 19.223966 0.291433 0.711491 2.659165 3.284384 22.811849
35363921462.503456 5.452642 0.736485 0.069690 10.044271 3.613979 50.898890
1557503241.931456 13.667696 0.215160 0.034614 1.848163 3.898275 21.697102
1762230882.040864 12.314431 0.048351 0.243228 2.841553 3.988972 22.032384
2707079551.043613 10.410800 0.001647 1.072518 10.410185 4.456856 24.438686
6015768592.528236 8.791261 0.065622 0.419950 2.686263 3.917911 30.738645
723486553.149757 34.988813 0.315892 3.172274 8.213778 4.383649 22.034808
18195369680.958542 5.912874 0.686353 0.071264 11.702313 3.315327 41.302123
309185810.072112 28.409910 0.278678 0.031604 5.776201 4.164838 15.549760
457852034.184314 23.695102 0.420559 0.261146 6.721279 3.288122 16.781499
1126494787.345464 20.494977 0.559053 0.419125 16.388528 4.676505 21.721177
185721434.563129 37.616184 0.754135 0.063888 2.812297 3.573882 14.333312
20043014346.910400 5.910606 0.009447 1.606882 1.107543 3.583406 42.652681
4095870704.809306 9.032623 0.757234 0.027275 6.241981 4.678862 27.196216
2055538279.300887 11.596474 0.235560 0.055736 6.176018 3.998808 22.860454
26556565417.071915 5.705039 0.778930 0.017844 13.927354 3.661973 46.585353
507251805.038821 29.756948 0.167503 2.433051 1.429913 3.430614 18.603432
725042043.644683 18.748641 0.794949 0.023200 3.181595 3.850767 18.289329
1301041126.778970 21.833976 0.504066 1.267164 4.552856 3.630766 23.207763
1609357992.078898 37.700847 0.831598 1.776692 3.408941 3.302160 29.461767
1607274215.573830 13.569626 0.172627 0.037581 5.148549 4.535644 21.886024
3373682888.203539 33.996240 0.584893 5.671826 1.073196 4.296911 36.477381
320366604.978771 28.327226 0.539867 0.111555 16.043483 3.274295 15.720921
665950725.215395 18.790476 0.255910 0.064808 18.491380 3.944481 17.789360
57835272994.579514 4.651211 0.814808 0.045933 1.556928 4.667009 58.660412
2230660617.609495 12.373286 0.036657 0.512987 1.259263 3.064918 23.860998
335895365.097750 36.094280 0.245957 1.254841 4.331482 4.138514 17.232757
661122734.449815 19.326407 0.405737 0.110789 1.271024 4.135783 17.886375
18393371899.859917 12.140288 0.282681 6.536564 1.422132 4.995173 47.983919
10554518328.321930 7.912592 0.601093 0.214618 2.231038 3.775843 36.290573
1149715495.080499 16.164474 0.289029 0.024669 4.861217 3.502454 20.482317
4061067337.533558 10.263412 0.272745 0.010087 7.344166 4.414271 27.886395
1331855757.908441 24.774426 0.540478 1.454090 8.519266 3.098167 24.274289
4851032638.088257 8.639224 0.370332 0.020872 14.912672 3.766582 28.507471
13761089401.409781 7.187570 0.499184 0.040023 1.938033 4.497011 38.924389
1501863024.315081 12.619659 0.748500 0.087521 13.948991 4.594944 21.014199
9806057071.483654 6.777487 0.020813 0.822218 2.379066 4.132873 34.397803
292170364430.788025 2.954862 0.494937 0.033622 1.337171 4.827035 96.525301
1048835916.666172 16.298019 0.218866 0.123615 4.091351 4.670018 19.908528
786658759.202377 16.163887 0.125189 0.046823 9.244316 3.837544 18.048462
1884024645.348687 12.445715 0.672685 0.191244 13.107069 3.323128 22.586934
1496600033.924060 13.787753 0.334564 0.377418 2.307873 4.509137 21.457923
1545624624.839327 18.624656 0.167339 7.438371 5.681731 4.751074 23.495058
1167569560.998046 15.486381 0.035354 0.491895 4.750200 3.787632 20.355326
8900511714.179829 6.973416 0.127343 0.022000 18.071337 3.275548 33.475830
1347029717.110994 40.851679 0.818470 2.043452 7.042140 3.878887 28.499398
87081762671.960236 3.626314 0.511489 0.035703 1.968534 4.899402 65.441476
578493890.882457 46.499112 0.865137 0.998570 1.047256 4.485276 22.442103
3989043180.878238 16.735022 0.600418 1.265327 1.854876 3.837119 31.297637
276062376.327061 30.851976 0.627002 0.016512 5.357519 3.864408 15.360226
613487742.048615 31.312879 0.959544 0.657798 12.736245 4.849757 20.137611
2924330268.838232 18.018137 0.370831 1.786942 3.955518 4.045003 28.794284
2762229995.782990 11.261624 0.038065 0.135949 1.723548 4.455186 25.053130
694993653.232219 28.151832 0.353930 1.022409 1.014216 3.445488 20.312461
5449313690.324591 11.821070 0.325233 2.039115 1.467912 4.567797 31.783941
7072890957.391238 12.171949 0.860262 0.459980 10.968296 3.869800 34.915186
841061597.218864 24.217547 0.519293 0.636175 9.437993 3.945628 20.685566
2541428598.277305 30.255013 0.521239 3.606710 18.819840 3.249352 31.997322
363835316.657548 35.189629 0.491692 0.532800 10.691463 3.620987 17.554723
18350030847.080067 6.838886 0.711052 0.127189 1.750689 3.175727 42.456568
289534893.448340 41.423407 0.647866 0.449496 1.148981 4.354426 17.149618
395759328.044388 27.711766 0.568329 0.147558 19.572658 3.066778 16.755359
10099485114.465788 8.477596 0.055202 0.868703 1.801954 4.187974 36.259902
421690201.630193 25.739114 0.075131 1.459804 14.899864 4.582153 16.734974
47831502531.357292 4.438337 0.548685 0.135059 1.401352 3.588412 54.743402
3459391419.977406 10.705331 0.419689 0.127566 3.541340 3.623748 26.689456
378511289.710659 38.533233 0.665231 0.679361 11.290517 3.037995 18.314865
3830174317.194705 12.918928 0.498425 0.595107 2.087985 3.167576 28.876821
2039068754.518257 39.727230 0.907959 2.032751 5.374009 3.200092 32.426166
700234214.842747 19.460095 0.544623 0.065123 2.513607 4.382757 18.267700
424105118.094501 32.378018 0.433523 0.947711 15.229318 3.299549 17.993688
3159712487.095193 20.955741 0.311494 4.268614 1.337815 3.659676 30.828271
1511438894.074388 12.170962 0.019881 0.143266 7.151043 4.424559 20.873906
4956685619.171883 9.352083 0.047531 3.982679 2.664513 3.516252 29.197558
985368513.298098 17.806925 0.331656 0.022193 2.354731 3.398987 19.972045
2803109146.649160 36.804639 0.459776 8.289979 3.011800 3.605953 35.173786
4091738368.358208 9.610205 0.209115 0.371589 1.137392 3.343053 27.551762
2658097747.459294 25.991307 0.413568 4.546238 2.174502 3.283029 31.004527
1328227355.315559 22.454419 0.541125 1.424057 19.743426 3.311671 23.559290
1562253980.715620 13.765812 0.815602 0.019843 5.084659 3.404033 21.758446
1361962041.523249 13.737993 0.231634 0.039427 6.419208 4.907147 20.775113
1012123352.345550 15.324300 0.567640 0.020131 4.872223 3.951176 19.355049
18720283129.390350 8.197934 0.364582 0.685730 2.279466 3.090446 44.239550
3319100972.241638 10.357533 0.332252 0.109888 1.768686 4.825147 26.126435
3052205104.227010 13.629629 0.110802 5.927210 3.580920 3.542629 27.132574
2573461517.341134 12.038513 0.109103 4.409082 8.262069 4.755113 24.859891
1427448152.878251 13.597125 0.017471 0.466159 9.273549 4.761682 21.048047
140648660728.790222 4.775713 0.346356 2.103057 4.872076 4.331184 79.154451
274338602998.851746 5.772363 0.611348 2.903351 1.969459 4.808813 101.645021
2678885320.712758 22.189610 0.340551 7.529032 1.638168 3.606335 29.663552
55067625278.947144 4.152850 0.358373 0.013521 1.582756 3.559569 56.936754
2270203414.230412 10.725711 0.274293 0.081387 6.459281 3.935746 23.203364
2192113159.925214 32.678069 0.737085 2.217570 13.629493 3.027740 31.201690
1406527676.771602 13.597545 0.375706 0.073615 1.900416 4.277453 20.944878
1204146935.613241 18.375674 0.926710 0.290195 3.843316 3.531013 21.538409
3287230984.942102 10.870580 0.284844 0.096214 5.839881 4.599692 26.331830
1994723509.774544 25.814619 0.702387 1.424802 2.544928 3.808243 28.117107
3046964564.303681 11.749106 0.155398 0.894289 2.865772 3.783392 26.146667
2219817508.946698 12.025341 0.517719 0.136561 8.191105 3.411683 23.658359
2001929899.729799 11.432508 0.242151 0.055482 7.958932 4.788025 22.583761
776389544.691931 31.336808 0.982784 0.761037 2.581717 4.669908 21.787277
2807899981.087115 31.939201 0.907931 1.761677 12.089590 4.396115 33.642954
6408512236.795802 14.189191 0.667670 1.153486 19.640175 3.942552 35.100251
3395549467.980481 13.143840 0.031880 3.899121 5.175644 3.955683 27.859509
2065668447.131379 26.108254 0.435259 4.310122 2.205814 4.654567 28.543634
606679750.291805 23.781243 0.054527 2.974017 9.130648 3.605643 18.451891
959200551.963356 21.609884 0.143425 5.730388 1.519838 4.308033 20.903092
167787760843.190277 6.386092 0.587388 1.987954 1.132596 4.456056 87.722864
16096288280.290287 6.476032 0.072184 0.043225 6.067286 4.061778 40.254093
2237034068.569446 11.500819 0.083309 0.011455 10.816694 3.446714 23.468312
5549344461.639520 18.459660 0.355659 6.907082 1.192485 3.315648 35.888037
118131298937.461945 3.562331 0.516245 0.132651 5.104952 3.994520 72.330260
1990386043.930367 25.704458 0.763110 1.836684 3.535822 3.102845 28.060610
2970422746.809422 14.749029 0.582883 1.139572 1.437157 4.960228 27.436171
1664751343.023053 19.370676 0.232199 3.376042 3.027974 4.328735 24.349521
7162292289.248345 8.310194 0.950483 0.063058 8.521028 4.219134 32.204370
1189692323.539728 14.790427 0.022222 0.012024 9.060282 3.789790 20.238477
5565060166.878023 15.723251 0.688302 1.621974 1.064668 4.457049 34.393770
7436497752.419475 14.371243 0.957537 0.922513 1.483244 4.372216 37.005510
977328144.661358 47.815182 0.370450 8.335479 1.406572 4.987671 26.979300
1559126031.544067 37.787638 0.482222 6.760382 13.686580 4.362512 29.173665
6604442795.023802 16.572656 0.577669 2.166674 2.142677 3.675531 36.928444
2405008377.292521 11.476692 0.783015 0.128850 2.552073 3.383195 24.029660
15712900030.692677 6.068290 0.907403 0.015265 5.569933 3.979570 39.497283
1473003186.465126 15.374557 0.106336 0.655560 4.096322 4.314396 21.952850
2576603932.639880 34.347765 0.532023 6.369584 6.630151 4.708231 33.452150
436855218.555724 32.353394 0.386981 0.708099 11.265163 3.330158 18.167880
3588267468.752929 19.505392 0.600619 1.975910 7.392356 3.017326 31.514837
725320696.879885 19.188164 0.500869 0.018168 1.237869 3.210336 18.410434
2706169145.015014 10.481285 0.213987 0.013840 7.002207 3.953691 24.473390
958876879.068238 19.044103 0.066870 2.185462 4.023913 3.211981 20.163177
5593765651.256013 30.009342 0.793418 4.066501 3.963180 3.976502 41.516751
2956065725.361555 10.981158 0.843979 0.073925 5.214556 3.969986 25.475704
2964402174.220941 28.712675 0.598186 4.657621 6.008202 3.386849 33.141866
2470654073.269883 10.159611 0.474525 0.197204 5.765822 4.416603 23.575346
5351292422.430771 20.149307 0.414405 4.758309 19.178468 3.767128 36.337826
2623499329.461701 11.669620 0.107915 1.474947 13.418137 3.475987 24.834305
21456076336.406452 6.438711 0.553534 0.192054 8.457204 4.075942 44.257438
1099822706.137568 44.691445 0.468748 5.796148 10.499258 4.763267 27.437295
403426971.550364 23.074622 0.110186 0.093551 5.733094 3.030779 15.963193
2904972808.150680 11.061401 0.243844 0.193958 1.354817 3.999370 25.370947
1502097984.502524 15.507371 0.132164 0.054075 15.794288 3.018910 22.146482
2830468427.447464 12.386777 0.700149 0.015627 14.005762 3.985659 25.839182
768075325.740233 40.804171 0.890469 0.951335 1.228682 4.398637 23.623588
4559677899.818718 8.890716 0.033037 0.053384 13.545594 4.884621 28.092361
502451396.705241 29.087303 0.785365 0.560426 2.993196 3.401921 18.414610
6147708979.729179 19.364923 0.369322 7.605270 1.056747 3.446373 37.633577
225142758227.843994 2.772422 0.418957 0.168602 4.018450 3.668111 88.213041
384674143.130648 37.748321 0.409172 0.877980 9.478961 4.744433 18.291479
6550017279.424388 8.283405 0.608096 0.057942 1.355756 3.271600 31.238828
2862183930.405084 10.746163 0.768075 0.034913 9.140058 3.994244 25.077558
5943967167.321935 9.794278 0.068790 1.013422 6.581472 4.131583 31.333753
7499077310.463539 38.811189 0.680228 9.575628 1.909310 3.375599 49.673647
3495962728.511190 14.949990 0.621027 0.993996 1.879555 3.145899 29.069164
3052972933.104087 11.898678 0.075548 7.996834 3.613372 3.729261 26.243102
2034111508.167772 11.864382 0.336616 0.086016 1.163666 3.632528 22.905095
810047549.564084 21.231491 0.964455 0.398352 18.771230 4.467163 19.657731
21986539695.282719 6.253586 0.846683 0.027880 1.048524 4.657136 44.398643
923815276.309247 19.937339 0.461412 0.317968 1.073573 4.037142 20.172800
1083631242.400572 22.551008 0.416633 2.002368 18.968445 3.518273 22.041553
80559839656.805664 4.469623 0.382784 0.284421 4.756386 4.294099 65.188188
1254374149.223701 15.368608 0.347035 0.075472 13.217234 4.666756 20.805967
1673123442.528983 19.302928 0.257167 3.516325 6.844647 4.381877 24.366293
2112398002.267667 12.843795 0.699752 0.150754 6.143903 4.198078 23.646988
2647775121.004059 34.658079 0.519933 9.123716 2.835200 3.030376 33.854115
1039722710.616046 42.541911 0.678812 2.048367 12.196826 4.894902 26.492909
2627803639.903060 11.716535 0.492448 0.180332 10.815217 3.042950 24.871623
334681490.730792 48.705027 0.400319 1.283631 7.307793 3.626785 18.992455
910650955.681394 43.634502 0.403639 5.922359 7.441332 4.645967 25.560839
3901146720.549716 9.420569 0.288410 0.349668 2.135651 4.721057 27.000011
1168317670.485295 15.733675 0.618127 0.023626 1.011513 3.223365 20.444961
11019248730.969578 20.117272 0.672600 3.314714 1.061323 4.833513 46.209080
50944746820.418839 4.797513 0.260208 0.298789 7.284037 4.635843 56.457720
65419627936.216911 3.547594 0.472388 0.034444 12.220418 3.031870 59.376252
112208667731.160263 3.461051 0.330874 0.048328 1.078559 4.046847 70.928500
1308470707.273374 13.805920 0.339649 0.187260 5.327462 3.674932 20.525100
6895707364.015168 14.667925 0.371148 4.827222 1.082663 4.777711 36.276368
1789625781.363117 33.587890 0.389598 7.038639 2.835076 3.558099 29.415691
335534099.005378 42.700965 0.855504 0.541096 4.971594 3.429475 18.194352
290585160712.232239 3.417992 0.316874 1.174273 1.827226 4.558570 97.304053
130028794467.829742 3.890982 0.501520 0.086145 1.590436 4.307706 75.299464
24903897500.823040 6.119873 0.285833 1.045369 1.248215 4.587313 46.115059
2976037893.544667 12.082722 0.759465 0.012537 9.492522 4.727744 26.116991
9457320648.480038 7.215975 0.109609 0.034229 8.169196 3.832360 34.375171
32214803417.856567 4.999118 0.094032 0.462401 6.651192 4.627875 48.728659
1523276001.871305 37.541963 0.454249 6.249206 5.018726 3.511295 28.887399
31767908437.690365 10.304208 0.358763 6.978990 2.606214 3.169667 55.406841
274272114.272275 48.871422 0.989793 0.475522 3.470339 4.641884 17.793531
856962032.144692 21.933263 0.073903 5.462743 18.621368 4.919717 20.219058
66073505424.423882 4.714668 0.618092 0.029840 4.340757 4.356658 61.429697
646948984.052669 27.506229 0.170806 3.591330 2.570832 3.207141 19.693084
2745096654.846557 16.041717 0.198332 5.758534 3.202682 4.876820 27.320338
3195758958.542181 10.572010 0.300676 0.146065 16.242571 3.021445 25.919071
8164634924.465034 6.884318 0.532368 0.180584 5.270661 3.862462 32.451016
2107280632.055365 11.260710 0.053391 0.093467 14.240030 3.404574 22.891517
897070720.205858 18.804719 0.446155 0.058090 3.116685 4.195447 19.650798
2480431212.333718 11.624916 0.799631 0.047726 17.329659 3.284075 24.352184
1088240629.316573 16.273700 0.620339 0.016352 14.040258 4.349835 20.146745
2970449798.571665 10.024843 0.098978 0.561100 4.388086 3.121689 24.993818
1048240346.972848 16.784122 0.553183 0.370696 2.310174 4.478928 20.062515
6354974309.732829 8.005189 0.449616 0.038289 5.146315 3.330473 30.714959
43370348386.322113 5.529430 0.252468 0.197030 1.193015 4.934621 54.596898
1972074443.590466 12.907112 0.064255 0.347227 2.567425 4.090457 23.139432
768275773.697244 31.158256 0.263202 3.452119 2.294636 3.788824 21.672374
5253041147.257204 44.550785 0.671885 7.881122 4.381147 4.325714 46.158307
954909565.058108 19.707266 0.101474 2.434353 1.704421 3.950376 20.329849
3683432323.542932 23.812343 0.941220 1.682271 6.380763 3.643448 33.674898
509326257.333452 21.923131 0.046184 0.063284 8.287231 4.815823 16.997339
2873376877.808770 29.636970 0.420779 7.779303 2.595021 3.784542 33.121219
2584000464.671221 10.784042 0.639409 0.052009 2.200915 4.509772 24.256882
5766297939.290418 7.492890 0.166951 0.053986 12.519343 4.754882 29.356069
2321734085.863064 24.070688 0.666821 1.451677 1.536769 3.421095 28.965385
3026703953.829525 11.041067 0.618981 0.032752 3.357613 4.168414 25.709491
912010697.791030 18.276172 0.306570 0.732352 3.771555 3.544009 19.603548
1039790909.847886 41.486015 0.888894 1.473326 3.338652 3.422765 26.275519
5907538156.461864 12.025777 0.195053 1.870935 1.122550 3.046197 32.785728
1384204387.975563 25.213409 0.466197 1.706065 18.164343 4.649946 24.717578
361912838.676552 36.228916 0.228522 1.723568 3.884187 4.672843 17.687787
6970002642.205893 17.801842 0.658492 2.548261 1.147094 4.636058 38.335394
1409997198.952620 15.724736 0.463521 0.099530 8.045319 4.867453 21.764069
2649556982.806475 26.514829 0.870084 1.479563 1.320043 4.540707 31.158292
287309576.463227 34.165083 0.154876 1.184510 4.852136 4.647989 16.073932
3052157745.802668 47.517494 0.854947 4.048983 2.081107 3.827242 39.352997
503016255.433484 38.799009 0.575612 1.084490 5.536430 4.418229 20.180869
967832232.439964 17.020150 0.077378 0.805464 2.013516 4.491646 19.609719
5229058845.862140 17.203675 0.426010 3.053759 3.162134 4.373380 34.509843
105872333895.453979 7.345361 0.771571 1.514916 1.876067 4.966787 77.154119
10646764644.070301 7.673184 0.996062 0.309507 8.254915 4.206099 36.178609
460260691.547782 43.606922 0.659259 1.239957 6.948613 4.943486 20.356431
3343598160.588441 10.786427 0.033387 7.752466 2.951339 3.742092 26.434083
9800659175.766241 8.570711 0.357945 0.011188 8.326387 3.892421 35.979271
532994546.391670 32.852847 0.830321 0.545949 3.071932 3.402874 19.507209
19406925635.035221 5.870266 0.231182 0.027843 1.088484 3.060311 42.150348
22009289865.746693 20.685699 0.823885 3.799826 2.417007 4.785990 58.657495
3827635450.832177 10.126297 0.871106 0.010474 2.730615 3.930548 27.259102
606743748.131493 18.917566 0.905636 0.059500 1.745541 3.416171 17.278167
2048300540.491276 11.745387 0.159329 0.015758 18.566203 4.990562 22.902996
2867433550.457856 10.797901 0.450586 0.106479 6.343010 3.487378 25.120617
2768656363.819828 10.077376 0.770484 0.010243 4.247774 4.255050 24.442990
878982849.523867 27.977353 0.604907 1.236402 18.037770 4.305734 21.924818
5506132442.611706 8.153791 0.222561 0.046942 4.859679 3.201915 29.389028
6386396644.890600 11.014558 0.240698 1.768928 1.696581 3.435012 32.956891
1250021121.401299 43.984849 0.447562 6.179329 2.582822 3.557330 28.482569
958990258.348508 37.547922 0.706482 1.756679 15.544160 4.631181 24.759539
2964310322.798896 23.863139 0.700296 2.058438 6.021360 3.043103 31.342728
3762477162.046691 17.792648 0.412245 2.548239 5.598025 4.666044 31.209394
3564609982.796482 14.626856 0.311796 3.388750 1.069481 3.720650 29.092883
307866678.523026 32.958326 0.297314 0.400738 5.661664 3.373195 16.262266
990805297.049757 15.910113 0.216417 0.025362 4.323581 3.167620 19.409399
7248946257.060219 7.674881 0.191949 0.010087 3.255115 4.383287 31.828987
453932610.661628 22.506295 0.537952 0.030728 1.448613 4.294748 16.482663
1951407139.841428 11.853492 0.497535 0.062293 9.019713 3.773481 22.585394
3786214462.251685 11.418924 0.057035 5.108710 2.671124 3.941843 27.920720
1712367163.273415 22.102362 0.841873 0.874217 1.224215 3.822362 25.523507
851490815.734972 16.227163 0.183687 0.133838 3.356415 3.186383 18.550585
2511052371.598143 12.758498 0.295505 0.773765 4.009183 4.750520 25.008581
817267552.216034 17.510443 0.414891 0.043277 10.041468 3.632581 18.678753
2969613110.820988 16.169793 0.913782 0.600741 1.334224 3.241175 28.105222
322537327.492376 34.738798 0.219574 1.228106 4.614097 4.557180 16.794468
2367744780.750958 10.855668 0.565967 0.102526 3.156143 3.438706 23.596358
3328247993.229571 11.204043 0.469208 0.017057 11.716161 3.469328 26.627229
1969259616.234353 26.576024 0.405065 4.725960 3.175526 3.429060 28.243584
4046339205.491154 8.904481 0.768771 0.036611 4.940973 4.152035 27.004660
38689266919.350807 4.469540 0.296354 0.011937 2.904087 4.660706 51.049548
1032392969.671296 14.992948 0.465551 0.049960 8.386751 3.769122 19.372384
16866617105.564034 13.316861 0.843316 1.660345 1.529990 4.146496 47.690301
947808147.625973 36.213176 0.889398 1.243173 3.549453 4.483715 24.377271
2598433240.630132 12.328087 0.239081 0.912590 1.778475 3.322367 25.083880
829498596.081955 16.358300 0.171750 0.139933 3.346110 3.178389 18.429103
10402341946.970045 8.227946 0.236075 0.038327 8.091136 4.693633 36.397315
267490038059.949005 2.244886 0.831992 0.040645 5.507815 4.651643 92.921827
2804025600.809986 10.434120 0.149987 0.202983 14.750188 4.047564 24.739550
2595103066.175266 19.438509 0.422868 2.458566 10.494444 4.918568 28.260864
19976610714.195019 9.477214 0.287488 6.479459 2.140313 4.725326 46.598373
3441242363.763673 10.287630 0.388926 0.039961 1.365776 4.289462 26.402676
878854758.023982 16.787884 0.005231 0.010830 4.160207 4.223357 18.918950
3107845615.854136 13.399952 0.771810 0.487647 3.262967 3.313013 27.180055
5545629217.983046 10.545560 0.320522 0.416865 1.495922 3.938372 31.128891
2250183486.529726 12.902775 0.712622 0.190206 3.870356 3.569749 24.177690
363361262.081117 36.772417 0.297675 1.026770 10.698124 4.827983 17.796295
3210731282.415098 10.977808 0.116351 0.543552 1.174085 3.311153 26.185373
1540237421.324184 19.620868 0.587504 0.679171 1.545839 3.640401 23.812477
416341732.705607 22.792200 0.014604 0.412616 7.785886 3.397032 16.073659
72815303147.132217 4.638891 0.292126 1.202145 2.386163 4.550066 63.320154
3309691591.423676 46.485995 0.934716 3.051681 1.959952 3.511420 40.134597
1306725715.544431 32.954180 0.702393 1.659880 15.510726 3.676683 26.329204
5361480020.200243 9.609863 0.822892 0.275699 1.221319 4.706847 30.148909
559404691.417644 20.103344 0.048380 0.080953 19.703773 4.130708 17.106719
21544142631.163029 5.851248 0.969979 0.021689 7.941348 3.016293 43.621495
799548214.493681 26.825858 0.557042 1.117086 10.739858 3.902233 20.973204
10294432441.336847 7.105239 0.811243 0.050636 1.523692 4.471736 35.259888
354614794.745357 29.625518 0.193532 0.608812 2.485391 3.806766 16.488297
3448392616.120178 27.053031 0.987147 1.789737 12.457539 3.977928 34.226858
1955076228.547307 24.081574 0.332807 5.214237 15.843231 4.299470 27.356122
6108510382.941822 12.810987 0.581582 1.224799 1.978336 4.766143 33.668333
1009386776.094686 43.894637 0.792878 1.821589 6.072437 4.783631 26.505183
39139523916.995720 5.079666 0.929228 0.143905 18.499591 3.293846 52.111648
3729308184.456810 12.450568 0.263533 1.082958 1.598426 4.768680 28.362586
262073059.374072 47.152293 0.288738 1.459254 4.248169 3.258639 17.316570
12869401473.937761 7.081328 0.228239 0.039031 8.407743 3.274979 37.960377
2106088337.562974 12.072926 0.473712 0.025815 6.734157 3.248271 23.269350
5579779331.248323 41.541478 0.623147 9.718392 3.334705 3.600108 46.021985
6327829974.400175 8.819445 0.998783 0.039872 3.260895 4.083370 31.282126
7925757258.975388 7.795136 0.505744 0.035131 1.126722 3.185337 32.889368
2373392110.100818 11.446044 0.129165 0.058975 9.548094 3.745458 23.908797
439676784.696581 23.312212 0.019308 0.078149 3.851680 3.600506 16.477169
1958483409.819835 13.716701 0.123833 0.052415 10.218339 4.619728 23.440023
1074242017.400933 31.287229 0.512771 2.077417 15.862974 3.506358 24.265846
3477231123.387350 21.080258 0.520890 3.527175 3.758187 4.951389 31.882263
437388343.244121 25.322792 0.912403 0.228902 3.088262 3.974057 16.857421
2804420875.599507 12.042569 0.146764 0.456780 3.998621 4.608176 25.584463
9419042369.985693 10.129865 0.140973 3.636730 4.705272 3.334414 36.804804
688348202.545753 40.148772 0.895460 1.004290 1.243047 4.016615 22.655964
369016747.327473 27.770908 0.604939 0.065643 3.962104 4.614908 16.379781
1110259837.052513 14.427698 0.560700 0.131284 4.244725 4.467049 19.651216
372127051.692639 28.021935 0.206151 0.303129 19.165192 3.630390 16.470919
6970002642.205893 17.801842 0.658492 2.548261 1.147094 4.636058 38.335394
10326818746.361023 6.904808 0.866717 0.032339 13.477767 3.732041 35.113243
1533163275.849598 13.808184 0.304999 0.050870 15.412681 4.697140 21.639379
6452674125.059573 8.127652 0.698038 0.029884 2.733679 4.614504 30.964968
2486972278.943912 45.613000 0.536467 9.387609 6.452524 4.943265 36.257920
883927438.935286 18.616498 0.505034 0.332681 15.837796 3.939237 19.499696
2649165280.781067 11.216296 0.778904 0.052835 8.477465 4.373227 24.683202
340493507.419394 47.885156 0.329451 2.217420 4.781920 3.965941 18.993265
41583044839.615189 4.299172 0.785865 0.162282 2.323394 4.815671 52.051433
1823174468.713348 13.189761 0.099528 0.444961 16.872848 3.755122 22.663318
3402260322.526814 11.127097 0.384584 0.044148 13.601969 3.056499 26.780019
5685839069.673986 20.193310 0.399050 7.039602 1.655490 3.428816 37.102784
412564010.296773 22.904479 0.187793 0.148070 4.014421 3.625121 16.047960
1386852965.954295 13.918443 0.013290 1.534573 18.262093 4.953844 20.970163
520071516.213015 25.584235 0.373354 0.461588 4.278720 4.068322 17.914065
5493138243.517372 8.908448 0.135306 0.489784 8.419761 3.378462 29.904194
2325317893.889428 11.643115 0.790832 0.121587 2.785408 3.319374 23.842457
754163405.331266 17.951418 0.441363 0.010978 1.848080 3.601829 18.309474
6873928965.668296 7.832875 0.143655 0.024408 5.750648 4.097067 31.394480
11472577587.763218 8.196230 0.220557 0.481887 10.233700 3.728300 37.575847
4852712314.154269 12.912880 0.890608 0.364616 4.963143 3.191851 31.243122
872653751.158454 33.705878 0.358272 2.949933 4.217464 4.636989 23.178648
3613284486.405113 15.137427 0.617553 1.068474 1.954332 3.163146 29.486422
11139942666.024515 6.490687 0.203960 0.049922 4.415479 4.394576 35.620381
2081637760.822625 13.743586 0.842708 0.166972 2.998567 3.194936 23.933240
2582735115.144315 11.955625 0.036477 7.868461 6.315673 4.071649 24.848395
11755964477.438055 7.018952 0.096863 0.011719 2.398015 4.711686 36.772840
50859870140.601784 4.887901 0.495964 0.342696 13.549436 3.111691 56.566759
484436385.488887 33.900906 0.236426 2.822564 4.366681 4.733515 19.084502
4310316914.091084 8.580964 0.253828 0.294631 8.204439 3.164143 27.368054
3730602723.013429 20.584735 0.517363 2.501105 9.631530 3.635526 32.417125
6157206108.209070 8.563173 0.509282 0.035027 3.792794 4.898227 30.809396
4210768289.636892 8.935298 0.075715 0.024134 10.265692 4.189887 27.385492
4822052931.540652 9.095864 0.130133 0.075794 2.111815 3.567775 28.759379
797137326.717373 20.754386 0.218756 0.759465 4.681540 3.245272 19.425730
5048323216.401606 23.152599 0.868310 2.444355 6.949568 3.688365 37.097429
5834596987.319168 32.796865 0.811297 4.390001 18.552597 3.022205 43.290330
843198467.573954 23.304039 0.200868 1.985560 7.636118 3.935654 20.469311
175714858765.987427 3.132278 0.115824 0.902724 3.225989 4.975928 81.763640
1413376764.226506 21.086596 0.474987 1.389187 1.771777 4.776861 23.618995
10811795995.585176 10.747502 0.296456 2.797185 5.884040 4.128456 39.056900
248085280844.290344 2.611396 0.190390 0.061133 6.527327 3.774582 90.899423
11673484527.242172 6.090993 0.414802 0.018186 9.792500 3.082413 35.794403
1099229128.033216 16.310425 0.022315 0.040608 11.767732 4.461798 20.226517
41638154848.240738 5.306546 0.208928 0.906592 10.613994 3.820470 53.531238
725066408.047583 21.424635 0.995380 0.344375 4.173134 4.158231 18.994213
44232851011.100792 4.012365 0.856044 0.047871 1.817506 4.603352 52.730836
343497391.274858 41.525205 0.491571 0.847952 1.456443 4.283313 18.169584
3107918526.446138 11.743627 0.618019 0.511153 12.745564 4.282502 26.316943
726113228.599466 21.825149 0.608775 0.254034 19.968049 4.169774 19.105286
418195978.461281 26.285020 0.716985 0.018012 4.254832 4.035143 16.794481
2935974681.228393 21.228091 0.296583 6.529705 6.488117 4.546778 30.194463
474013784.168007 36.659163 0.598755 0.624955 12.726018 3.260217 19.425976
747318059.750969 48.522201 0.677332 1.889460 16.719890 4.750126 24.792701
847754391.505214 17.870188 0.221516 0.027255 1.303934 3.654525 19.013814
1680107576.902354 13.020374 0.005079 0.442175 1.084143 4.004090 21.983515
5681922261.110171 7.412200 0.823855 0.100411 10.536711 4.610485 29.152231
2514244856.956502 12.140608 0.891520 0.152652 13.722859 4.490374 24.718032
20302314798.248379 5.815768 0.591332 0.016773 2.821013 3.348433 42.725417
1007916017.595074 20.397119 0.359902 0.643328 3.873146 4.960183 20.902088
2776980377.632594 12.394514 0.113525 0.863058 1.028650 3.326860 25.679287
11049074830.944954 6.214360 0.249818 0.518455 7.763136 3.718501 35.261552
1409523855.963845 13.541609 0.159777 0.059069 14.289996 4.545515 20.937994
39345086752.211433 4.795031 0.612259 0.013344 4.034668 3.576096 51.795348
978072334.191950 36.807020 0.718780 1.762461 6.171411 4.034815 24.763108
890925002.943629 26.336310 0.501844 1.320001 5.224548 4.369972 21.622672
231114837.547154 38.775149 0.738338 0.236063 2.301998 4.413011 15.569276
877013889.139532 18.754528 0.212081 0.152868 5.024083 4.421015 19.488728
7899656072.461785 8.372732 0.084028 0.049938 2.010654 4.405270 33.324263
2416047886.649060 9.713313 0.671498 0.037655 10.357138 4.549758 23.168411
2122895702.626152 12.146832 0.846214 0.107210 1.364070 3.552989 23.365480
765791218.725043 17.335939 0.512724 0.011996 1.902629 3.956250 18.228188
1146728967.329601 48.669196 0.428448 6.971591 1.337490 4.533469 28.625305
2151424145.667378 11.583651 0.847141 0.020000 2.356563 3.679401 23.204436
1609700833.091310 18.030690 0.156826 3.656370 2.932971 3.410829 23.602744
1864622380.566189 13.260552 0.695612 0.012666 8.146240 4.735541 22.864291
10608525586.054592 49.187826 0.907400 7.890576 9.430736 4.081131 60.306251
653008841.513511 18.904637 0.880572 0.015927 2.255394 3.585659 17.703239
688492443.844234 17.593869 0.759815 0.017883 3.922497 3.354676 17.664055
9023618657.828596 7.611051 0.572240 0.065583 1.037573 3.279821 34.184227
763170060.998829 36.223024 0.597599 1.557525 14.280391 3.660314 22.680708
1336196380.821876 38.811714 0.868982 1.675812 4.107837 3.073703 27.952164
2649126843.573768 11.129879 0.759425 0.110027 2.078793 4.184902 24.638520
1743681846.390896 28.079248 0.768091 1.469780 3.435412 3.670961 27.579183
194621967520.214111 3.050411 0.351853 0.019849 1.537597 3.672290 84.455821
1559706288.501607 36.212536 0.511803 3.764988 3.831336 3.310806 28.779953
453356939.459825 22.678649 0.502121 0.032080 1.555566 4.258719 16.512422
277233884.346789 31.904191 0.174891 0.627543 6.413719 4.452007 15.544123
12795011472.188375 7.351140 0.241902 0.034634 2.951642 4.357710 38.151306
2350042234.281594 12.102422 0.428563 0.112609 3.588723 4.902991 24.149393
2530128703.745818 26.213486 0.726687 1.544758 1.706435 3.329843 30.577142
5898357829.496743 11.215955 0.146136 3.147686 9.806421 4.195416 32.230899
7086630848.574965 8.396572 0.590133 0.056777 2.523606 4.351379 32.157992
155172093914.598907 3.231093 0.302282 0.054838 4.069435 4.953359 78.609910
741112088.164154 38.318255 0.776869 1.454264 13.251830 3.204644 22.870974
279129622.546784 41.027281 0.841324 0.410257 6.835320 3.495340 16.888398
460840023.575610 37.209731 0.457015 1.337646 1.585167 3.099068 19.336903
6270233179.639730 12.230232 0.286822 1.656681 2.865818 3.490518 33.579856
1060883316.731035 14.708829 0.415727 0.017911 10.002263 3.242259 19.452092
990512387.062650 16.796923 0.504793 0.028578 1.663157 3.269486 19.691300
3409306312.727483 10.507291 0.004535 0.017452 1.574991 3.104629 26.446968
11387952428.032074 6.290977 0.779381 0.042958 3.883086 3.482453 35.691806
39441771254.812347 4.735044 0.709830 0.018424 2.675357 4.056144 51.752435
31683989695.853207 4.797250 0.001673 0.016801 8.918916 3.081207 48.191120
302182093555.378113 2.840273 0.353474 0.153597 9.562593 3.567929 97.414827
1691131084.572291 16.869266 0.962225 0.508827 4.230198 4.431765 23.562290
1987758248.278215 45.703357 0.732588 3.890225 3.081940 3.247289 33.670779
1513676150.735713 13.588065 0.472702 0.011892 7.296813 4.038054 21.460001
959942632.414540 49.326907 0.640078 3.096613 19.247835 4.860768 27.100149
3313119851.069548 11.803663 0.798211 0.432318 17.202647 3.261469 26.916581
1908231442.164645 29.069493 0.504368 3.676534 1.809678 3.551008 28.724967
30615722489.417610 5.045246 0.608450 0.045577 2.185638 3.570930 47.969585
3283080360.004877 10.144256 0.150122 0.022886 15.398649 4.392822 25.910002
2609496263.342445 10.829789 0.216054 0.026673 4.283940 4.077635 24.360141
985528206.777584 26.650115 0.795155 0.875332 6.279886 4.684924 22.442671
1935507467.056667 12.507632 0.287079 0.102690 9.807684 4.882673 22.818458
7395264841.943725 8.398041 0.797226 0.051085 3.604171 3.645797 32.619379
1399775437.144372 12.999366 0.030052 0.090594 18.985963 3.493417 20.677449
234134201238.007721 2.943770 0.420107 0.017069 1.725332 4.836298 89.638399
3099140826.602283 23.865101 0.719572 1.955763 2.604686 3.018442 31.811677
8217641334.843472 30.690658 0.724795 6.659172 2.627177 3.832945 47.526379
6355108495.877883 39.070161 0.775576 5.362564 6.519950 4.069976 47.108846
2024091699.524746 20.615908 0.474296 1.828353 1.462013 3.242439 26.451224
5165836245.824059 11.849411 0.215168 1.364441 1.465167 3.109384 31.240847
42273494114.488831 4.869142 0.356747 0.011285 9.950280 3.277351 53.157939
2201453804.550124 12.474375 0.653225 0.036412 19.576632 3.568741 23.803569
2419162714.207254 11.434885 0.520509 0.053484 1.094130 3.204824 24.055975
621298646.903196 21.125687 0.739991 0.253512 1.224295 3.748783 17.968281
1221949681.366062 15.314419 0.025770 0.023367 7.161675 4.515168 20.606019
26012468392.368340 6.405861 0.470923 0.299185 1.678995 4.188776 47.150098
1734642487.690172 13.786153 0.225541 0.296725 1.322908 3.701523 22.539434
1347589815.870474 25.087058 0.831150 0.874341 1.019496 4.489992 24.460904
150129472947.678802 3.498490 0.342009 0.027137 9.345371 3.641156 78.226389
3386433832.351242 10.811165 0.961914 0.092051 3.679486 4.223692 26.560495
1692647463.881588 18.354662 0.161516 5.084639 1.164211 4.424446 24.119691
141705156486.643066 4.064386 0.297703 0.328056 4.285168 4.180750 77.840446
1492960556.099986 37.539520 0.889849 1.932983 2.847837 3.189321 28.693876
3744293425.931815 39.332038 0.714669 5.109482 1.034095 3.127427 39.578687
6826730714.200653 18.823941 0.774769 1.939477 9.857438 3.136513 38.663325
1119115936.378844 18.649411 0.195497 1.530710 13.970878 3.967026 21.105414
83307761075.425110 3.789422 0.415990 0.060792 1.111826 4.070782 64.745765
112885216155.891281 3.584346 0.367627 0.016188 2.229890 4.354616 71.281454
9448754809.786064 7.256938 0.403810 0.037530 5.796092 3.495875 34.401031
3371112529.946689 25.604247 0.618782 2.645905 1.405360 4.438728 33.409206
3512974395.931451 17.860497 0.983041 0.833772 1.239441 4.035059 30.535581
606679750.291805 23.781243 0.054527 2.974017 9.130648 3.605643 18.451891
2503820273.941948 27.951921 0.759223 2.168218 15.323116 3.941954 31.071063
834910756.261933 17.714403 0.744366 0.021841 13.894278 4.323339 18.871910
3287505481.907892 10.344557 0.827497 0.072545 3.823446 3.070757 26.035892
399445670.930388 27.284124 0.355121 0.060057 7.035734 3.671072 16.727738
1473021423.776567 18.175445 0.310150 1.493801 1.539535 3.818308 22.965435
3550295855.234212 9.784283 0.158137 0.065914 5.594605 4.421411 26.382188
2426835076.082824 12.938716 0.068124 4.734169 2.371517 4.655493 24.811582
2265715268.973389 12.581884 0.310166 0.085758 1.998463 4.216557 24.083453
2696520195.919025 11.064616 0.426482 0.012714 1.375948 3.746739 24.750648
1948013949.369033 39.914581 0.782838 2.753606 10.121715 3.222555 31.985146
1430923718.670735 14.437663 0.845186 0.021789 15.011081 3.546619 21.389330
17642000244.626656 5.905412 0.116330 0.042894 6.200905 4.817660 40.870814
500388605.552518 37.625018 0.220686 5.300138 6.029819 4.364296 19.946250
221919527355.708191 2.851767 0.627314 0.013532 1.479946 4.805530 87.906278
1125642966.961241 15.275399 0.381505 0.014520 6.077089 3.948005 20.036386
2019103742.730664 15.943391 0.142600 5.944648 4.431531 4.060340 24.621234
3153219927.004456 19.138987 0.436949 1.593098 9.725648 4.886247 30.025712
1464240509.056071 15.635578 0.262924 0.036358 4.549329 3.464495 22.006566
1158298060.079558 20.709874 0.123485 8.664310 1.074927 4.565228 21.989054
24096868755.275078 8.312066 0.181319 3.350744 3.072150 3.326572 48.258164
65420691224.074600 7.849478 0.417373 2.937833 1.372837 4.576531 66.558466
3140781859.662338 23.247547 0.946031 1.504764 1.038940 3.276188 31.707553
3527838529.596340 28.011716 0.562386 5.062625 12.285293 3.735144 34.855810
2109520203.703148 24.884278 0.322588 5.344823 8.687792 4.228481 28.333166
1079231918.016212 15.932971 0.021188 0.019249 4.141065 4.275873 19.978051
13195457650.757887 6.102599 0.469886 0.216176 14.087421 3.168870 37.298606
702495424.657280 30.238134 0.264745 2.113702 11.453959 4.363564 20.839800
183134026002.712555 3.285357 0.544995 0.294175 3.750678 4.158099 83.172922
3857262249.790759 10.306017 0.161815 0.125525 2.579522 4.605359 27.437472
2495669510.062501 21.557018 0.419916 2.614346 1.334608 3.583391 28.729581
10507750116.648478 7.543617 0.888586 0.098823 16.249575 4.164116 35.902759
495191794.776295 46.339829 0.813671 0.941492 8.207869 3.361252 21.284228
597984392.296764 34.205071 0.307084 2.582155 4.867921 4.646461 20.530369
221095674.570654 36.978162 0.185192 0.377744 1.275585 3.356706 15.107412
1282223855.704701 17.725820 0.437648 0.540622 13.886614 4.178033 21.777122
59044035273.505516 4.207691 0.100841 0.227099 8.474231 3.714372 58.360731
194615955033.388397 3.189404 0.520303 0.023750 4.006244 4.824505 84.698234
1172422042.880209 14.535645 0.585667 0.015945 5.172900 3.902694 20.049777
6629242509.021540 9.008668 0.020901 1.404700 8.395431 3.279964 31.913207
2490217054.967531 48.349334 0.543485 8.365874 1.806658 4.110162 36.986859
3429358498.654881 10.005469 0.462237 0.024800 2.599181 3.885248 26.208518
1345455192.003800 16.689013 0.622322 0.270166 14.799195 4.890102 21.769889
4821494409.710285 9.747556 0.018088 6.280159 12.802982 3.972960 29.191556
2427485235.865061 11.537797 0.436188 0.042840 1.602503 4.349113 24.134578
583103096.682125 47.244849 0.299286 8.676193 5.441161 3.611319 22.621480
412296401.231571 35.558599 0.812913 0.483184 2.181134 4.818009 18.362987
13707121290.515411 46.134568 0.870531 9.596281 1.611639 3.925892 64.289387
1057888927.380655 19.410930 0.306072 1.162879 5.342807 3.377339 20.946298
43246307359.635307 4.140113 0.610878 0.012043 4.113120 3.577733 52.512571
3517143346.135024 11.061418 0.603941 0.096449 2.631604 4.054768 27.040798
3027683934.380692 10.922617 0.788946 0.015619 10.573409 3.146958 25.648023
2936414694.329935 14.581380 0.508896 0.825401 7.716143 3.671912 27.250385
275497102.482151 44.140933 0.452993 0.504642 2.734044 4.483529 17.224835
796756446.083205 35.197818 0.873990 1.123317 3.434854 3.505806 22.798162
1030318547.190153 15.476029 0.486977 0.014719 18.016920 4.680509 19.520812
11035615051.116463 6.589634 0.216905 0.012375 12.584558 3.415443 35.602276
4889571699.843946 26.379113 0.483446 8.282403 12.915798 4.670880 38.159177
16820343555.047462 6.198786 0.672131 0.013178 6.619545 4.837065 40.546720
548148254.979955 20.718028 0.479361 0.032031 9.655751 4.624198 17.137520
19769914247.897385 7.125221 0.502886 0.180852 8.273420 4.941855 43.850343
545474111.953935 22.548515 0.056726 0.074197 8.728490 4.772300 17.533114
4973727205.670644 9.379715 0.965378 0.013040 7.978285 4.007704 29.249576
2686209732.893419 23.937115 0.430065 3.841527 1.583145 3.196573 30.357994
2048878580.374893 11.954872 0.286757 0.096322 9.464180 4.891354 23.002262
4259294174.679265 10.206930 0.003099 5.432053 2.199634 3.635220 28.297799
12050974567.781536 10.741894 0.254389 5.085001 9.821630 4.816048 40.490562
1282647629.330155 28.035003 0.562643 2.048911 3.562921 4.533516 24.883903
3536287429.512462 11.250477 0.300276 0.240372 3.707068 4.695556 27.197173
19776946771.342548 5.704313 0.642707 0.110399 14.504885 3.381786 42.225022
658911064.562725 21.807856 0.095311 4.289440 5.331947 4.638569 18.492461
3667026326.519639 9.900434 0.978732 0.014393 11.979316 4.078928 26.737794
484963322.774296 41.470657 0.891169 0.863954 2.599094 3.245360 20.374463
325883182.563461 29.401227 0.875117 0.049223 14.242398 3.723011 15.992775
1216094066.897294 15.906773 0.600790 0.119899 16.174680 3.304749 20.780094
3547946390.617702 10.347657 0.230904 0.028180 3.556980 4.471775 26.707837
841886777.188923 43.732034 0.903915 1.346851 4.835793 3.192382 24.918945
13740279216.166679 6.387119 0.884338 0.014442 3.805671 3.772284 38.095162
35515364872.272186 5.334859 0.788310 0.040556 8.012211 4.201038 50.806654
399636740.125953 28.695753 0.044684 7.631733 2.369530 4.963662 16.990559
6991942523.606836 10.225429 0.886277 0.302628 3.582641 3.557091 33.395098
663206924.834537 46.788376 0.932493 1.072757 7.247882 3.318562 23.536734
14481352571.877462 5.265916 0.167682 0.146083 4.633881 4.274265 37.603428
2107796371.555598 30.829096 0.625746 3.166999 13.591931 3.582828 30.239247
1064280525.061927 18.642602 0.662241 0.502197 1.345715 3.540757 20.752805
4144901284.374417 10.512695 0.066458 2.007964 16.744923 3.947916 28.229905
560086032.283032 22.419468 0.083811 1.438554 2.387654 4.923460 17.658717
9772774877.803019 19.677756 0.552412 4.361853 1.627839 3.758942 44.120029
12510833498.080791 12.929317 0.497078 3.492825 6.272103 4.036939 42.854030
259214249.632217 28.419028 0.074639 0.017200 6.572312 4.456791 14.663790
12155294589.548868 7.118675 0.010486 1.211922 17.838428 4.514573 37.280896
1653941607.838037 24.581391 0.637570 1.306089 3.237130 3.863035 26.030888
30544037542.068470 7.259201 0.174292 4.655806 2.974989 3.186169 50.868313
17490955318.396164 6.527709 0.856309 0.127271 12.069820 3.330477 41.441583
1892197442.363879 19.251863 0.994049 0.565322 1.429763 3.054754 25.367612
498499970.949362 21.848800 0.591420 0.037642 1.021664 3.775552 16.859447
16595994556.743980 5.960437 0.836793 0.016452 4.357650 3.488579 40.106437
1975885214.633916 12.992111 0.520335 0.053648 3.209818 3.758245 23.191988
1247554098.397633 28.301413 0.562917 1.540937 16.598594 4.395205 24.726386
336312720.118946 49.054677 0.955416 0.655575 15.895050 3.597752 19.069054
632523667.173105 27.048425 0.928142 0.454308 1.365462 4.394617 19.446044
1220617789.618999 24.255141 0.635663 1.145872 2.548886 4.341413 23.430662
134541039847.312302 11.771310 0.867711 4.084298 1.600834 4.700424 92.457277
232364177457.182770 2.927598 0.800982 0.026517 4.827259 4.535771 89.385203
4810474409.764288 9.004107 0.370087 0.011525 1.103641 3.535147 28.674684
757722420.924574 16.945149 0.721838 0.056468 3.642557 3.552600 18.051867
585208101.370747 20.168839 0.062023 0.011463 2.892520 3.527970 17.381833
3192097480.239501 22.703731 0.601506 2.423451 1.549058 4.405714 31.658938
27532752740.975895 5.221305 0.180131 0.170332 17.736621 4.902965 46.527254
2859847837.287152 12.151257 0.594261 0.564087 1.331052 4.666820 25.807803
1060528423.915472 15.923096 0.397864 0.073005 2.286488 3.574677 19.858699
1324692203.577142 13.807835 0.600722 0.048958 12.842821 4.061727 20.610294
15591482042.136932 8.428689 0.105282 9.876411 15.691004 4.296650 41.857759
1464186460.827842 15.428137 0.545660 0.054945 8.566793 4.712529 21.928998
626419269.315225 27.232698 0.700158 0.636305 16.074461 4.887898 19.423332
2642170758.845281 10.653626 0.144077 0.062979 14.471981 4.750135 24.369407
1295200867.290709 16.350431 0.116569 1.575456 1.040838 4.766752 21.377426
2007240795.651516 11.830233 0.498656 0.119527 1.558461 3.030802 22.788065
1212364916.338020 20.438349 0.308925 1.393762 6.113928 3.489942 22.242097
120604645675.179688 3.128754 0.993215 0.017937 2.820858 4.063824 72.118531
851795153.495817 32.625419 0.792159 1.099071 8.616220 3.330957 22.756992
1537869352.526524 18.784763 0.491698 1.205595 19.955118 3.036414 23.511625
2357435224.157928 12.347749 0.438363 0.115540 3.558511 4.884968 24.292510
133086168590.818436 3.451194 0.753728 0.012289 1.868720 4.296827 75.062322
1430248693.945712 13.778609 0.393768 0.072967 1.557308 4.384675 21.132457
37154823037.535843 5.058692 0.798562 0.034777 1.076679 4.083439 51.185907
1153435908.091927 19.038768 0.156829 1.337053 2.375858 3.038019 21.442157
11370701817.183306 8.359093 0.537535 0.165887 18.375201 3.947041 37.613443
242766435971.448151 3.733761 0.239775 1.172598 2.001466 4.036590 92.349561
1311971148.621982 13.369149 0.270312 0.066220 7.648605 4.733583 20.377684
7774838135.109393 6.452631 0.261557 0.010189 12.875993 3.666387 31.564178
968556142.456412 16.526372 0.235378 0.292979 6.564125 3.400274 19.459465
4159743950.370853 8.739848 0.966676 0.020320 2.901877 3.441651 27.148498
2166873929.762613 31.818728 0.406340 5.512198 14.495351 3.766356 30.822172
5211576539.572611 9.017089 0.380682 0.517373 1.292609 3.354814 29.459450
1453875108.576403 14.659273 0.289147 0.445270 1.083960 3.714123 21.587729
3060135104.120851 11.679938 0.202059 0.141237 3.223619 3.483873 26.147481
336223032.021540 44.399611 0.768102 0.534923 11.277224 3.607452 18.443046
3023333534.147250 10.549702 0.792453 0.013308 17.063526 4.986801 25.432025
600823966.430683 31.225486 0.250863 2.459669 11.710525 4.409163 19.980621
1140715805.225370 14.100839 0.796880 0.164997 8.137911 4.556973 19.713207
8689569538.399572 10.257199 0.367977 1.581392 3.776899 3.489978 35.929612
1851302313.693745 32.020659 0.385707 8.679291 18.464705 3.530858 29.304878
1376515000.440442 23.379043 0.526948 1.187791 3.990618 3.092519 24.124820
261714435322.021240 2.751680 0.629402 0.054456 3.054245 3.876138 92.721374
963150318.872754 19.360825 0.671726 0.387087 5.684876 3.594538 20.286632
333115727.288540 32.974446 0.298133 0.558813 7.000325 4.246399 16.697786
1805492204.179965 12.573206 0.095939 0.269514 3.192921 3.441798 22.324177
780334047.809064 27.047112 0.374324 1.502082 3.089068 3.091136 20.855765
11033317425.576679 7.498199 0.221364 0.029641 1.351565 3.283738 36.449604
1789451968.216116 14.395120 0.167156 0.535998 3.191680 3.843656 23.026901
253546405361.162445 3.906946 0.230929 1.182471 1.925757 3.929877 94.111692
518939495.704194 38.880502 0.898032 0.895775 9.937686 4.583787 20.405501
4077015821.723964 9.608556 0.628911 0.016938 2.800806 3.626329 27.517646
1272291325.829156 13.263660 0.111707 0.252465 11.048255 4.990410 20.130214
5023176340.043498 8.549665 0.118851 0.655750 3.565029 3.888238 28.778870
1860183248.705450 18.577779 0.557888 0.755485 1.669651 4.954696 24.974091
839373937.769543 27.133085 0.305152 2.300245 1.914521 3.174055 21.389628
42594810564.794273 5.403091 0.219281 0.934332 9.983227 3.827979 54.081538
4128392562.893366 10.140216 0.276387 0.174477 1.524444 4.231262 27.963737
342424626.651822 27.395159 0.838735 0.014616 3.582545 3.841291 15.910236
249425392.375949 49.217811 0.138228 6.527741 4.462084 4.291722 17.280113
1229556104.259995 19.991110 0.277486 1.170303 4.497417 3.217904 22.206753
16001603912.195513 11.418577 0.312398 5.413928 1.663904 4.590883 45.141531
8302472952.155457 8.189301 0.993246 0.054225 5.658696 3.992629 33.730065
122790252885.737000 3.534704 0.351913 0.012944 1.767772 4.741794 73.219989
1364152248.101483 32.010795 0.391517 4.893737 3.814355 4.168119 26.466291
532871804.860325 22.034885 0.869303 0.046904 1.117843 4.997152 17.280787
10440864950.555504 15.577981 0.652189 2.239374 11.799731 3.259454 42.315948
17145327400.209412 5.843612 0.483992 0.023905 3.621219 3.901359 40.415608
322665288.673905 29.808200 0.200918 0.608999 2.284204 3.697149 16.007889
8091972976.417529 16.436809 0.628801 2.556845 1.414312 4.146417 39.428252
477769890.852753 30.847472 0.384151 0.960087 5.460874 4.671554 18.440882
2666598618.528828 19.798884 0.585431 1.420457 15.727629 4.399413 28.666058
188467621824.097229 5.471195 0.823280 1.519090 1.157785 4.742830 88.951866
7062631620.903063 8.131574 0.004477 8.851371 1.325141 3.520386 31.914506
382265535.541736 35.247636 0.530836 0.604782 11.456607 3.645631 17.855658
2256321505.287637 23.143963 0.439354 3.492381 5.222912 3.442609 28.360520
7722721206.601392 11.932808 0.492629 1.213483 4.949825 4.413118 35.781839
8234398097.934264 8.487846 0.787427 0.215466 1.823531 3.275897 33.882719
2175063529.878910 15.644852 0.159296 2.119405 6.958604 4.731171 25.113474
6462648260.064188 10.284482 0.291021 1.158631 14.806158 4.312395 32.572399
984069668.667031 21.780764 0.616384 0.773021 1.729271 3.879016 21.130260
26312910717.407143 8.512186 0.203446 4.972458 3.690587 4.822617 49.935812
1594037712.808470 14.833409 0.275800 0.210065 1.973849 3.273594 22.328496
424664258.603810 28.036256 0.838120 0.393109 3.922514 3.688369 17.214875
334998853.077681 36.901077 0.311441 0.841506 12.490666 3.184257 17.340142
1225419913.029156 25.785746 0.578477 1.360672 12.432904 4.182681 23.894166
644865325.384840 33.884302 0.890528 0.947645 19.204109 3.127481 20.990563
859254157.254513 34.466234 0.610121 1.500499 1.289970 3.837605 23.223320
728207361.200520 18.559317 0.764362 0.031728 2.821565 3.861422 18.264294
8893739207.617575 7.888501 0.212975 0.250289 5.545288 3.226121 34.256958
804536522.915678 17.219221 0.017653 0.085562 10.263960 4.485708 18.496534
329991875.493320 27.911707 0.036164 1.490045 7.255244 3.670458 15.805138
13312816786.305454 7.584899 0.493696 0.536233 4.801489 4.946660 38.889747
11276242344.399540 7.028807 0.230557 0.060246 6.636832 4.247290 36.274977
2825003449.731385 16.682833 0.328197 2.703854 1.616141 4.775946 27.873798
1239315163.722990 17.805163 0.124239 3.346143 6.723085 4.057160 21.557833
1938138959.320234 22.567060 0.951840 0.904067 3.881335 4.617281 26.760866
851191350.899704 29.274575 0.381766 2.504104 3.468431 3.435382 21.995473
34294307989.997196 5.110161 0.574534 0.055690 15.668383 4.104920 49.907811
2531170513.860938 10.682582 0.035186 0.140417 14.338110 4.143544 24.038191
276162253.620431 29.658746 0.039479 0.277196 12.514258 4.672776 15.175008
2332022692.572028 12.880413 0.317659 0.528876 1.981230 4.545968 24.456832
1062037917.032329 37.616189 0.633888 2.273498 2.214167 4.089492 25.631413
8143382453.399880 9.068060 0.161352 1.251615 4.041763 4.391338 34.225905
3618783511.294755 9.979693 0.088523 0.641621 2.486152 3.718005 26.667149
7891528602.669228 13.742421 0.846663 1.236319 7.147228 3.400553 37.317353
977154198.531603 20.474684 0.672646 0.434582 1.657972 3.654798 20.709616
17002218148.120422 6.104836 0.564390 0.069600 4.864335 4.143435 40.589392
1649317886.425964 34.559836 0.645101 2.735651 18.243350 3.718930 28.886397
30465058404.419029 6.714501 0.634061 0.479065 15.994657 4.723760 50.108696
10616576564.306295 7.405917 0.516359 0.305091 2.299950 3.576798 35.900341
1079606061.096894 22.309373 0.320347 1.285673 1.166361 3.992733 21.945229
809958702.443983 23.999339 0.314632 1.676415 4.185650 4.774347 20.372658
143876979487.003693 3.030508 0.610055 0.017468 2.475162 4.649488 76.335186
871441391.915441 39.500950 0.559931 2.051629 2.053084 3.834182 24.379406
5177468100.996475 9.828249 0.159337 1.002366 6.799295 3.922326 29.947296
744813861.960362 18.121989 0.084274 0.087681 12.081791 3.695700 18.281055
519454992.311501 27.210763 0.136989 2.252678 7.461611 4.384968 18.243642
1633156756.653422 12.214788 0.673210 0.173412 13.637601 4.668532 21.438478
13926047500.088949 7.478316 0.032338 0.018224 2.005133 4.869294 39.371379
32951577734.274918 11.620566 0.347447 8.590064 1.676942 4.907840 57.669872
502827086.535839 27.642832 0.433645 0.716285 5.187796 4.921747 18.133686
1110173019.654323 15.816311 0.209901 0.268853 3.706718 3.064023 20.127901
2041601378.822521 36.666213 0.546888 3.965048 3.557608 3.301401 31.608437
87705404135.096298 3.410835 0.490438 0.055163 8.490329 3.026147 65.259365
7800419849.492966 8.732961 0.020825 7.352840 13.369805 4.816357 33.472775
1064108727.709196 33.801816 0.631168 1.793261 1.471749 3.450688 24.785293
4264236439.937269 10.588859 0.603401 0.050936 3.692298 4.808081 28.545196
1256798336.122934 25.456521 0.961734 0.756356 1.277373 4.459629 24.003590
946223478.804602 37.251392 0.701689 1.626745 14.682280 4.575502 24.586202
7955221005.329380 12.893040 0.772166 0.710875 6.785263 3.568425 36.825208
4565020381.199104 21.303968 0.322588 8.912422 1.965325 3.289000 35.016269
641824611.471858 27.461788 0.945965 0.527319 2.538883 3.812200 19.631274
1025417023.436131 39.361942 0.826715 1.401991 16.049122 4.032712 25.708633
3731097239.603465 10.453983 0.087192 0.036516 1.717713 3.982554 27.222671
1428035607.781287 22.056478 0.407706 1.961196 2.875332 3.653963 24.010012
4182789672.605545 9.129299 0.025761 0.160042 8.223020 3.470685 27.449196
631863662.551804 21.421608 0.988966 0.238280 18.554578 4.443560 18.142013
414187197.971963 26.504128 0.564321 0.123034 19.056464 3.099540 16.782696
3096152239.390927 11.319799 0.091592 0.533987 2.936166 3.081581 26.056010
2679741004.870858 16.507352 0.636584 0.527216 4.817315 3.199934 27.309849
9180144182.309692 8.193546 0.094222 0.791767 1.577435 3.064299 34.882669
1617483059.976412 23.365156 0.517287 1.977787 3.329615 4.891004 25.453124
3135136216.707351 40.016471 0.497001 9.935592 9.988692 3.948845 37.514361
453700805.666846 21.724259 0.836162 0.069253 2.137454 3.523836 16.311469
579578662.350773 44.098371 0.728479 1.156264 6.551640 4.954856 22.063857
105420648342.804871 3.684622 0.332852 0.013414 1.063937 3.367203 69.846771
6242970457.283514 8.819681 0.700645 0.035742 5.780234 4.862538 31.141834
2394592473.301712 14.632579 0.651185 0.642846 1.028295 4.572866 25.482216
654904576.628987 36.548662 0.891266 0.856818 3.716191 3.725533 21.615091
2426318595.263373 12.959252 0.528721 0.190941 5.686072 4.222103 24.819565
42772290311.506660 5.422897 0.796833 0.212249 10.317673 3.242819 54.186039
29800298190.976460 5.051935 0.653377 0.053220 13.552893 3.466040 47.548633
1663794547.073377 14.420404 0.072687 0.596874 2.727368 3.555136 22.484918
2282918371.094569 11.842862 0.694101 0.054381 1.220487 3.248561 23.792966
3150235085.049826 10.485655 0.030022 0.030260 9.284401 3.592741 25.747276
1741110129.979501 20.830312 0.467032 1.251638 8.201968 4.624113 25.230665
5426636597.781714 12.321489 0.179517 5.790018 2.395424 3.513933 32.058603
7473595615.382727 7.227887 0.038604 0.380025 3.651777 3.115150 31.790589
2017043853.074747 12.893904 0.040319 0.097912 18.925315 3.377679 23.308094
1099076186.925189 16.100411 0.280209 0.670454 3.223220 3.620923 20.155727
1441981817.200942 14.949834 0.732198 0.086328 6.082016 4.433645 21.638593
4620349208.879334 8.598705 0.651922 0.016454 12.963923 4.059255 28.021023
22208542279.196445 6.598902 0.072074 3.236855 2.921287 4.820865 44.959927
9511325761.155640 7.578089 0.140640 0.071721 3.549188 3.658879 34.760340
30424212517.383034 5.638317 0.836036 0.095856 2.087208 3.613121 48.656328
24426209894.927929 5.779147 0.552614 0.318002 1.018060 3.915686 45.396552
8533479086.143272 7.021705 0.154033 0.053468 3.145251 3.969015 33.050717
17827395056.152138 12.553356 0.309872 5.915114 2.156159 4.824987 47.874571
562121485.293442 24.322426 0.504406 0.402389 10.036507 3.534775 18.108888
7901379147.976337 34.015132 0.750252 5.964973 4.330094 3.804643 48.450669
4492094728.510365 26.624275 0.526034 5.327674 13.495712 4.785451 37.199770
3450607848.480405 44.616355 0.716320 5.520007 4.296215 4.629336 40.144248
525932563.786167 27.591029 0.471154 0.496325 12.354294 3.462496 18.396761
818304200.643395 22.724389 0.069187 2.684263 1.334750 4.165187 20.116758
9038648048.049234 18.952270 0.537738 4.344352 1.756878 4.869336 42.535604
5588585490.001734 8.682114 0.091508 0.529447 1.890109 4.426892 29.915287
360851185.285208 37.522986 0.544156 0.729845 2.424338 3.203537 17.871214
20050173077.477913 6.354912 0.478319 0.023171 4.316291 3.878199 43.172111
7307575643.118620 8.511764 0.527707 0.330564 16.433918 3.594360 32.579357
8967960790.257765 8.368096 0.948450 0.047227 7.915465 3.881888 34.759499
558128869.086466 24.491062 0.975897 0.306224 4.511929 4.247910 18.103039
3118046648.870301 36.366561 0.519094 6.019487 3.138631 4.789196 36.304604
1515831735.801504 40.935643 0.798937 2.483641 15.340361 4.390652 29.663257
1045076452.124410 19.310415 0.986816 0.409171 3.779968 4.240569 20.830998
2844998994.261014 39.594927 0.768606 3.942234 2.019499 4.014184 36.194321
971863185.520398 40.242697 0.848866 1.406242 16.555599 4.048047 25.435843
3017696307.529030 10.760192 0.692531 0.199828 11.180380 3.442693 25.531410
3605247612.883079 25.231056 0.772363 2.000394 1.456421 4.230720 34.015366
658794648.394535 31.603155 0.161643 9.238426 2.576787 4.782691 20.681249
2381193458.166107 25.433081 0.746030 1.536063 2.183343 3.763610 29.693810
864914209.553308 23.682527 0.621753 0.500391 11.974917 4.381577 20.741748
878129150.519798 31.149245 0.867035 1.000274 12.783402 3.390658 22.657622
3816832954.014180 8.958695 0.065410 0.021904 7.417100 4.349056 26.517974
1190473444.857309 20.840217 0.911568 0.502801 1.211679 4.085051 22.230656
46606652300.066101 5.060496 0.618237 0.013668 2.566747 4.145560 55.205570
1573349160.417718 41.931622 0.511388 6.229171 3.572355 3.279946 30.271535
3644165446.957829 13.128681 0.378272 0.922661 17.361630 4.760298 28.515307
