0.010000 0.008412 -0.007846 0.024119 -0.017340 0.045217 -0.019448 0.069971
0.012068 0.010297 -0.007038 0.028447 -0.016817 0.054746 -0.019519 0.080548
0.014563 0.012690 -0.005743 0.034066 -0.015876 0.066696 -0.019284 0.094187
0.017575 0.015449 -0.004190 0.040916 -0.014864 0.081261 -0.019282 0.110279
0.021210 0.018499 -0.001965 0.050833 -0.013571 0.099004 -0.019290 0.128976
0.025595 0.023016 0.001560 0.063437 -0.011993 0.118498 -0.019300 0.150541
0.030888 0.029935 0.005626 0.080093 -0.010723 0.139184 -0.019840 0.175203
0.037276 0.040539 0.009739 0.099603 -0.009418 0.164866 -0.021979 0.203135
0.044984 0.056658 0.015199 0.125990 -0.007061 0.195114 -0.025321 0.234480
0.054287 0.076779 0.020837 0.157230 -0.005485 0.232889 -0.030453 0.270720
0.065513 0.103108 0.030360 0.198116 -0.003130 0.272663 -0.038128 0.310003
0.079060 0.140581 0.042741 0.248296 -0.002790 0.323114 -0.049158 0.354550
0.095410 0.185970 0.056536 0.312001 -0.000865 0.386488 -0.064143 0.435540
0.115140 0.239698 0.077089 0.375147 -0.000810 0.466574 -0.083017 0.526023
0.138950 0.292012 0.099091 0.443447 -0.001298 0.554571 -0.100549 0.642345
0.167683 0.348608 0.123607 0.510374 -0.007843 0.640645 -0.123071 0.744905
0.202359 0.401859 0.150741 0.571543 -0.013430 0.721969 -0.147401 0.822487
0.244205 0.453986 0.177750 0.628862 -0.015374 0.776607 -0.164455 0.877705
0.294705 0.500686 0.216018 0.681219 -0.014761 0.830160 -0.177473 0.918562
0.355648 0.547596 0.249884 0.720333 -0.017767 0.862587 -0.186774 0.945132
0.429193 0.582176 0.275513 0.752767 -0.019791 0.889201 -0.193111 0.961946
0.517947 0.608725 0.304758 0.782525 -0.020414 0.907976 -0.197289 0.972401
0.625055 0.636329 0.316610 0.805261 -0.021871 0.927024 -0.199984 0.979281
0.754312 0.657391 0.329967 0.826605 -0.022346 0.939392 -0.201699 0.983683
0.910298 0.676555 0.344893 0.840670 -0.022627 0.947849 -0.202779 0.985625
1.098541 0.685792 0.351827 0.853359 -0.022793 0.954618 -0.203457 0.986606
1.325711 0.693130 0.352099 0.864569 -0.022889 0.960371 -0.203880 0.987486
1.599859 0.701157 0.353355 0.875976 -0.022946 0.964860 -0.205562 0.988147
1.930698 0.708531 0.356998 0.882297 -0.022979 0.967897 -0.209242 0.988895
2.329952 0.711250 0.359046 0.889123 -0.022998 0.969820 -0.211860 0.989324
2.811769 0.716350 0.364719 0.892451 -0.023009 0.972431 -0.213703 0.989570
3.393222 0.717541 0.367465 0.896110 -0.023016 0.974963 -0.214993 0.989711
4.094915 0.718845 0.369652 0.899663 -0.023019 0.976467 -0.215891 0.989791
4.941713 0.720531 0.371387 0.900797 -0.023022 0.979012 -0.216513 0.989837
5.963623 0.720929 0.372463 0.901242 -0.023023 0.980147 -0.216862 0.989864
7.196857 0.721924 0.373849 0.903084 -0.023024 0.981812 -0.216872 0.989879
8.685114 0.723424 0.374707 0.904292 -0.023024 0.981821 -0.217189 0.989887
10.481131 0.724655 0.375384 0.904922 -0.023024 0.981826 -0.217412 0.989892
12.648552 0.725664 0.375917 0.905590 -0.023024 0.982967 -0.217569 0.989895
15.264180 0.726492 0.376337 0.906834 -0.023024 0.984234 -0.217680 0.989897
18.420700 0.726796 0.376668 0.907471 -0.023024 0.985209 -0.217758 0.989898
22.229965 0.726801 0.376928 0.907527 -0.023025 0.985958 -0.217812 0.989898
26.826958 0.726805 0.377132 0.907529 -0.023025 0.986534 -0.217851 0.989899
32.374575 0.726807 0.377293 0.907610 -0.023025 0.986762 -0.217869 0.989899
39.069399 0.726809 0.377419 0.907766 -0.023025 0.986789 -0.217880 0.989899
47.148664 0.726810 0.377518 0.908762 -0.023025 0.987223 -0.217887 0.989899
56.898660 0.726811 0.377596 0.909097 -0.023025 0.987775 -0.217892 0.989899
68.664885 0.726924 0.377657 0.909177 -0.023025 0.987882 -0.217895 0.989899
82.864277 0.727129 0.377706 0.909238 -0.023025 0.987882 -0.217898 0.989899
100.000000 0.727238 0.377743 0.909284 -0.023025 0.987882 -0.217899 0.989899
