0.010000 0.857470 0.794614 0.912982 0.746643 0.973067 0.698089 1.033917
0.012068 0.857262 0.794424 0.912746 0.746476 0.972797 0.697941 1.033627
0.014563 0.856959 0.794147 0.912402 0.746234 0.972402 0.697725 1.033203
0.017575 0.856517 0.793744 0.911900 0.745880 0.971827 0.697411 1.032586
0.021210 0.855875 0.793158 0.911171 0.745367 0.970992 0.696953 1.031689
0.025595 0.854943 0.792345 0.910112 0.744621 0.969780 0.696289 1.030388
0.030888 0.853551 0.791175 0.908570 0.743534 0.968013 0.695321 1.028491
0.037276 0.851469 0.789485 0.906332 0.741956 0.965534 0.693915 1.025740
0.044984 0.848470 0.787058 0.903093 0.739670 0.962003 0.691879 1.021758
0.054287 0.844232 0.783543 0.898406 0.736359 0.956896 0.688928 1.016000
0.065513 0.838337 0.778203 0.891702 0.731620 0.949518 0.684657 1.007687
0.079060 0.829662 0.770129 0.881982 0.724848 0.938410 0.678516 0.995776
0.095410 0.817386 0.758831 0.868455 0.715169 0.922598 0.669732 0.978830
0.115140 0.799271 0.743956 0.848899 0.701433 0.900228 0.657210 0.954856
0.138950 0.774737 0.722721 0.821439 0.682135 0.870375 0.639604 0.921511
0.167683 0.740433 0.692881 0.783730 0.655268 0.828609 0.615231 0.876037
0.202359 0.694894 0.652574 0.733653 0.617862 0.773503 0.582144 0.815592
0.244205 0.635333 0.599799 0.668468 0.570050 0.702680 0.538517 0.738162
0.294705 0.561955 0.532604 0.588541 0.509075 0.616744 0.483292 0.643771
0.355648 0.475514 0.453233 0.495968 0.436000 0.516470 0.415946 0.535567
0.429193 0.382026 0.366141 0.396045 0.354162 0.410571 0.340812 0.421175
0.517947 0.288653 0.277974 0.297964 0.269695 0.306921 0.260543 0.313232
0.625055 0.203601 0.195893 0.209952 0.190212 0.216107 0.185731 0.220514
0.754312 0.134048 0.128623 0.138345 0.124460 0.143193 0.121805 0.145926
0.910298 0.082653 0.078864 0.085884 0.075918 0.089117 0.074129 0.091094
1.098541 0.047925 0.045484 0.050075 0.043588 0.052226 0.042240 0.053831
1.325711 0.026257 0.024795 0.027650 0.023663 0.029000 0.022828 0.030019
1.599859 0.013944 0.013105 0.014755 0.012461 0.015537 0.011957 0.016142
1.930698 0.007152 0.006687 0.007590 0.006346 0.008014 0.006066 0.008359
2.329952 0.003569 0.003324 0.003793 0.003150 0.004009 0.002999 0.004197
2.811769 0.001755 0.001632 0.001869 0.001543 0.001975 0.001466 0.002074
3.393222 0.000856 0.000794 0.000912 0.000749 0.000964 0.000711 0.001014
4.094915 0.000412 0.000381 0.000439 0.000359 0.000464 0.000341 0.000488
4.941713 0.000196 0.000181 0.000209 0.000170 0.000221 0.000162 0.000233
5.963623 0.000094 0.000087 0.000100 0.000082 0.000106 0.000077 0.000112
7.196857 0.000045 0.000041 0.000048 0.000039 0.000050 0.000037 0.000053
8.685114 0.000021 0.000019 0.000022 0.000018 0.000024 0.000017 0.000025
10.481131 0.000010 0.000009 0.000011 0.000009 0.000011 0.000008 0.000012
12.648552 0.000005 0.000004 0.000005 0.000004 0.000005 0.000004 0.000006
15.264180 0.000002 0.000002 0.000002 0.000002 0.000003 0.000002 0.000003
18.420700 0.000001 0.000001 0.000001 0.000001 0.000001 0.000001 0.000001
22.229965 0.000000 0.000000 0.000001 0.000000 0.000001 0.000000 0.000001
26.826958 0.000000 0.000000 0.000000 0.000000 0.000000 0.000000 0.000000
32.374575 0.000000 0.000000 0.000000 0.000000 0.000000 0.000000 0.000000
39.069399 0.000000 0.000000 0.000000 0.000000 0.000000 0.000000 0.000000
47.148664 0.000000 0.000000 0.000000 0.000000 0.000000 0.000000 0.000000
56.898660 0.000000 0.000000 0.000000 0.000000 0.000000 0.000000 0.000000
68.664885 0.000000 0.000000 0.000000 0.000000 0.000000 0.000000 0.000000
82.864277 0.000000 0.000000 0.000000 0.000000 0.000000 0.000000 0.000000
100.000000 0.000000 0.000000 0.000000 0.000000 0.000000 0.000000 0.000000
