12284560517.229717 15.518751 0.744450 2.622764 8.549364 4.840788 44.628174
90826924200.300323 9.918458 0.633657 4.958018 2.967254 3.936133 77.971175
179470989590.670868 12.483164 0.699566 9.425261 2.954790 4.062791 103.231364
57246247308.246025 10.777301 0.603897 3.365151 11.208567 3.146768 68.117282
75982370635.054062 9.339567 0.538929 7.087277 10.308532 3.623089 72.509535
87724928999.293106 5.277430 0.885844 0.027478 6.698887 3.174429 68.570355
70477016174.325653 10.042795 0.934820 1.952327 6.982102 3.695961 71.847911
65648116672.496056 17.296481 0.819389 6.603975 4.240465 3.593227 80.323882
46015707316.443497 14.640097 0.543938 4.789035 5.356213 4.926324 68.263151
28466852265.367558 10.126659 0.786637 1.520049 16.234831 3.347371 53.208945
78725215571.873917 7.452485 0.930314 0.887111 15.150965 3.863481 70.090184
39859656090.959480 20.330634 0.999639 4.815314 4.022969 4.169935 71.146894
14885871876.876768 20.209409 0.908720 2.965057 2.166918 3.519049 51.148316
9714491942.669683 19.884038 0.783483 1.555944 12.717453 3.429969 44.162021
14263234045.439007 14.925270 0.423820 1.647678 3.295294 3.108785 46.429709
9671242318.110422 28.830533 0.839263 3.782732 12.910096 3.773702 49.215953
94143980003.992615 5.254533 0.656523 0.065051 4.912841 3.903587 70.159388
21605804787.884178 24.120599 0.549543 8.609431 8.573372 3.774541 60.962834
11692724282.321964 15.258267 0.274120 5.229576 9.558588 4.551724 43.704892
19075294025.944401 24.080116 0.870574 3.648471 10.514434 4.341979 58.454229
18534348918.728371 19.357534 0.732923 4.798341 16.289763 4.331297 54.360524
57092990168.446938 8.629257 0.155677 3.931635 11.943498 4.367604 64.829291
120784132638.001694 5.787524 0.788243 0.084538 7.986671 4.243697 77.358261
7934833705.605380 46.584216 0.918748 4.885572 3.877881 3.742156 53.753690
223915993151.470245 4.913001 0.245380 2.661028 5.368772 3.812328 92.775056
106535111804.324615 15.013895 0.786020 6.689924 2.661522 4.705971 90.898551
110924976087.547607 5.560499 0.000777 0.046658 3.630123 4.528180 74.728024
75430750635.597443 6.692958 0.935776 1.636236 11.557301 3.434327 67.750910
5361797121.477967 22.738645 0.727458 1.383362 9.432154 4.215407 37.650390
9739329777.980061 41.950108 0.712790 6.559550 16.098967 4.898257 55.590256
27368596693.779716 15.877446 0.661594 6.381974 8.401512 3.444869 58.640360
18211349895.389473 26.093772 0.882248 4.644204 14.822013 4.976780 58.956332
47356333232.036240 9.356852 0.839229 1.578176 10.904557 4.592244 61.961671
5570918439.520661 22.264232 0.720861 0.883732 6.238533 4.124037 37.899894
29042948803.089249 8.272794 0.780644 0.532509 7.790285 4.187607 51.307604
31236120870.707363 18.261973 0.942015 4.882901 6.679745 4.661551 63.649320
142342128791.351868 8.090756 0.961591 2.140339 2.476821 3.367250 86.764246
9192413099.320530 21.575231 0.310231 9.158499 18.254017 4.967064 44.379525
32260127219.969921 7.970514 0.698517 0.847227 16.905413 4.094551 52.742536
13207890451.882965 11.636598 0.894332 0.201807 18.192065 3.303630 42.534723
95810587308.353546 14.367737 0.794093 6.066971 2.825512 4.431429 86.746946
13424715367.456915 21.485380 0.985050 2.194396 5.313387 4.420014 50.290376
10070496278.650911 26.959261 0.649875 4.585411 10.616303 4.522926 48.871294
32483606554.266090 26.272770 0.944346 8.083113 19.295091 4.141914 71.647368
77197442638.485733 5.139160 0.096654 0.583691 17.780529 3.884960 65.459969
277274573905.763794 3.872844 0.418262 0.013193 5.227878 4.531590 96.875162
100469125563.444641 12.218725 0.864762 5.487788 5.252762 3.688303 84.637488
97554260918.903687 6.137461 0.992276 1.166397 9.148677 4.086797 72.729151
51366032981.234436 13.694780 0.766850 4.061355 2.793411 4.621472 69.614742
16708327234.784239 14.647787 0.623074 2.634458 10.288443 4.953744 48.706573
25722387235.067207 17.566032 0.576641 4.612821 4.403988 3.038291 59.025506
64058337422.708778 6.226351 0.737816 0.167099 6.457761 3.125551 63.366257
6779056674.880369 43.931944 0.593950 6.237177 8.646541 4.941590 50.021510
32744266590.657703 6.921597 0.186990 1.507790 4.784970 3.149733 51.608078
7973943366.513163 24.021891 0.723383 2.529982 16.598240 3.637414 43.675566
11752229509.055403 27.183277 0.659424 7.974947 11.612132 3.924842 51.582476
22035717039.737488 22.161787 0.980821 3.499567 2.255927 3.152267 59.858040
10933658923.091869 17.294437 0.547962 0.775707 15.210548 3.043127 44.192151
8009783030.833902 34.047034 0.731659 4.253100 9.616285 3.462076 48.685724
18638145884.140156 31.889833 0.757449 6.500139 12.726270 3.620310 63.196109
93379479227.820953 7.315988 0.940807 1.775954 9.979658 4.932196 73.935901
86404786156.063721 8.073696 0.815654 2.295828 6.349970 4.000187 73.433285
85156146413.133331 6.283992 0.019649 0.104865 4.024311 3.137683 69.782083
34468240623.807152 7.974208 0.391879 0.137680 4.890094 4.517471 53.924375
40093384357.543350 8.004656 0.224665 0.013226 2.503558 3.945657 56.754094
34463644059.928902 13.249896 0.798150 3.235241 8.034946 3.328765 60.440399
11411806284.446968 40.408310 0.587759 8.321130 11.429691 4.436405 57.891092
72273952892.999588 20.313260 0.957250 9.300360 4.368067 3.470801 86.736077
60802290782.572845 7.069165 0.003298 2.889800 5.191476 3.425153 63.676728
13518330769.824875 15.139494 0.880024 2.089605 6.275952 4.988928 45.776706
110787820213.193344 6.710581 0.710128 1.126224 3.395726 4.249850 77.048622
304027578427.481140 4.852145 0.358884 3.586664 2.788358 3.766349 102.560480
23268207850.253410 10.311330 0.539727 1.930256 7.380531 4.209186 49.952340
12733483955.689726 34.032829 0.980143 3.139848 11.336262 4.481920 56.813681
55625297779.467590 15.532710 0.589560 5.170137 2.854498 3.575554 73.849838
251546367126.510925 4.508226 0.289755 4.505096 5.689085 3.788412 95.380168
7622421224.027108 17.527565 0.643935 1.510900 13.500135 4.598025 39.328441
5634505831.381650 33.205572 0.912543 1.913794 19.147321 3.404936 42.957329
27716283544.011707 24.785633 0.940992 6.367668 6.612806 4.236097 66.777631
15971532021.383110 16.224731 0.798209 2.251662 9.323227 4.003884 49.286627
80929675430.586853 8.803887 0.934706 2.400023 2.510776 3.769773 73.128564
52323275445.263680 8.580060 0.155086 3.154217 2.773870 3.175649 62.896971
19849392710.223473 11.252383 0.081793 0.028100 4.759697 3.714683 48.336392
19009562959.803432 35.968892 0.873879 6.403049 16.462524 4.332140 66.088554
12286440893.528208 38.784557 0.715748 8.078375 16.691040 3.645970 58.546649
68939374859.853226 8.228491 0.535616 2.210268 7.149956 4.323154 68.368157
18768920573.640503 12.329260 0.696586 1.034638 3.305786 4.675884 48.489459
24137526156.402290 11.171939 0.517812 2.497341 2.986289 3.775041 51.506300
16666770407.958519 35.763431 0.651369 8.847522 13.093231 3.473325 63.137736
29406486764.317539 17.072800 0.447345 8.327720 2.928312 4.231391 61.241985
5331428358.188370 39.383064 0.826708 2.522951 2.942825 3.802700 44.545359
38417325370.265282 9.565884 0.657189 1.413519 5.545850 4.063818 58.065486
54627140096.802895 16.671351 0.880582 5.763078 17.573605 4.733750 74.801813
14068144432.594463 10.598712 0.275169 0.410470 15.369971 3.704403 42.503410
157679217565.803223 13.660847 0.640727 8.365287 2.150732 3.071102 101.110273
90885521064.338745 5.881421 0.487418 0.099020 2.861187 3.163199 70.541650
11614771259.579453 11.394097 0.413224 0.123776 8.649604 3.824845 40.548272
289057481613.029968 4.018237 0.289104 1.003169 5.269160 3.996672 98.600229
97289668393.318680 4.996201 0.035327 0.037257 19.445490 4.009376 70.429291
46082749458.781570 7.039993 0.594810 0.018853 3.937746 4.574783 58.012915
69134326478.023117 8.310384 0.451516 1.502246 6.061732 3.411219 68.569458
11412390721.539202 21.484981 0.761047 3.883759 3.564161 3.081766 47.640145
34590332604.959396 12.057592 0.618826 2.917484 3.165914 4.855723 59.130368
11903604344.857338 14.323419 0.677914 1.417185 11.509310 3.305166 43.251194
19352571979.126526 26.825257 0.613861 8.922153 2.986270 3.758492 60.668023
35252452107.151772 15.329677 0.667618 5.457244 4.091683 3.389593 63.214913
6046565745.008486 43.472141 0.790678 2.859767 6.805896 3.036853 47.983540
7476436587.775035 16.228286 0.701590 0.710840 5.449238 3.451077 38.271064
15537045485.685589 9.351663 0.438501 0.014652 16.481920 4.022137 42.730176
12525418579.612331 14.351970 0.608317 0.922155 5.483528 4.877084 44.014049
12195409723.499897 12.764176 0.049465 5.397920 12.376249 3.702431 42.356185
80255435026.850845 9.275770 0.698017 4.439674 15.143775 4.218337 73.735394
8620841069.253811 42.285597 0.770904 7.543807 5.377515 3.184237 53.515108
177308228340.428741 6.866201 0.270822 9.689603 5.698154 4.396879 90.493988
25119861701.655914 7.451553 0.114164 0.110045 10.536467 3.883084 47.894026
7120850111.516703 40.301143 0.712278 4.058358 9.364490 4.246337 49.426612
14339186793.648659 18.404004 0.774658 3.387851 9.888421 3.915661 49.205530
33297412598.972767 21.327437 0.676885 9.562367 4.502942 3.245075 67.930281
23593307629.438992 9.405933 0.663304 0.374057 15.616249 3.375540 49.175660
230681589323.022614 5.353751 0.365002 1.856068 3.102061 4.926157 94.844436
19274744121.818375 17.294924 0.463482 6.772134 8.269478 3.782501 53.385441
152227483789.109772 4.166313 0.803994 0.041638 4.975398 3.135410 79.936874
9312868506.361362 14.972286 0.718924 1.490653 18.080592 3.072850 40.312516
92619154116.869919 5.584391 0.440432 0.330466 9.604242 3.978228 70.413901
195663432087.657776 7.482042 0.816444 1.627167 1.689843 3.679928 95.012853
53887318184.552269 16.317906 0.811092 4.787864 4.672545 3.418871 74.035579
177071332000.785767 9.398444 0.568413 3.277044 1.690699 4.136353 96.263572
81414548545.639572 25.841782 0.990579 8.561292 2.284895 3.113798 96.838446
54087719505.558388 21.862615 0.919225 6.463833 10.585447 3.940687 80.426779
21023050291.438335 8.849849 0.313094 0.021581 3.893750 4.145233 46.711369
24445860069.685089 26.805331 0.981084 6.055140 7.639095 3.707301 65.566832
111508420041.066055 11.862313 0.704202 6.135472 3.188672 4.704126 87.007816
62633250705.056976 17.129179 0.704254 5.726623 2.225436 4.932683 78.866327
17543381113.099400 9.124646 0.616129 0.293217 4.147364 4.665353 44.262058
4813211329.510431 20.295745 0.298952 0.055067 19.205381 3.935093 35.148837
7719226491.998812 28.838246 0.995706 2.319316 3.739103 4.675181 45.656802
13505798896.941639 28.240215 0.626224 6.645990 9.821903 3.510733 54.662912
75565541641.183838 17.618795 0.761811 7.400616 2.126417 3.535958 84.605803
5317030425.074164 23.451038 0.915312 1.242606 10.365402 3.796576 37.886678
194805198217.523773 12.225792 0.701525 9.550127 2.972342 4.058299 105.555185
43107785884.230278 8.830065 0.822194 0.296211 12.217570 3.180729 59.316089
7469817373.133132 16.774929 0.755936 1.177045 5.763711 4.899260 38.601503
10326470705.960428 25.423961 0.906776 1.625039 1.638263 4.125545 48.417790
77197442638.485733 5.139160 0.096654 0.583691 17.780529 3.884960 65.459969
15631505410.472557 11.588696 0.870751 0.056080 10.117577 4.705375 44.947699
10850552141.374874 24.003600 0.828160 3.039561 7.547692 3.936338 48.387536
49677754588.438431 7.666681 0.358309 0.015181 2.447604 3.923837 60.445250
7093090197.570251 48.165903 0.989237 3.196253 2.577007 3.776320 52.363223
45493902165.144699 30.367509 0.979782 7.491467 3.844102 4.707800 83.799147
25537790380.399860 9.403403 0.164870 0.046286 15.586141 4.999756 50.488190
8216889599.020567 35.072936 0.574754 5.410371 18.620822 4.251637 49.567958
236363336897.683411 5.035707 0.930249 0.045705 4.513346 3.684758 94.782985
41923188964.304619 12.392140 0.955081 3.056165 3.440497 3.094223 63.463380
16501222621.761320 23.319955 0.963892 3.777173 4.285439 4.267457 55.172059
81039299370.071320 6.465446 0.968788 0.849511 13.763372 4.984536 68.972754
295781698633.172913 5.041523 0.694352 0.892380 4.557853 4.501623 102.155956
293264416885.771606 4.918609 0.431144 0.784508 2.222534 3.098816 101.521108
30674813682.383366 8.765623 0.697490 0.011347 4.950727 4.668781 52.875015
13823341914.329733 22.285175 0.936554 4.303108 10.966454 4.274675 51.323808
30488883929.829296 19.117136 0.884567 3.605526 1.891502 3.430832 63.946512
44477790373.151367 17.072566 0.978610 2.809306 1.540988 3.992108 70.298761
238195191904.593567 6.084033 0.692352 2.571931 4.509813 4.844400 97.793712
42602675903.077194 22.861901 0.795342 8.116078 3.895543 3.519838 75.248601
280653319432.172241 16.820506 0.899461 8.074959 1.770319 4.579556 129.382520
73041951968.881134 6.881859 0.694669 1.723883 15.874066 3.703028 67.361573
8645502548.393261 39.799822 0.886616 5.412819 13.156392 4.263339 52.513797
14837226310.006052 13.922234 0.210713 5.843598 4.350499 3.129459 46.210354
105385883385.716843 7.213525 0.097576 7.535340 7.625114 4.245225 76.775427
15509850324.941944 19.120322 0.366520 7.143608 3.872130 3.481003 51.049615
64851327076.773392 9.249601 0.753514 1.396425 2.907152 4.763186 68.637448
12840075822.241718 16.169976 0.502930 3.332054 11.765872 4.843350 45.787216
34609935664.390327 19.596311 0.756420 5.148079 1.957905 4.849253 67.172116
26481691931.253723 9.916946 0.817730 0.375068 3.060447 4.782460 51.700703
44807206769.181305 15.199748 0.552543 9.956461 5.019595 4.543970 68.323567
30893272981.544601 7.493690 0.712544 0.199069 4.788196 3.983454 51.368357
14043224971.785536 16.151570 0.745480 1.992828 5.566338 4.860217 47.160536
14655240043.571894 37.854228 0.813678 5.992452 2.467614 4.593758 61.603973
46903955970.142014 7.788066 0.265251 4.809584 4.865559 4.900985 59.479630
109953989459.826187 10.994561 0.689602 4.119462 2.399453 4.941371 85.064443
5776182439.886699 38.647912 0.812668 2.522465 2.996768 3.803814 45.471885
71034900695.465729 14.673919 0.568644 5.811980 2.722620 3.390540 78.940646
78952308384.102844 9.737078 0.473543 8.275756 6.585582 3.812194 74.110941
237925834408.490173 9.758496 0.522575 8.904374 3.055571 4.103589 107.098727
12482361209.356083 28.095423 0.788574 4.855691 5.400550 3.041070 53.161977
76385406459.084290 7.369653 0.646515 1.443024 9.731667 3.161376 69.242321
33338234762.799599 13.955457 0.385436 6.119726 4.709091 4.513835 60.561838
143303459643.111877 7.827555 0.526488 2.601423 4.159809 4.501012 86.393181
35221759653.539719 19.534034 0.638393 7.872629 4.442159 4.280378 67.505085
8360453880.023500 44.523002 0.570798 9.515760 3.051905 3.045620 53.880678
18555818095.929081 17.149522 0.791320 3.386603 5.945961 4.186412 52.592433
29106434544.585644 8.241784 0.766550 0.808380 15.601412 4.834059 51.306091
14332963759.852924 27.216011 0.922935 3.699254 5.432711 4.934299 55.131488
9792404380.662146 35.527723 0.945094 3.805475 7.180315 4.271941 52.769453
24444601744.148140 26.762554 0.738692 8.526288 3.795611 3.645614 65.533970
18456823293.862118 9.238991 0.425322 0.910239 7.402134 4.913282 45.137110
11958461249.092119 11.677405 0.413915 0.016362 8.300388 3.338193 41.183098
75373691067.947449 6.844597 0.291499 3.860645 9.340945 4.181845 68.004487
7865335331.882562 12.158009 0.837639 0.197553 18.533010 3.356033 36.163249
190080520943.878540 4.751305 0.179165 5.107164 5.139989 3.112874 87.455070
70028537966.922974 24.296840 0.758511 9.318458 1.925005 3.419628 90.414424
32589519116.378048 11.217418 0.167528 4.371425 5.054675 3.065228 56.981598
18641432578.089214 24.940017 0.656148 7.193590 2.525393 3.165749 58.616111
16914931791.494146 45.460004 0.939922 8.613360 7.607927 3.087885 68.619969
34525073262.361473 13.893259 0.708276 2.107342 2.295636 4.711885 61.202633
85501598701.046814 5.331303 0.489131 1.439752 8.797448 4.889039 68.086982
39183072693.310120 8.088584 0.282505 0.905914 7.823507 4.759633 56.438124
6273617644.323327 24.464474 0.829992 2.260645 4.738532 3.341066 40.538942
60770019338.217354 14.312704 0.599318 8.639708 2.845715 3.618319 74.459200
49777176245.338470 6.775510 0.641981 0.010728 7.352782 4.951389 59.113510
41405788112.304665 20.791210 0.991909 4.993497 4.288402 4.188392 72.517054
17244697074.597561 17.256446 0.773067 4.142607 3.946928 3.672075 51.410122
26705817774.915241 14.825398 0.704428 2.155347 1.832042 3.357128 57.126067
30704603531.854889 10.233960 0.699554 2.027279 3.017610 4.123020 54.697317
21489236358.887585 7.835030 0.276774 0.050299 7.952493 3.197618 45.907324
157327541820.714600 10.536547 0.933866 4.352347 2.693863 4.947546 94.921304
9623991776.823505 26.339888 0.762932 3.828427 7.905101 4.419124 47.800439
86805197806.351395 19.245095 0.839649 8.350489 2.454406 3.789950 90.802234
60262494330.518761 22.867029 0.912027 8.817164 4.011228 3.094180 84.475418
7980091325.089538 37.991506 0.827396 4.161488 6.262980 3.932623 50.364216
51892911577.724449 20.741586 0.955986 8.031815 16.883676 4.477482 78.131419
16994700010.697174 20.705492 0.552378 6.090725 9.646320 4.516102 53.828384
92042806915.375854 21.735180 0.914368 9.025527 3.402362 3.745846 95.858279
101959685052.309494 5.184067 0.681836 0.150616 11.083364 3.487464 71.909831
195311871763.375671 7.224828 0.499077 6.203762 7.161535 4.810301 94.333088
20221325517.494587 15.912211 0.825625 3.012961 9.745041 3.315870 53.043771
17283281596.415936 16.327314 0.341594 7.642088 5.083656 3.344030 50.685920
112785198494.357300 5.549385 0.285220 0.091845 3.137457 3.859192 75.120547
25323614320.600578 20.570942 0.575603 7.414907 4.950957 3.126525 61.367770
37186033246.799072 27.364372 0.732384 9.967651 2.899448 3.372191 75.880968
29998259025.929970 13.562164 0.419446 5.801969 3.289384 3.838858 58.046416
7436867699.145252 21.773563 0.675882 2.063722 14.346548 4.127954 41.462105
5761735529.285180 40.317459 0.910328 3.700637 13.194205 4.282203 46.063692
20806826507.093849 13.299391 0.650015 2.436210 18.643444 3.907492 51.130509
15528007703.627485 17.980418 0.752578 1.857183 10.294648 3.092533 50.205601
6495185562.952824 32.907661 0.838375 2.530290 7.364646 3.272641 44.913802
45345790233.116859 23.249422 0.930432 7.443949 5.726197 4.102177 77.209858
29409174061.310875 8.375516 0.449379 0.718639 5.998585 4.635860 51.651323
135848257753.559097 13.714316 0.817523 7.591783 2.547795 4.695083 96.305334
47054238228.607826 6.084668 0.249929 1.943339 8.770750 4.360709 56.956107
13444685460.590578 11.353763 0.094622 2.680011 10.130876 3.341046 42.539252
8607954032.514973 29.203555 0.694081 5.189898 13.841844 3.761635 47.529733
26873841827.124310 31.647112 0.973380 8.612722 7.062463 3.493454 71.223899
27037428533.810711 13.838202 0.875948 3.328159 5.194393 4.620523 56.356345
17286817300.053360 9.256034 0.951198 0.011830 6.875188 3.341224 44.179881
6362855447.111156 23.550067 0.341939 2.913422 15.927736 3.322287 40.273554
238552932030.613983 8.030389 0.643143 2.651023 2.182706 4.724166 102.906848
11161910838.203167 19.538952 0.539632 2.419829 15.212694 4.102133 46.026692
121104738857.415482 6.165466 0.709342 1.102261 3.338073 4.257521 78.224252
9522397318.478575 27.127961 0.977386 2.442834 8.836539 3.244932 48.059057
8858939953.174700 41.580166 0.810200 4.123682 15.758076 3.250182 53.705602
30654109923.284611 16.310738 0.424271 4.634814 2.424834 4.339744 61.337134
29181101495.873676 22.815021 0.889038 6.083153 9.675852 4.126568 66.291699
72473747393.259918 7.318391 0.617540 0.541306 3.196744 4.317919 67.950377
42108970449.100777 7.431347 0.600304 0.556185 6.188063 4.961857 56.864811
81113499154.393295 6.486337 0.586678 1.638702 3.517023 4.301027 69.032193
98009465682.218430 19.687615 0.939104 8.346214 5.675756 4.104889 95.158414
16975946275.058588 44.726961 0.857846 6.763287 6.710091 3.027950 68.332326
7586214645.748732 28.191347 0.845570 2.032896 5.026679 3.389044 45.077924
15875005252.016169 22.194425 0.560445 4.977596 10.330821 4.676130 53.683043
27071675563.999813 11.123565 0.369284 2.273323 8.565351 3.337066 53.459874
50024042083.469604 8.404399 0.521110 1.393549 7.265887 4.987868 61.699878
12983567788.007515 21.395125 0.550518 4.239461 16.629843 3.831098 49.673060
10822832531.389389 22.574206 0.372075 8.941470 12.598968 4.136643 47.481631
20077722207.760967 17.388745 0.658735 3.549213 3.402757 3.617338 54.196524
93285029064.342316 5.441088 0.419710 0.057286 4.421718 3.341988 70.305231
17292797720.864094 13.225605 0.758501 3.074356 7.999719 3.532050 48.006101
18087029681.215828 19.295234 0.725327 4.784651 16.587247 4.319391 53.870868
279064120082.163086 4.477979 0.316219 1.117211 7.874900 4.438086 98.657328
101588476638.053970 5.200904 0.230126 0.184604 18.934968 4.467145 71.855773
91504836338.323395 7.461935 0.134750 2.554753 2.662134 3.703609 73.712032
23335972183.497623 14.241500 0.530385 3.817158 5.877216 3.908604 54.051626
7153084799.355814 22.466190 0.917968 0.789374 4.200519 4.086057 41.301788
52441918061.667648 11.795039 0.959371 2.849000 2.986520 3.405673 67.570615
137917748778.347473 5.910175 0.948594 1.220355 6.955324 4.283259 81.126042
15414629572.318438 11.763311 0.928758 0.597220 2.339199 3.083429 44.898320
14282745011.145901 32.078751 0.672898 9.150053 14.910184 3.158572 57.938231
29306780261.158676 8.630735 0.403690 0.031785 3.217746 3.797862 51.909687
211904899361.196320 16.215304 0.825333 4.876588 1.149528 3.091826 116.661218
140515289031.830780 13.036654 0.711737 7.238209 1.880026 3.765421 96.167273
8612719661.436390 44.375433 0.715005 7.248196 4.952514 4.375082 54.357382
102958092269.977859 13.130177 0.755563 3.648817 2.133471 4.513602 86.851602
45756600336.685089 18.541667 0.618006 7.437631 3.027792 3.180478 72.591831
9278295704.618135 32.368762 0.992936 3.709774 5.236695 3.716052 50.320625
246622828460.267212 14.547372 0.877710 6.206474 1.829096 4.580621 119.265899
56267798862.541145 7.848090 0.009786 0.051794 4.587518 4.817420 63.295067
65295033889.888054 8.669099 0.312228 6.920250 3.990461 4.099401 67.860583
103492823845.890518 26.278136 0.807569 8.949547 1.518999 3.072516 105.432788
12475479650.798487 25.554927 0.956105 2.528117 2.502263 3.336723 51.646725
84325545861.861389 5.858547 0.239388 0.012200 6.710266 3.768781 68.759095
83848647073.512222 11.507041 0.548010 7.884124 7.181103 4.907901 78.549825
150499122117.607086 9.158519 0.680642 4.179109 4.704844 4.058185 90.680623
27477292635.221710 13.070159 0.847875 2.668105 3.657459 4.943751 55.853995
41572244780.188843 18.431471 0.836541 5.997515 11.480418 4.432307 70.191795
35065382560.999596 11.032446 0.834566 2.911199 18.319064 3.027178 58.163541
45240433757.239120 7.330221 0.694403 1.596377 6.111849 4.266058 58.090556
173152587871.394257 9.316427 0.564975 3.165726 1.652283 4.148922 95.367870
85365765995.588760 8.222469 0.442263 3.208861 8.992794 3.223711 73.405517
236530000087.610474 5.435168 0.925340 0.047201 2.057029 3.702924 95.853600
65522873884.625107 6.175129 0.583127 0.207538 18.094085 3.311619 63.757570
95826602205.783981 5.154545 0.969033 0.021525 7.611615 4.047535 70.380811
5882028906.710834 31.619970 0.940568 2.150678 8.230289 4.203426 42.911611
31589447391.469463 19.245084 0.893355 4.203209 13.921189 3.165339 64.827891
81400565199.784149 18.175998 0.774830 8.352913 2.048214 3.419995 87.475097
27509254548.275448 24.865663 0.991416 5.077402 3.218397 4.199498 66.675023
10589910989.074133 22.621215 0.709010 2.588156 5.639552 4.394248 47.167169
94650583563.383224 22.644236 0.918556 9.895896 2.510901 3.055570 97.914228
213317282866.541443 4.970845 0.132433 0.069615 3.375486 4.550968 91.433036
12169951389.082996 43.177416 0.895570 6.440872 3.664159 3.554023 60.447261
32187131102.304749 25.054438 0.860919 7.573042 3.109881 3.942122 70.417152
17846637664.014252 11.013847 0.261918 3.456563 3.407998 3.388317 46.420152
135427298069.555923 14.867512 0.724478 5.865600 1.678603 4.560364 98.217222
55280342345.681641 8.163888 0.812672 2.501597 10.880705 3.936690 63.416301
17998730693.961609 8.697336 0.387797 0.038962 8.606463 3.270152 44.194098
307054606545.923950 4.558560 0.266868 7.270635 5.819320 3.728385 102.075075
29244439037.254036 10.071907 0.476451 2.154597 3.020459 3.701533 53.624072
7166722859.294257 16.919980 0.008872 1.274953 18.373410 3.785522 38.160817
232390879411.567139 5.784760 0.385443 2.972519 2.921415 4.831512 96.207816
34007021891.100895 9.139119 0.512939 2.098829 6.496191 3.762730 55.207303
63246885670.189613 6.548444 0.018288 0.835625 8.266549 4.849337 63.643015
20823325419.582550 10.438223 0.548172 1.913536 3.436540 3.048697 48.271029
16622061610.974281 14.317844 0.641091 2.494714 13.900009 3.476872 48.338169
20340472011.286472 29.117557 0.760662 6.833313 7.966261 3.729089 63.249541
24532893478.293312 13.195859 0.699016 3.509769 10.299687 4.382932 53.911372
12760885091.469242 25.363969 0.643886 5.303333 3.344899 3.527408 51.920684
43823130732.577477 11.981378 0.451414 3.099502 7.904549 4.833860 63.884776
30972260135.274010 12.332342 0.669862 3.096461 13.658112 4.343062 57.303998
5859906104.521829 33.343996 0.806802 2.027234 18.733035 3.128226 43.579955
61362342062.308174 6.598382 0.384832 0.067488 7.102967 3.558599 63.088021
81254745887.786392 6.028978 0.742506 0.014770 3.161985 4.583215 68.229063
41868876001.620911 7.800346 0.873532 0.759685 5.511053 4.906011 57.287821
15015339933.818996 16.532624 0.603737 1.749814 9.698224 3.758201 48.526445
75915554054.255478 17.537977 0.930690 3.717122 1.868197 3.890275 84.629766
206201436529.830597 18.341992 0.878148 6.168644 1.730194 3.463467 119.544736
11469440151.075024 30.323205 0.969102 3.285091 2.500675 3.247786 52.914195
10396071835.120518 33.444195 0.867857 4.077033 5.140285 3.220884 52.807052
15937612366.868736 15.411531 0.524600 3.904985 14.491159 3.933517 48.585292
15339585379.363871 10.862974 0.746307 0.027898 5.476501 4.853127 43.995203
51518694415.086632 8.082741 0.648949 0.094983 4.403112 3.928560 61.820448
64216264524.116783 7.952142 0.845659 2.115344 16.210755 4.104691 66.316674
15512197536.187014 15.863195 0.577795 2.926548 2.403791 3.171378 48.517691
25221842444.779896 11.481355 0.443322 4.653320 8.245559 3.516215 52.602862
29648254036.884686 19.996118 0.871833 7.416319 5.153087 3.500842 64.160263
9446318392.986151 45.804267 0.646766 8.565835 12.826101 4.780900 56.650672
93471419744.533096 11.177376 0.626014 4.210417 2.418523 3.475089 80.891908
26464099602.451443 22.047360 0.864533 4.931984 11.937607 4.606854 63.530113
133137453635.018219 4.751309 0.706117 0.288154 6.820643 4.808979 77.667486
18739452396.957085 21.576690 0.683131 4.137715 19.045530 3.881462 56.273023
250660900643.713196 6.091070 0.918080 2.294774 2.718419 3.349574 99.489683
25311059119.865097 8.062871 0.949929 0.153318 18.780611 3.467452 48.756722
38627170677.978088 16.509295 0.808494 4.836464 2.566113 3.751185 66.466026
223233260803.290009 6.122565 0.773648 1.200888 12.359191 3.014035 95.801327
8888202630.008886 46.992128 0.717476 6.792622 9.082681 4.949908 55.988441
62567257141.878349 7.132561 0.043817 2.764257 5.495894 3.415421 64.392639
41868876001.620911 7.800346 0.873532 0.759685 5.511053 4.906011 57.287821
99324406724.582184 5.171012 0.362305 0.034232 6.464117 3.874056 71.259248
33576267828.174690 19.805966 0.963734 4.127550 5.402156 3.406284 66.696561
7652819114.018826 18.627493 0.943743 1.239032 13.057710 3.693007 40.046759
41608592879.494827 23.159109 0.916335 7.568462 3.763840 3.855932 74.941942
9959380002.473192 16.456952 0.811889 1.239062 10.373126 3.641725 42.267781
141745998097.738617 8.525431 0.650478 2.699606 2.037604 3.655373 87.565150
33219539601.761665 22.914200 0.890702 6.276518 11.309101 3.936800 69.306595
229801882805.505798 10.216666 0.550533 7.623029 3.436209 4.017943 106.950866
15504151336.780182 33.850016 0.796651 4.969165 4.928320 3.349074 60.563500
11946462489.213253 46.028939 0.962465 4.815456 2.589660 4.026386 61.362803
197846372417.181183 4.807897 0.182901 0.077923 2.835626 4.130062 88.768078
158365321776.604584 5.536500 0.393294 2.153295 6.335637 4.421856 84.089402
43911638655.649300 12.659897 0.833396 3.277853 5.903770 4.504806 64.789088
52452928662.572731 6.525200 0.390904 0.857672 12.907132 3.978887 59.757551
184676548708.249176 8.388587 0.742848 3.780551 4.725057 4.298362 95.322511
32356103184.023396 18.008514 0.680045 7.448446 12.647060 4.328557 64.153299
14243778556.662703 12.038053 0.222419 2.965209 5.502415 3.696786 43.974179
26920322913.229229 8.061613 0.773132 0.012786 7.280502 3.301797 49.767328
74229398667.218033 17.411057 0.776816 8.229013 3.548894 3.816600 83.832118
21416769321.062523 17.569272 0.915595 3.358638 10.474908 4.535322 55.531897
93284918296.032959 5.491530 0.913677 0.016581 5.284439 3.421851 70.402668
17552434351.404202 9.048067 0.278863 0.015936 5.156096 3.700618 44.190537
119978489787.389252 5.784621 0.826108 0.023697 3.753452 3.012242 77.179770
17837262567.183624 20.492726 0.614837 7.831722 15.563071 3.545429 54.542632
231431361371.746307 13.891317 0.741230 6.922149 1.614112 3.658451 115.394177
100678501800.099915 6.001006 0.215882 1.973837 4.948874 4.114449 73.226737
92020479831.056290 5.588618 0.732787 0.474123 5.454781 4.028903 70.269996
266499108802.138367 4.269632 0.601844 0.766322 5.356006 4.716287 96.608293
24044343002.718266 17.936817 0.757963 1.866143 1.211790 3.081118 58.044510
96806744711.283844 9.392576 0.666887 3.667994 2.136395 4.669688 78.702623
117785499600.765533 6.044010 0.957111 1.700453 8.313252 4.795929 77.249168
56734868069.251389 22.216947 0.845346 6.688859 4.131820 3.110907 82.100140
8815835141.238539 31.898181 0.736776 3.471261 9.793025 3.586190 49.243199
7299722877.264490 13.068896 0.473522 0.026634 5.526134 3.271086 35.904974
9410151646.674788 27.467312 0.920775 3.781995 8.521547 4.001524 48.050936
20284932500.936394 14.890188 0.760366 1.719586 19.092358 3.697991 52.181363
15444560406.280323 14.521221 0.850631 1.508378 18.564768 4.103876 47.340072
112785198494.357300 5.549385 0.285220 0.091845 3.137457 3.859192 75.120547
93399732942.173630 6.643151 0.875773 1.362867 10.055443 4.960045 72.656778
26644814195.651756 27.110259 0.783953 4.858630 2.341532 4.657696 67.708711
66669281428.902298 7.302457 0.435328 0.911937 11.427181 4.669757 66.058615
13513053697.863264 24.644886 0.745575 3.414346 15.148922 4.168680 52.468697
183628824031.119904 5.456274 0.275102 0.071027 9.984220 4.702688 88.147863
186203701575.040161 6.499309 0.340928 5.208188 4.040326 4.452704 91.096143
11881707206.817350 12.141513 0.573672 0.736462 8.364399 3.702097 41.480642
55589943553.851242 7.993761 0.901797 1.282507 3.995222 3.439812 63.268551
90282037182.140396 5.047488 0.361249 0.904958 13.816094 4.835636 68.793131
24294282769.650131 33.808625 0.910984 7.188821 7.776754 4.611008 70.317133
41615816446.624146 9.187482 0.228107 3.545364 7.713264 3.777237 59.117376
33808805510.732052 21.039268 0.913861 6.242314 12.541716 3.078288 68.009878
301326524732.102661 3.906695 0.847041 0.013579 3.378168 4.640024 99.685974
50387551962.456421 7.291130 0.878921 1.061941 10.135054 3.286161 60.154634
82752376551.713577 12.885530 0.646754 6.829219 7.847559 4.693667 80.375816
85950309878.748993 10.573897 0.387712 2.169100 1.642560 4.229921 77.659560
8779984805.387016 41.970279 0.695517 8.082878 12.173792 4.563823 53.710045
15517462363.006729 41.818680 0.967804 7.750832 16.848168 3.048391 64.860678
69257339899.929062 5.735921 0.106845 0.086718 17.157855 4.777238 64.177149
5516235370.469539 19.536006 0.408372 2.287888 14.686953 3.395371 36.388102
74362718766.979950 8.589038 0.969209 1.653412 7.483692 3.806848 70.731049
15734554297.875298 18.206902 0.587619 5.067721 16.501758 3.827040 50.601550
5910612961.576887 47.616979 0.681552 4.455402 5.848576 4.396787 49.085940
12801046450.028646 16.512326 0.769712 1.952220 5.899122 4.934979 45.997968
53443243699.420921 8.267987 0.765297 1.683382 3.789699 4.794080 62.865854
33793048006.002468 8.126169 0.274124 0.076780 3.453316 3.834098 53.771316
7887388379.998116 15.107459 0.125546 3.095111 12.129135 3.709482 38.230292
40169846000.384720 8.105169 0.217956 0.652629 14.207328 3.781536 56.931225
296794441493.701538 10.773306 0.964778 5.789810 2.736325 4.975150 117.884449
161372099305.876465 6.469799 0.346471 3.880989 3.311774 4.455536 86.783837
22256631193.087624 18.996564 0.959277 3.466053 6.082307 3.463774 57.476162
44254034039.671814 30.861964 0.859979 8.860206 3.158753 3.138108 83.449422
183529001350.119690 5.767824 0.523851 1.784618 3.250340 4.536411 88.887000
11385765575.168501 30.196144 0.997387 3.750001 3.462057 4.940663 52.716395
241015824529.657776 8.284146 0.578225 4.744781 2.290919 3.897552 103.905121
4176516858.220630 32.775159 0.579770 1.697729 13.820439 4.964033 38.716969
61421801984.632538 16.350599 0.920322 6.605772 2.971241 3.129234 77.378163
15885682698.058174 20.095178 0.723233 3.738288 9.718573 3.853162 52.184710
177609450880.693420 5.767476 0.827219 1.160952 1.802000 3.616520 87.920049
144822773842.331207 4.470300 0.921379 0.667635 19.050161 4.462368 79.265278
6985603525.403879 35.245970 0.777922 4.407430 15.965955 3.622513 47.030786
123041837284.438782 12.303538 0.685801 8.762977 5.016232 3.470455 90.705051
35716905736.100792 10.208363 0.691689 2.356481 3.039898 3.662280 57.492574
165016690450.573792 8.626275 0.711116 3.796822 14.658157 4.577655 92.339735
16974278637.582254 13.425924 0.981773 1.506860 7.340585 3.487707 47.889304
27931157492.247135 10.772308 0.941680 0.542001 1.785902 3.215893 53.619774
19519566633.263313 19.819824 0.766145 1.652542 1.100131 3.011484 55.676063
31664313061.129791 8.941434 0.031569 1.296799 8.893955 4.704930 53.660275
40244994284.809555 9.414246 0.694360 2.174941 4.792436 3.076563 58.767981
30738515135.258293 24.488641 0.888184 5.616663 5.953265 4.495996 68.873927
25308196165.725777 22.344668 0.725414 7.174595 1.983202 3.085777 62.835524
27861141052.557598 10.085142 0.194993 5.185606 15.353059 3.116669 52.780356
58860437063.345917 7.367581 0.002707 0.119506 3.778789 4.816978 63.477475
12947700415.271900 10.921996 0.239322 0.031718 3.574105 3.529041 41.630237
34486523892.301254 9.221352 0.701760 2.435737 4.452581 4.768316 55.571695
10846688984.952116 12.561936 0.617350 1.033152 7.054522 3.945828 40.573950
217791603403.739502 4.711967 0.175151 3.245537 7.761762 3.821510 91.415001
27908810899.307781 32.461443 0.770715 6.897837 2.052871 4.769566 72.704476
56004030303.249512 11.079175 0.873605 2.998147 3.015068 4.266523 68.054685
19360265881.901039 9.085701 0.978452 0.092542 17.050727 3.726160 45.698596
125341952898.307495 10.882723 0.755666 4.421606 2.206402 3.105386 88.650620
79281119191.468536 6.064185 0.897735 0.858261 19.210525 4.508846 67.736615
4183509922.094367 33.141064 0.785627 1.788390 8.663004 3.125036 38.874552
28447836599.468891 19.741585 0.531130 7.511285 1.805306 3.557806 63.053579
21139508745.145367 8.899501 0.700370 0.058758 8.102793 3.844733 46.852404
177343237443.905762 4.906988 0.889508 0.052679 2.723843 4.831182 85.822769
9013594081.249634 32.658937 0.634789 3.706736 3.815125 3.714645 49.977705
70310615289.899002 7.217565 0.501008 0.060565 16.986893 4.315560 67.093469
17124046637.742636 30.930470 0.707423 7.660454 10.316709 4.881489 60.851997
13512411180.324911 36.083526 0.971972 4.417116 17.997114 3.732591 59.041340
52150161001.622223 11.935548 0.483674 8.989886 5.347440 4.071696 67.636587
80863506099.198380 4.634710 0.744212 0.138751 4.703494 4.558880 65.564525
147611192881.147278 5.249195 0.333793 0.019667 10.198579 4.776251 81.494983
29734719950.528522 14.997237 0.700716 4.843824 8.803174 3.873971 59.386588
43068182183.387466 6.551477 0.660067 0.050034 7.307170 3.332136 55.996152
19775332456.361549 12.162618 0.225256 0.585530 14.301333 4.044836 49.178593
32103665357.605587 17.605955 0.881416 4.144885 5.662748 3.809419 63.590240
7810679390.307499 21.315245 0.826288 1.322085 7.321439 3.315666 41.887525
15573811319.842813 33.679561 0.970868 5.365263 15.468566 3.614441 60.557079
76672702538.070755 5.703819 0.631288 0.046332 11.619379 3.513027 66.332220
32300454119.135952 23.706630 0.875297 5.937394 7.267457 3.534463 69.351246
28861338928.633533 8.446230 0.512633 1.832937 6.232151 4.940827 51.416591
20573394819.625717 24.080091 0.827323 6.000943 11.815043 3.288190 59.946069
104283600541.112213 5.657814 0.131371 7.359860 14.397458 3.702040 73.401218
46155862501.601570 6.518672 0.457437 0.050551 19.547670 4.239430 57.253645
26560800331.775227 9.367888 0.234229 0.396019 18.568675 4.736808 51.111796
42324178359.970421 6.700811 0.461095 0.242485 16.311211 4.232743 55.892279
74788184431.777725 13.638198 0.786104 4.855642 2.471039 4.694975 78.819368
23979977864.523083 18.703678 0.881177 2.723764 7.871196 4.507508 58.668196
211002402465.769196 3.924830 0.287250 0.065481 12.037740 3.498624 88.563469
14665486588.964779 12.249588 0.613851 1.179621 5.233552 4.758060 44.591241
11093191579.590710 21.987247 0.970546 1.927216 16.168756 4.638550 47.508221
188991039663.201569 4.930669 0.412454 0.152373 8.162830 3.826604 87.719159
74512701906.705093 6.686819 0.281782 0.024095 10.078187 4.112315 67.463997
162271497821.577148 12.213511 0.689969 9.938268 6.181726 3.028589 99.293560
20191661837.069305 11.344862 0.330444 0.193444 12.297258 3.659027 48.706122
17848894247.272621 15.366633 0.229465 4.708035 2.354946 3.447195 50.415955
23944920485.115013 40.269517 0.820192 8.808461 19.702662 3.323413 74.030387
40157033308.232025 8.877774 0.761691 1.089909 4.112844 4.059909 57.995991
53277500437.043900 9.343632 0.604343 1.988082 5.200463 4.214758 64.423770
53524623421.021179 6.752869 0.597949 0.059198 10.305520 3.314012 60.525151
45271840119.607948 8.276577 0.974020 1.068094 17.740958 3.860570 59.495525
5360229531.739850 38.483858 0.783495 3.189209 5.299692 3.825999 44.291942
5038021909.788692 45.011856 0.824871 3.208146 7.222252 3.084611 45.675539
22976972657.002998 19.293318 0.835907 5.443557 4.977161 3.517565 58.342324
6441547942.183805 48.387944 0.541348 6.235801 1.831851 3.018583 50.786484
4717647833.179111 45.440039 0.672489 3.368115 6.841137 3.677899 44.826912
94446695954.349243 11.647711 0.829228 2.977380 1.552871 3.363456 81.964644
28340036168.883774 20.252029 0.794106 5.703750 5.095820 3.248059 63.430766
308940942599.882996 8.917887 0.629530 4.320005 1.601812 3.109720 114.598891
8699889512.843077 17.556330 0.559516 1.079851 2.491195 3.956987 41.118912
27832593145.610397 19.486398 0.984526 4.289474 3.195681 3.708723 62.366635
9201779322.964773 13.818519 0.737889 0.031133 6.025042 3.619877 39.332806
41033520837.048538 23.651865 0.947497 5.180855 1.966998 4.018485 75.058736
12091628153.846357 19.096599 0.542602 2.662769 6.509111 3.721942 46.967846
37975408732.044586 15.351391 0.798703 4.503928 3.467601 4.175683 64.826400
50861514208.706985 7.027364 0.784762 0.016109 9.833820 4.280361 59.932972
16328816209.678986 9.796036 0.515933 0.073006 16.883475 3.887506 43.885632
152052337777.982788 4.742390 0.625994 0.076935 7.471012 3.504654 81.164084
99158618419.386948 7.718527 0.400043 4.671202 7.116457 4.614870 76.205213
27239482749.916546 22.551638 0.793358 4.752072 4.095362 3.236753 64.568124
15277695544.251705 11.122731 0.221205 0.243827 15.489316 3.412891 44.177511
18613925480.126934 19.798891 0.611833 6.307854 2.991841 3.151331 54.784974
6237609508.447808 14.980564 0.095562 1.111575 12.669470 4.335502 35.276107
59334370075.968399 6.373063 0.299036 0.168369 19.304469 4.496786 62.012164
15543519942.164492 25.930186 0.944308 3.550114 8.820591 4.873806 55.818306
87044199534.538132 5.534206 0.303965 2.061050 8.527965 3.355483 68.876940
103366423693.986511 6.899795 0.498334 2.693272 6.615865 4.847793 75.663252
47651232990.470367 5.956893 0.024332 0.802133 11.978366 4.026045 56.998392
236573963113.419708 4.329608 0.022999 6.400985 5.551446 4.714801 92.997700
10765477269.355614 13.028241 0.221056 0.025480 14.181516 3.725410 40.837671
5873243931.973016 24.734224 0.735348 2.312808 18.536994 3.738669 39.787188
186526315570.720093 5.603929 0.212458 3.171586 4.859921 3.388740 88.968714
222116113561.331055 4.411895 0.602645 2.372965 9.617388 3.412347 91.266019
26947168355.536797 7.546204 0.833096 0.085985 15.666009 3.737294 49.146292
102100320944.962036 5.591076 0.360490 0.330816 3.929723 4.237489 72.752299
133102634623.353882 14.260436 0.732473 5.225964 1.645841 4.549705 96.607346
5687726141.071799 23.504974 0.452349 2.864393 7.007044 4.715061 38.773668
75968880235.078705 25.511336 0.970657 6.683955 1.893394 3.157279 94.264125
244468070662.104706 17.555497 0.986684 7.362027 1.888250 4.628885 125.008280
8953858962.963871 40.268784 0.796056 3.861478 15.354161 3.322582 53.334275
9051584137.219957 24.211262 0.753981 4.294102 11.565238 3.344283 45.666694
51734482684.105225 8.219701 0.387070 2.000021 2.300202 3.142180 62.115227
17146847319.496708 10.445048 0.258325 1.370482 5.615605 4.485661 45.251087
39727788043.644119 9.993985 0.780026 2.053617 9.252864 3.534354 59.286893
71034900695.465729 14.673919 0.568644 5.811980 2.722620 3.390540 78.940646
11479142173.753588 20.205128 0.826172 3.587343 12.220743 4.485130 46.901162
20797319348.796246 9.446933 0.334531 0.033991 14.336262 4.040024 47.195237
8589805639.973126 43.464839 0.860763 3.733813 4.836276 4.878009 53.937776
18655449915.347809 39.378068 0.865036 7.021266 2.544585 4.668933 67.624685
272330076232.026825 4.518315 0.644897 0.120432 6.822181 3.645440 97.964768
7598284803.044424 21.529251 0.890067 1.005764 8.930752 3.646505 41.624010
44068175223.795677 7.021912 0.551892 2.333590 8.451485 4.698737 57.128068
70051651520.401642 16.462047 0.773883 6.803351 3.516771 4.091353 80.991765
21213080764.645252 13.049668 0.536028 2.840434 17.913513 3.542612 51.218667
55027157781.559517 7.461066 0.550238 0.382051 4.592980 4.552439 62.216626
28962508975.379631 9.834955 0.862071 1.099643 9.264799 3.949431 53.169499
7106501232.407309 34.676865 0.578909 4.188564 3.011798 3.660803 47.055602
21888264672.901852 11.536090 0.643039 1.475468 10.132283 4.601463 50.231492
54867070171.977425 7.970122 0.512462 0.053921 5.323394 4.530119 62.956226
18423105287.784668 20.381768 0.687964 5.183028 11.745916 4.099350 55.048154
17154394885.281849 19.415325 0.821828 2.670847 2.900403 3.386329 53.020850
34406884930.791916 7.665083 0.204835 0.026937 4.843749 3.568479 53.477672
70149199492.386307 6.614389 0.336696 0.697344 16.822471 4.901323 65.994028
27866547072.249889 21.062430 0.631566 8.273693 2.719436 3.069404 63.786222
15642291320.951344 12.156301 0.251694 4.865585 4.256770 4.014383 45.475806
153482523062.044128 8.320333 0.621056 4.416779 4.040895 3.365426 89.472790
9446318392.986151 45.804267 0.646766 8.565835 12.826101 4.780900 56.650672
10782754317.250355 10.383527 0.858460 0.017910 9.140443 3.034554 38.716503
22915276288.319950 33.727611 0.836685 5.030815 2.079836 3.649219 68.908245
7960894740.579411 32.945180 0.855768 3.350338 5.201774 3.151247 48.083134
54096180184.054153 25.226873 0.948800 8.909057 10.032394 3.592904 83.893974
7670734638.414947 24.525859 0.977572 1.519736 11.384261 3.251866 43.381279
5276866348.625978 31.684783 0.922912 2.063182 19.176126 3.781970 41.412973
107149787334.537476 5.435128 0.059205 0.126282 4.797734 3.212863 73.616694
11678389927.082365 16.716010 0.523466 4.433324 13.243130 4.151083 44.759295
220327810067.895294 4.617476 0.475513 1.178855 7.157331 3.013642 91.531337
57187042340.640083 6.853509 0.788108 1.972178 6.608354 3.841239 62.039022
9719624500.410885 26.406310 0.892572 2.320802 6.872400 3.296569 47.994758
72974200896.670517 12.632888 0.766614 5.964474 6.538488 3.986146 76.701547
126808646775.817322 5.110941 0.982720 0.590968 5.112904 3.912840 77.176806
22563666277.093243 11.364506 0.574382 1.283768 3.246416 4.254804 50.563774
139924148211.464172 8.911966 0.209779 6.936846 1.747823 4.551768 87.995172
19170979379.964283 18.501990 0.791145 2.538850 2.099836 3.314909 54.286658
44006346715.903488 11.520460 0.597568 5.656684 9.900955 4.078182 63.377929
15673315883.191452 21.230980 0.347013 7.942696 10.392466 4.532072 52.773248
120024357196.513779 5.965349 0.593415 0.584150 3.795457 4.329153 77.570038
10589960365.247103 23.975907 0.880912 2.624098 18.385094 3.137254 47.980631
74157197780.895538 6.194197 0.689647 0.265480 3.305877 4.569952 66.477533
32015417966.632366 29.371619 0.835649 8.929011 7.425685 4.228763 73.771352
183176542293.223694 17.136916 0.851518 4.839908 1.175233 3.060293 112.797588
17312395896.166752 9.210144 0.187671 0.017253 8.256901 4.238078 44.154668
4793929527.279143 47.516675 0.636637 4.342998 2.940818 3.267854 45.744287
79375670855.275284 7.282103 0.393569 1.386803 3.506417 4.552212 69.977191
53356168209.403038 14.330414 0.821124 3.561588 2.180477 3.556633 71.321625
16076521827.698748 14.396281 0.509331 4.035438 3.776701 3.492382 47.870560
22644438385.614586 20.112521 0.502111 7.191974 2.188070 3.594324 58.744617
8522359710.498486 14.976184 0.763011 0.034069 6.372714 3.555912 39.140660
6344851194.751936 39.641643 0.857796 3.825478 6.682580 4.842094 47.306446
35203081093.171341 15.658298 0.966566 4.242666 6.178703 3.349395 63.539174
134111977634.690857 5.256664 0.470376 0.123769 4.162133 3.367925 78.947119
9996027092.750597 18.244326 0.789627 1.820450 4.868907 3.315066 43.524572
215585090075.649078 11.110032 0.796931 4.381203 2.055668 4.202914 106.726568
165579257582.304779 5.865337 0.484262 2.305830 9.915046 4.547300 86.117745
6258163828.029350 23.057076 0.827468 1.253824 6.593507 3.342338 39.803097
25115998524.698685 15.845779 0.437317 3.636747 14.741968 4.070191 56.955105
10363133169.793484 41.876100 0.965598 4.245354 6.821785 4.387181 56.719714
24781250810.101482 8.219792 0.764453 0.019797 6.862302 4.826614 48.601172
31420709440.438091 15.932935 0.563487 3.864216 11.733963 4.339677 61.459157
37573828188.831863 7.100936 0.622330 0.074075 9.786811 4.895012 54.282546
15582724055.282125 34.536704 0.888236 5.258244 3.346461 3.749749 61.053959
203181921742.736725 15.806011 0.879006 9.999184 2.196798 3.075662 114.258449
46698682987.469353 6.909863 0.353313 0.806645 14.058804 4.795223 58.073010
30704952131.781303 17.795169 0.764211 4.752956 10.261223 3.441971 62.836754
12412810684.641171 13.251288 0.869622 1.244892 8.187098 3.093789 43.003951
52468034571.330879 14.611618 0.815628 4.178660 4.124732 3.416787 71.279406
103648175875.357742 6.161510 0.888684 0.464368 4.757280 4.859731 74.261199
7412283054.095656 33.052026 0.941696 2.434538 18.283142 3.593168 47.000240
14289799412.606068 12.652792 0.117383 3.912354 15.109626 3.664435 44.557845
55943297476.165939 14.866701 0.853264 5.853695 3.795726 4.413745 73.146820
204677741773.533936 3.464187 0.986856 0.272091 13.275442 4.467044 86.669779
4580328545.183722 28.096116 0.806535 2.005943 5.300010 3.439927 38.060197
14023992513.044168 16.111241 0.637485 2.800893 15.942443 3.386367 47.107591
7048866828.520200 18.970437 0.844611 1.843584 4.574444 4.428612 39.162831
171165429135.220490 17.956561 0.839594 8.746148 1.568834 3.167128 111.693256
87488167491.447235 5.448978 0.364621 0.036909 6.370765 3.893701 68.832611
17153357677.550713 29.893521 0.945291 5.117354 5.704360 3.482166 60.244532
5841668276.471553 40.486473 0.639347 4.933190 15.939842 4.417639 46.339017
30211631919.604847 9.497585 0.538552 1.340346 6.433037 3.519419 53.512737
25831820276.211311 12.850616 0.565477 2.571208 19.224198 4.472080 54.486950
92815113365.630966 5.098354 0.102077 3.765140 18.816963 3.169429 69.527956
21339400642.984009 12.499522 0.810088 2.111205 16.834208 3.917281 50.778506
22424171011.048588 24.096596 0.914601 5.875339 16.752536 4.196895 61.704808
15234384870.976366 26.054794 0.806506 3.921015 7.968143 4.604900 55.525910
221943084690.361847 4.089279 0.557521 0.030724 5.359641 4.703285 90.457090
39938671796.651108 20.169315 0.542158 8.502675 15.569497 3.830549 71.032907
10364266740.285446 15.539135 0.285837 1.166080 5.516281 3.990745 42.184439
32771782134.338715 7.046076 0.854346 0.022363 4.518270 3.100185 51.790154
11544848490.476816 16.665198 0.745750 1.756198 18.467316 3.073607 44.551488
12590536080.826103 32.589204 0.712958 8.275056 5.792522 3.125981 55.829782
28430097938.981052 17.742699 0.825524 4.685537 8.903904 3.180868 61.195378
61645221981.693924 12.303480 0.563089 4.009155 2.237513 3.802391 72.041018
82968110816.025208 14.696185 0.545259 9.929633 2.116229 3.828892 83.166963
61680564016.645813 7.753496 0.434014 2.447831 8.606826 4.911175 65.108611
14755330954.148237 10.861963 0.089851 0.591505 11.666106 3.861956 43.428460
5403464644.876614 43.061263 0.646600 4.154076 3.203686 3.426418 46.073553
80157030575.882996 7.194041 0.423568 1.880823 19.779579 4.821757 70.047163
172646770746.754913 4.031007 0.025998 3.804579 16.253198 3.398544 83.064389
26608803399.401638 11.088112 0.605796 2.859953 15.752341 3.939733 53.113907
32968015303.887741 42.132550 0.982727 9.238066 2.430123 4.693369 83.587141
23635591384.809673 18.358614 0.899840 3.531759 4.041453 3.819485 58.085037
13969697250.727001 27.731477 0.808946 4.168461 4.219796 3.179191 54.975175
26565988464.202309 12.265863 0.477234 4.391011 5.716252 4.314427 54.374996
299940587546.214600 4.402541 0.322879 1.070620 6.856872 4.218104 100.851912
99531806171.906418 5.596221 0.511541 0.017400 4.426335 4.837793 72.147209
10891555769.748642 31.345265 0.684730 7.032847 11.041986 3.222753 52.550439
111751275732.307678 4.921513 0.145696 0.642163 7.514928 3.255868 73.607505
194697480596.180450 4.016054 0.162014 0.096936 7.298966 3.202787 86.426137
34481980357.544273 6.802024 0.083994 1.619302 10.313746 3.967142 52.341155
35670006765.141037 9.841881 0.493841 1.636581 7.251327 4.998390 57.001427
26716446408.741249 8.372828 0.984413 0.081365 5.583134 4.647843 50.020927
98513048501.724380 7.012144 0.155848 9.416469 5.259904 4.883697 74.678478
8285467686.544519 45.000136 0.736905 5.805236 6.595398 4.787358 53.909477
24459774930.027302 31.251918 0.827963 5.616747 17.533952 4.683479 68.753093
72242024866.651367 21.763254 0.770762 8.582451 3.270769 3.498670 88.455559
26627425976.209740 9.083899 0.068396 3.670026 16.787651 4.519313 50.818736
97378963047.606781 21.266110 0.918023 7.698292 4.710519 3.781995 97.063308
12214210326.898855 38.160396 0.934784 6.113610 4.773629 4.676221 58.125220
66526994831.322449 8.519275 0.659978 2.002128 3.883213 3.995185 68.039736
13214090470.959229 21.389048 0.552726 4.279804 16.410277 3.828310 49.961228
137036584552.837219 7.088196 0.982102 1.915731 8.379110 4.834803 83.528348
16697666591.127462 13.615006 0.926252 1.303266 4.259332 4.344132 47.795551
8428336665.681522 21.627597 0.453559 2.797165 2.809347 3.208208 43.144368
43525471934.577141 29.498084 0.990640 6.864530 2.091196 3.681784 81.832483
129333720263.053101 10.125889 0.326462 5.071258 1.524613 3.601435 88.125456
45639533629.198402 16.545779 0.986753 3.520260 2.211909 4.552122 70.308300
89065447312.936981 13.345655 0.954983 4.251368 2.493819 3.955019 83.091872
12334985544.366343 29.954740 0.933376 3.474598 5.676241 3.284439 54.007767
21010614445.852024 7.655013 0.398658 0.595632 10.752688 3.421689 45.358649
79719425263.450348 11.478872 0.571186 9.704349 7.948236 4.012047 77.193898
17970965650.014000 37.557003 0.746477 6.814163 16.219124 3.325436 65.770155
12113595282.731247 19.467460 0.429738 6.113392 12.926949 4.048082 47.250527
46339858267.058640 19.853838 0.805636 7.541178 7.357095 3.737842 74.308843
14486059445.218237 11.249799 0.178681 1.798031 10.761034 3.319178 43.516291
176839687878.669983 7.005936 0.921150 1.566732 2.463494 3.354458 90.744571
39116604110.880219 8.713646 0.540539 0.066713 6.055598 4.667489 57.267242
28579088433.609509 15.511177 0.829562 3.275954 6.446598 3.185067 59.126593
36891749553.397301 19.050345 0.933372 5.304102 5.580614 4.611132 68.074985
9274546308.477108 21.637353 0.507813 3.221091 19.767903 3.227313 44.548282
9130665806.793373 27.291274 0.544958 2.987504 16.377004 4.718809 47.477381
11556818493.814718 13.286588 0.262107 0.898630 5.632111 3.494100 42.019708
8624572808.557623 20.673531 0.351550 3.164895 2.745224 3.377064 42.916836
170148222600.693848 4.389414 0.116878 0.301727 15.330805 4.644170 83.456573
71835690744.301498 11.646333 0.505978 3.674457 3.997338 4.043232 74.816752
13767903777.095549 41.330320 0.863878 6.507566 3.421279 4.280516 62.085430
10813136117.318451 18.286755 0.767421 1.318636 1.796547 3.684503 44.708296
28688429870.768074 9.708889 0.431594 2.193750 9.068345 4.097727 52.851005
37013461726.747795 14.548680 0.656779 4.219106 3.343008 4.500396 63.382375
39445006611.597710 14.360359 0.996285 2.383490 4.192080 3.230063 64.524267
136789978060.044006 6.524255 0.374715 4.538329 6.786705 4.565042 82.251419
14082598193.512991 37.867351 0.932212 6.884500 10.179228 4.069425 60.797726
50382721746.689407 10.472905 0.493786 2.284705 11.326868 4.118176 64.852109
14532560829.611977 10.282587 0.112809 0.109344 10.155878 4.964122 42.671927
11650686880.575413 11.553701 0.234586 0.033040 3.677334 3.519926 40.723619
184342764587.645996 4.730855 0.012064 3.838248 2.589182 3.776784 86.517529
245088896368.696259 9.879786 0.688603 9.530408 4.613452 4.846956 108.457969
10731193645.265287 47.217551 0.902440 5.420309 12.447745 3.549415 59.713330
16646063932.622463 27.896077 0.704002 5.372792 17.347875 3.770060 58.388415
63581113647.203392 5.523717 0.318975 0.055090 6.393835 4.580592 62.012367
143841393870.819153 5.735995 0.249826 4.889186 7.596324 4.201582 81.881787
9562145839.324532 36.442716 0.909259 3.477142 3.978599 4.938814 52.781016
17933450025.860985 23.774558 0.849415 4.305729 12.009933 4.961126 57.047891
25385129326.022224 24.992235 0.666224 8.228966 2.997119 3.489201 65.011215
20960863052.965046 8.990380 0.317866 0.022385 3.919946 4.146290 46.820111
24265831129.455936 9.427247 0.012238 3.738618 19.083988 4.477607 49.662826
32095869629.393326 20.120413 0.811905 5.578643 14.180915 4.907078 65.995189
114350935343.704834 5.221923 0.045383 2.619887 10.615674 4.786323 74.790226
86992669723.277542 15.767414 0.631025 9.841731 5.678601 4.527086 86.060993
15711462360.579664 38.279080 0.987562 4.627547 9.194877 3.685877 63.277845
20564708202.332470 13.438738 0.473505 3.602188 9.072907 4.458599 51.064555
36621877674.790253 10.250156 0.401787 2.061702 2.582210 4.044618 58.027365
22516794399.434505 7.085167 0.001351 0.102458 10.642370 3.706798 45.746353
68765945875.369217 7.510490 0.300238 4.145897 8.489970 4.567056 67.099221
66793048947.816261 14.244355 0.706592 5.017590 1.700844 3.041991 76.747843
22295603491.722427 11.523601 0.771592 1.351351 3.749234 4.986407 50.528224
18441801844.132954 17.602331 0.772441 2.861933 3.721803 3.821480 52.858592
23874188593.382118 16.389402 0.592345 6.414326 18.087631 4.053604 56.506199
15691841124.057320 10.296039 0.393633 2.064793 6.692376 4.651804 43.790592
306481058387.686462 6.325044 0.711159 3.304426 4.619218 4.261487 107.057678
7541091018.879485 23.262222 0.563531 2.877672 17.074022 3.086248 42.466070
83487607048.322906 6.062405 0.578810 0.570402 3.714567 4.236063 68.910700
8620029157.620699 40.033640 0.756062 5.878502 9.955662 4.835470 52.562470
40827770731.562454 10.972249 0.473140 3.572786 12.887045 3.963328 61.111788
13499298500.895784 19.621340 0.838291 2.281489 19.853836 3.859124 49.096292
53429999337.466644 7.222487 0.758446 0.149908 3.328783 3.645939 61.233636
87483616570.458603 7.887591 0.680884 2.020739 2.961216 4.269230 73.398369
66424614736.827599 7.187465 0.133162 0.404567 4.059679 4.638174 65.782853
33841387770.837982 28.587040 0.929460 9.687182 5.709724 3.324019 74.523855
145075840895.510284 5.138674 0.237515 0.011545 6.187457 4.416803 80.779415
11766679872.957502 23.232512 0.601455 3.798468 17.297807 4.958240 49.236317
30855024330.270584 16.137630 0.817408 4.110215 3.468668 3.739969 61.295947
45167871836.337997 7.135836 0.423851 0.349454 6.690633 3.551260 57.769753
69889197283.065842 18.096873 0.874184 8.371838 4.349675 3.538249 83.040368
17526045166.028812 30.661239 0.821159 5.464893 3.861275 4.955598 61.157622
25113394153.366238 12.548377 0.854543 1.857517 4.722629 4.905967 53.662212
42377170241.478394 9.990099 0.644120 2.378127 2.868468 4.410330 60.571313
173585219013.030640 17.927271 0.839888 8.822749 1.556202 3.166190 112.166762
17971639843.372341 10.324084 0.339758 0.948890 8.790912 4.889512 45.844289
95306638161.726929 6.459462 0.296414 0.012367 3.429971 4.346931 72.792084
31147290800.460815 9.996412 0.399139 0.085217 18.732470 4.876813 54.671054
24604509555.086414 13.469867 0.421476 4.094620 14.442009 4.826248 54.242022
23150148630.366077 24.126713 0.660378 7.609370 6.337265 3.392758 62.386728
33157024857.072681 12.198896 0.812977 3.014793 18.103898 3.300253 58.466389
7576842860.569773 27.364070 0.757703 3.625071 19.616780 3.681948 44.651311
21219482558.919033 24.177433 0.547726 8.796024 8.647488 3.776690 60.639586
186125827652.684143 5.198580 0.039727 2.852283 3.417639 4.112695 87.920050
87756849071.563370 6.806215 0.772199 1.634992 6.603402 3.501853 71.469493
137465146243.953857 4.965636 0.458885 0.130086 2.816835 3.237194 78.964103
26720783515.273190 14.006173 0.886757 2.820294 2.635856 3.572620 56.307829
33246921460.680725 8.525310 0.237214 0.064146 12.656887 4.711184 54.002050
19695095812.987820 11.587746 0.903981 1.238534 11.111297 4.828407 48.545776
32468606076.716381 12.280289 0.616703 2.764730 3.455914 3.419173 58.152580
33097205054.215008 9.158812 0.608833 0.651146 4.551542 4.510964 54.735604
24578884076.165527 37.776543 0.994592 5.771852 7.367103 4.333638 73.143671
135285511982.744171 18.616012 0.851982 7.796858 1.616682 3.167941 104.304466
14910521763.622564 45.524112 0.992955 5.304589 2.449247 4.493372 65.825622
37895282423.649223 8.306838 0.639191 0.268647 16.652147 4.875728 56.112163
6545026072.961485 17.984504 0.616323 1.345915 7.575935 4.148259 37.645339
27895522757.933796 13.019679 0.452702 4.692250 10.512078 4.258343 56.082047
42765186282.822807 6.835435 0.520193 0.102754 12.732108 4.464548 56.284669
12666565818.475815 43.382148 0.988041 6.084212 15.562336 3.508169 61.354299
123207604164.398529 4.341338 0.021917 0.174217 8.782352 4.003873 74.845630
58761787602.175980 5.793405 0.784012 0.053862 13.981448 3.494435 60.851513
273187466688.440613 8.798409 0.819284 5.711935 2.363303 3.097878 109.685258
52761134449.329002 8.249887 0.145548 9.762892 4.107782 3.322817 62.569588
39535562557.094383 8.604575 0.389216 6.139876 12.085838 3.550536 57.321316
34748919693.873711 9.095552 0.707980 0.066312 8.272389 3.915028 55.549409
26076536744.043343 7.919897 0.402170 0.206603 10.371725 3.460739 49.069301
105473776169.729080 9.498117 0.728621 3.462778 5.378031 4.156512 81.180655
217791603403.739502 4.711967 0.175151 3.245537 7.761762 3.821510 91.415001
50459111514.863800 23.436311 0.912486 9.302534 3.629640 3.843539 80.197905
13722790163.058338 30.523897 0.986629 3.915782 3.633894 3.997410 56.289814
9964119517.991388 16.857709 0.217439 5.457885 6.233477 4.447017 42.549157
107278137930.895493 7.705677 0.515029 1.883248 4.757492 3.949599 78.205634
10462770665.985710 20.504304 0.611510 2.324474 18.531274 4.186576 45.664515
70742242340.210526 5.857712 0.986720 0.038900 14.201108 3.505526 64.847539
43494834493.292961 19.041707 0.897547 5.481906 6.544883 4.076968 71.906578
18181270700.048294 20.197135 0.942926 3.565156 7.026667 3.571544 54.664629
166246636249.184387 5.020248 0.360387 0.613920 18.684558 4.213582 84.256422
143215689006.548462 8.793357 0.686550 3.510485 2.144808 3.499693 88.431326
15472717806.492172 15.886808 0.498503 2.283500 4.976874 4.912141 48.495626
87130112761.360229 6.807252 0.301809 3.765934 4.906840 4.137120 71.300888
6791068044.461063 17.394641 0.923381 1.054619 4.964649 4.137938 37.764707
28170867177.587059 10.279205 0.859825 1.075405 6.192617 4.840809 53.202180
7806953513.664432 42.711873 0.656644 5.179956 5.976701 3.783429 51.946321
232566143126.478882 10.362014 0.620951 7.391283 2.468746 3.984056 107.720402
22938298602.644043 10.072098 0.431454 0.012538 12.599463 3.139528 49.453944
40633165053.810173 7.116998 0.880577 0.564364 8.120171 3.175682 55.740717
7206272308.774301 28.978539 0.514969 2.967460 2.997084 3.524572 44.688939
167159382815.611298 6.576701 0.145387 4.902224 2.547769 3.099324 88.058967
45186199898.507584 10.872750 0.502061 5.195114 3.241200 3.965854 63.080180
15329433341.145784 15.286293 0.474883 1.696265 5.347735 4.885435 47.856657
307178926562.011841 6.700980 0.256633 4.898412 2.092160 4.193890 108.215144
70730513107.152252 7.069165 0.884756 1.582867 17.478391 3.844265 66.969392
37840908564.497162 7.880519 0.624942 0.123880 7.608328 4.879996 55.499388
10438515638.131308 13.566206 0.515778 0.382086 5.491208 3.734666 40.830894
47239118835.199333 20.099827 0.735381 9.752860 4.504631 3.148204 75.047644
14294412791.274174 34.247030 0.743726 7.442808 11.002438 3.347862 59.164078
19799809735.261261 14.216552 0.758088 1.435290 5.976204 4.873725 51.147632
271350006488.148315 5.000368 0.077781 4.259955 2.702185 4.663123 99.149576
223128564308.490936 6.572446 0.821690 2.545628 2.651960 3.563733 96.946629
17003314479.455610 9.250267 0.128729 0.298759 16.502584 4.770026 43.931166
7132376901.794523 19.282404 0.803533 1.814140 14.636379 3.035493 39.496803
52275256280.098389 20.383737 0.736497 7.948326 11.664383 4.816785 77.934990
26960966470.704773 8.282967 0.410815 0.764660 3.664090 4.636832 50.063487
12763782759.124208 24.913036 0.793780 2.959215 11.172925 3.733418 51.646795
71041218020.448135 11.737359 0.682241 3.153738 2.090728 4.559497 74.678182
161618078208.687378 6.066900 0.062868 8.543144 8.800815 4.208509 85.893855
166058482820.525085 14.354054 0.897508 8.675109 3.200648 3.766512 104.175066
11687903407.779377 43.893098 0.870841 6.088199 8.402430 3.264866 59.963289
5953074458.192761 23.085568 0.854537 1.968133 5.961829 4.049462 39.159666
4708859332.401353 19.443987 0.741630 1.048053 10.163312 3.582667 34.472561
63660722437.540192 8.485647 0.543479 3.106459 10.052744 4.614851 66.993876
51600171240.300827 7.459044 0.702874 2.147637 4.574742 3.617423 60.894135
31123100556.211781 10.855291 0.385946 1.421594 10.193465 3.316726 55.687469
44391713395.857445 9.731111 0.243786 6.222809 2.234029 3.685546 61.160293
227826769487.082581 3.736270 0.267588 0.389659 17.360989 3.175955 90.420647
28992494227.302849 15.502358 0.601639 4.261838 4.333601 4.423969 59.401428
8960044809.617500 38.996476 0.624871 6.556080 18.591602 4.438135 52.791642
58093726538.424377 23.953558 0.924798 6.744127 2.295818 3.238213 84.597541
21619862549.829453 8.900509 0.896907 0.974715 5.358015 3.229563 47.205748
101617641443.058212 5.198600 0.869949 0.060253 2.839948 4.131453 71.858089
14423060773.533722 44.773146 0.811901 7.836156 8.092839 4.509447 64.741501
116006953694.498474 4.839916 0.159392 1.396787 9.240955 4.254959 74.363135
64518032475.113739 6.887181 0.205687 4.368783 13.449782 4.764286 64.641131
16516018702.272099 17.642816 0.489711 6.264805 17.965623 3.559611 50.982675
105522415408.767731 13.873757 0.656427 3.879370 1.442332 4.685352 88.787526
38336301486.392715 18.675559 0.863710 4.317492 8.974986 4.588351 68.571153
94143980003.992615 5.254533 0.656523 0.065051 4.912841 3.903587 70.159388
9282235781.413370 14.038068 0.934320 0.544075 16.258673 3.478072 39.605443
16702084245.477297 10.032545 0.433525 0.185836 9.039031 3.481935 44.451837
26396339503.589146 8.847467 0.987909 0.111062 4.518314 3.761919 50.390357
34545022516.979027 7.874673 0.888701 0.610077 15.537509 3.854206 53.831057
116141248435.893768 14.101278 0.882591 6.366729 2.925831 3.615373 92.051401
32925595342.701160 9.787907 0.404817 2.881464 17.168539 3.753188 55.433111
24034617417.365395 13.094308 0.433431 5.689569 3.552692 3.696880 53.440999
28645606496.425255 7.805302 0.387500 0.685127 18.729703 4.946847 50.486087
51390151158.674179 24.187602 0.970755 8.684786 3.140373 4.515070 81.443934
4905938424.878399 46.496515 0.876691 2.659825 7.287047 3.130451 45.764623
47099358385.656792 9.713741 0.498769 2.412207 4.082735 4.176204 62.354853
14998628824.263321 17.590315 0.485056 2.574344 4.121443 4.439836 49.330691
24017644421.218494 13.437719 0.576244 2.882585 5.919028 3.095087 53.775019
65791980659.563377 6.103461 0.964955 0.013759 7.894777 4.030739 63.721434
184250011337.206726 3.903759 0.730075 0.027916 4.151730 4.011392 84.604050
34574592824.580025 15.432435 0.632076 5.773192 5.457826 3.752015 62.917409
30826262336.083599 12.260392 0.606616 2.587385 3.146742 4.845083 57.132585
15233995359.679461 13.733264 0.742595 1.305473 12.790583 3.051640 46.457430
34033385648.704174 18.146395 0.950286 3.851291 2.894071 3.566610 65.380511
48147691400.700027 7.764024 0.134393 0.360304 17.824154 4.785822 59.964667
270187564134.300751 3.549558 0.161229 0.012648 7.262993 3.934617 95.269196
16229711155.823687 38.392918 0.705185 9.225767 15.730339 3.659153 64.027644
276058336447.716187 5.870469 0.284069 2.750720 2.177941 4.616347 102.129594
11897403210.830116 14.264241 0.515611 2.810906 6.178753 3.803169 43.197804
10170406222.025711 19.176745 0.803298 1.968255 3.438935 4.779037 44.387535
8505379767.910096 22.162380 0.915163 1.799332 3.102354 3.686450 43.582758
69079046094.465607 21.709295 0.798360 7.298043 3.780973 4.490235 87.082751
60441492576.065742 12.113748 0.860051 2.871228 6.506436 4.728754 71.300205
18059293390.483723 15.649205 0.766882 2.384063 10.834406 3.263889 50.856714
56896658978.650558 9.341073 0.412957 3.897518 2.393648 4.474562 65.846825
15356002421.330593 26.290275 0.693549 5.163641 6.000364 3.822008 55.824593
188423676506.301117 7.213839 0.543743 7.345262 8.479480 4.500635 93.184445
147666522962.536621 5.633054 0.561913 0.491396 3.272561 4.363118 82.369101
121152680337.615402 5.497270 0.387180 1.110855 5.026017 3.845391 76.824205
53431302447.300278 5.665654 0.323780 0.012738 7.904060 3.942724 58.747537
7356429866.633921 19.763358 0.900181 1.549988 12.947223 4.305802 40.183786
8509626574.616520 19.020793 0.751383 2.093474 16.236212 3.061839 41.731067
42589319392.035904 26.908447 0.638910 9.229750 1.485026 3.615127 78.986906
155792686060.845337 5.569362 0.155930 0.040101 2.931945 3.611796 83.706964
26055527520.619534 18.040978 0.963675 3.641805 9.530029 4.276330 59.714843
13679334797.521584 20.099893 0.958450 2.390808 6.300567 3.984105 49.650680
136992537407.111816 5.828047 0.817190 0.962896 6.969044 4.336934 80.763546
80411911441.218414 8.995914 0.480536 1.636756 1.926124 3.184877 73.303710
44103551012.239990 7.801474 0.032134 0.016169 6.223565 4.776718 58.291064
201506672160.511902 13.692651 0.804810 7.135722 1.935933 4.732671 109.788106
51756228603.051857 5.859690 0.065177 0.111183 14.138524 4.376881 58.435686
68254272087.199631 6.445254 0.234299 0.126480 12.677604 4.492860 65.101135
188029060806.134338 7.686893 0.898888 3.070934 3.022885 3.169165 94.247711
24295071559.505264 11.602711 0.675726 2.097178 5.018573 4.981105 52.080018
64696616319.034256 7.241915 0.133663 0.764025 5.443222 4.418341 65.298921
27392802626.442451 14.035033 0.632402 3.138819 6.608478 3.401757 56.805742
7241180398.754994 17.847984 0.911579 1.183372 9.915426 3.756347 38.853849
22516914215.596920 9.669680 0.436024 0.360126 14.243836 3.207257 48.708207
70654838282.854935 8.231059 0.709229 1.384844 5.779970 3.701347 68.934930
24883563671.719936 28.894208 0.991889 6.790956 5.187561 4.262437 67.485569
114025853304.773392 18.419988 0.848614 7.797599 2.682186 3.828913 98.237650
9394180877.497679 20.801284 0.925380 1.505226 12.215145 3.647884 44.235026
49268935587.913704 12.898044 0.562266 8.787978 9.757005 3.245991 67.633289
46973001410.926392 15.744092 0.683336 6.495055 3.906392 4.254985 70.052683
8846615053.916567 24.952660 0.613533 2.960367 14.994335 4.763746 45.727978
90394886738.118591 6.716897 0.051034 0.207884 4.037296 4.734853 72.009171
162101056821.385010 4.822153 0.715434 0.194478 5.633061 3.293159 83.095892
60941113964.469009 6.230694 0.336029 1.828597 10.856981 3.954749 62.328549
59357455788.043396 7.320262 0.911204 0.013808 15.090504 3.486506 63.578588
10035236583.439947 19.775323 0.797809 3.439911 4.800416 4.007668 44.573689
184578994981.355957 5.242346 0.930568 1.359942 8.120404 3.726213 87.781560
50189290395.937752 6.540151 0.283570 2.086522 8.266649 4.338298 58.908651
8699889512.843077 17.556330 0.559516 1.079851 2.491195 3.956987 41.118912
53803329361.378784 6.792788 0.691123 0.651815 5.744566 4.699559 60.693697
102325504885.094940 4.676970 0.753662 0.011057 4.769974 3.642137 70.998388
138040989900.323822 5.094031 0.141765 4.834206 7.129867 4.012906 79.354373
29036365408.572323 10.685061 0.204321 4.641346 10.260096 4.881872 54.216545
119783005371.606842 12.342513 0.666689 9.352398 10.886065 4.756504 89.966206
13940088388.149252 11.021970 0.933502 0.266720 3.808725 3.811260 42.757991
36664486678.137352 7.891698 0.215817 0.054405 12.073124 3.118340 54.933480
69099678372.982498 6.292333 0.664473 0.815674 10.103552 3.169419 65.102017
153406075747.249023 6.796506 0.257417 1.442960 2.238359 4.784091 86.072379
17273245910.781239 35.153024 0.686241 7.635491 10.566329 3.584792 63.543731
13307011852.627611 13.931963 0.711588 1.824681 12.751685 4.378000 44.571679
38271055148.460136 8.128271 0.540657 0.190383 13.523406 3.444171 56.051531
28442536044.903656 28.878061 0.921981 7.160078 2.844048 3.110350 70.548550
52463930431.506798 9.919853 0.859002 2.459324 2.872031 3.401132 64.937618
52130726770.807594 23.728197 0.926072 5.543998 1.933500 4.115963 81.370297
69820865786.739319 5.486094 0.242867 0.623669 9.195768 3.136755 63.911974
8329431957.060556 32.406201 0.970151 3.153691 2.848490 4.990151 48.560861
23021312124.611401 10.956828 0.930974 1.020056 12.310932 4.494490 50.470959
230838213610.147247 4.830229 0.493385 0.278001 9.291108 3.940166 93.508249
174056860742.063080 5.164040 0.183168 0.259080 5.982701 3.239744 85.895329
32624613741.932281 13.235672 0.958149 2.168219 6.036185 3.586866 59.329717
58744687778.052002 11.215745 0.788653 2.318455 2.077480 4.702794 69.345192
36764402292.674927 8.022434 0.604523 1.309204 14.066934 4.038965 55.161972
193401665167.723877 10.848698 0.627875 5.030231 1.687073 4.083409 102.365995
9634827771.560423 24.759897 0.611351 3.033030 15.116290 4.737160 46.938891
289921768729.855225 11.673706 0.799113 4.844620 1.741576 4.203797 119.184961
57861570458.880699 13.010887 0.472910 4.338595 1.715116 3.871244 71.510475
32298836435.398510 13.628512 0.651955 3.405617 7.370610 4.900525 59.567095
69057696228.099472 7.755370 0.991532 1.422743 9.826069 3.952810 67.610387
9571110798.289936 30.832529 0.675259 6.737107 4.218651 3.182217 50.076113
26229553793.263435 27.239202 0.745620 7.583254 5.573734 3.096043 67.452369
24248670104.433281 11.053524 0.478187 3.410053 11.179141 3.550058 51.457261
12695962616.201666 39.659848 0.860163 6.833132 12.040908 4.488985 59.621103
17905512387.424438 17.637620 0.462932 6.324576 7.387376 4.385031 52.369858
12247652676.581903 26.907433 0.562037 6.496827 6.309179 3.669337 52.135578
12741332705.404236 16.153647 0.662202 1.864354 8.835571 3.874974 45.657237
12681330743.782864 28.264964 0.751880 4.938766 18.301074 3.880742 53.541542
13996088350.351652 36.870882 0.751045 5.877637 1.933399 3.785209 60.153283
8522387302.907777 38.958007 0.919312 5.350123 9.717614 3.659755 51.901069
55010342499.543549 6.616838 0.372393 1.280477 17.095458 4.264000 60.861129
9162518551.380526 24.037674 0.603738 4.358562 12.775338 4.101970 45.754825
49711988170.589874 5.741561 0.454334 0.019300 8.541625 3.858068 57.470601
311791857653.429810 10.074704 0.653873 3.297383 1.409473 4.094731 118.030396
6599365690.713530 20.897767 0.241524 3.482196 15.552234 3.396990 39.375191
72081801723.129486 9.413507 0.526224 4.419833 7.503864 4.589123 71.368187
22437975380.837719 10.066654 0.245984 0.050575 5.115146 3.876347 49.085817
7418554389.596193 21.860178 0.674954 2.090553 14.366507 4.133755 41.475681
94353925419.112427 5.871850 0.469411 1.030725 5.211505 3.118631 71.409222
34725175962.423569 7.667259 0.282637 3.130992 14.861928 3.458289 53.645010
8849589827.388775 45.818948 0.922018 4.941595 3.995817 4.589955 55.437666
24312896109.779514 14.679616 0.901848 2.450034 3.380707 3.563361 55.224600
10062175983.446394 17.312565 0.508995 2.164669 5.036210 3.534967 42.997624
101619749438.754700 14.597158 0.895538 3.284038 1.525945 4.507381 88.827506
99976699017.674911 9.751876 0.439182 5.487447 2.422153 3.736968 80.205703
133424522343.421158 9.186555 0.758161 4.679215 3.769035 4.077121 87.169566
7981302507.733994 36.775122 0.659936 5.422555 14.667582 4.975898 49.840792
52233033074.953995 8.147119 0.452087 2.893736 3.007332 4.511032 62.203324
79751889523.101562 8.200375 0.239595 4.308334 3.505469 4.115872 71.720978
7502493815.692442 20.379865 0.434824 1.884661 3.281345 3.574627 40.801754
67566698363.472488 5.768372 0.489586 0.071099 9.573954 3.584128 63.707037
10509169190.710369 43.150152 0.951292 6.083049 15.363014 4.387986 57.550080
16020118468.925404 16.741669 0.267968 7.012016 5.271819 4.623017 49.753507
39882215417.708771 26.699160 0.835404 8.982065 5.880199 4.594732 77.093864
38053538049.789261 8.352553 0.696421 0.882913 7.825493 3.149864 56.252696
16219714965.040560 44.790672 0.931569 5.638562 4.221389 4.575203 67.334003
9569468468.028757 42.757180 0.924874 3.839892 11.112237 3.612057 55.612866
21192889015.353653 11.216619 0.828901 0.020235 5.602461 4.945810 49.366400
220168996694.415466 5.293288 0.260023 4.087347 2.399741 3.523455 93.225997
9285835944.482237 21.067566 0.627801 2.729392 13.667331 3.408489 44.225208
27753711784.388512 8.711461 0.097531 0.017944 2.793254 4.234031 51.074442
188991039663.201569 4.930669 0.412454 0.152373 8.162830 3.826604 87.719159
48138828513.077827 16.529602 0.832541 6.584927 4.217045 4.580575 71.550159
28563061688.692238 9.579150 0.795985 1.934488 4.319927 4.242896 52.618897
5497391749.806914 36.912549 0.906864 2.315324 9.446836 3.152203 44.069072
39490341915.736633 15.954110 0.801451 6.123216 4.842821 3.381400 66.348551
119889659770.320236 5.804479 0.403940 0.032183 2.589492 3.332062 77.202508
274538798895.617340 5.050077 0.163198 3.644148 2.576561 4.199944 99.672842
21234592520.153221 20.414217 0.582066 4.807984 5.138061 3.374022 57.743061
61195746957.938698 8.095814 0.143019 3.941047 12.278788 4.409311 65.492389
209481436455.870453 3.858138 0.428459 0.312751 3.728021 4.247273 88.198281
8626223454.473320 24.661878 0.949472 1.923839 11.609947 3.285301 45.186824
34631504458.832893 14.815458 0.728964 3.104948 18.625853 3.699245 62.284583
28115377336.025654 20.301686 0.673744 7.843469 9.024039 3.668724 63.306760
30193508377.549328 17.672002 0.758809 4.746026 10.601449 3.356621 62.367054
28773096886.740696 14.411645 0.496869 2.457493 2.196824 4.995309 58.136975
20970262596.458321 10.356548 0.101499 0.034926 3.617775 4.554463 48.298312
12747715841.835503 19.826139 0.968949 2.418746 6.183873 3.971055 48.309034
13684379048.710386 14.578297 0.711244 1.607998 17.769802 3.082235 45.514681
17480478835.014935 9.756581 0.586813 0.436068 3.848667 3.316662 44.854169
63581113647.203392 5.523717 0.318975 0.055090 6.393835 4.580592 62.012367
17544588073.059811 21.528723 0.967376 2.772674 7.697807 3.572498 55.015287
30230693771.925385 12.552379 0.737882 2.198959 6.903117 3.210880 57.088684
30152401728.965439 7.841611 0.442884 0.010792 10.453686 3.781356 51.402823
74270729726.338120 9.822359 0.986477 1.551321 2.009068 3.336461 72.755684
109122960421.916412 5.849528 0.376817 0.835161 16.273632 3.069369 74.910469
104160386953.654770 11.622911 0.737470 2.611250 1.610313 3.841407 84.640571
18896743645.465355 12.538770 0.832882 1.738033 3.877772 3.575431 48.799389
85297350943.669937 13.929431 0.652414 6.945417 2.599903 3.925582 82.792425
6226858869.788393 33.773200 0.645639 2.491098 6.111147 3.478952 44.651747
21016086761.532547 15.225270 0.332387 7.408780 3.824652 3.321075 53.108318
167497491823.353668 7.396784 0.410947 1.931976 1.534095 3.332519 90.019918
