0.010000 244769582.521196 82226068.348852 1258143691.799719 41748388.907345 2779297588.678785 32211531.787654 4172079169.332941
0.012068 230288447.715822 80453838.372222 1123693178.189145 41253163.605164 2379803874.251221 31926002.917088 3638662030.486065
0.014563 214086751.318434 77869439.298734 998593073.544438 40790238.465101 2040312237.676811 31637340.720992 3168133320.536335
0.017575 199823893.940319 75605239.175202 877222326.643578 40665093.936203 1734647341.839125 31344523.265136 2752188911.821988
0.021210 185576252.001183 73052274.769596 772406951.747791 40245225.493862 1470886005.676195 31046339.688736 2373671248.993837
0.025595 171726349.076128 70898892.377920 675368261.920140 39723094.398806 1219968939.123263 30741356.908271 1962967488.721199
0.030888 160686508.954333 68929484.987505 596199419.965623 39341451.710551 1006190837.697338 30427881.465471 1622104422.455593
0.037276 149729950.418923 66482164.008423 523309203.431547 39182689.582780 840303249.565089 30103916.276779 1339219648.077413
0.044984 140832626.101072 64570246.972136 456818507.580518 38566344.700120 698400277.676455 29767112.277513 1104468681.010687
0.054287 131883875.849257 62278015.600687 391160611.422212 38299265.948470 588642617.377198 29414715.348280 909682208.160954
0.065513 124772604.497361 60016287.100220 335557936.404725 37853598.462762 493835525.539370 29043509.510285 748081615.058251
0.079060 115710851.820087 57825535.309476 288357974.684457 37379525.553475 414557763.412146 28649758.271959 614042870.811331
0.095410 106667870.898075 55554055.343352 244740982.569962 36316385.444272 344642381.289657 28229147.284644 502900534.490613
0.115140 99052128.921441 53336811.182366 207476517.568103 35352403.761932 285324026.544546 27776733.226643 410785038.233234
0.138950 91010978.547557 50791319.017101 175520698.526416 34358444.993848 235733089.847951 27286906.176020 334487555.548994
0.167683 83109801.146289 48443803.869268 149217290.082416 33414364.063594 194418771.496876 26753375.713264 271347719.012947
0.202359 75527790.546508 46123873.267628 127244944.202671 32545383.981963 162107235.869142 26169194.583876 219160244.594060
0.244205 68376610.721647 43898157.922326 106439911.549957 31683000.357922 134209117.143513 25694920.349625 176097180.382448
0.294705 62257753.643813 41434242.134895 89567669.219091 30620319.150313 110896839.701345 25339125.883734 140643051.926449
0.355648 55750317.354757 38874922.882087 75733108.664710 29194515.474254 92529223.709088 24948611.797635 111540648.300229
0.429193 49351451.243833 36108583.845990 64477324.268756 27642234.512734 77193499.445127 24183692.015783 93190053.134816
0.517947 43522295.182076 33359378.506961 54131907.992960 26032472.660196 64036872.246795 22859215.916057 78127509.269431
0.625055 37416774.612822 30204135.732947 45249905.377361 24337395.514064 52994044.412330 21185967.321852 64793894.050367
0.754312 32145784.796303 26546546.852135 38396694.536765 22451015.783122 44530290.838936 19986878.784660 54514751.176999
0.910298 27146039.173887 23201156.776931 32140629.095523 20135591.266702 37311214.621610 17683339.593264 47751970.377793
1.098541 22756873.863379 19412877.966530 26783783.989051 17160245.723051 32357011.860201 15408828.577331 43567218.408590
1.325711 18859700.730955 15962805.519327 22289111.857086 13955332.585890 28142945.001772 12598596.836883 36475393.729464
1.599859 15298040.022538 12639181.162921 18550902.954414 11022578.694528 23509213.653796 9535966.336175 28413005.516469
1.930698 12053354.254167 9753000.686179 14870732.981940 8384398.581899 18411679.974446 7018187.324895 22524632.602268
2.329952 9119032.387966 7132599.016517 11675508.361616 5670943.006203 14731714.571429 4154367.207192 16812354.716461
2.811769 6657367.285797 4942614.771400 8877551.173786 3135219.844451 11794072.371137 1925045.018042 13575598.627624
3.393222 4780393.771451 3076169.049852 6588029.595443 1555228.064168 9079729.063698 825071.114968 11391955.822139
4.094915 3179696.195272 1793150.780171 4763137.159123 743093.133332 6788401.765279 353624.117033 8717089.742404
4.941713 2068113.314859 938640.708865 3426916.852851 332522.547288 4820025.629097 151562.712449 6807914.602301
5.963623 1190515.709829 471119.157617 2286258.786924 153006.194709 3281594.805241 64959.528206 4675928.772742
7.196857 685052.233519 227504.307717 1493778.131500 63089.624153 2335936.725139 27841.546490 3342685.691523
8.685114 366630.371916 108999.362618 893191.109667 26324.010953 1509165.249671 11511.832969 2390402.940337
10.481131 195568.567818 52930.116704 510076.398067 11638.241887 995582.809907 4626.867586 1667896.788503
12.648552 99233.305194 24960.266834 275058.236724 4788.959229 601512.219888 1859.643353 1125887.198482
15.264180 48594.656592 11222.965336 143982.104732 2094.877937 389554.331277 747.432974 643840.243933
18.420700 24345.605657 5082.485569 72563.690113 929.037099 212088.266173 300.410318 431324.770914
22.229965 11500.584794 2247.257814 36288.531255 392.692482 99016.437866 120.741742 207373.009616
26.826958 5454.105454 998.828336 18096.405269 161.966204 48107.992400 48.528853 116766.986545
32.374575 2637.451578 452.290765 9006.672807 67.342156 24015.809381 19.504850 66263.804970
39.069399 1259.786090 200.014793 4605.626760 27.724562 12508.920394 7.690273 37603.880849
47.148664 617.503437 88.008698 2330.586927 11.283914 6561.369172 3.007194 21339.732235
56.898660 297.524942 37.846864 1192.186860 4.592560 3439.214180 1.175929 12001.478707
68.664885 144.068258 16.893596 616.935316 1.869175 1782.985602 0.459834 6606.526054
82.864277 69.317362 7.455277 318.102362 0.759468 920.721811 0.179813 3636.734070
100.000000 33.942928 3.134117 163.865017 0.308914 476.390438 0.073638 2001.934842
