0.010000 0.001381 0.000288 0.006179 0.000041 0.035168 0.000005 0.203913
0.012068 0.001666 0.000354 0.007418 0.000049 0.040670 0.000006 0.225087
0.014563 0.002047 0.000437 0.008822 0.000060 0.046935 0.000007 0.231546
0.017575 0.002502 0.000540 0.010346 0.000072 0.054036 0.000009 0.235180
0.021210 0.003039 0.000674 0.012225 0.000087 0.064060 0.000011 0.239565
0.025595 0.003642 0.000840 0.014448 0.000106 0.077545 0.000014 0.247216
0.030888 0.004379 0.001062 0.017060 0.000128 0.089379 0.000017 0.253581
0.037276 0.005344 0.001300 0.020215 0.000163 0.098687 0.000021 0.258818
0.044984 0.006439 0.001620 0.023772 0.000206 0.109380 0.000027 0.263089
0.054287 0.007748 0.001981 0.027974 0.000246 0.118230 0.000033 0.266545
0.065513 0.009481 0.002486 0.032978 0.000308 0.131720 0.000041 0.269326
0.079060 0.011623 0.003077 0.038295 0.000370 0.144182 0.000051 0.291815
0.095410 0.013833 0.003732 0.044150 0.000456 0.162980 0.000059 0.318387
0.115140 0.016259 0.004696 0.051357 0.000579 0.179733 0.000069 0.342642
0.138950 0.019772 0.005700 0.059947 0.000733 0.193956 0.000079 0.364212
0.167683 0.023810 0.006899 0.068850 0.000847 0.213945 0.000098 0.382953
0.202359 0.028457 0.008288 0.078352 0.001034 0.231233 0.000122 0.398911
0.244205 0.033874 0.010066 0.090895 0.001256 0.249905 0.000152 0.412266
0.294705 0.040603 0.012191 0.102694 0.001527 0.267162 0.000189 0.423282
0.355648 0.048220 0.014694 0.116595 0.001897 0.287235 0.000235 0.432262
0.429193 0.056449 0.017620 0.130669 0.002355 0.305076 0.000276 0.439807
0.517947 0.065478 0.020464 0.148918 0.002911 0.321486 0.000311 0.457889
0.625055 0.075136 0.023843 0.167773 0.003549 0.339371 0.000347 0.473199
0.754312 0.086119 0.028227 0.183753 0.003996 0.350857 0.000384 0.485985
0.910298 0.097665 0.032794 0.200678 0.004650 0.360117 0.000420 0.496543
1.098541 0.112098 0.036163 0.217386 0.005160 0.374826 0.000456 0.505179
1.325711 0.126113 0.040936 0.237796 0.005695 0.393632 0.000490 0.512189
1.599859 0.139403 0.044611 0.254492 0.006338 0.413929 0.000522 0.517843
1.930698 0.154046 0.048971 0.273618 0.006818 0.429687 0.000551 0.522381
2.329952 0.166582 0.054218 0.289165 0.007393 0.441717 0.000578 0.524370
2.811769 0.177321 0.058845 0.308296 0.007967 0.450077 0.000602 0.525411
3.393222 0.190597 0.062479 0.324937 0.008535 0.459484 0.000624 0.527219
4.094915 0.201518 0.065163 0.341940 0.009089 0.466091 0.000643 0.533016
4.941713 0.211268 0.069596 0.358904 0.009546 0.474453 0.000659 0.534457
5.963623 0.218759 0.073256 0.374742 0.009783 0.479879 0.000694 0.535598
7.196857 0.225161 0.075922 0.385296 0.009948 0.481977 0.000732 0.536498
8.685114 0.232588 0.079042 0.398704 0.010266 0.488176 0.000768 0.541021
10.481131 0.238246 0.080431 0.410579 0.010547 0.494223 0.000801 0.544618
12.648552 0.244115 0.081936 0.419420 0.010770 0.501591 0.000833 0.547469
15.264180 0.246974 0.082502 0.426606 0.010951 0.506327 0.000862 0.549723
18.420700 0.251020 0.083674 0.430814 0.011097 0.511863 0.000888 0.551501
22.229965 0.255054 0.084651 0.436249 0.011214 0.517205 0.000912 0.553020
26.826958 0.256624 0.085462 0.439619 0.011307 0.520861 0.000933 0.554577
32.374575 0.258763 0.085696 0.442729 0.011381 0.524141 0.000953 0.555376
39.069399 0.260996 0.085736 0.449149 0.011440 0.527411 0.000970 0.556498
47.148664 0.263843 0.085768 0.451657 0.011486 0.529976 0.000985 0.557401
56.898660 0.266053 0.085794 0.454140 0.011523 0.531203 0.000998 0.558126
68.664885 0.267236 0.085990 0.455288 0.011551 0.532996 0.001010 0.558649
82.864277 0.268294 0.086189 0.455907 0.011574 0.533346 0.001020 0.559030
100.000000 0.269025 0.086345 0.456498 0.011592 0.534037 0.001029 0.559330
