0.010000 0.000205 0.000096 0.000491 0.000052 0.000808 0.000042 0.000968
0.012068 0.000229 0.000105 0.000531 0.000064 0.000813 0.000054 0.000968
0.014563 0.000251 0.000111 0.000567 0.000075 0.000826 0.000064 0.000968
0.017575 0.000264 0.000117 0.000593 0.000084 0.000829 0.000072 0.000968
0.021210 0.000276 0.000122 0.000616 0.000090 0.000848 0.000080 0.000968
0.025595 0.000284 0.000126 0.000634 0.000095 0.000872 0.000086 0.000976
0.030888 0.000289 0.000128 0.000649 0.000099 0.000889 0.000091 0.000977
0.037276 0.000292 0.000130 0.000660 0.000101 0.000897 0.000094 0.000978
0.044984 0.000294 0.000131 0.000671 0.000102 0.000907 0.000096 0.000982
0.054287 0.000296 0.000132 0.000676 0.000102 0.000918 0.000098 0.000985
0.065513 0.000297 0.000132 0.000681 0.000102 0.000922 0.000099 0.000987
0.079060 0.000298 0.000133 0.000681 0.000103 0.000928 0.000099 0.000989
0.095410 0.000299 0.000133 0.000684 0.000103 0.000931 0.000100 0.000990
0.115140 0.000300 0.000133 0.000685 0.000103 0.000932 0.000100 0.000990
0.138950 0.000300 0.000133 0.000685 0.000103 0.000932 0.000100 0.000991
0.167683 0.000301 0.000133 0.000685 0.000103 0.000933 0.000100 0.000991
0.202359 0.000301 0.000133 0.000685 0.000103 0.000934 0.000100 0.000991
0.244205 0.000301 0.000134 0.000685 0.000103 0.000934 0.000100 0.000992
0.294705 0.000301 0.000134 0.000685 0.000103 0.000934 0.000100 0.000992
0.355648 0.000301 0.000134 0.000685 0.000103 0.000935 0.000100 0.000992
0.429193 0.000301 0.000134 0.000685 0.000103 0.000935 0.000100 0.000992
0.517947 0.000301 0.000134 0.000685 0.000103 0.000935 0.000100 0.000992
0.625055 0.000301 0.000134 0.000685 0.000103 0.000935 0.000100 0.000992
0.754312 0.000301 0.000134 0.000685 0.000103 0.000935 0.000100 0.000992
0.910298 0.000301 0.000134 0.000685 0.000103 0.000935 0.000100 0.000992
1.098541 0.000301 0.000134 0.000685 0.000103 0.000935 0.000100 0.000992
1.325711 0.000301 0.000134 0.000685 0.000103 0.000935 0.000100 0.000992
1.599859 0.000301 0.000134 0.000685 0.000103 0.000935 0.000100 0.000992
1.930698 0.000301 0.000134 0.000685 0.000103 0.000935 0.000100 0.000992
2.329952 0.000301 0.000134 0.000685 0.000103 0.000935 0.000100 0.000992
2.811769 0.000301 0.000134 0.000685 0.000103 0.000935 0.000100 0.000992
3.393222 0.000301 0.000134 0.000685 0.000103 0.000935 0.000100 0.000992
4.094915 0.000301 0.000134 0.000685 0.000103 0.000935 0.000100 0.000992
4.941713 0.000301 0.000134 0.000685 0.000103 0.000935 0.000100 0.000992
5.963623 0.000301 0.000134 0.000685 0.000103 0.000935 0.000100 0.000992
7.196857 0.000301 0.000134 0.000685 0.000103 0.000935 0.000100 0.000992
8.685114 0.000301 0.000134 0.000685 0.000103 0.000935 0.000100 0.000992
10.481131 0.000301 0.000134 0.000685 0.000103 0.000935 0.000100 0.000992
12.648552 0.000301 0.000134 0.000685 0.000103 0.000935 0.000100 0.000992
15.264180 0.000301 0.000134 0.000685 0.000103 0.000935 0.000100 0.000992
18.420700 0.000301 0.000134 0.000685 0.000103 0.000935 0.000100 0.000992
22.229965 0.000301 0.000134 0.000685 0.000103 0.000935 0.000100 0.000992
26.826958 0.000301 0.000134 0.000685 0.000103 0.000935 0.000100 0.000992
32.374575 0.000301 0.000134 0.000685 0.000103 0.000935 0.000100 0.000992
39.069399 0.000301 0.000134 0.000685 0.000103 0.000935 0.000100 0.000992
47.148664 0.000301 0.000134 0.000685 0.000103 0.000935 0.000100 0.000992
56.898660 0.000301 0.000134 0.000685 0.000103 0.000935 0.000100 0.000992
68.664885 0.000301 0.000134 0.000685 0.000103 0.000935 0.000100 0.000992
82.864277 0.000301 0.000134 0.000685 0.000103 0.000935 0.000100 0.000992
100.000000 0.000301 0.000134 0.000685 0.000103 0.000935 0.000100 0.000992
