0.01 1.3384221797237081 0.6516484771112463 3.931579703662172 0.41575583534714805 6.080307082901938 0.2520981608575939 6.571831168494161
0.012068 1.1862524041857483 0.568712938995399 3.4511710800504893 0.36330895613254466 5.26044168799294 0.21108044878990634 5.729322129022959
0.014563 1.0676794541645451 0.5074030240332766 3.0189409808854086 0.3204756828966709 4.592532590207066 0.171985305707567 5.001831351622278
0.017575 0.9592351651030384 0.45201950511316163 2.654922721166435 0.2773469802693116 3.9851172472810994 0.1503755122476566 4.350407773768491
0.02121 0.8696821414190742 0.4181804421641438 2.366131653914532 0.24789180226530352 3.499336632372938 0.14424722567658396 3.7736908939622005
0.025595 0.8023137811794134 0.3931850285319909 2.08553656703744 0.23461489028242874 3.07802262021845 0.11979072504038037 3.304044970313386
0.030888 0.7464992012362283 0.37905778876578666 1.8376375109593457 0.21778288247730807 2.681576088474386 0.12444668384567287 2.931889900762587
0.037276 0.6873185484829448 0.3655157306413315 1.6566990921771239 0.20758474224190782 2.3434054471401105 0.11249073161463327 2.57624168130043
0.044984 0.6560359713747929 0.35442617280292843 1.4754147496137258 0.20331806089424556 2.0754245189053644 0.10366094807139213 2.294179752913507
0.054287 0.6271691771077429 0.3448288209294487 1.328193294065048 0.19164653734390638 1.8424145635294396 0.1061828592418331 2.0288428547457564
0.065513 0.6024466570692353 0.3334362351549159 1.1883869552283233 0.18943017726106715 1.622219027475339 0.10013690809873345 1.7884455434000868
0.07906 0.5774948615134424 0.3272234808954036 1.064524675693747 0.19144195713963646 1.431456471786185 0.10464830042512599 1.5769221843742678
0.09541 0.548433383209699 0.32070805800072427 0.9608921020081844 0.186217177897237 1.2652041170304502 0.10410524222987026 1.3923261302465915
0.11514 0.5233057700981718 0.3103070958577304 0.8718887420715585 0.1859965619223915 1.1178200222218375 0.1038720803151776 1.235697608320086
0.13895 0.49682464786313874 0.30232194017176584 0.7829418741712905 0.18933010621134966 0.9985044832436466 0.1048356192530713 1.094203694136737
0.167683 0.4651915136354592 0.2951495973975146 0.7042265920516068 0.18909354932855924 0.8825395839503577 0.10905085783313405 0.9701433305056256
0.202359 0.4384423694909919 0.2860845159460059 0.6353504637518175 0.18547699570356596 0.7851181209272564 0.1108822110406669 0.8629569009086684
0.244205 0.41626894441126616 0.2771356459745377 0.5791930556056357 0.18310311844164115 0.6963839819241014 0.11127116374380894 0.7713938778261705
0.294705 0.3904512359570741 0.2712613424363399 0.5251241315433947 0.18204171680686582 0.625260120440498 0.11166089346772883 0.7050000630447205
0.355648 0.3658386705191307 0.2650300630353191 0.47628394709827687 0.18211779722578364 0.5626595568531353 0.11070935789431591 0.6423395004820109
0.429193 0.3442466662036311 0.2560627052315396 0.4340039268340946 0.17829464689430236 0.5111210672904121 0.10963847108610783 0.5807581485416369
0.517947 0.32354960239566755 0.2465656128852409 0.39836779481380036 0.17558563714802541 0.4614992802398778 0.10953143717947657 0.5192240607163121
0.625055 0.30303257106581755 0.23547646292702223 0.3631859653066432 0.1727486972341424 0.4219995622948544 0.10922396733009156 0.4721910904906127
0.754312 0.28199411257582196 0.2243340305516035 0.33672980753986737 0.16947884052256476 0.3844895842681268 0.11013954927446173 0.4216977418790903
0.910298 0.2634033965911651 0.2146319432288383 0.31167044301321295 0.16592599145702092 0.3513348501623236 0.10997457986638885 0.3883239858430814
1.098541 0.24461498641796736 0.20236882631084896 0.29053855063966744 0.1588399290112025 0.3312200716933009 0.11048804408589342 0.38878648583076447
1.325711 0.2283070221809028 0.19131550531457087 0.27231428737820157 0.15113033116549535 0.32490700465876693 0.10893750235261748 0.43108846934514905
1.599859 0.21294568160631044 0.17892463025683908 0.25500550713280334 0.14193324130460883 0.34025623751551676 0.10689568400387955 0.38818178623869903
1.930698 0.1988996968888957 0.16679969936114436 0.24063329181320656 0.13216702518681883 0.3267756525668645 0.10446131543260316 0.37980153090096197
2.329952 0.18586280224764512 0.15513875169107208 0.23114524235023973 0.12640174193534096 0.29168574983268886 0.10162722472660615 0.3470086098486835
2.811769 0.17176396727104906 0.1432043416843835 0.21533378131451728 0.11755882464792135 0.25829326457094887 0.09688422294955855 0.2798347849502785
3.393222 0.15777539298167195 0.13214379715086633 0.1900053199810447 0.10888302220727615 0.2231501290926053 0.0896334810756871 0.243223440146206
4.094915 0.1430535517849036 0.12189608920564612 0.16700577939448552 0.10090556730157624 0.1967919938100445 0.0834052228205501 0.21576824276850987
4.941713 0.1267599849190702 0.11223144647987886 0.14568824895507013 0.0935508177060565 0.16699395096588562 0.07767930153067297 0.18758079086014998
5.963623 0.11149690987116671 0.1003286955831924 0.12712851294920757 0.08616062338080747 0.14737323647779643 0.07176633264133213 0.16125934202313327
7.196857 0.09733899688632215 0.08792250006473934 0.10975711095164944 0.077717955284615 0.12481869739995465 0.06650553883116682 0.14030162376308486
8.685114 0.08445064514547321 0.07644871228231481 0.09381433191166129 0.06626518711023466 0.11026060812725252 0.05536096209084369 0.12346853836509457
10.481131 0.07282814865953176 0.06518647213222455 0.08188924660872599 0.054262305464237194 0.09464705155950237 0.04440842858515164 0.10698122519600799
12.648552 0.06275764958947905 0.054665833416500054 0.07111213075736372 0.044352630992357645 0.07904206928722855 0.03565756029885295 0.0898322792341727
15.26418 0.05341679070075456 0.045312957817765696 0.06124935343709087 0.03631457368213488 0.0699131713561 0.02865957319054552 0.07897206622972479
18.4207 0.045669450922911886 0.03735748979020111 0.05218159207088728 0.02960148389457222 0.06161362044166697 0.023050205932849312 0.06829343661997002
22.229965 0.038925291282019776 0.030976994042915106 0.04403320231535875 0.02415296542780123 0.050368675082438696 0.018535263184745476 0.05748388517884943
26.826958 0.03313548893341728 0.025655412694346316 0.03767631238065876 0.019700387662093578 0.04133819469129596 0.014912048472015618 0.044827526682377015
32.374575 0.028245810632186456 0.021275853204282075 0.03227815661826701 0.01605839376532556 0.03512680266686741 0.012002331233383873 0.03812950757828678
