0.001000 0.000000 0.000000 0.000000 0.000000 0.000000 0.000000 0.000000
0.001038 0.000000 0.000000 0.000000 0.000000 0.000000 0.000000 0.000000
0.001077 0.000000 0.000000 0.000000 0.000000 0.000000 0.000000 0.000000
0.001117 0.000000 0.000000 0.000000 0.000000 0.000000 0.000000 0.000000
0.001159 0.000000 0.000000 0.000000 0.000000 0.000000 0.000000 0.000000
0.001203 0.000000 0.000000 0.000000 0.000000 0.000000 0.000000 0.000000
0.001248 0.000000 0.000000 0.000000 0.000000 0.000000 0.000000 0.000000
0.001296 0.000000 0.000000 0.000000 0.000000 0.000000 0.000000 0.000000
0.001344 0.000000 0.000000 0.000000 0.000000 0.000000 0.000000 0.000000
0.001395 0.000000 0.000000 0.000000 0.000000 0.000000 0.000000 0.000000
0.001448 0.000000 0.000000 0.000000 0.000000 0.000000 0.000000 0.000000
0.001502 0.000000 0.000000 0.000000 0.000000 0.000000 0.000000 0.000000
0.001559 0.000000 0.000000 0.000000 0.000000 0.000000 0.000000 0.000000
0.001617 0.000000 0.000000 0.000000 0.000000 0.000000 0.000000 0.000000
0.001678 0.000000 0.000000 0.000000 0.000000 0.000000 0.000000 0.000000
0.001742 0.000000 0.000000 0.000000 0.000000 0.000000 0.000000 0.000000
0.001807 0.000000 0.000000 0.000000 0.000000 0.000000 0.000000 0.000000
0.001875 0.000000 0.000000 0.000000 0.000000 0.000000 0.000000 0.000000
0.001946 0.000000 0.000000 0.000000 0.000000 0.000000 0.000000 0.000000
0.002019 0.000000 0.000000 0.000000 0.000000 0.000000 0.000000 0.000000
0.002095 0.000000 0.000000 0.000000 0.000000 0.000000 0.000000 0.000000
0.002174 0.000000 0.000000 0.000000 0.000000 0.000000 0.000000 0.000000
0.002256 0.000000 0.000000 0.000000 0.000000 0.000000 0.000000 0.000000
0.002341 0.000000 0.000000 0.000000 0.000000 0.000000 0.000000 0.000000
0.002430 0.000000 0.000000 0.000000 0.000000 0.000000 0.000000 0.000000
0.002521 0.000000 0.000000 0.000000 0.000000 0.000000 0.000000 0.000000
0.002616 0.000000 0.000000 0.000000 0.000000 0.000000 0.000000 0.000000
0.002715 0.000000 0.000000 0.000000 0.000000 0.000000 0.000000 0.000000
0.002817 0.000000 0.000000 0.000000 0.000000 0.000000 0.000000 0.000000
0.002923 0.000000 0.000000 0.000000 0.000000 0.000000 0.000000 0.000000
0.003033 0.000000 0.000000 0.000000 0.000000 0.000000 0.000000 0.000000
0.003148 0.000000 0.000000 0.000000 0.000000 0.000000 0.000000 0.000000
0.003266 0.000000 0.000000 0.000000 0.000000 0.000000 0.000000 0.000000
0.003389 0.000000 0.000000 0.000000 0.000000 0.000000 0.000000 0.000000
0.003517 0.000000 0.000000 0.000000 0.000000 0.000000 0.000000 0.000000
0.003650 0.000000 0.000000 0.000000 0.000000 0.000000 0.000000 0.000000
0.003787 0.000000 0.000000 0.000000 0.000000 0.000000 0.000000 0.000000
0.003930 0.000000 0.000000 0.000000 0.000000 0.000000 0.000000 0.000000
0.004078 0.000000 0.000000 0.000000 0.000000 0.000000 0.000000 0.000000
0.004232 0.000000 0.000000 0.000000 0.000000 0.000000 0.000000 0.000000
0.004391 0.000000 0.000000 0.000000 0.000000 0.000000 0.000000 0.000000
0.004557 0.000000 0.000000 0.000000 0.000000 0.000001 0.000000 0.000001
0.004728 0.000000 0.000000 0.000001 0.000000 0.000001 0.000000 0.000001
0.004906 0.000001 0.000000 0.000001 0.000000 0.000001 0.000000 0.000001
0.005091 0.000001 0.000001 0.000001 0.000000 0.000001 0.000000 0.000001
0.005283 0.000001 0.000001 0.000001 0.000001 0.000001 0.000000 0.000001
0.005482 0.000001 0.000001 0.000001 0.000001 0.000001 0.000001 0.000001
0.005689 0.000001 0.000001 0.000001 0.000001 0.000001 0.000001 0.000001
0.005903 0.000001 0.000001 0.000001 0.000001 0.000001 0.000001 0.000001
0.006126 0.000001 0.000001 0.000001 0.000001 0.000001 0.000001 0.000001
0.006356 0.000001 0.000001 0.000001 0.000001 0.000001 0.000001 0.000001
0.006596 0.000001 0.000001 0.000001 0.000001 0.000002 0.000001 0.000002
0.006844 0.000001 0.000001 0.000002 0.000001 0.000002 0.000001 0.000002
0.007102 0.000002 0.000001 0.000002 0.000001 0.000002 0.000001 0.000002
0.007370 0.000002 0.000002 0.000002 0.000001 0.000002 0.000001 0.000002
0.007648 0.000002 0.000002 0.000002 0.000002 0.000002 0.000001 0.000003
0.007936 0.000002 0.000002 0.000002 0.000002 0.000003 0.000002 0.000003
0.008235 0.000002 0.000002 0.000003 0.000002 0.000003 0.000002 0.000003
0.008545 0.000003 0.000002 0.000003 0.000002 0.000003 0.000002 0.000004
0.008867 0.000003 0.000003 0.000003 0.000003 0.000004 0.000002 0.000004
0.009201 0.000003 0.000003 0.000004 0.000003 0.000004 0.000003 0.000004
0.009548 0.000004 0.000003 0.000004 0.000003 0.000005 0.000003 0.000005
0.009908 0.000004 0.000004 0.000005 0.000004 0.000005 0.000003 0.000006
0.010281 0.000005 0.000004 0.000005 0.000004 0.000006 0.000004 0.000006
0.010669 0.000005 0.000005 0.000006 0.000004 0.000006 0.000004 0.000007
0.011071 0.000006 0.000005 0.000007 0.000005 0.000007 0.000005 0.000008
0.011488 0.000007 0.000006 0.000007 0.000006 0.000008 0.000005 0.000009
0.011921 0.000008 0.000007 0.000008 0.000006 0.000009 0.000006 0.000010
0.012370 0.000008 0.000008 0.000009 0.000007 0.000010 0.000006 0.000011
0.012836 0.000009 0.000008 0.000010 0.000008 0.000011 0.000007 0.000012
0.013320 0.000010 0.000009 0.000011 0.000009 0.000012 0.000008 0.000013
0.013822 0.000012 0.000011 0.000013 0.000010 0.000014 0.000009 0.000015
0.014343 0.000013 0.000012 0.000014 0.000011 0.000016 0.000010 0.000017
0.014883 0.000015 0.000013 0.000016 0.000012 0.000017 0.000011 0.000019
0.015444 0.000016 0.000015 0.000018 0.000013 0.000019 0.000012 0.000021
0.016026 0.000018 0.000016 0.000020 0.000015 0.000022 0.000014 0.000023
0.016630 0.000020 0.000018 0.000022 0.000017 0.000024 0.000015 0.000026
0.017256 0.000023 0.000020 0.000025 0.000019 0.000027 0.000017 0.000029
0.017907 0.000025 0.000023 0.000028 0.000021 0.000030 0.000019 0.000033
0.018581 0.000028 0.000026 0.000031 0.000023 0.000034 0.000021 0.000036
0.019281 0.000032 0.000029 0.000035 0.000026 0.000038 0.000024 0.000041
0.020008 0.000036 0.000032 0.000039 0.000029 0.000042 0.000027 0.000045
0.020762 0.000040 0.000036 0.000043 0.000033 0.000047 0.000030 0.000051
0.021544 0.000044 0.000040 0.000048 0.000036 0.000053 0.000033 0.000057
0.022356 0.000050 0.000044 0.000054 0.000041 0.000059 0.000037 0.000063
0.023199 0.000055 0.000050 0.000060 0.000046 0.000066 0.000042 0.000071
0.024073 0.000062 0.000055 0.000068 0.000051 0.000074 0.000047 0.000079
0.024980 0.000069 0.000062 0.000075 0.000057 0.000082 0.000052 0.000088
0.025921 0.000077 0.000069 0.000084 0.000063 0.000092 0.000058 0.000099
0.026898 0.000086 0.000077 0.000094 0.000071 0.000103 0.000065 0.000110
0.027911 0.000096 0.000086 0.000105 0.000079 0.000115 0.000073 0.000123
0.028963 0.000108 0.000096 0.000118 0.000088 0.000128 0.000081 0.000137
0.030055 0.000120 0.000108 0.000131 0.000099 0.000143 0.000091 0.000153
0.031187 0.000134 0.000120 0.000147 0.000110 0.000160 0.000101 0.000171
0.032362 0.000150 0.000134 0.000164 0.000123 0.000179 0.000113 0.000191
0.033582 0.000167 0.000150 0.000183 0.000138 0.000199 0.000126 0.000214
0.034847 0.000187 0.000168 0.000204 0.000154 0.000223 0.000141 0.000239
0.036160 0.000209 0.000187 0.000228 0.000172 0.000249 0.000158 0.000267
0.037523 0.000233 0.000209 0.000255 0.000192 0.000278 0.000176 0.000298
0.038937 0.000260 0.000234 0.000285 0.000214 0.000310 0.000197 0.000333
0.040404 0.000291 0.000261 0.000318 0.000240 0.000346 0.000220 0.000372
0.041927 0.000325 0.000291 0.000355 0.000268 0.000387 0.000245 0.000415
0.043507 0.000363 0.000326 0.000396 0.000299 0.000432 0.000274 0.000463
0.045146 0.000405 0.000364 0.000443 0.000334 0.000482 0.000306 0.000518
0.046847 0.000452 0.000406 0.000494 0.000373 0.000539 0.000342 0.000578
0.048612 0.000505 0.000453 0.000552 0.000416 0.000601 0.000382 0.000645
0.050444 0.000564 0.000506 0.000616 0.000465 0.000671 0.000426 0.000720
0.052345 0.000630 0.000565 0.000688 0.000519 0.000750 0.000476 0.000804
0.054317 0.000703 0.000631 0.000768 0.000579 0.000837 0.000531 0.000898
0.056364 0.000785 0.000704 0.000857 0.000647 0.000934 0.000593 0.001002
0.058488 0.000876 0.000786 0.000957 0.000722 0.001042 0.000662 0.001118
0.060692 0.000978 0.000878 0.001068 0.000806 0.001163 0.000740 0.001248
0.062979 0.001091 0.000980 0.001192 0.000900 0.001298 0.000826 0.001393
0.065352 0.001218 0.001093 0.001330 0.001004 0.001449 0.000921 0.001554
0.067815 0.001359 0.001220 0.001485 0.001121 0.001616 0.001028 0.001734
0.070370 0.001517 0.001361 0.001656 0.001251 0.001803 0.001148 0.001934
0.073022 0.001692 0.001519 0.001848 0.001395 0.002011 0.001281 0.002158
0.075774 0.001888 0.001695 0.002061 0.001557 0.002243 0.001429 0.002406
0.078629 0.002105 0.001890 0.002299 0.001737 0.002501 0.001594 0.002683
0.081592 0.002348 0.002109 0.002563 0.001938 0.002789 0.001778 0.002992
0.084666 0.002618 0.002352 0.002858 0.002161 0.003110 0.001984 0.003335
0.087857 0.002919 0.002622 0.003186 0.002410 0.003466 0.002212 0.003718
0.091167 0.003253 0.002924 0.003551 0.002687 0.003863 0.002467 0.004143
0.094603 0.003626 0.003259 0.003958 0.002996 0.004304 0.002750 0.004616
0.098168 0.004040 0.003632 0.004410 0.003339 0.004795 0.003066 0.005142
0.101867 0.004501 0.004047 0.004912 0.003721 0.005341 0.003417 0.005727
0.105705 0.005014 0.004508 0.005471 0.004146 0.005947 0.003807 0.006376
0.109688 0.005583 0.005021 0.006091 0.004619 0.006621 0.004242 0.007098
0.113822 0.006216 0.005592 0.006779 0.005144 0.007369 0.004725 0.007898
0.118111 0.006918 0.006225 0.007543 0.005728 0.008199 0.005261 0.008787
0.122561 0.007698 0.006928 0.008390 0.006376 0.009119 0.005857 0.009772
0.127180 0.008563 0.007708 0.009329 0.007096 0.010139 0.006519 0.010864
0.131972 0.009521 0.008573 0.010370 0.007895 0.011270 0.007254 0.012073
0.136945 0.010582 0.009533 0.011526 0.008780 0.012521 0.008069 0.013412
0.142105 0.011757 0.010597 0.012802 0.009762 0.013905 0.008972 0.014893
0.147460 0.013057 0.011775 0.014211 0.010850 0.015435 0.009973 0.016531
0.153017 0.014497 0.013076 0.015769 0.012054 0.017125 0.011082 0.018339
0.158783 0.016090 0.014515 0.017489 0.013386 0.018991 0.012309 0.020335
0.164766 0.017847 0.016106 0.019393 0.014858 0.021049 0.013665 0.022536
0.170975 0.019784 0.017862 0.021491 0.016485 0.023316 0.015165 0.024961
0.177417 0.021921 0.019799 0.023803 0.018281 0.025812 0.016820 0.027629
0.184103 0.024276 0.021935 0.026344 0.020262 0.028557 0.018647 0.030563
0.191040 0.026867 0.024286 0.029130 0.022444 0.031572 0.020660 0.033784
0.198239 0.029707 0.026871 0.032198 0.024845 0.034879 0.022877 0.037318
0.205709 0.032820 0.029712 0.035566 0.027480 0.038504 0.025316 0.041188
0.213460 0.036251 0.032831 0.039255 0.030364 0.042470 0.027995 0.045423
0.221504 0.039984 0.036246 0.043281 0.033525 0.046803 0.030937 0.050049
0.229851 0.044077 0.039985 0.047689 0.037007 0.051532 0.034162 0.055094
0.238512 0.048517 0.044065 0.052497 0.040826 0.056684 0.037692 0.060589
0.247499 0.053388 0.048533 0.057708 0.044999 0.062286 0.041552 0.066563
0.256826 0.058695 0.053395 0.063365 0.049554 0.068369 0.045768 0.073046
0.266503 0.064471 0.058680 0.069496 0.054518 0.074962 0.050365 0.080070
0.276546 0.070705 0.064418 0.076145 0.059919 0.082093 0.055369 0.087663
0.286967 0.077432 0.070653 0.083343 0.065784 0.089839 0.060805 0.095855
0.297780 0.084737 0.077390 0.091121 0.072136 0.098189 0.066702 0.104675
0.309001 0.092602 0.084664 0.099472 0.078995 0.107173 0.073085 0.114150
0.320645 0.101013 0.092563 0.108468 0.086381 0.116814 0.079982 0.124304
0.332727 0.110087 0.101057 0.118092 0.094329 0.127085 0.087417 0.135159
0.345265 0.119767 0.110146 0.128356 0.102866 0.137969 0.095416 0.146735
0.358275 0.130143 0.119792 0.139281 0.112016 0.149545 0.104001 0.159047
0.371776 0.141168 0.130178 0.150954 0.121797 0.161825 0.113194 0.172106
0.385785 0.152919 0.141243 0.163339 0.132228 0.174815 0.123014 0.185919
0.400322 0.165424 0.152882 0.176439 0.143321 0.188518 0.133477 0.200441
0.415407 0.178607 0.165238 0.190307 0.155089 0.202991 0.144594 0.215698
0.431060 0.192590 0.178235 0.204972 0.167535 0.218097 0.156374 0.231685
0.447304 0.207145 0.191995 0.220249 0.180662 0.233974 0.168822 0.248385
0.464159 0.222257 0.206418 0.236223 0.194465 0.250545 0.181937 0.265774
0.481649 0.238090 0.221654 0.252857 0.209052 0.267817 0.195713 0.283821
0.499799 0.254671 0.237625 0.270133 0.224315 0.285855 0.210140 0.302490
0.518632 0.271832 0.254121 0.287783 0.240058 0.304501 0.225199 0.321738
0.538175 0.289589 0.271307 0.306095 0.256526 0.323514 0.240870 0.341516
0.558455 0.307896 0.288989 0.325186 0.273228 0.343116 0.257123 0.361769
0.579498 0.326779 0.307145 0.344535 0.290569 0.363115 0.273924 0.382439
0.601335 0.345887 0.325647 0.364263 0.308524 0.383631 0.291234 0.403462
0.623994 0.365568 0.344518 0.384519 0.327237 0.404476 0.309008 0.424770
0.647508 0.385333 0.363809 0.405021 0.346170 0.425584 0.327197 0.446296
0.671907 0.405674 0.383194 0.425755 0.365620 0.446885 0.345746 0.467968
0.697226 0.425905 0.403170 0.446500 0.385043 0.468308 0.364599 0.489714
0.723499 0.446473 0.422991 0.467462 0.404225 0.490101 0.383694 0.511462
0.750762 0.466844 0.443511 0.488682 0.423535 0.511923 0.402971 0.533141
0.779052 0.487493 0.463781 0.509846 0.443570 0.533039 0.422364 0.554684
0.808408 0.507924 0.483132 0.530668 0.463597 0.553986 0.441809 0.576022
0.838870 0.528198 0.503310 0.551434 0.483148 0.574810 0.460772 0.597095
0.870480 0.548258 0.522667 0.571831 0.502610 0.595591 0.479564 0.617843
0.903282 0.567950 0.541825 0.591908 0.521819 0.616297 0.498196 0.638211
0.937319 0.587769 0.560921 0.611658 0.540408 0.636629 0.516857 0.658150
0.972639 0.607006 0.579895 0.631198 0.559113 0.656709 0.535512 0.677616
1.009290 0.626011 0.598359 0.650208 0.577904 0.675976 0.553865 0.696569
1.047322 0.644389 0.616428 0.668783 0.595705 0.694705 0.571869 0.714976
1.086787 0.662280 0.634456 0.686911 0.613149 0.712813 0.589482 0.732810
1.127740 0.679900 0.651539 0.704442 0.629790 0.730436 0.606664 0.750046
1.170235 0.696630 0.668274 0.721576 0.646402 0.747637 0.622699 0.766667
1.214332 0.712881 0.684553 0.738005 0.662692 0.764109 0.637941 0.782661
1.260090 0.728599 0.699873 0.754383 0.678350 0.779932 0.652663 0.798019
1.307573 0.743999 0.714792 0.769322 0.692891 0.795971 0.666852 0.812738
1.356845 0.758711 0.728991 0.784188 0.706028 0.810181 0.680497 0.826817
1.407973 0.772416 0.742853 0.798407 0.720236 0.824062 0.693592 0.840628
1.461028 0.785542 0.755869 0.811764 0.732887 0.837457 0.706136 0.854441
1.516083 0.798087 0.768045 0.825052 0.745589 0.850311 0.718455 0.867612
1.573212 0.810435 0.779739 0.837264 0.756267 0.862614 0.730332 0.880150
1.632493 0.822211 0.791181 0.849263 0.767442 0.875158 0.741660 0.892068
1.694009 0.833191 0.801781 0.860402 0.778373 0.886374 0.752448 0.903379
1.757842 0.843718 0.812086 0.870993 0.788658 0.896799 0.762704 0.914099
1.824081 0.853755 0.821634 0.881255 0.798505 0.907377 0.772441 0.924247
1.892816 0.863022 0.830743 0.890773 0.807954 0.917428 0.781672 0.933840
1.964141 0.871573 0.839428 0.899707 0.816791 0.926498 0.790360 0.942899
2.038154 0.879910 0.847323 0.908372 0.825144 0.935155 0.798321 0.951569
2.114955 0.887776 0.855116 0.916574 0.832582 0.943352 0.805836 0.959497
2.194651 0.895302 0.862317 0.924289 0.839275 0.951212 0.812921 0.967078
2.277350 0.902394 0.868743 0.931418 0.845787 0.958610 0.819594 0.974208
2.363165 0.908919 0.874740 0.938354 0.851886 0.965567 0.825874 0.980909
2.452213 0.915160 0.880811 0.944550 0.857827 0.972105 0.831779 0.987201
2.544617 0.921106 0.886513 0.950703 0.862988 0.978243 0.837326 0.993406
2.640503 0.926427 0.891864 0.956267 0.867828 0.984104 0.842534 0.999394
2.740003 0.931524 0.896711 0.961292 0.872364 0.989670 0.847418 1.005009
2.843251 0.936193 0.901138 0.966129 0.876611 0.994514 0.851997 1.010271
2.950391 0.940555 0.905481 0.970875 0.880587 0.998905 0.856287 1.015200
3.061567 0.944812 0.909488 0.975318 0.884307 1.003487 0.860303 1.019813
3.176933 0.948609 0.913087 0.979476 0.887785 1.007788 0.864061 1.024128
3.296646 0.952125 0.916558 0.983145 0.891035 1.011667 0.867576 1.028164
3.420870 0.955523 0.919931 0.986666 0.894072 1.015332 0.870861 1.031935
3.549775 0.958731 0.922947 0.990005 0.896955 1.018927 0.873931 1.035459
3.683537 0.961756 0.925853 0.993070 0.899893 1.022088 0.876799 1.038749
3.822340 0.964459 0.928587 0.996009 0.902629 1.025038 0.879476 1.041820
3.966373 0.967010 0.931063 0.998638 0.905186 1.027791 0.881974 1.044734
4.115834 0.969332 0.933298 1.001264 0.907571 1.030359 0.884305 1.047456
4.270926 0.971655 0.935565 1.003576 0.909598 1.032753 0.886479 1.049994
4.431863 0.973776 0.937437 1.005586 0.911421 1.034985 0.888506 1.052361
4.598864 0.975856 0.939182 1.007477 0.913241 1.037066 0.890395 1.054567
4.772158 0.977701 0.940816 1.009341 0.915003 1.038875 0.892156 1.056622
4.951983 0.979384 0.942392 1.011028 0.916645 1.040568 0.893796 1.058538
5.138583 0.981076 0.943860 1.012569 0.918174 1.042250 0.895324 1.060322
5.332215 0.982566 0.945226 1.014182 0.919489 1.043817 0.896747 1.061983
5.533143 0.983925 0.946498 1.015601 0.920659 1.045275 0.898072 1.063530
5.741642 0.985190 0.947682 1.016967 0.921747 1.046640 0.899305 1.064970
5.957999 0.986438 0.948784 1.018260 0.922760 1.047986 0.900453 1.066310
6.182508 0.987463 0.949809 1.019463 0.923703 1.049239 0.901521 1.067557
6.415476 0.988482 0.950762 1.020582 0.924579 1.050404 0.902515 1.068717
6.657224 0.989409 0.951649 1.021507 0.925395 1.051422 0.903440 1.069797
6.908081 0.990250 0.952480 1.022509 0.926259 1.052368 0.904300 1.070801
7.168391 0.991032 0.953283 1.023359 0.927069 1.053243 0.905100 1.071735
7.438510 0.991815 0.954018 1.024148 0.927822 1.054051 0.905844 1.072604
7.718807 0.992448 0.954708 1.024882 0.928523 1.054803 0.906536 1.073412
8.009667 0.993140 0.955367 1.025566 0.929174 1.055501 0.907179 1.074163
8.311487 0.993783 0.956004 1.026211 0.929780 1.056151 0.907777 1.074861
8.624680 0.994412 0.956580 1.026790 0.930343 1.056755 0.908334 1.075511
8.949674 0.994936 0.957062 1.027338 0.930866 1.057316 0.908851 1.076114
9.286915 0.995452 0.957511 1.027848 0.931352 1.057837 0.909331 1.076675
9.636864 0.995927 0.957937 1.028322 0.931804 1.058322 0.909778 1.077197
10.000000 0.996366 0.958350 1.028762 0.932225 1.058773 0.910193 1.077681
