0.010000 -0.002593 -0.014741 0.012044 -0.019198 0.019070 -0.020079 0.024766
0.012068 -0.002543 -0.014505 0.012409 -0.019153 0.019118 -0.020095 0.026899
0.014563 -0.002165 -0.014227 0.012585 -0.019125 0.019290 -0.020201 0.030061
0.017575 -0.001898 -0.014043 0.012814 -0.019045 0.019950 -0.020551 0.033874
0.021210 -0.001567 -0.013740 0.013381 -0.019036 0.021121 -0.020996 0.038461
0.025595 -0.001247 -0.013540 0.014196 -0.019035 0.023041 -0.021562 0.043965
0.030888 -0.001005 -0.013337 0.014846 -0.018965 0.025210 -0.022279 0.050550
0.037276 -0.000430 -0.013120 0.015729 -0.018842 0.032073 -0.023187 0.061507
0.044984 0.000351 -0.012547 0.016602 -0.018664 0.038832 -0.024293 0.075850
0.054287 0.001591 -0.011827 0.017520 -0.018727 0.046842 -0.025769 0.092541
0.065513 0.002481 -0.011475 0.019032 -0.018694 0.057083 -0.027563 0.111823
0.079060 0.003902 -0.010815 0.022106 -0.018582 0.067640 -0.029789 0.133910
0.095410 0.005709 -0.009924 0.027028 -0.018299 0.081474 -0.032527 0.158962
0.115140 0.007704 -0.009034 0.033608 -0.018505 0.098185 -0.035859 0.187068
0.138950 0.010681 -0.008622 0.044849 -0.021189 0.119570 -0.040075 0.218210
0.167683 0.015086 -0.007919 0.060528 -0.026135 0.144697 -0.046254 0.252246
0.202359 0.020696 -0.006656 0.078217 -0.030737 0.173459 -0.055383 0.288892
0.244205 0.029071 -0.003692 0.100981 -0.038501 0.215740 -0.069307 0.327719
0.294705 0.042676 -0.001041 0.127062 -0.049178 0.255685 -0.082215 0.368158
0.355648 0.058553 0.000050 0.163085 -0.063442 0.308683 -0.100427 0.427433
0.429193 0.079803 0.000416 0.199037 -0.079065 0.360792 -0.118459 0.486757
0.517947 0.111261 0.003365 0.252647 -0.090284 0.426095 -0.137521 0.536522
0.625055 0.152403 0.005722 0.308110 -0.105307 0.473131 -0.153380 0.609906
0.754312 0.199250 0.007045 0.367179 -0.120213 0.536786 -0.167236 0.689526
0.910298 0.248150 0.008337 0.426092 -0.133364 0.602594 -0.180921 0.756680
1.098541 0.294775 0.009414 0.497892 -0.144482 0.648143 -0.192447 0.810229
1.325711 0.336587 0.009797 0.559704 -0.150495 0.701348 -0.201150 0.839350
1.599859 0.371614 0.010353 0.620520 -0.156380 0.754709 -0.205780 0.872029
1.930698 0.393660 0.010621 0.670109 -0.165778 0.811015 -0.210393 0.902696
2.329952 0.412637 0.010834 0.710635 -0.171789 0.851091 -0.213722 0.917908
2.811769 0.427832 0.011000 0.740482 -0.177037 0.886431 -0.216100 0.937045
3.393222 0.439292 0.011130 0.764271 -0.183020 0.913116 -0.217786 0.957675
4.094915 0.447796 0.011229 0.781961 -0.185484 0.925079 -0.218976 0.970414
4.941713 0.454030 0.011306 0.794973 -0.187448 0.937461 -0.219812 0.978173
5.963623 0.458101 0.011364 0.809609 -0.188320 0.943165 -0.220397 0.982858
7.196857 0.462584 0.011408 0.820798 -0.188932 0.951309 -0.220807 0.985674
8.685114 0.466536 0.011442 0.828766 -0.189360 0.956493 -0.221093 0.987360
10.481131 0.469505 0.011468 0.835668 -0.189659 0.960858 -0.221293 0.988369
12.648552 0.471188 0.011487 0.838137 -0.189868 0.963984 -0.221433 0.988971
15.264180 0.474706 0.011497 0.838407 -0.190013 0.965922 -0.221530 0.989331
18.420700 0.475979 0.011495 0.839283 -0.190114 0.967779 -0.221598 0.989545
22.229965 0.476001 0.011494 0.841666 -0.190184 0.969737 -0.221645 0.989673
26.826958 0.478324 0.011494 0.842613 -0.190233 0.970484 -0.221678 0.989749
32.374575 0.478360 0.011494 0.842927 -0.190267 0.971769 -0.221701 0.989807
39.069399 0.478382 0.011493 0.843145 -0.190550 0.972894 -0.221717 0.989843
47.148664 0.478394 0.011493 0.843296 -0.190855 0.973712 -0.221728 0.989865
56.898660 0.478402 0.011493 0.843401 -0.191092 0.975032 -0.221736 0.989878
68.664885 0.478406 0.011493 0.843474 -0.191275 0.976591 -0.221741 0.989886
82.864277 0.478409 0.011493 0.843604 -0.191417 0.976827 -0.221745 0.989891
100.000000 0.478411 0.011493 0.843616 -0.191527 0.977008 -0.221747 0.989894
