0.001000 0.004562 0.003753 0.005321 0.003477 0.005623 0.003424 0.005697
0.001038 0.005098 0.004194 0.005946 0.003885 0.006283 0.003826 0.006366
0.001077 0.005696 0.004686 0.006644 0.004341 0.007020 0.004275 0.007113
0.001117 0.006365 0.005236 0.007423 0.004850 0.007844 0.004777 0.007948
0.001159 0.007112 0.005850 0.008294 0.005419 0.008764 0.005337 0.008881
0.001203 0.007946 0.006537 0.009268 0.006056 0.009793 0.005964 0.009923
0.001248 0.008879 0.007304 0.010356 0.006766 0.010942 0.006664 0.011087
0.001296 0.009921 0.008161 0.011571 0.007560 0.012226 0.007446 0.012388
0.001344 0.011085 0.009119 0.012929 0.008448 0.013661 0.008320 0.013842
0.001395 0.012386 0.010190 0.014446 0.009439 0.015264 0.009296 0.015467
0.001448 0.013840 0.011385 0.016142 0.010547 0.017056 0.010387 0.017282
0.001502 0.015464 0.012722 0.018036 0.011784 0.019058 0.011606 0.019310
0.001559 0.017279 0.014214 0.020153 0.013167 0.021294 0.012968 0.021576
0.001617 0.019307 0.015883 0.022518 0.014713 0.023793 0.014490 0.024109
0.001678 0.021572 0.017747 0.025160 0.016439 0.026585 0.016190 0.026938
0.001742 0.024104 0.019829 0.028113 0.018369 0.029706 0.018090 0.030099
0.001807 0.026933 0.022156 0.031412 0.020524 0.033192 0.020213 0.033632
0.001875 0.030094 0.024757 0.035099 0.022933 0.037087 0.022586 0.037579
0.001946 0.033625 0.027662 0.039218 0.025624 0.041439 0.025236 0.041989
0.002019 0.037571 0.030908 0.043820 0.028632 0.046303 0.028198 0.046917
0.002095 0.041981 0.034536 0.048963 0.031992 0.051737 0.031507 0.052423
0.002174 0.046908 0.038589 0.054709 0.035746 0.057808 0.035205 0.058575
0.002256 0.052412 0.043118 0.061130 0.039941 0.064593 0.039336 0.065449
0.002341 0.058563 0.048178 0.068304 0.044629 0.072173 0.043952 0.073130
0.002430 0.065436 0.053832 0.076320 0.049866 0.080643 0.049111 0.081712
0.002521 0.073116 0.060149 0.085276 0.055718 0.090107 0.054874 0.091302
0.002616 0.081696 0.067208 0.095284 0.062257 0.100682 0.061314 0.102017
0.002715 0.091284 0.075096 0.106466 0.069564 0.112498 0.068510 0.113989
0.002817 0.101997 0.083909 0.118961 0.077727 0.125700 0.076550 0.127366
0.002923 0.113967 0.093756 0.132922 0.086849 0.140452 0.085533 0.142314
0.003033 0.127341 0.104759 0.148521 0.097041 0.156934 0.095571 0.159015
0.003148 0.142286 0.117053 0.165951 0.108430 0.175352 0.106787 0.177676
0.003266 0.158984 0.130789 0.185426 0.121155 0.195930 0.119319 0.198528
0.003389 0.177641 0.146138 0.207187 0.135373 0.218924 0.133322 0.221826
0.003517 0.198488 0.163288 0.231501 0.151259 0.244615 0.148968 0.247859
0.003650 0.221782 0.182451 0.258669 0.169010 0.273322 0.166450 0.276946
0.003787 0.247809 0.203862 0.289025 0.188845 0.305398 0.185983 0.309447
0.003930 0.276891 0.227787 0.322944 0.211006 0.341238 0.207809 0.345762
0.004078 0.309385 0.254518 0.360842 0.235769 0.381283 0.232196 0.386338
0.004232 0.345692 0.284387 0.403188 0.263437 0.426028 0.259446 0.431676
0.004391 0.386260 0.317760 0.450504 0.294352 0.476024 0.289892 0.482335
0.004557 0.431589 0.355050 0.503372 0.328895 0.531886 0.323912 0.538938
0.004728 0.482237 0.396716 0.562443 0.367491 0.594304 0.361924 0.602184
0.004906 0.538828 0.443272 0.628447 0.410617 0.664047 0.404396 0.672851
0.005091 0.602060 0.495290 0.702196 0.458803 0.741973 0.451852 0.751810
0.005283 0.672712 0.553412 0.784598 0.512644 0.829044 0.504877 0.840036
0.005482 0.751654 0.618355 0.876671 0.572803 0.926332 0.564124 0.938613
0.005689 0.839860 0.690918 0.979547 0.640020 1.035036 0.630323 1.048759
0.005903 0.938416 0.771996 1.094495 0.715126 1.156495 0.704291 1.171828
0.006126 1.048536 0.862588 1.222931 0.799044 1.292207 0.786937 1.309339
0.006356 1.171578 0.963809 1.366437 0.892808 1.443842 0.879281 1.462985
0.006596 1.309057 1.076908 1.526782 0.997575 1.613270 0.982461 1.634660
0.006844 1.462667 1.203277 1.705942 1.114635 1.802578 1.097747 1.826478
0.007102 1.634301 1.344473 1.906122 1.245430 2.014099 1.226560 2.040803
0.007370 1.826074 1.502236 2.129790 1.391571 2.250437 1.370487 2.280274
0.007648 2.040346 1.678510 2.379701 1.554859 2.514505 1.531301 2.547843
0.007936 2.279759 1.875464 2.658933 1.737305 2.809554 1.710983 2.846805
0.008235 2.547260 2.095527 2.970926 1.941156 3.139221 1.911745 3.180842
0.008545 2.846146 2.341408 3.319523 2.168923 3.507565 2.136062 3.554070
0.008867 3.180096 2.616135 3.709016 2.423412 3.919122 2.386695 3.971084
0.009201 3.553224 2.923092 4.144204 2.707757 4.378962 2.666731 4.437020
0.009548 3.970125 3.266060 4.630445 3.025459 4.892746 2.979620 4.957617
0.009908 4.435932 3.649260 5.173726 3.380430 5.466803 3.329213 5.539284
0.010281 4.956380 4.077412 5.780736 3.777041 6.108199 3.719815 6.189185
0.010669 5.537878 4.555787 6.458950 4.220175 6.824832 4.156235 6.915319
0.011071 6.187584 5.090273 7.216717 4.715288 7.625524 4.643846 7.726626
0.011488 6.913495 5.687450 8.063363 5.268473 8.520130 5.188650 8.633094
0.011921 7.724546 6.354669 9.009309 5.886539 9.519662 5.797352 9.645878
0.012370 8.630718 7.100140 10.066198 6.577093 10.636420 6.477443 10.777443
0.012836 9.643161 7.933036 11.247033 7.348633 11.884147 7.237293 12.041713
0.013320 10.774333 8.863605 12.566344 8.210649 13.278193 8.086249 13.454242
0.013822 12.038149 9.903294 14.040360 9.173748 14.835708 9.034755 15.032407
0.014343 13.450152 11.064891 15.687211 10.249774 16.575848 10.094478 16.795619
0.014883 15.027708 12.362682 17.527149 11.451960 18.520014 11.278450 18.765561
0.015444 16.790213 13.812623 19.582798 12.795088 20.692110 12.601229 20.966456
0.016026 18.759334 15.432539 21.879428 14.295670 23.118837 14.079074 23.425358
0.016630 20.959273 17.242339 24.445265 15.972147 25.830022 15.730151 26.172489
0.017256 23.417061 19.264261 27.311839 17.845120 28.858979 17.574747 29.241605
0.017907 26.162893 21.523145 30.514364 19.937599 32.242918 19.635522 32.670410
0.018581 29.230492 24.046734 34.092172 22.275282 36.023399 21.937787 36.501015
0.019281 32.657522 26.866011 38.089193 24.886872 40.246841 24.509808 40.780452
0.020008 36.486048 30.015584 42.554488 27.804425 44.965082 27.383157 45.561251
0.020762 40.763048 33.534097 47.542848 31.063740 50.236019 30.593090 50.902072
0.021544 45.540984 37.464711 53.115462 34.704797 56.124306 34.178981 56.868429
0.022356 50.878443 41.855620 59.340658 38.772241 62.702143 38.184798 63.533477
0.023199 56.840841 46.760642 66.294736 43.315925 70.050150 42.659640 70.978908
0.024073 63.501227 52.239870 74.062892 48.391514 78.258351 47.658329 79.295937
0.024980 70.941160 58.360400 82.740251 54.061162 87.427258 53.242076 88.586410
0.025921 79.251699 65.197141 92.433018 60.394261 97.669093 59.479221 98.964036
0.026898 88.534504 72.833726 103.259759 67.468281 109.109139 66.446062 110.555760
0.027911 98.903060 81.363514 115.352836 75.369705 121.887256 74.227771 123.503295
0.028963 110.484047 90.890720 128.859998 84.195070 136.159562 82.919422 137.964830
0.030055 123.418860 101.531664 143.946159 94.052127 152.100312 92.627134 154.116930
0.031187 137.865311 113.416169 160.795375 105.061137 169.903990 103.469344 172.156657
0.032362 153.999511 126.689118 179.613051 117.356307 189.787635 115.578229 192.303929
0.033582 172.017981 141.512178 200.628393 131.087396 211.993438 129.101277 214.804147
0.034847 192.139991 158.065735 224.097140 146.421502 236.791625 144.203054 239.931120
0.036160 214.610168 176.551033 250.304607 163.545043 264.483672 161.067154 267.990322
0.037523 239.701395 197.192563 279.569063 182.665972 295.405879 179.898381 299.322510
0.038937 267.718040 220.240714 312.245498 204.016234 329.933344 200.925163 334.307756
0.040404 298.999533 245.974723 348.729799 227.854496 368.484380 224.402248 373.369921
0.041927 333.924362 274.705956 389.463403 254.469184 411.525430 250.613694 416.981629
0.043507 372.914489 306.781542 434.938453 284.181857 459.576517 279.876188 465.669800
0.045146 416.440267 342.588425 485.703536 317.350953 513.217301 312.542735 520.021779
0.046847 465.025897 382.557842 542.370035 354.375942 573.093802 349.006754 580.692151
0.048612 519.255470 427.170301 605.619192 395.701933 639.925848 389.706611 648.410288
0.050444 579.779677 476.961097 676.209918 441.824789 714.515345 435.130655 723.988728
0.052345 647.323228 532.526423 754.987464 493.296782 797.755420 485.822790 808.332440
0.054317 722.693082 594.530128 842.892999 550.732859 890.640562 542.388646 902.449096
0.056364 806.787534 663.711204 940.974227 614.817571 994.277821 605.502404 1007.460427
0.058488 900.606269 740.892051 1050.397101 686.312734 1109.899199 675.914336 1124.614768
0.060692 1005.261459 826.987608 1172.458775 766.065887 1238.875330 754.459141 1255.300926
0.062979 1121.990013 923.015430 1308.601881 855.019624 1382.730567 842.065130 1401.063464
0.065352 1252.167069 1030.106785 1460.430273 954.221877 1543.159619 939.764359 1563.619560
0.067815 1397.320849 1149.518881 1629.726352 1064.837238 1722.045854 1048.703776 1744.877554
0.070370 1559.149002 1282.648303 1818.470122 1188.159411 1921.481438 1170.157481 1946.957349
0.073022 1739.536531 1431.045767 2028.860105 1325.624875 2143.789433 1305.540191 2172.212809
0.075774 1940.575467 1596.432302 2263.336284 1478.827874 2391.548040 1456.421995 2423.256316
0.078629 2164.586396 1780.716958 2524.605207 1649.536827 2667.617127 1624.544519 2702.985659
0.081592 2414.141986 1986.016164 2815.667436 1839.712251 2975.167228 1811.838574 3014.613404
0.084666 2692.092647 2214.674839 3139.847468 2051.526320 3317.711164 2020.443426 3361.698951
0.087857 3001.594469 2469.289366 3500.826319 2287.384151 3699.138471 2252.727749 3748.183401
0.091167 3346.139545 2752.732550 3902.676897 2549.946917 4123.752776 2511.312399 4178.427443
0.094603 3729.588838 3068.180646 4349.902326 2842.156889 4596.312292 2799.095066 4657.252377
0.098168 4156.207661 3419.142555 4847.477338 3167.264476 5122.073556 3119.276914 5189.984433
0.101867 4630.703907 3809.491267 5400.892852 3528.857357 5706.838532 3475.391262 5782.502500
0.105705 5158.269054 4243.497599 6016.203804 3930.891732 6357.005152 3871.334371 6441.289337
0.109688 5744.622018 4725.866272 6700.080294 4377.725737 7079.621358 4311.398346 7173.486331
0.113822 6396.055823 5261.774299 7459.862015 4874.155010 7882.442617 4800.306167 7986.951775
0.118111 7119.487047 5856.911665 8303.615925 5425.450375 8773.992858 5343.248797 8890.322612
0.122561 7922.507904 6517.524178 9240.196992 6037.397525 9763.628659 5945.924270 9893.079473
0.127180 8813.440784 7250.458326 10279.311804 6716.338591 10861.606459 6614.578628 11005.614782
0.131972 9801.394930 8063.207914 11431.584675 7469.215330 12079.152409 7356.048451 12239.303533
0.136945 10896.324869 8963.962124 12708.625790 8303.613652 13428.534380 8177.804715 13606.576250
0.142105 12109.090036 9961.654572 14123.100750 9227.809060 14923.135444 9087.997539 15120.993443
0.147460 13451.514919 11066.012779 15688.800717 10250.812477 16577.527994 10095.501323 16797.320713
0.153017 14936.448843 12287.607364 17420.712145 11382.415816 18407.547426 11209.959619 18651.603410
0.158783 16577.824352 13637.900061 19335.084870 12633.236460 20430.364084 12441.828945 20701.239529
0.164766 18390.712893 15129.289535 21449.497054 14014.759700 22664.551886 13802.420579 22965.049251
0.170975 20391.376295 16775.153730 23782.915230 15539.377967 25130.151764 15303.939192 25463.339220
0.177417 22597.312261 18589.887293 26355.747360 17220.425497 27848.727735 16959.516991 28217.959359
0.184103 25027.291832 20588.932393 29189.886523 19072.206880 30843.413063 18783.241837 31252.349643
0.191040 27701.386480 22788.801012 32308.742524 21110.017710 34138.943652 20790.177578 34591.573938
0.198239 30640.982227 25207.086558 35737.258357 23350.155342 37761.675448 22996.374644 38262.337628
0.205709 33868.777897 27862.462428 39501.908162 25809.917556 41739.582278 25418.868739 42292.985432
0.213460 37408.764354 30774.664928 43630.673018 28507.586745 46102.230273 28075.665254 46713.475480
0.221504 41286.181391 33964.457805 48152.990657 31462.397053 50880.724730 30985.706915 51555.325480
0.229851 45527.448745 37453.575502 53099.675006 34694.481810 56107.625099 34168.822010 56851.526571
0.238512 50160.067680 41264.642184 58502.801398 38224.798526 61816.823695 37645.650521 62636.420425
0.247499 55212.489570 45421.063639 64395.553304 42075.028754 68043.383739 41437.545500 68945.535152
0.256826 60713.948126 49946.889247 70812.026649 46267.450229 74823.332597 45566.447149 75815.375784
0.266503 66694.252195 54866.641531 77786.988156 50824.778971 82193.406430 50054.727317 83283.165547
0.276546 73183.536597 60205.111180 85355.584734 55769.979413 90190.743124 54925.002499 91386.534718
0.286967 80211.969180 65987.116050 93553.001814 61126.041154 98852.521265 60199.913976 100163.154818
0.297780 87809.413206 72237.223432 102414.069582 66915.721683 108215.544076 65901.874438 109650.317020
0.309001 96005.045400 78979.435825 111972.817502 73161.255310 118315.768694 72052.781317 119884.455201
0.320645 104826.931382 86236.841671 122261.979128 79884.029618 129187.782940 78673.698154 130900.615761
0.332727 114301.561866 94031.233800 133312.451169 87104.232024 140864.233735 85784.506502 142731.878472
0.345265 124453.354834 102382.699891 145152.712861 94840.470407 153375.213587 93403.532311 155408.734821
0.358275 135304.130870 111309.190849 157808.214037 103109.373282 166747.613989 101547.152155 168958.432842
0.371776 146872.570854 120826.074669 171300.742618 111925.176531 181004.457090 110229.386228 183404.299922
0.385785 159173.667230 130945.685027 185647.784629 121299.305243 196164.219449 119461.486514 198765.057592
0.400322 172218.181946 141676.875337 200861.891967 131239.960627 212240.163994 129251.529968 215054.144624
0.415407 186012.125737 153024.590385 216950.075086 141751.723204 229239.698301 139604.027707 232279.066810
0.431060 200556.274671 164989.468612 233913.239132 152835.184381 247163.778791 150519.562180 250440.793249
0.447304 215845.740561 177567.488705 251745.682902 164486.619083 266006.381304 161994.464750 269533.219912
0.464159 231869.611922 190749.674230 270434.680090 176697.712143 285754.058622 174020.546236 289542.721290
0.481649 248610.681485 204521.869469 289960.161477 189455.350655 306385.604660 186584.892403 310447.810139
0.499799 266045.274858 218864.598466 310294.515092 202741.493395 327871.843308 199669.735376 332218.923516
0.518632 284143.192661 233753.017420 331402.518727 216533.126735 350175.557114 213252.410207 354818.350525
0.538175 302867.775488 249156.968135 353241.415703 230802.314142 373251.567354 227305.403631 378200.313439
0.558455 322176.097395 265041.137186 375761.140537 245516.343626 397046.972470 241796.499283 402311.209309
0.579498 342019.289409 281365.322064 398904.696262 260637.974277 421501.546777 256689.020493 427090.013946
0.601335 362342.990099 298084.801834 422608.679932 276125.779619 446548.295725 271942.168442 452468.844555
0.623994 383087.915606 315150.806083 446803.947463 291934.582011 472114.158410 287511.449980 478373.671558
0.647508 404190.537135 332511.072263 471416.403813 308015.968931 498120.842509 303349.186090 504725.164595
0.671907 425583.849862 350110.478238 496367.899766 324318.878928 524485.771870 319405.088956 531439.652678
0.697226 447198.213798 367891.734027 521577.212654 340790.242403 551123.122784 335626.893045 558430.174208
0.723499 468962.244607 385796.114651 546961.085343 357375.660471 577944.921830 351961.023672 585607.589371
0.750762 490803.730776 403764.214640 572435.295939 374020.103889 604862.176176 368353.285350 612881.725425
0.779052 512650.552958 421736.704349 597915.730044 390668.613649 631786.006576 384749.551760 640162.524722
0.808408 534431.581844 439655.068597 623319.427968 407266.985209 658628.753901 401096.439621 667361.165906
0.838870 556077.532398 457462.309409 648565.581031 423762.419468 685305.031884 417341.949794 694391.130620
0.870480 577521.754648 475103.596572 673576.453892 440104.125390 711732.701691 433436.060784 721169.190991
0.903282 598700.944315 492526.852237 698278.213361 456243.861547 737833.747685 449331.262074 747616.297017
0.937319 619555.760112 509683.258747 722601.648380 472136.406533 763535.038193 464983.017415 773658.347408
0.972639 640031.338416 526527.682036 746482.770285 487739.951177 788768.959768 480350.151087 799226.832269
1.009290 660077.699918 543019.006166 769863.287097 503016.408428 813473.918354 495395.153102 824259.340898
1.047322 679650.046669 559120.377690 792690.949974 517931.639723 837594.705354 510084.402135 848699.932718
1.086787 698708.951411 574799.361410 814919.774027 532455.599270 861082.730963 524388.307620 872499.373697
1.127740 717220.444154 590028.011603 836510.139304 546562.400024 883896.130868 538281.374729 895615.244464
1.170235 735156.003496 604782.864873 857428.780658 560230.307066 905999.755543 551742.197852 918011.929465
1.214332 752492.462119 619044.862412 877648.677534 573441.665596 927365.053792 564753.389678 939660.498960
1.260090 769211.837305 632799.210572 897148.856287 586182.771770 947969.863874 577301.453992 960538.497373
1.307573 785301.098089 646035.189309 915914.118612 598443.695256 967798.126538 589376.610917 980629.652537
1.356845 800751.880970 658745.918312 933934.709974 610218.062597 986839.534683 600972.583560 999923.520691
1.407973 815560.165957 670928.090498 951205.941766 621502.810332 1005089.134108 612086.354877 1018415.081949
1.461028 829725.924170 682581.682109 967727.780306 632297.916453 1022546.889219 622717.903192 1036104.300247
1.516083 843252.747414 693709.647977 983504.414797 642606.118119 1039217.226528 632869.924194 1052995.660785
1.573212 856147.469119 704317.609684 998543.815217 652432.622787 1055108.567491 642547.546440 1069097.696673
1.632493 868419.784855 714413.543383 1012857.289728 661784.819029 1070232.860844 651758.046559 1084422.515072
1.694009 880081.879463 724007.473044 1026459.049779 670671.992380 1084605.123075 660510.569397 1098985.331564
1.757842 891148.066546 733111.173885 1039365.789643 679105.050613 1098242.994145 668815.857463 1112804.019989
1.824081 901634.444947 741737.889768 1051596.285761 687096.261953 1111166.314125 676685.993107 1125898.683467
1.892816 911558.575676 749902.067419 1063171.019925 694659.008879 1123396.725047 684134.156047 1138291.250970
1.964141 920939.181763 757619.109511 1074111.829224 701807.559395 1134957.301008 691174.398111 1150005.102523
2.038154 929795.872610 764905.147901 1084441.584538 708556.856972 1145872.208462 697821.436359 1161064.724991
2.114955 938148.893641 771776.837672 1094183.898555 714922.329763 1156166.397690 704090.465192 1171495.399456
2.194651 946018.901381 778251.172105 1103362.863438 720919.719203 1165865.325611 709996.987545 1181322.920357
2.277350 953426.763582 784345.318250 1112002.817712 726564.927698 1174994.709457 715556.664882 1190573.345899
2.363165 960393.383569 790076.472419 1120128.141388 731873.884757 1183580.310303 720785.185366 1199272.778708
2.452213 966939.547667 795461.734675 1127763.078020 736862.430733 1191647.745031 725698.149350 1207447.175307
2.544617 973085.794329 800518.001163 1134931.582059 741546.217084 1199222.325048 730310.971153 1215122.182693
2.640503 978852.303423 805261.873040 1141657.189736 745940.622006 1206328.919844 734638.795977 1222323.000090
2.740003 984258.804062 809709.580642 1147962.911554 750060.680196 1212991.843406 738696.430725 1229074.263848
2.843251 989324.499297 813876.921536 1153871.144457 753921.025461 1219234.761403 742498.287486 1235399.953409
2.950391 994068.006021 817779.211081 1159403.601741 757535.844922 1225080.617129 746058.338432 1241323.316260
3.061567 998507.308455 821431.244161 1164581.258802 760918.843570 1230551.574178 749390.080906 1246866.809849
3.176933 1002659.723659 824847.266816 1169424.312914 764083.217980 1235668.973944 752506.511541 1252052.058525
3.296646 1006541.877609 828040.956559 1173952.155320 767041.638083 1240453.306130 755420.108305 1256899.823654
3.420870 1010169.690440 831025.410236 1178183.354028 769806.235919 1244924.190572 758142.819424 1261429.985199
3.549775 1013558.369609 833813.138399 1182135.645833 772388.600427 1249100.368803 760686.058252 1265661.533180
3.683537 1016722.409791 836416.065230 1185825.936196 774799.777367 1252999.703935 763060.703192 1269612.567544
3.822340 1019675.598472 838845.533128 1189270.305768 777050.273579 1256639.187541 765277.101896 1273300.305148
3.966373 1022431.026270 841112.311213 1192484.022430 779150.064854 1260034.952386 767345.079009 1276741.092651
4.115834 1025001.101157 843226.607017 1195481.557873 781108.606763 1263202.289941 769273.946841 1279950.424268
4.270926 1027397.565805 845198.080756 1198276.607837 782934.847887 1266155.671774 771072.518390 1282942.963437
4.431863 1029631.517419 847035.861650 1200882.115238 784637.244919 1268908.773982 772749.122223 1285732.567577
4.598864 1031713.429462 848748.565788 1203310.295510 786223.779229 1271474.503967 774311.618783 1288332.315226
4.772158 1033653.174781 850344.315160 1205572.663573 787701.974484 1273865.028939 775767.417743 1290754.534910
4.951983 1035460.049695 851830.757469 1207680.061931 789078.915001 1276091.805600 777123.496088 1293010.835231
5.138583 1037142.798687 853215.086443 1209642.689468 790361.264571 1278165.610572 778386.416642 1295112.135692
5.332215 1038709.639374 854504.062382 1211470.130574 791555.285480 1280096.571175 779562.346812 1297068.697885
5.533143 1040168.287508 855704.032719 1213171.384301 792666.857565 1281894.196232 780657.077351 1298890.156707
5.741642 1041525.981780 856820.952431 1214754.893295 793701.497118 1283567.406642 781676.040969 1300585.551333
5.957999 1042789.508252 857860.404133 1216228.572292 794664.375500 1285124.565489 782624.330678 1302163.355729
6.182508 1043965.224276 858827.617762 1217599.836014 795560.337373 1286573.507517 783506.717737 1303631.508518
6.415476 1045059.081785 859727.489727 1218875.626330 796393.918443 1287921.567835 784327.669131 1304997.442058
6.657224 1046076.649857 860564.601484 1220062.438581 797169.362662 1289175.609725 785091.364512 1306268.110629
6.908081 1047023.136500 861343.237449 1221166.346982 797890.638827 1290342.051492 785801.712545 1307450.017634
7.168391 1047903.409605 862067.402235 1222193.029062 798561.456544 1291426.892280 786462.366631 1308549.241754
7.438510 1048722.017027 862740.837179 1223147.789086 799185.281535 1292435.736825 787076.739983 1309571.462038
7.718807 1049483.205786 863367.036130 1224035.580448 799765.350269 1293373.819118 787648.020034 1310521.981871
8.009667 1050190.940378 863949.260517 1224861.027027 800304.683915 1294246.024968 788179.182178 1311405.751839
8.311487 1050848.920189 864490.553677 1225628.443500 800806.101614 1295056.913468 788673.002844 1312227.391483
8.624680 1051460.596042 864993.754456 1226341.854637 801272.233087 1295810.737377 789132.071909 1312991.209947
8.949674 1052029.185860 865461.510114 1227005.013576 801705.530574 1296511.462440 789558.804459 1313701.225554
9.286915 1052557.689508 865896.288512 1227621.419122 802108.280139 1297162.785660 789955.451923 1314361.184326
9.636864 1053048.902792 866300.389650 1228194.332089 802482.612345 1297768.152566 790324.112582 1314974.577473
10.000000 1053505.430684 866675.956529 1228726.790712 802830.512328 1298330.773501 790666.741495 1315544.657904
