0.001000 551.270057 101.244779 6426.934050 41.672551 28674.857302 29.864570 51729.513828
0.001038 542.734739 100.545903 6255.151003 41.619577 27655.934369 29.844859 49856.909142
0.001077 536.394882 99.851819 6145.986891 41.573911 26705.921994 29.797347 48052.087718
0.001117 529.274722 99.162494 6033.045154 41.528270 25801.131602 29.749897 46312.590871
0.001159 522.745958 98.689689 5903.515249 41.482654 24926.988169 29.702509 44636.059300
0.001203 517.821318 98.397340 5796.935105 41.437062 24082.454308 29.655182 43020.210347
0.001248 512.942956 98.105725 5637.351456 41.391493 23266.526475 29.607917 41462.850956
0.001296 506.982568 97.750286 5519.257022 41.345945 22514.996694 29.560712 39970.501559
0.001344 500.128601 97.047287 5391.408417 41.300419 21791.463103 29.513567 38564.389907
0.001395 494.675387 96.647497 5245.315790 41.254912 21091.168433 29.466482 37207.720225
0.001448 489.564636 96.249270 5103.181092 41.209424 20413.366328 29.419455 35898.753192
0.001502 485.597490 95.852598 5001.189940 41.163955 19757.334375 29.372486 34635.811159
0.001559 481.119797 95.365355 4912.345740 41.118502 19122.373297 29.325575 33417.276068
0.001617 476.682417 94.788655 4851.950458 41.073064 18507.806322 29.278720 32241.584494
0.001678 472.284960 94.215377 4739.351004 41.027641 17912.978338 29.231922 31107.230440
0.001742 467.488211 93.645497 4655.144892 40.982232 17337.255427 29.185179 30012.759454
0.001807 461.636069 93.078995 4572.430068 40.879433 16780.023908 29.138491 28956.768620
0.001875 457.510795 92.515848 4474.544599 40.775888 16240.689871 29.091857 27937.904637
0.001946 451.081597 92.175229 4348.547090 40.762809 15718.678431 29.045277 26954.861342
0.002019 445.286061 91.942828 4226.095906 40.749725 15161.679366 28.998749 26006.378427
0.002095 438.945168 91.710810 4107.091289 40.736633 14716.171257 28.952274 25091.240452
0.002174 433.447364 91.057330 3991.644244 40.709982 14284.461761 28.905849 24208.274115
0.002256 428.017771 90.371394 3962.407925 40.664629 13877.779775 28.859475 23356.347732
0.002341 422.655527 89.690579 3937.971675 40.619278 13482.619437 28.813151 22534.369236
0.002430 417.359783 89.426032 3874.614935 40.573929 13098.652362 28.766875 21741.285001
0.002521 412.129700 89.249397 3809.429854 40.528579 12687.425871 28.720647 20976.078525
0.002616 406.908943 88.863144 3753.437870 40.483226 12255.106037 28.674467 20237.768978
0.002715 401.156418 88.782623 3687.501767 40.437870 11837.516100 28.628333 19525.409862
0.002817 395.462144 88.701924 3607.434650 40.392508 11434.154071 28.582244 18838.088157
0.002923 391.849539 88.561287 3512.904834 40.347139 11086.517642 28.536200 18174.922813
0.003033 386.736055 88.234099 3420.850610 40.301761 10769.975693 28.490200 17535.063870
0.003148 381.632008 87.613786 3368.670004 40.256372 10462.252305 28.444242 16917.691117
0.003266 377.189666 86.997744 3335.368742 40.210970 10163.092898 28.398326 16322.013261
0.003389 372.555432 86.385940 3277.781254 40.165553 9872.249959 28.352451 15747.266801
0.003517 367.880186 86.050348 3186.833183 40.120120 9589.482926 28.306616 15192.714992
0.003650 362.286807 85.759263 3104.338994 40.074668 9296.450266 28.260820 14657.647183
0.003787 357.203793 85.468867 3062.729719 40.029196 9037.457951 28.215062 14141.377451
0.003930 352.864439 85.179150 2997.080799 39.982844 8785.616081 28.169341 13643.244211
0.004078 349.750088 84.890101 2928.193352 39.851402 8508.487610 28.123656 13162.609012
0.004232 346.146513 84.601710 2853.429544 39.720316 8265.667257 28.078006 12698.855836
0.004391 342.576766 84.313965 2792.121060 39.589584 8049.816698 28.032390 12251.390394
0.004557 337.922160 84.071492 2776.677279 39.459201 7817.381131 27.986808 11819.639240
0.004728 333.330471 83.964432 2722.116009 39.329166 7591.321991 27.941257 11403.049085
0.004906 329.226523 83.634927 2648.347065 39.199474 7352.373263 27.895737 11001.086129
0.005091 326.548867 83.144709 2576.574070 39.171198 7097.941606 27.850247 10613.235342
0.005283 321.591244 82.884546 2506.743041 39.155088 6852.301485 27.804787 10238.999754
0.005482 316.108888 82.600441 2438.801458 39.138858 6617.935374 27.759354 9877.899937
0.005689 312.105697 82.316902 2382.376907 39.122506 6392.930116 27.713949 9529.473302
0.005903 308.176474 82.033916 2324.505641 39.106026 6165.145894 27.668569 9193.273542
0.006126 304.295613 81.751471 2266.657168 39.089416 5981.570931 27.623215 8885.839642
0.006356 300.462500 81.469554 2224.881463 39.072672 5833.077183 27.577885 8656.120532
0.006596 296.676529 81.188152 2179.070067 39.055789 5687.712050 27.532579 8432.230571
0.006844 292.937104 81.049590 2116.502803 39.038764 5542.317140 27.487295 8214.018762
0.007102 290.691888 80.847143 2055.732901 39.021593 5359.321019 27.442033 8001.337899
0.007370 288.485593 80.644405 2017.405642 39.004272 5182.346408 27.396792 7794.044474
0.007648 283.449334 80.264736 1977.585463 38.939845 5011.195319 27.351572 7591.998574
0.007936 280.366251 79.938202 1921.039441 38.853089 4845.676282 27.306371 7395.063789
0.008235 277.290720 79.509830 1866.111124 38.814641 4685.431140 27.261189 7203.107121
0.008545 273.606528 79.103294 1812.754334 38.758317 4523.766815 27.216026 7015.998893
0.008867 270.806160 78.583482 1755.040567 38.728677 4367.681818 27.170882 6833.612663
0.009201 266.973696 78.128076 1697.706318 38.594823 4216.983829 27.125755 6655.825137
0.009548 263.977033 77.797215 1661.670989 38.572920 4092.987184 27.080647 6482.516089
0.009908 261.125207 77.467429 1615.259430 38.550954 3956.017013 27.035556 6313.568280
0.010281 258.303774 77.138708 1572.044445 38.528928 3814.902717 26.990484 6145.017754
0.010669 254.647462 76.811045 1540.057887 38.506840 3678.825033 26.945429 5922.711209
0.011071 250.091128 76.519370 1508.669484 38.484693 3547.604516 26.900394 5708.414321
0.011488 247.488824 76.234508 1471.342949 38.462488 3462.378599 26.855378 5501.839049
0.011921 243.879906 75.950534 1431.548847 38.440225 3347.838756 26.810382 5302.707733
0.012370 240.384305 75.667447 1392.826646 38.417906 3239.032673 26.765407 5110.752718
0.012836 237.314604 75.188360 1353.800193 38.248920 3155.108805 26.720455 4925.715995
0.013320 234.552685 74.866907 1314.681514 38.068034 3071.659063 26.675527 4747.348855
0.013822 231.819983 74.546473 1276.689659 37.978204 2988.757871 26.630626 4575.411554
0.014343 228.808398 74.266611 1247.250898 37.956477 2906.483419 26.585753 4409.672990
0.014883 225.943043 73.908642 1211.661075 37.934461 2822.001392 26.540912 4249.910392
0.015444 223.792196 73.591243 1177.088564 37.912154 2723.942682 26.496105 4095.909024
0.016026 220.641738 73.274852 1149.464891 37.889552 2629.298497 26.451336 3947.461891
0.016630 217.144964 72.995095 1118.456468 37.866651 2537.950464 26.406608 3804.369466
0.017256 213.743432 72.788764 1092.405331 37.812562 2449.784334 26.361927 3666.439418
0.017907 210.273706 72.606202 1070.558351 37.703566 2364.689841 26.317298 3533.486355
0.018581 207.592986 72.333975 1048.886140 37.594629 2295.759442 26.272726 3405.331574
0.019281 204.945171 71.708096 1024.060255 37.485751 2248.857908 26.228218 3281.802822
0.020008 202.329886 71.397815 990.461033 37.376937 2170.774293 26.183780 3162.734063
0.020762 199.746766 71.088574 957.970279 37.268189 2094.357817 26.139422 3047.965256
0.021544 197.624572 70.644083 938.986299 37.159512 2020.639837 26.095151 2937.342137
0.022356 194.675606 70.268341 911.549138 37.050913 1965.053339 26.050979 2830.716018
0.023199 192.186881 69.767894 883.153085 36.942399 1911.988100 26.006914 2727.943578
0.024073 189.728951 69.541122 855.649864 36.877905 1854.715523 25.962970 2628.886679
0.024980 187.513707 69.111548 837.202692 36.828598 1790.330308 25.919160 2533.412174
0.025921 184.904215 68.685011 826.060142 36.779720 1726.701903 25.875499 2441.391731
0.026898 182.540997 68.257171 812.493023 36.731303 1673.191749 25.832001 2352.701660
0.027911 180.321798 67.841158 789.173092 36.683379 1616.533533 25.788685 2267.222746
0.028963 178.561979 67.423907 772.309616 36.549537 1564.911944 25.745570 2184.840088
0.030055 176.730080 67.009821 762.395750 36.413847 1509.885745 25.702677 2105.442949
0.031187 174.570586 66.588534 745.309025 36.279120 1457.269750 25.660029 2028.924598
0.032362 172.525381 66.067526 722.968600 36.145394 1405.635239 25.617651 1955.182177
0.033582 169.876341 65.551420 701.304506 36.015484 1360.615798 25.575570 1884.116553
0.034847 167.907472 65.329005 680.296911 35.918927 1321.324487 25.533817 1815.632194
0.036160 165.469114 64.821141 659.926596 35.793881 1276.654932 25.492423 1749.637031
0.037523 163.643609 64.317702 641.487477 35.670116 1230.887528 25.451423 1686.042341
0.038937 161.136187 63.944546 627.747525 35.547694 1199.849314 25.410858 1624.762625
0.040404 158.574724 63.722631 614.192981 35.426678 1161.329228 25.370768 1565.715493
0.041927 156.567615 63.434215 601.813578 35.307138 1119.862825 25.331198 1508.821553
0.043507 154.640348 63.084037 590.828922 35.189149 1079.905048 25.292199 1454.004305
0.045146 153.005828 63.043337 574.595634 35.072792 1041.402569 25.253823 1401.190036
0.046847 151.262005 62.830171 559.761390 34.958154 1004.303998 25.216130 1350.307723
0.048612 149.014805 62.516150 544.236134 34.845329 981.679337 25.179182 1301.288936
0.050444 146.630090 62.121843 530.418895 34.734416 949.973647 25.143047 1254.067748
0.052345 144.870656 61.864324 516.367459 34.625526 915.984592 25.107800 1208.580641
0.054317 142.393400 61.349334 504.607252 34.580686 883.232436 25.073520 1164.766426
0.056364 141.017328 60.971471 489.452950 34.545007 851.677223 25.040296 1124.737626
0.058488 138.830781 60.599451 475.725972 34.511152 821.279963 25.008220 1086.151102
0.060692 136.685961 60.233480 463.922288 34.478257 792.982955 24.977395 1048.679063
0.062979 135.301033 60.053251 450.123679 34.376612 776.673825 24.947930 1012.320905
0.065352 133.633289 59.699872 436.763980 34.276929 757.652317 24.919945 977.073242
0.067815 131.644930 59.346635 423.830830 34.179367 731.047820 24.893568 942.929964
0.070370 129.719727 58.999900 410.982532 33.978481 705.399666 24.868939 909.882337
0.073022 128.548506 58.781786 397.719781 33.766630 680.683853 24.846207 877.919143
0.075774 127.317500 58.592562 387.473289 33.681229 656.875646 24.825535 847.026846
0.078629 125.625524 58.494840 376.736496 33.601960 633.949832 24.807099 817.189786
0.081592 123.562280 58.072635 365.208190 33.520187 615.202830 24.791088 788.390394
0.084666 121.534208 57.905884 354.548648 33.440367 598.970265 24.777706 760.609420
0.087857 119.965085 57.804137 344.835501 33.365982 581.127799 24.767174 733.826166
0.091167 118.453753 57.709139 334.649785 33.340435 561.323749 24.759731 708.018727
0.094603 116.969035 57.582069 324.786502 33.299138 542.223903 24.755634 683.164225
0.098168 115.272852 57.193014 316.642606 33.334707 525.671434 24.755161 659.239035
0.101867 114.336424 56.887236 308.343390 33.305690 512.478685 24.758612 636.219009
0.105705 112.890472 56.812787 300.309630 33.251504 495.653081 24.766310 614.079671
0.109688 111.501824 56.556221 292.535548 33.203056 479.121979 24.778604 592.796411
0.113822 110.045963 56.227648 284.930111 33.159584 463.243135 24.795872 572.344649
0.118111 108.866097 56.079632 277.369048 33.110216 447.997584 24.818521 552.699987
0.122561 107.789853 55.748140 270.879078 33.096852 433.366616 24.846989 533.838340
0.127180 107.200639 55.635277 265.319020 33.076253 419.331887 24.881750 515.736045
0.131972 106.175328 55.560396 258.495619 33.064037 405.875506 24.923318 498.369954
0.136945 105.492436 55.262181 252.136185 33.060861 394.577846 24.972243 481.717513
0.142105 104.970096 55.093501 246.756122 33.067434 384.376163 25.029123 465.756817
0.147460 103.787104 54.946801 240.077628 33.084519 373.978186 25.094601 450.466661
0.153017 102.437358 54.879197 234.124143 33.112939 362.001529 25.169375 435.826569
0.158783 101.831611 54.655266 228.039688 33.078377 350.537518 25.254196 421.816820
0.164766 101.344533 54.681907 222.529826 33.066756 340.145405 25.349876 408.418461
0.170975 100.522978 54.692808 216.711124 33.162013 330.181240 25.457293 395.613314
0.177417 99.767660 54.766159 211.898427 33.358596 320.559416 25.577399 383.383979
0.184103 98.484626 54.947647 207.130009 33.458643 311.191977 25.711219 372.035238
0.191040 97.141185 55.151010 203.647293 33.576321 302.177960 25.859865 361.398860
0.198239 96.382607 55.087276 198.549880 33.713205 293.548189 26.024540 351.272160
0.205709 96.228418 55.157775 194.261768 33.870804 285.640895 26.206545 341.643635
0.213460 95.599335 55.279251 191.532467 34.050745 278.054244 26.407293 332.502226
0.221504 94.952511 55.646307 187.522435 34.352460 271.496583 26.628311 323.837372
0.229851 94.791912 55.986135 184.360475 34.668519 264.905416 26.871256 315.639040
0.238512 94.777534 56.197339 181.292966 34.976233 258.445887 27.137926 307.897774
0.247499 94.830613 56.244747 178.478171 35.317765 252.344364 27.430271 300.604721
0.256826 94.955570 56.436165 175.620122 35.724798 246.914348 27.750410 293.751668
0.266503 94.891106 56.870859 173.314251 36.209116 241.434989 28.100641 287.331071
0.276546 95.109847 57.383817 170.175479 36.679979 236.314549 28.483467 281.336083
0.286967 95.417171 57.998570 167.091017 37.080036 231.674383 28.901604 275.760580
0.297780 95.249215 58.600965 164.640433 37.636448 227.267987 29.358013 270.599187
0.309001 95.479632 59.172114 163.445102 38.246996 223.205936 29.855913 265.847305
0.320645 95.995356 59.887072 162.993848 38.916204 219.484718 30.398813 261.585142
0.332727 96.541235 60.678182 161.013315 39.649008 216.101516 30.990535 257.830506
0.345265 96.861542 61.489792 159.373834 40.268890 214.871011 31.635248 254.476272
0.358275 97.607196 62.384277 158.012172 40.858662 213.380772 32.337502 251.522495
0.371776 98.347230 63.375482 157.186063 41.519492 211.394610 33.102261 248.970085
0.385785 99.537558 64.434351 156.685956 42.518832 210.252469 33.934947 246.820877
0.400322 100.578335 65.754082 156.485098 43.681050 208.681088 34.841486 245.077689
0.415407 102.072372 67.119529 156.546823 44.943832 207.469435 35.828354 243.744389
0.431060 103.666438 68.374353 157.105528 46.316046 206.959101 36.902633 242.825955
0.447304 105.321944 70.225989 158.430182 47.807380 207.190532 38.072074 242.328541
0.464159 107.425959 72.069119 159.326686 49.428423 208.107553 39.345155 242.259539
0.481649 109.211406 73.791301 160.477351 51.190752 209.397798 40.731159 242.627654
0.499799 111.485927 75.696533 162.536166 53.107022 211.074607 42.240253 243.442963
0.518632 113.937964 78.013454 164.313892 55.139746 212.721896 43.883570 244.716998
0.538175 116.309495 80.548060 166.457348 57.278904 214.943595 45.673306 246.462816
0.558455 119.417527 83.217216 169.960574 59.834059 217.547613 47.622826 248.695081
0.579498 123.031121 85.891153 173.423111 62.608482 220.797992 49.746769 251.430148
0.601335 126.554992 88.755325 177.141357 65.275101 224.629343 52.061180 254.899577
0.623994 130.610046 92.467861 180.655719 68.500667 228.341915 54.583638 260.893095
0.647508 135.007153 95.973192 184.887696 71.768826 234.294932 57.333403 267.435852
0.671907 139.555974 99.793040 189.424212 75.071589 240.472482 60.331577 274.557481
0.697226 144.703400 104.834074 195.265610 78.742432 246.505316 63.601274 282.289100
0.723499 150.293704 109.830561 200.450534 83.068801 252.636562 67.167808 290.663329
0.750762 156.097798 116.015568 207.680299 87.297742 260.388964 70.781815 299.714295
0.779052 162.360957 121.960965 215.545617 92.525672 269.697126 74.723121 309.477633
0.808408 169.456514 128.542583 223.214126 97.902986 280.256890 79.142408 319.990463
0.838870 177.467776 134.502816 232.525358 103.566421 291.667501 83.785576 331.291361
0.870480 186.333810 142.351964 240.956489 110.101000 304.238905 88.836872 343.420311
0.903282 195.228609 149.251728 252.175840 117.239322 316.043457 94.331048 356.418641
0.937319 204.791436 158.115017 262.574453 124.611092 327.858769 100.305580 370.328938
0.972639 215.057161 167.214821 274.019652 132.385926 342.042546 106.800821 393.236639
1.009290 225.449451 176.682936 287.533184 140.310136 356.303244 113.860157 420.684190
1.047322 237.354805 186.860467 300.089492 149.526575 375.281691 121.530155 450.653727
1.086787 250.500923 198.780882 315.129630 159.807152 394.544971 129.860711 483.376399
1.127740 264.019546 211.094692 330.787826 170.144182 418.005215 138.905188 519.103583
1.170235 278.804493 224.737751 347.502194 181.515993 440.883718 148.720546 557.626526
1.214332 295.320698 238.371438 366.632986 193.077856 466.536021 159.367464 595.019264
1.260090 312.971560 253.227793 385.515246 205.281661 492.842866 170.910442 631.067179
1.307573 331.140839 268.971520 406.990046 219.527939 521.389291 183.417888 665.952746
1.356845 351.025497 286.132662 433.414122 234.871741 548.539583 196.962192 699.836232
1.407973 372.209848 304.082122 458.557956 249.096859 578.105429 211.619774 732.858311
1.461028 396.538474 322.017232 484.652408 265.427187 618.467495 227.103896 765.142361
1.516083 420.448051 341.344437 512.775885 285.264924 651.553128 239.765276 796.796489
1.573212 445.782756 362.323506 545.341047 305.373493 694.143390 253.353009 839.592240
1.632493 473.834136 386.989983 580.783856 324.599996 747.829483 271.674489 885.283788
1.694009 504.727934 410.281712 618.092651 346.375221 801.452054 292.620697 936.374080
1.757842 536.917114 438.294409 661.342405 371.291752 843.715108 315.303364 1001.391528
1.824081 570.874283 465.872289 705.741262 399.046307 903.985649 339.852812 1062.285109
1.892816 606.476683 496.934561 745.599768 424.881348 969.181033 366.407158 1118.446488
1.964141 644.494386 528.248778 793.551366 453.475560 1028.787586 395.112551 1188.972811
2.038154 685.328779 561.564631 847.982329 481.338277 1084.236426 417.733197 1291.288193
2.114955 727.450521 594.979707 898.473012 510.946201 1143.071461 441.317796 1397.906187
2.194651 772.074250 630.536624 956.581733 541.435263 1205.049356 466.365038 1459.751627
2.277350 817.918655 668.951871 1021.891353 575.062778 1277.532197 492.951170 1517.197787
2.363165 870.612211 710.553965 1087.271133 607.545440 1355.019481 517.393295 1629.395616
2.452213 922.476101 754.166761 1154.734274 639.116546 1426.626947 541.613074 1756.506012
2.544617 977.911229 800.055027 1222.345360 675.066740 1494.316015 566.946502 1866.225916
2.640503 1038.291023 846.505949 1298.757836 714.664514 1578.948878 593.424047 2008.621687
2.740003 1104.740098 894.416133 1377.400394 754.406733 1694.484790 621.305616 2174.014858
2.843251 1172.295535 943.380996 1462.306119 794.519541 1784.690556 661.403218 2334.794290
2.950391 1242.234478 995.760664 1550.786299 834.517108 1885.691902 704.188018 2489.577724
3.061567 1316.128147 1049.857907 1647.409204 876.585152 2009.252656 749.824666 2638.708229
3.176933 1392.220162 1104.621184 1751.165953 920.212139 2127.188853 798.486511 2802.671513
3.296646 1470.175967 1160.259145 1847.327730 958.740173 2254.788303 850.355922 2994.759318
3.420870 1550.882463 1217.383497 1959.516593 999.078802 2380.206646 905.624596 3198.316165
3.549775 1626.589493 1274.890091 2085.168636 1031.821374 2552.756436 947.254390 3413.777439
3.683537 1717.707208 1332.090344 2204.694352 1077.756622 2701.531881 961.985432 3641.571517
3.822340 1796.765253 1393.970259 2327.138263 1111.536709 2870.637388 976.430464 3882.117904
3.966373 1882.701437 1461.523550 2455.506503 1158.246701 3052.280567 990.597117 4135.825502
4.115834 1980.074699 1526.919011 2590.811558 1190.466869 3251.760876 1010.818385 4395.367760
4.270926 2084.763868 1593.070072 2727.844055 1234.130153 3469.559792 1054.691100 4644.730238
4.431863 2177.595079 1661.029703 2875.047871 1276.759340 3703.214075 1067.206882 4883.898419
4.598864 2268.938942 1712.352494 3035.562390 1303.381800 3912.896072 1073.342570 5133.768629
4.772158 2376.516588 1765.336036 3205.182799 1329.521033 4162.628463 1079.153322 5483.853117
4.951983 2493.494613 1819.783292 3376.083177 1364.694796 4434.385070 1084.657908 5852.456175
5.138583 2595.904724 1874.492327 3534.596877 1390.245590 4695.553054 1089.873793 6039.954820
5.332215 2718.693668 1940.206626 3705.891754 1418.148271 5012.663080 1094.817248 6427.707228
5.533143 2846.211653 1979.694363 3906.602855 1445.862564 5266.234887 1106.559179 6870.484674
5.741642 2961.757389 2027.007852 4095.846508 1475.028511 5595.528815 1118.251063 7336.273235
5.957999 3084.683168 2067.424812 4320.796431 1496.335009 5880.351853 1129.719424 7788.047785
6.182508 3202.814350 2131.389391 4543.646126 1515.924830 6205.818558 1138.353486 8206.730761
6.415476 3319.124371 2191.671438 4774.628397 1528.172674 6571.357173 1144.331746 8555.445281
6.657224 3416.748440 2238.901815 4982.134375 1548.867538 6949.506299 1150.097142 8889.131783
6.908081 3547.840760 2282.741871 5191.072726 1569.146862 7257.995454 1155.657078 9208.486632
7.168391 3680.315068 2330.900033 5434.870140 1589.046726 7596.487009 1161.018662 9691.014944
7.438510 3799.044780 2368.107871 5692.050061 1618.766732 8040.462032 1166.188729 10009.836211
7.718807 3903.721942 2405.124550 5925.840480 1634.382385 8452.433720 1171.173856 10310.813044
8.009667 3998.747681 2447.564625 6133.620313 1646.390691 8844.616205 1175.980380 10594.976695
8.311487 4125.070859 2473.924037 6400.411533 1664.592626 9275.377103 1180.614409 10863.294763
8.624680 4218.030012 2501.426754 6669.441810 1673.642397 9720.191366 1185.081839 11210.540878
8.949674 4323.750894 2539.324063 6926.210133 1679.863811 10110.574903 1189.388359 11608.837521
9.286915 4425.534071 2573.801343 7198.236850 1685.676264 10523.096935 1193.539466 12171.156614
9.636864 4544.405760 2625.345689 7484.070409 1691.107080 10976.563686 1197.540472 12909.734983
10.000000 4631.792188 2664.875759 7754.676449 1713.053337 11515.489408 1201.396513 13678.849643
