119.252429 -478.999020 -685.209737 -261.523439 972.298526 835.001232 1153.968588 4266322478700.738770 1959886085090.480713 9544617416309.656250 0.000055 0.000024 0.000087 0.017280 -198.832182 207.489553 161.813576 73.403840 252.761246
307.804387 -69.235863 -305.583931 178.707516 1014.024811 863.459283 1178.610930 5173869838407.172852 2373658856323.048340 10768835731854.328125 0.000054 0.000024 0.000085 -4.443604 -203.972246 199.258515 167.513139 72.631965 257.660627
445.598981 -499.461835 -646.030896 -322.908277 978.691946 837.007320 1136.415442 4401186465369.952148 2084776291257.283936 8932244922357.187500 0.000053 0.000024 0.000084 -4.665838 -202.367742 195.553066 166.480199 69.884807 257.547284
591.030976 -26.556078 -278.555551 191.033487 1066.864957 920.550960 1214.320815 6588740408248.532227 3195239172096.049805 12106537950289.712891 0.000054 0.000024 0.000086 -1.587731 -202.893631 208.158349 162.660823 69.133661 256.922615
766.928162 -162.339114 -322.491888 47.727289 946.348705 808.985119 1123.901517 3901234042362.484375 1779911682483.284668 8587740740204.770508 0.000054 0.000024 0.000086 6.596319 -206.039482 210.505303 160.686795 68.030012 254.513957
934.115161 110.696494 -106.922962 359.757647 1092.693661 955.103181 1231.323387 7417394133321.716797 3929646579471.658691 12962355646168.660156 0.000055 0.000025 0.000086 -6.205814 -206.599661 205.916861 163.430620 71.125979 257.531904
1136.723840 -365.022947 -551.060603 -172.998373 941.575178 812.107270 1105.203561 3682409240828.060059 1756493676835.708008 8008642904313.309570 0.000055 0.000024 0.000086 1.863059 -206.949179 208.080945 163.400860 67.510410 257.495668
1424.785299 -151.404924 -325.755924 31.901815 810.173682 702.033985 982.846554 1745169886312.541016 823137848544.990967 4462332661422.187500 0.000056 0.000025 0.000086 6.303559 -199.836430 211.581199 163.881520 70.622739 253.926886
1718.254319 312.530909 133.223001 474.307508 940.636819 808.486190 1109.408421 3685789647019.910156 1765860420517.962402 8064090847852.615234 0.000055 0.000025 0.000087 6.995254 -198.195519 198.996041 157.576233 66.088187 256.620818
1972.041611 -90.572759 -291.403672 125.675747 1058.196281 914.950677 1208.909386 6559191759272.195312 3245353562066.678223 12015737854546.117188 0.000054 0.000023 0.000085 -6.639345 -208.570931 200.998529 160.581294 70.062630 253.860683
3720.738498 185.578408 33.137999 353.364209 929.187415 796.084774 1100.747673 3632520025683.275391 1798807607334.215820 7802033857248.062500 0.000055 0.000024 0.000085 4.708177 -201.060136 207.483794 160.994358 70.639354 256.208796
