0.010000 9.365807 7.870259 10.869163 6.928815 12.696282 6.018566 14.140537
0.012068 9.354800 7.859185 10.854457 6.918358 12.674493 6.007756 14.095341
0.014563 9.345458 7.850790 10.842188 6.909637 12.659841 5.998499 14.043414
0.017575 9.338667 7.844936 10.827251 6.904745 12.644092 5.997152 14.009428
0.021210 9.323585 7.837142 10.821495 6.902890 12.624562 6.000580 13.966519
0.025595 9.307452 7.833779 10.807258 6.903448 12.600231 6.005913 13.910739
0.030888 9.299691 7.837740 10.796496 6.910579 12.564277 6.015565 13.836832
0.037276 9.301128 7.840762 10.780456 6.913131 12.507955 6.030989 13.738984
0.044984 9.293385 7.857183 10.741114 6.924652 12.443399 6.052663 13.612321
0.054287 9.264580 7.863102 10.721255 6.943048 12.374528 6.082671 13.450683
0.065513 9.255298 7.872990 10.670653 6.971684 12.258624 6.119322 13.330447
0.079060 9.220377 7.918214 10.596662 7.024295 12.160732 6.169555 13.201900
0.095410 9.197282 7.926096 10.490274 7.056191 11.966638 6.240935 13.036211
0.115140 9.187560 7.993280 10.429447 7.128130 11.818923 6.341607 12.849977
0.138950 9.202230 8.070141 10.396297 7.232005 11.683087 6.482283 12.634538
0.167683 9.249156 8.173291 10.362982 7.376035 11.560007 6.675357 12.396739
0.202359 9.347495 8.310941 10.352621 7.537775 11.410709 6.933858 12.153009
0.244205 9.464706 8.523628 10.378944 7.793170 11.353743 7.242607 12.293216
0.294705 9.681086 8.791595 10.483851 8.050989 11.397018 7.435405 12.322143
0.355648 9.912392 9.110676 10.668143 8.378399 11.520233 7.546993 12.256871
0.429193 10.218139 9.438936 10.992488 8.697031 11.743245 7.885679 12.541258
0.517947 10.547531 9.736928 11.407720 8.977840 12.181824 8.257787 13.052512
0.625055 10.938544 10.048633 11.913260 9.199587 12.733001 8.234438 13.894376
0.754312 11.320592 10.241173 12.489852 9.322956 13.616018 7.990054 14.640640
0.910298 11.654339 10.405040 13.084343 9.365146 14.428149 8.107139 15.687354
1.098541 11.978942 10.426092 13.715729 9.162724 15.205093 8.138332 16.795139
1.325711 12.219973 10.368517 14.181779 8.957874 15.776046 7.741826 17.791168
1.599859 12.232254 10.145411 14.498366 8.549939 16.453649 7.285651 18.919528
1.930698 12.166288 9.795005 14.679302 8.066559 17.049903 6.836441 19.845920
2.329952 12.014364 9.358166 14.737896 7.560424 17.371429 6.398828 20.416797
2.811769 11.680135 8.884292 14.748000 6.974356 17.452411 5.948808 20.511016
3.393222 11.216702 8.278468 14.453614 6.437672 17.576425 5.369526 21.536752
4.094915 10.688704 7.750194 14.193141 5.927792 17.814173 4.859177 22.579170
4.941713 10.030442 7.185203 13.722132 5.447583 17.476029 4.400876 23.476588
5.963623 9.354946 6.647414 13.194944 4.975583 17.166913 3.984041 24.130771
7.196857 8.703511 6.090100 12.539756 4.530542 16.740631 3.596828 23.976650
8.685114 8.026080 5.547673 11.745498 4.109130 16.114995 3.212810 23.349827
10.481131 7.282237 4.972066 10.845426 3.665555 15.145921 2.790389 21.918562
12.648552 6.332844 4.312185 9.643565 3.084964 13.556701 2.257770 20.435855
15.264180 4.756850 3.191827 7.356016 2.027124 10.482081 1.379859 16.035917
18.420700 0.000000 0.000000 0.000000 0.000000 0.000000 0.000000 0.000000
22.229965 0.000000 0.000000 0.000000 0.000000 0.000000 0.000000 0.000000
26.826958 0.000000 0.000000 0.000000 0.000000 0.000000 0.000000 0.000000
32.374575 0.000000 0.000000 0.000000 0.000000 0.000000 0.000000 0.000000
39.069399 0.000000 0.000000 0.000000 0.000000 0.000000 0.000000 0.000000
47.148664 0.000000 0.000000 0.000000 0.000000 0.000000 0.000000 0.000000
56.898660 0.000000 0.000000 0.000000 0.000000 0.000000 0.000000 0.000000
68.664885 0.000000 0.000000 0.000000 0.000000 0.000000 0.000000 0.000000
82.864277 0.000000 0.000000 0.000000 0.000000 0.000000 0.000000 0.000000
100.000000 0.000000 0.000000 0.000000 0.000000 0.000000 0.000000 0.000000
