0.010000 3.946546 3.659041 4.212494 3.426259 4.470620 3.241537 4.631926
0.012068 3.942279 3.655668 4.208107 3.423149 4.465255 3.238685 4.626544
0.014563 3.936085 3.650771 4.201739 3.418633 4.457470 3.234543 4.618732
0.017575 3.927107 3.643668 4.192507 3.412084 4.446189 3.228536 4.607411
0.021210 3.914041 3.632873 4.179070 3.402547 4.430175 3.219787 4.590942
0.025595 3.896424 3.616905 4.159637 3.388744 4.408412 3.207122 4.567140
0.030888 3.871476 3.593874 4.130162 3.368122 4.377051 3.188840 4.532859
0.037276 3.833820 3.561122 4.086137 3.338417 4.330146 3.162467 4.483575
0.044984 3.779115 3.515373 4.025822 3.296951 4.261299 3.124603 4.413165
0.054287 3.703516 3.447493 3.942877 3.238007 4.164053 3.070734 4.313683
0.065513 3.594902 3.353155 3.822727 3.155054 4.028425 2.994831 4.174879
0.079060 3.447031 3.223490 3.658519 3.036661 3.845529 2.888464 3.984044
0.095410 3.248166 3.050716 3.436038 2.871910 3.606957 2.741860 3.728996
0.115140 2.988745 2.816787 3.145141 2.667416 3.292832 2.547694 3.399478
0.138950 2.661392 2.522095 2.791041 2.394375 2.904049 2.299763 3.003793
0.167683 2.272631 2.169848 2.371361 2.068653 2.455457 1.997747 2.545678
0.202359 1.844515 1.775325 1.913718 1.701059 1.975089 1.649739 2.044104
0.244205 1.409326 1.362790 1.455160 1.316837 1.497874 1.280215 1.544859
0.294705 1.007012 0.975561 1.040219 0.946703 1.069288 0.918586 1.093559
0.355648 0.672106 0.650302 0.695520 0.630755 0.717931 0.603332 0.734241
0.429193 0.418322 0.402384 0.435100 0.388521 0.451188 0.367209 0.469434
0.517947 0.245548 0.234667 0.256730 0.225237 0.267639 0.212580 0.281840
0.625055 0.136816 0.129900 0.143894 0.123788 0.150769 0.117167 0.160073
0.754312 0.072755 0.068723 0.076910 0.065338 0.081074 0.061675 0.086475
0.910298 0.037396 0.035064 0.039651 0.033236 0.041977 0.031390 0.044903
1.098541 0.018883 0.017636 0.020068 0.016643 0.021310 0.015715 0.022847
1.325711 0.009312 0.008679 0.009921 0.008165 0.010564 0.007703 0.011340
1.599859 0.004509 0.004195 0.004812 0.003937 0.005132 0.003713 0.005516
1.930698 0.002176 0.002023 0.002327 0.001896 0.002483 0.001787 0.002672
2.329952 0.001045 0.000970 0.001118 0.000908 0.001194 0.000856 0.001285
2.811769 0.000497 0.000461 0.000532 0.000431 0.000568 0.000406 0.000612
3.393222 0.000235 0.000218 0.000252 0.000204 0.000269 0.000192 0.000290
4.094915 0.000112 0.000104 0.000120 0.000097 0.000128 0.000091 0.000138
4.941713 0.000053 0.000049 0.000057 0.000046 0.000061 0.000043 0.000065
5.963623 0.000025 0.000023 0.000027 0.000022 0.000029 0.000020 0.000031
7.196857 0.000012 0.000011 0.000013 0.000010 0.000014 0.000010 0.000015
8.685114 0.000006 0.000005 0.000006 0.000005 0.000006 0.000005 0.000007
10.481131 0.000003 0.000002 0.000003 0.000002 0.000003 0.000002 0.000003
12.648552 0.000001 0.000001 0.000001 0.000001 0.000001 0.000001 0.000002
15.264180 0.000001 0.000001 0.000001 0.000001 0.000001 0.000000 0.000001
18.420700 0.000000 0.000000 0.000000 0.000000 0.000000 0.000000 0.000000
22.229965 0.000000 0.000000 0.000000 0.000000 0.000000 0.000000 0.000000
26.826958 0.000000 0.000000 0.000000 0.000000 0.000000 0.000000 0.000000
32.374575 0.000000 0.000000 0.000000 0.000000 0.000000 0.000000 0.000000
39.069399 0.000000 0.000000 0.000000 0.000000 0.000000 0.000000 0.000000
47.148664 0.000000 0.000000 0.000000 0.000000 0.000000 0.000000 0.000000
56.898660 0.000000 0.000000 0.000000 0.000000 0.000000 0.000000 0.000000
68.664885 0.000000 0.000000 0.000000 0.000000 0.000000 0.000000 0.000000
82.864277 0.000000 0.000000 0.000000 0.000000 0.000000 0.000000 0.000000
100.000000 0.000000 0.000000 0.000000 0.000000 0.000000 0.000000 0.000000
