0.010000 0.001571 0.000328 0.007543 0.000041 0.027778 0.000001 0.308394
0.012068 0.001876 0.000409 0.008949 0.000051 0.032672 0.000001 0.310993
0.014563 0.002258 0.000507 0.010455 0.000063 0.037001 0.000001 0.313004
0.017575 0.002724 0.000625 0.012202 0.000079 0.042697 0.000001 0.314604
0.021210 0.003270 0.000779 0.014333 0.000099 0.049959 0.000001 0.315875
0.025595 0.003978 0.000958 0.016743 0.000123 0.056682 0.000002 0.316882
0.030888 0.004778 0.001183 0.019891 0.000154 0.064159 0.000002 0.317679
0.037276 0.005724 0.001432 0.023353 0.000188 0.072433 0.000003 0.318309
0.044984 0.006864 0.001766 0.027289 0.000222 0.081541 0.000003 0.318807
0.054287 0.008335 0.002212 0.031407 0.000260 0.093475 0.000004 0.319200
0.065513 0.009995 0.002714 0.036679 0.000309 0.109179 0.000005 0.326043
0.079060 0.011912 0.003325 0.041675 0.000389 0.126378 0.000006 0.333589
0.095410 0.014342 0.004093 0.049682 0.000500 0.143633 0.000008 0.351431
0.115140 0.017249 0.004970 0.057020 0.000604 0.157765 0.000010 0.361161
0.138950 0.020964 0.005914 0.066536 0.000717 0.174762 0.000012 0.369196
0.167683 0.025095 0.007038 0.075831 0.000883 0.191728 0.000015 0.375767
0.202359 0.029892 0.008308 0.087927 0.001098 0.211381 0.000018 0.386818
0.244205 0.035588 0.009954 0.100629 0.001334 0.225133 0.000022 0.407436
0.294705 0.042120 0.012213 0.113202 0.001612 0.244613 0.000027 0.425808
0.355648 0.049099 0.014429 0.127448 0.001964 0.261231 0.000033 0.443796
0.429193 0.057442 0.017185 0.140740 0.002392 0.280206 0.000040 0.462100
0.517947 0.066167 0.020629 0.156362 0.002782 0.304280 0.000049 0.477744
0.625055 0.076552 0.024132 0.168265 0.003201 0.316849 0.000059 0.490939
0.754312 0.086734 0.027163 0.185248 0.003652 0.324155 0.000071 0.499831
0.910298 0.098860 0.030790 0.201604 0.004129 0.345357 0.000084 0.505977
1.098541 0.112137 0.034504 0.220574 0.004585 0.371131 0.000099 0.511309
1.325711 0.127451 0.038294 0.238442 0.005051 0.384070 0.000116 0.515919
1.599859 0.141614 0.041831 0.258317 0.005588 0.395862 0.000135 0.519893
1.930698 0.155824 0.046914 0.276713 0.006058 0.406207 0.000155 0.523312
2.329952 0.169059 0.050318 0.293069 0.006548 0.417869 0.000176 0.526246
2.811769 0.183338 0.053989 0.308656 0.007064 0.433844 0.000198 0.529712
3.393222 0.195666 0.058995 0.323880 0.007578 0.443354 0.000220 0.534699
4.094915 0.205511 0.063563 0.337199 0.008086 0.456708 0.000241 0.538716
4.941713 0.215885 0.065445 0.350264 0.008508 0.467798 0.000261 0.541941
5.963623 0.226718 0.069099 0.364537 0.008894 0.476604 0.000280 0.544524
7.196857 0.235653 0.072616 0.377708 0.009162 0.484562 0.000298 0.546157
8.685114 0.241242 0.075129 0.386973 0.009315 0.492260 0.000314 0.546821
10.481131 0.248150 0.077144 0.396628 0.009450 0.501711 0.000328 0.547349
12.648552 0.254594 0.078356 0.405750 0.009569 0.508480 0.000340 0.547769
15.264180 0.259266 0.079306 0.412841 0.009673 0.513490 0.000351 0.548103
18.420700 0.262996 0.080115 0.421991 0.009823 0.517147 0.000360 0.548369
22.229965 0.265052 0.080802 0.426727 0.010029 0.519930 0.000367 0.549625
26.826958 0.266483 0.081384 0.431985 0.010080 0.522816 0.000374 0.551128
32.374575 0.269024 0.081968 0.435386 0.010125 0.526053 0.000379 0.552366
39.069399 0.272359 0.083209 0.436970 0.010164 0.529842 0.000383 0.553386
47.148664 0.274229 0.083263 0.439950 0.010198 0.532045 0.000387 0.553802
56.898660 0.274484 0.083547 0.442059 0.010227 0.533905 0.000390 0.553966
68.664885 0.275626 0.083996 0.444207 0.010253 0.535489 0.000392 0.554096
82.864277 0.276521 0.084342 0.445130 0.010275 0.538148 0.000394 0.555010
100.000000 0.276727 0.084344 0.445776 0.010294 0.540587 0.000396 0.555759
