0.001000 0.000133 0.000109 0.000154 0.000100 0.000163 0.000099 0.000165
0.001038 0.000148 0.000122 0.000173 0.000112 0.000182 0.000111 0.000184
0.001077 0.000166 0.000136 0.000193 0.000125 0.000203 0.000124 0.000206
0.001117 0.000185 0.000152 0.000215 0.000140 0.000227 0.000138 0.000230
0.001159 0.000207 0.000170 0.000241 0.000156 0.000254 0.000155 0.000257
0.001203 0.000231 0.000190 0.000269 0.000175 0.000284 0.000173 0.000287
0.001248 0.000258 0.000212 0.000301 0.000195 0.000317 0.000193 0.000321
0.001296 0.000288 0.000237 0.000336 0.000218 0.000354 0.000216 0.000359
0.001344 0.000322 0.000265 0.000375 0.000243 0.000396 0.000241 0.000401
0.001395 0.000360 0.000296 0.000419 0.000272 0.000442 0.000269 0.000448
0.001448 0.000402 0.000330 0.000468 0.000304 0.000494 0.000301 0.000501
0.001502 0.000449 0.000369 0.000523 0.000340 0.000552 0.000336 0.000559
0.001559 0.000502 0.000413 0.000585 0.000380 0.000616 0.000376 0.000625
0.001617 0.000561 0.000461 0.000653 0.000424 0.000689 0.000420 0.000698
0.001678 0.000627 0.000515 0.000730 0.000474 0.000770 0.000469 0.000780
0.001742 0.000700 0.000575 0.000816 0.000529 0.000860 0.000524 0.000872
0.001807 0.000783 0.000643 0.000912 0.000592 0.000961 0.000586 0.000974
0.001875 0.000874 0.000718 0.001019 0.000661 0.001074 0.000654 0.001089
0.001946 0.000977 0.000803 0.001138 0.000739 0.001200 0.000731 0.001216
0.002019 0.001092 0.000897 0.001272 0.000825 0.001340 0.000817 0.001359
0.002095 0.001220 0.001002 0.001421 0.000922 0.001498 0.000913 0.001519
0.002174 0.001363 0.001120 0.001588 0.001030 0.001674 0.001020 0.001697
0.002256 0.001523 0.001251 0.001774 0.001151 0.001870 0.001140 0.001896
0.002341 0.001702 0.001398 0.001982 0.001286 0.002089 0.001274 0.002119
0.002430 0.001901 0.001562 0.002215 0.001437 0.002335 0.001423 0.002367
0.002521 0.002124 0.001745 0.002475 0.001606 0.002609 0.001590 0.002645
0.002616 0.002374 0.001950 0.002765 0.001794 0.002915 0.001777 0.002955
0.002715 0.002652 0.002179 0.003090 0.002005 0.003257 0.001985 0.003302
0.002817 0.002963 0.002435 0.003452 0.002240 0.003639 0.002218 0.003690
0.002923 0.003311 0.002721 0.003857 0.002503 0.004066 0.002478 0.004123
0.003033 0.003700 0.003040 0.004310 0.002797 0.004543 0.002769 0.004607
0.003148 0.004134 0.003397 0.004815 0.003125 0.005076 0.003094 0.005147
0.003266 0.004619 0.003795 0.005381 0.003492 0.005672 0.003457 0.005751
0.003389 0.005161 0.004241 0.006012 0.003902 0.006337 0.003863 0.006426
0.003517 0.005767 0.004738 0.006717 0.004359 0.007081 0.004316 0.007180
0.003650 0.006443 0.005294 0.007506 0.004871 0.007912 0.004823 0.008022
0.003787 0.007199 0.005915 0.008386 0.005442 0.008840 0.005388 0.008964
0.003930 0.008044 0.006609 0.009370 0.006081 0.009878 0.006021 0.010016
0.004078 0.008988 0.007385 0.010470 0.006795 0.011037 0.006727 0.011191
0.004232 0.010043 0.008251 0.011698 0.007592 0.012332 0.007517 0.012504
0.004391 0.011221 0.009220 0.013071 0.008483 0.013779 0.008398 0.013971
0.004557 0.012538 0.010301 0.014605 0.009478 0.015395 0.009384 0.015610
0.004728 0.014009 0.011510 0.016318 0.010590 0.017202 0.010485 0.017442
0.004906 0.015652 0.012860 0.018233 0.011832 0.019220 0.011715 0.019488
0.005091 0.017489 0.014369 0.020372 0.013221 0.021475 0.013090 0.021775
0.005283 0.019540 0.016055 0.022762 0.014772 0.023994 0.014625 0.024329
0.005482 0.021833 0.017939 0.025432 0.016505 0.026809 0.016341 0.027184
0.005689 0.024394 0.020043 0.028416 0.018441 0.029954 0.018258 0.030373
0.005903 0.027256 0.022394 0.031750 0.020604 0.033468 0.020400 0.033936
0.006126 0.030453 0.025022 0.035474 0.023021 0.037395 0.022793 0.037917
0.006356 0.034026 0.027957 0.039636 0.025722 0.041781 0.025467 0.042365
0.006596 0.038017 0.031236 0.044285 0.028739 0.046682 0.028454 0.047334
0.006844 0.042476 0.034900 0.049479 0.032110 0.052158 0.031792 0.052886
0.007102 0.047458 0.038994 0.055283 0.035876 0.058276 0.035521 0.059090
0.007370 0.053025 0.043567 0.061767 0.040084 0.065111 0.039687 0.066020
0.007648 0.059243 0.048677 0.069011 0.044785 0.072747 0.044342 0.073763
0.007936 0.066191 0.054385 0.077104 0.050038 0.081278 0.049542 0.082414
0.008235 0.073953 0.060763 0.086146 0.055906 0.090810 0.055352 0.092078
0.008545 0.082625 0.067888 0.096248 0.062461 0.101458 0.061842 0.102876
0.008867 0.092314 0.075848 0.107534 0.069785 0.113355 0.069094 0.114938
0.009201 0.103137 0.084741 0.120142 0.077967 0.126646 0.077195 0.128414
0.009548 0.115229 0.094676 0.134227 0.087108 0.141493 0.086245 0.143470
0.009908 0.128737 0.105775 0.149962 0.097320 0.158081 0.096355 0.160288
0.010281 0.143828 0.118174 0.167541 0.108727 0.176611 0.107650 0.179077
0.010669 0.160686 0.132025 0.187178 0.121471 0.197311 0.120268 0.200067
0.011071 0.179518 0.147498 0.209115 0.135707 0.220436 0.134363 0.223514
0.011488 0.200554 0.164783 0.233620 0.151610 0.246267 0.150108 0.249707
0.011921 0.224054 0.184091 0.260994 0.169375 0.275123 0.167696 0.278965
0.012370 0.250303 0.205659 0.291571 0.189218 0.307356 0.187343 0.311648
0.012836 0.279624 0.229750 0.325727 0.211384 0.343360 0.209289 0.348155
0.013320 0.312375 0.256659 0.363877 0.236142 0.383576 0.233802 0.388933
0.013822 0.348957 0.286716 0.406490 0.263796 0.428496 0.261182 0.434480
0.014343 0.389815 0.320287 0.454085 0.294683 0.478667 0.291763 0.485353
0.014883 0.435450 0.357782 0.507244 0.329181 0.534704 0.325919 0.542172
0.015444 0.486417 0.399659 0.566614 0.367710 0.597288 0.364066 0.605630
0.016026 0.543338 0.446428 0.632920 0.410740 0.667183 0.406670 0.676502
0.016630 0.606906 0.498657 0.706969 0.458794 0.745240 0.454248 0.755649
0.017256 0.677895 0.556984 0.789661 0.512458 0.832409 0.507380 0.844035
0.017907 0.757166 0.622116 0.882002 0.572384 0.929749 0.566712 0.942734
0.018581 0.845682 0.694845 0.985112 0.639298 1.038441 0.632963 1.052945
0.019281 0.944517 0.776052 1.100243 0.714013 1.159804 0.706938 1.176003
0.020008 1.054868 0.866720 1.228787 0.797434 1.295307 0.789532 1.313398
0.020762 1.178069 0.967947 1.372301 0.890568 1.446590 0.881743 1.466794
0.021544 1.315608 1.080954 1.532516 0.994541 1.615479 0.984686 1.638041
0.022356 1.469143 1.207104 1.711365 1.110607 1.804010 1.099602 1.829205
0.023199 1.640523 1.347916 1.911001 1.240163 2.014452 1.227874 2.042587
0.024073 1.831806 1.505082 2.133821 1.384764 2.249336 1.371043 2.280751
0.024980 2.045287 1.680486 2.382499 1.546146 2.511475 1.530825 2.546552
0.025921 2.283519 1.876227 2.660009 1.726239 2.804009 1.709134 2.843171
0.026898 2.549347 2.094641 2.969665 1.927194 3.130428 1.908097 3.174149
0.027911 2.845937 2.338331 3.315154 2.151402 3.494620 2.130084 3.543428
0.028963 3.176811 2.610189 3.700581 2.401529 3.900911 2.377731 3.955394
0.030055 3.545888 2.913437 4.130509 2.680535 4.354114 2.653973 4.414926
0.031187 3.957526 3.251655 4.610015 2.991715 4.859578 2.962069 4.927449
0.032362 4.416570 3.628822 5.144742 3.338731 5.423252 3.305647 5.498996
0.033582 4.928401 4.049362 5.740960 3.725653 6.051746 3.688735 6.136269
0.034847 5.498999 4.518187 6.405634 4.157000 6.752402 4.115807 6.846710
0.036160 6.135001 5.040751 7.146495 4.637789 7.533370 4.591832 7.638586
0.037523 6.843772 5.623105 7.972124 5.173589 8.403694 5.122323 8.521065
0.038937 7.633482 6.271961 8.892036 5.770575 9.373405 5.713393 9.504320
0.040404 8.513185 6.994758 9.916777 6.435591 10.453621 6.371820 10.599623
0.041927 9.492910 7.799738 11.058032 7.176220 11.656658 7.105110 11.819462
0.043507 10.583761 8.696023 12.328735 8.000855 12.996150 7.921573 13.177662
0.045146 11.798020 9.693704 13.743192 8.918781 14.487179 8.830404 14.689516
0.046847 13.149264 10.803938 15.317219 9.940261 16.146416 9.841762 16.371926
0.048612 14.652486 12.039042 17.068282 11.076631 17.992272 10.966871 18.243563
0.050444 16.324232 13.412613 19.015654 12.340397 20.045065 12.218114 20.325026
0.052345 18.182742 14.939635 21.180581 13.745348 22.327190 13.609143 22.639025
0.054317 20.248100 16.636612 23.586460 15.306667 24.863311 15.154991 25.210567
0.056364 22.542400 18.521697 26.259028 17.041057 27.680559 16.872194 28.067161
0.058488 25.089916 20.614834 29.226560 18.966866 30.808738 18.778921 31.239031
0.060692 27.917282 22.937906 32.520082 21.104230 34.280554 20.895105 34.759336
0.062979 31.053679 25.514889 36.173585 23.475207 38.131839 23.242588 38.664411
0.065352 34.531032 28.372016 40.224259 26.103932 42.401797 25.845264 42.994005
0.067815 38.384212 31.537935 44.712723 29.016765 47.133243 28.729234 47.791534
0.070370 42.651235 35.043884 49.683262 32.242446 52.372862 31.922950 53.104332
0.073022 47.373471 38.923854 55.184067 35.812248 58.171452 35.457379 58.983909
0.075774 52.595849 43.214759 61.267472 39.760134 64.584182 39.366145 65.486203
0.078629 58.367045 47.956595 67.990182 44.122903 71.670825 43.685683 72.671822
0.081592 64.739678 53.192594 75.413489 48.940332 79.495992 48.455374 80.606280
0.084666 71.770473 58.969363 83.603470 54.255301 88.129338 53.717677 89.360204
0.087857 79.520410 65.337008 92.631161 60.113911 97.645742 59.518233 99.009520
0.091167 88.054843 72.349224 102.572689 66.565565 108.125455 65.905956 109.635598
0.094603 97.443578 80.063368 113.509371 73.663033 119.654193 72.933095 121.325354
0.098168 107.760907 88.540479 125.527746 81.462477 132.323182 80.655253 134.171285
0.101867 119.085579 97.845262 138.719549 90.023428 146.229122 89.131372 148.271443
0.105705 131.500713 108.046011 153.181600 99.408719 161.474075 98.423663 163.729316
0.109688 145.093619 119.214461 169.015606 109.684355 178.165254 108.597476 180.653614
0.113822 159.955536 131.425581 186.327849 120.919306 196.414693 119.721098 199.157936
0.118111 176.181263 144.757258 205.228756 133.185238 216.338800 131.865485 219.360315
0.122561 193.868672 159.289909 225.832337 146.556136 238.057755 145.103889 241.382609
0.127180 213.118095 175.105971 248.255467 161.107849 261.694759 159.511406 265.349741
0.131972 234.031578 192.289288 272.617014 176.917516 287.375116 175.164414 291.388766
0.136945 256.711981 210.924373 299.036797 194.062897 315.225133 192.139898 319.627752
0.142105 281.261934 231.095553 327.634369 212.621575 345.370832 210.514675 350.194483
0.147460 307.782639 252.885978 358.527617 232.670054 377.936483 230.364491 383.214966
0.153017 336.372524 276.376520 391.831195 254.282742 413.042949 251.763016 418.811749
0.158783 367.125750 301.644545 427.654790 277.530820 450.805852 274.780725 457.102070
0.164766 400.130592 328.762585 466.101232 302.481020 491.333589 299.483689 498.195842
0.170975 435.467714 357.796914 507.264483 329.194320 534.725210 325.932283 542.193495
0.177417 473.208354 388.806066 551.227527 357.724574 581.068190 354.179826 589.183729
0.184103 513.412469 421.839303 598.060206 388.117105 630.436153 384.271194 639.241193
0.191040 556.126863 456.935082 647.817042 420.407297 682.886571 416.241417 692.424165
0.198239 601.383361 494.119550 700.535104 454.619207 738.458522 450.114316 748.772266
0.205709 649.197063 533.405115 756.231983 490.764249 797.170548 485.901192 808.304298
0.213460 699.564751 574.789132 814.903932 528.839992 859.018698 523.599637 871.016256
0.221504 752.463492 618.252759 876.524235 568.829100 923.974812 563.192486 936.879585
0.229851 807.849502 663.760021 941.041890 610.698472 991.985126 604.646968 1005.839771
0.238512 865.657319 711.257132 1008.380641 654.398623 1062.969256 647.914088 1077.815306
0.247499 925.799333 760.672110 1078.438437 699.863324 1136.819625 692.928272 1152.697113
0.256826 988.165722 811.914718 1151.087345 747.009554 1213.401376 739.607323 1230.348450
0.266503 1052.624802 864.876761 1226.173972 795.737766 1292.552813 787.852680 1310.605362
0.276546 1119.023827 919.432738 1303.520389 845.932491 1374.086373 837.550017 1393.277667
0.286967 1187.190231 975.440860 1382.925577 897.463275 1457.790154 888.570175 1478.150505
0.297780 1256.933288 1032.744420 1464.167365 950.185940 1543.429960 940.770403 1564.986407
0.309001 1328.046176 1091.173487 1547.004833 1003.944136 1630.751829 993.995902 1653.527864
0.320645 1400.308394 1150.546886 1631.181122 1058.571175 1719.484996 1048.081632 1743.500330
0.332727 1473.488456 1210.674422 1716.426584 1113.892063 1809.345215 1102.854338 1834.615590
0.345265 1547.346829 1271.359283 1802.462192 1169.725725 1900.038354 1158.134735 1926.575402
0.358275 1621.638997 1332.400568 1889.003116 1225.887316 1991.264165 1213.739812 2019.075326
0.371776 1696.118604 1393.595859 1975.762383 1282.190603 2082.720138 1269.485181 2111.808627
0.385785 1770.540569 1454.743789 2062.454503 1338.450315 2174.105330 1325.187407 2204.470158
0.400322 1844.664108 1515.646521 2148.798996 1394.484430 2265.124076 1380.666272 2296.760125
0.415407 1918.255587 1576.112093 2234.523706 1450.116331 2355.489487 1435.746908 2388.387633
0.431060 1991.091137 1635.956564 2319.367855 1505.176783 2444.926668 1490.261758 2479.073945
0.447304 2062.958979 1695.005929 2403.084747 1559.505691 2533.175568 1544.052312 2568.555381
0.464159 2133.661424 1753.097760 2485.444101 1612.953611 2619.993440 1596.970609 2656.585802
0.481649 2203.016517 1810.082554 2566.233960 1665.382992 2705.156852 1648.880459 2742.938657
0.499799 2270.859300 1865.824777 2645.262171 1716.669134 2788.463250 1699.658398 2827.408560
0.518632 2337.042716 1920.203601 2722.357430 1766.700867 2869.732055 1749.194360 2909.812413
0.538175 2401.438138 1973.113341 2797.369905 1815.380957 2948.805325 1797.392071 2989.990066
0.558455 2463.935567 2024.463616 2870.171457 1862.626246 3025.547984 1844.169200 3067.804558
0.579498 2524.443498 2074.179245 2940.655499 1908.367565 3099.847675 1889.457261 3143.141962
0.601335 2582.888526 2122.199913 3008.736521 1952.549420 3171.614258 1933.201311 3215.910880
0.623994 2639.214689 2168.479641 3074.349335 1995.129506 3240.779017 1975.359465 3286.041634
0.647508 2693.382618 2212.986081 3137.448080 2036.078063 3307.293608 2015.902256 3353.485207
0.671907 2745.368523 2255.699687 3198.005045 2075.377107 3371.128820 2054.811880 3418.211979
0.697226 2795.163054 2296.612776 3256.009338 2113.019568 3432.273172 2092.081336 3480.210308
0.723499 2842.770076 2335.728526 3311.465463 2149.008370 3490.731410 2127.713520 3539.485008
0.750762 2888.205399 2373.059923 3364.391834 2183.355464 3546.522945 2161.720263 3596.055761
0.779052 2931.495476 2408.628705 3414.819266 2216.080846 3599.680263 2194.121365 3649.955505
0.808408 2972.676120 2442.464295 3462.789476 2247.211590 3650.247337 2224.943629 3701.228829
0.838870 3011.791239 2474.602772 3508.353614 2276.780890 3698.278087 2254.219922 3749.930404
0.870480 3048.891631 2505.085872 3551.570851 2304.827144 3743.834885 2281.988262 3796.123475
0.903282 3084.033827 2533.960042 3592.507037 2331.393089 3786.987149 2308.290960 3839.878429
0.937319 3117.279015 2561.275559 3631.233452 2356.524980 3827.810015 2333.173816 3881.271451
0.972639 3148.692045 2587.085705 3667.825635 2380.271840 3866.383114 2356.685365 3920.383284
1.009290 3178.340514 2611.446020 3702.362329 2402.684770 3902.789449 2378.876202 3957.298092
1.047322 3206.293939 2634.413622 3734.924513 2423.816323 3937.114385 2399.798359 3992.102430
1.086787 3232.623019 2656.046601 3765.594542 2443.719942 3969.444734 2419.504750 4024.884323
1.127740 3257.398980 2676.403477 3794.455384 2462.449472 3999.867955 2438.048686 4055.732453
1.170235 3280.692996 2695.542731 3821.589949 2480.058718 4028.471449 2455.483439 4084.735439
1.214332 3302.575701 2713.522397 3847.080516 2496.601074 4055.341945 2471.861875 4111.981225
1.260090 3323.116756 2730.399713 3871.008232 2512.129203 4080.564987 2487.236133 4137.556546
1.307573 3342.384500 2746.230828 3893.452702 2526.694764 4104.224486 2501.657362 4161.546488
1.356845 3360.445646 2761.070555 3914.491639 2540.348191 4126.402365 2515.175495 4184.034116
1.407973 3377.365048 2774.972183 3934.200591 2553.138511 4147.178259 2527.839073 4205.100178
1.461028 3393.205508 2787.987310 3952.652712 2565.113198 4166.629284 2539.695101 4224.822868
1.516083 3408.027631 2800.165733 3969.918599 2576.318066 4184.829859 2550.788939 4243.277643
1.573212 3421.889719 2811.555353 3986.066167 2586.797191 4201.851574 2561.164225 4260.537093
1.632493 3434.847698 2822.202124 4001.160564 2596.592850 4217.763106 2570.862817 4276.670854
1.694009 3446.955081 2832.150013 4015.264125 2605.745496 4232.630162 2579.924768 4291.745553
1.757842 3458.262948 2841.440989 4028.436352 2614.293743 4246.515466 2588.388309 4305.824787
1.824081 3468.819955 2850.115029 4040.733921 2622.274373 4259.478764 2596.289858 4318.969138
1.892816 3478.672354 2858.210137 4052.210713 2629.722351 4271.576851 2603.664033 4331.236194
1.964141 3487.864039 2865.762377 4062.917857 2636.670858 4282.863625 2610.543686 4342.680606
2.038154 3496.436593 2872.805914 4072.903791 2643.151329 4293.390147 2616.959941 4353.354147
2.114955 3504.429349 2879.373068 4082.214335 2649.193499 4303.204717 2622.942238 4363.305794
2.194651 3511.879467 2885.494370 4090.892775 2654.825458 4312.352963 2628.518390 4372.581810
2.277350 3518.822002 2891.198622 4098.979945 2660.073708 4320.877932 2633.714633 4381.225842
2.363165 3525.289987 2896.512966 4106.514325 2664.963218 4328.820185 2638.555693 4389.279022
2.452213 3531.314518 2901.462950 4113.532136 2669.517496 4336.217904 2643.064842 4396.780062
2.544617 3536.924832 2906.072599 4120.067439 2673.758646 4343.106996 2647.263966 4403.765371
2.640503 3542.148403 2910.364484 4126.152234 2677.707434 4349.521190 2651.173624 4410.269150
2.740003 3547.011014 2914.359791 4131.816558 2681.383353 4355.492152 2654.813118 4416.323505
2.843251 3551.536854 2918.078394 4137.088585 2684.804687 4361.049580 2658.200550 4421.958551
2.950391 3555.748589 2921.538917 4141.994721 2687.988573 4366.221309 2661.352886 4427.202512
3.061567 3559.667453 2924.758805 4146.559699 2690.951061 4371.033412 2664.286018 4432.081824
3.176933 3563.313321 2927.754390 4150.806671 2693.707176 4375.510294 2667.014822 4436.621232
3.296646 3566.704785 2930.540946 4154.757295 2696.270973 4379.674785 2669.553214 4440.843887
3.420870 3569.859231 2933.132759 4158.431823 2698.655594 4383.548233 2671.914205 4444.771434
3.549775 3572.792904 2935.543177 4161.849179 2700.873321 4387.150587 2674.109957 4448.424101
3.683537 3575.520982 2937.784671 4165.027043 2702.935627 4390.500485 2676.151828 4451.820785
3.822340 3578.057636 2939.868882 4167.981922 2704.853226 4393.615326 2678.050424 4454.979130
3.966373 3580.416093 2941.806681 4170.729225 2706.636115 4396.511353 2679.815646 4457.915605
4.115834 3582.608694 2943.608205 4173.283325 2708.293623 4399.203720 2681.456731 4460.645575
4.270926 3584.646948 2945.282913 4175.657632 2709.834454 4401.706560 2682.982292 4463.183371
4.431863 3586.541589 2946.839622 4177.864648 2711.266719 4404.033053 2684.400365 4465.542357
4.598864 3588.302622 2948.286554 4179.916027 2712.597981 4406.195483 2685.718436 4467.734989
4.772158 3589.939369 2949.631368 4181.822630 2713.835290 4408.205299 2686.943484 4469.772875
4.951983 3591.460517 2950.881202 4183.594574 2714.985210 4410.073167 2688.082010 4471.666831
5.138583 3592.874157 2952.042702 4185.241284 2716.053860 4411.809022 2689.140069 4473.426930
5.332215 3594.187823 2953.122060 4186.771538 2717.046933 4413.422116 2690.123302 4475.062553
5.533143 3595.408531 2954.125040 4188.193507 2717.969734 4414.921064 2691.036959 4476.582436
5.741642 3596.542811 2955.057008 4189.514799 2718.827199 4416.313883 2691.885928 4477.994709
5.957999 3597.596741 2955.922958 4190.742494 2719.623924 4417.608040 2692.674758 4479.306940
6.182508 3598.575979 2956.727537 4191.883181 2720.364184 4418.810478 2693.407682 4480.526172
6.415476 3599.485786 2957.475069 4192.942991 2721.051958 4419.927660 2694.088641 4481.658958
6.657224 3600.331060 2958.169578 4193.927627 2721.690948 4420.965600 2694.721299 4482.711394
6.908081 3601.116355 2958.814807 4194.842396 2722.284596 4421.929890 2695.309065 4483.689151
7.168391 3601.845908 2959.414235 4195.692232 2722.836106 4422.825731 2695.855109 4484.597505
7.438510 3602.523657 2959.971100 4196.481724 2723.348455 4423.657963 2696.362381 4485.441360
7.718807 3603.153268 2960.488413 4197.215141 2723.824413 4424.431083 2696.833623 4486.225278
8.009667 3603.738147 2960.968971 4197.896450 2724.266555 4425.149275 2697.271384 4486.953501
8.311487 3604.281461 2961.415379 4198.529342 2724.677276 4425.816428 2697.678035 4487.629971
8.624680 3604.786154 2961.830054 4199.117245 2725.058802 4426.436157 2698.055780 4488.258356
8.949674 3605.254964 2962.215246 4199.663348 2725.413201 4427.011824 2698.406668 4488.842063
9.286915 3605.690434 2962.573045 4200.170616 2725.742398 4427.546553 2698.732602 4489.384260
9.636864 3606.094931 2962.905395 4200.641803 2726.048179 4428.043247 2699.035354 4489.887892
10.000000 3606.470651 2963.214101 4201.079469 2726.332207 4428.504606 2699.316567 4490.355694
