0.001000 48285.782514 8262.704943 456101.557254 3179.337915 1341364.708785 1617.652156 2160484.066073
0.001038 47500.908660 8215.745407 441927.614388 3175.032948 1298689.099328 1614.851576 2082277.165562
0.001077 46728.783012 8178.582388 430097.672725 3170.731012 1253719.812000 1612.055496 2006898.954951
0.001117 45969.198053 8141.562799 417228.465374 3166.432027 1208983.435245 1609.263916 1934247.127175
0.001159 45340.882173 8104.685328 404153.400214 3162.135900 1165843.098985 1606.476837 1864223.072004
0.001203 44695.959808 8060.788383 390613.308202 3155.488097 1124241.894125 1603.694216 1796731.754014
0.001248 44148.804568 8012.205788 377526.871469 3152.908656 1084124.912687 1600.916055 1731681.567822
0.001296 43445.350335 7976.311168 364878.853487 3149.263694 1045439.183645 1598.142332 1668984.224675
0.001344 42752.998237 7945.301971 352654.590117 3143.518845 1009678.554679 1595.373048 1608554.628256
0.001395 42071.571097 7914.378952 342164.370230 3132.124409 980351.906006 1592.608198 1550310.761489
0.001448 41412.217928 7867.949480 334091.510062 3120.769443 951870.453273 1589.847759 1494173.572918
0.001502 40790.531240 7801.125593 326635.467928 3109.453773 924209.797807 1587.091712 1440066.869090
0.001559 40178.115551 7754.301914 317616.659634 3098.177223 893301.169606 1584.340070 1387917.215439
0.001617 39643.604397 7736.991294 309828.453900 3086.939620 862656.505534 1581.592822 1337653.831030
0.001678 39134.603831 7719.841067 302229.448490 3075.740795 833320.583927 1578.849944 1289208.496246
0.001742 38410.311346 7702.696985 294746.362511 3064.580566 808363.773265 1576.111433 1242515.459182
0.001807 37818.407891 7672.742201 285346.683521 3053.458764 782119.111229 1573.377302 1197511.345342
0.001875 37171.924789 7637.585796 277767.154406 3043.439628 754371.245494 1570.647531 1154135.073575
0.001946 36488.316753 7607.536683 271405.120994 3034.396189 727607.655365 1567.922119 1112327.771289
0.002019 36139.352002 7577.275803 263744.053274 3027.971030 701793.435295 1565.201075 1072032.696183
0.002095 35606.386671 7554.949071 255871.348542 3025.231812 676894.919114 1562.484383 1033195.157814
0.002174 35174.244647 7519.458804 248233.077140 3022.489220 652879.632146 1559.772061 995762.444270
0.002256 34747.234999 7500.990620 240799.610420 3019.743095 630026.668306 1557.064104 959683.750214
0.002341 34325.294572 7480.212198 234458.823047 3016.993276 608400.767049 1554.360522 924910.108480
0.002430 33743.746464 7459.446780 228284.506238 3014.239600 587515.720214 1551.661323 891394.322800
0.002521 33127.178432 7430.192379 222272.275826 3011.481900 567346.156138 1548.966522 859090.904034
0.002616 32510.961754 7400.514445 216417.861676 3008.720011 547867.572455 1546.276128 827956.009200
0.002715 32123.176870 7369.727380 211247.392109 3005.953763 529056.306428 1543.590159 797947.380823
0.002817 31855.101559 7360.038042 205165.960443 3003.182989 510889.506262 1540.908638 769024.290072
0.002923 31455.077580 7327.175533 199760.481125 3000.407518 493345.103065 1538.231590 741147.481711
0.003033 31033.058127 7282.371807 194390.229384 2997.627180 476401.784319 1535.559044 714279.120628
0.003148 30515.780329 7253.459059 189371.264130 2994.841806 460038.967850 1532.891028 688382.740312
0.003266 30006.919500 7241.922700 184380.145824 2992.051226 444236.776866 1530.227584 663423.193619
0.003389 29506.335685 7230.318772 180576.792080 2989.255272 428976.015761 1527.568756 639366.604972
0.003517 29013.891266 7173.712001 177767.374095 2986.453778 414238.146842 1524.914587 616180.324390
0.003650 28529.450925 7135.833072 174903.410351 2983.646580 400005.267739 1522.265137 593832.883222
0.003787 28052.881604 7106.657631 169192.098335 2980.833518 386260.089745 1519.620465 572293.951275
0.003930 27842.129583 7064.749483 163667.458977 2978.014435 372985.916774 1516.980638 551534.295916
0.004078 27405.259399 7000.249203 158323.395033 2975.189179 360166.625008 1514.345735 531525.742289
0.004232 26922.985566 6954.851169 156705.222624 2972.357606 347786.643443 1511.715839 512241.134982
0.004391 26525.233324 6936.838717 153331.095350 2969.519575 335830.934834 1509.091044 493654.301295
0.004557 26229.591322 6875.118117 149306.895652 2966.674956 324284.977507 1506.471453 475740.015749
0.004728 25821.612078 6811.444162 146188.345632 2963.823627 313936.471304 1503.857182 458473.965727
0.004906 25528.981057 6753.823816 141939.173538 2960.965479 304963.755573 1501.248356 441832.718646
0.005091 25156.587233 6685.879673 139007.181647 2958.100412 296241.584933 1498.645114 425793.690037
0.005283 24830.403063 6656.317838 135625.180865 2955.228343 287378.038226 1496.047609 410335.113020
0.005482 24434.351168 6654.578420 131606.752728 2952.349203 276917.167643 1493.456006 395436.008658
0.005689 24134.671174 6627.098478 127449.644287 2949.462940 266836.423314 1490.870491 381076.157610
0.005903 23838.397787 6590.762828 123986.256977 2946.569525 257122.019973 1488.291263 367957.094045
0.006126 23436.846057 6531.105801 119865.315188 2943.668950 248411.564379 1485.718541 356487.519578
0.006356 23002.324711 6470.803547 116918.448125 2939.990669 240491.416347 1483.152564 345367.102007
0.006596 22687.965608 6418.747966 113932.485540 2921.503022 232822.330039 1480.593593 334585.228904
0.006844 22357.134208 6354.350328 110644.047298 2903.137862 225314.355817 1478.041912 324131.613176
0.007102 22058.736881 6293.281792 107076.512304 2900.801286 217411.222364 1475.497832 313996.283209
0.007370 21739.493869 6235.222826 103623.611413 2898.510840 211243.376508 1472.961690 304169.573313
0.007648 21466.067807 6195.939048 100561.473701 2896.218110 204501.701154 1470.433851 294642.114466
0.007936 21087.429446 6185.290773 98915.326550 2893.923503 197973.871612 1467.914716 285404.825331
0.008235 20771.440895 6144.700661 96689.208653 2891.627481 194401.405447 1465.404718 276448.903558
0.008545 20460.155398 6085.923127 94653.837775 2889.330567 187519.583897 1462.904327 267765.817353
0.008867 20234.869779 6063.009693 91391.023640 2887.033350 180880.201819 1460.414053 259347.297297
0.009201 19962.042214 6040.626498 88216.978025 2883.613840 175015.978990 1457.934451 251185.328429
0.009548 19692.773081 6018.172865 85930.665275 2870.129589 170610.670612 1455.466121 243272.142558
0.009908 19427.019123 5989.189539 83200.844783 2856.722814 164579.206927 1453.009714 235600.210827
0.010281 19190.423891 5958.458548 80583.239664 2843.394473 158761.479118 1450.565936 228162.236489
0.010669 18905.888524 5942.840454 78577.881682 2830.145626 153149.966536 1448.135550 220951.147919
0.011071 18571.893968 5896.050706 76862.451494 2816.977439 147800.875801 1445.719383 213960.091830
0.011488 18185.037426 5860.136385 74774.845068 2799.705463 143073.662939 1443.318330 207182.426705
0.011921 17806.291633 5834.705836 72851.869766 2778.556879 138496.833051 1440.933360 200611.716425
0.012370 17551.286582 5778.578034 71036.049086 2770.820929 134065.662505 1438.565519 194241.724099
0.012836 17300.935713 5737.047535 68845.286059 2765.138865 130913.195194 1436.215940 187564.986515
0.013320 17035.872682 5683.908643 66447.049150 2752.395843 126218.672454 1433.885847 180771.526841
0.013822 16696.892362 5658.403997 64596.703943 2738.140174 121693.316684 1431.576564 174220.318276
0.014343 16440.097430 5618.928527 62898.730723 2719.875372 117708.297026 1429.289519 167902.820028
0.014883 16143.193686 5586.626706 61161.317078 2701.769580 113939.700557 1427.026256 161810.796234
0.015444 15993.556104 5561.859843 59555.556484 2683.824567 110291.437894 1424.788444 155936.305214
0.016026 15771.065153 5537.150154 57738.659238 2666.042300 106759.750120 1422.577883 150271.689115
0.016630 15502.183456 5502.867004 56329.093990 2648.424958 103340.999522 1420.396518 144875.914890
0.017256 15237.817493 5463.760010 55053.439674 2630.974946 100031.665829 1418.246446 141528.494850
0.017907 14977.904994 5402.009166 53901.078220 2613.694911 96514.934491 1416.129934 138142.335381
0.018581 14793.904314 5380.714007 52396.052093 2596.587761 93083.296253 1414.049424 134725.076653
0.019281 14536.657103 5338.735769 50887.140198 2579.656679 89774.895344 1412.007555 131284.641355
0.020008 14224.294646 5290.111794 49295.534209 2562.905146 86585.412100 1410.007170 127187.093324
0.020762 13985.587124 5241.981394 47971.090349 2546.336958 83510.682212 1408.051338 123070.669601
0.021544 13824.516118 5204.873253 46397.017625 2529.956253 80546.691295 1406.143368 119081.651328
0.022356 13673.502421 5169.187269 44926.436016 2513.767529 77689.569639 1404.286830 115216.287443
0.023199 13468.660613 5133.855915 43868.850994 2512.107953 74935.587153 1402.485572 111470.945799
0.024073 13208.493781 5098.888217 42648.672526 2511.493047 72516.556289 1400.743743 107842.109611
0.024980 13022.330402 5064.294032 41373.858427 2510.926939 70740.320982 1399.065817 104326.374022
0.025921 12822.019972 5031.387021 40137.781622 2510.416489 69005.265086 1397.456616 102394.275904
0.026898 12667.046973 5009.913819 39023.210544 2509.969187 67310.559839 1395.921339 100428.020042
0.027911 12514.515669 4988.567815 37777.524294 2509.593202 65558.192133 1394.465591 97377.394922
0.028963 12382.387741 4952.087899 36798.265136 2502.395121 63738.783584 1393.095412 94199.492194
0.030055 12283.951809 4909.181836 35907.664034 2489.478943 62040.064857 1391.817312 91084.763130
0.031187 12118.514628 4889.120868 34703.895966 2476.798527 60358.048539 1390.638310 88037.571914
0.032362 11930.694388 4861.575438 33567.711787 2464.364688 58694.114645 1389.565968 85061.674438
0.033582 11769.951279 4847.985640 32650.761925 2456.472952 57049.698799 1388.608438 82160.221226
0.034847 11624.527536 4833.983044 31797.434650 2457.464425 55426.277481 1387.774505 79335.770046
0.036160 11470.936243 4797.392764 30790.741126 2455.395074 53825.352149 1387.073641 76590.307164
0.037523 11246.214179 4757.859561 29955.578071 2447.050955 52181.770027 1386.516050 73925.275996
0.038937 11052.174366 4723.048605 29146.738799 2439.006758 50697.019663 1386.112735 71341.611839
0.040404 10833.800532 4695.108102 28254.851039 2434.773680 49172.588263 1385.875555 68839.781318
0.041927 10617.043938 4666.320521 27382.936149 2429.131290 47676.570124 1385.817292 66419.825200
0.043507 10478.285390 4630.590848 26636.885518 2419.035819 46091.698250 1385.951729 64081.403251
0.045146 10363.066180 4599.101475 25787.846786 2419.191233 44552.744707 1386.293723 61823.839944
0.046847 10136.613392 4566.957662 25081.461816 2419.662540 43071.886283 1386.859295 59646.169913
0.048612 9976.802628 4551.574132 24341.972695 2420.477218 41647.244223 1387.665723 57547.182204
0.050444 9839.042562 4542.841713 23682.596104 2421.664950 40277.012707 1388.731640 55525.462526
0.052345 9668.339839 4514.758851 22986.891274 2423.257796 38993.687989 1390.077142 53579.432877
0.054317 9502.326412 4502.517374 22251.815761 2425.138020 37845.952157 1391.723914 51707.388047
0.056364 9356.931300 4508.824531 21510.187887 2427.543704 36607.315923 1393.695350 49919.989225
0.058488 9184.370070 4496.580355 20910.853250 2430.827384 35416.532679 1396.016698 48279.092246
0.060692 9039.562446 4475.120151 20291.221448 2434.415802 34272.142545 1398.715211 46695.747397
0.062979 8945.978521 4461.247970 19727.875918 2438.612479 33228.825224 1401.820314 45168.475239
0.065352 8830.251475 4425.849115 19184.678825 2441.638113 32139.969950 1405.363782 43695.846379
0.067815 8704.437532 4423.262390 18661.193907 2441.528379 31096.107865 1409.379938 42276.479926
0.070370 8581.837704 4382.408773 18188.761989 2447.025775 30131.326782 1413.905868 40909.041995
0.073022 8485.151086 4371.388027 17719.607660 2453.475448 29218.047025 1418.981656 39592.244269
0.075774 8442.574098 4357.942812 17280.063272 2460.949246 28316.157414 1424.650637 38324.842622
0.078629 8366.601960 4344.279233 16892.520167 2469.524779 27449.668210 1430.959681 37105.635800
0.081592 8240.382042 4318.137277 16402.430936 2479.285909 26667.970856 1437.959495 35933.464163
0.084666 8115.157388 4312.795187 16006.877060 2490.323285 25850.045752 1445.704961 34807.208492
0.087857 8033.816180 4309.321126 15673.081920 2502.734938 25098.531821 1454.255504 33725.788862
0.091167 7984.482136 4315.014980 15311.158393 2516.626920 24384.523701 1463.675491 32688.163577
0.094603 7910.798189 4331.858629 14998.863071 2532.114014 23709.523370 1474.034677 31693.328182
0.098168 7810.623277 4330.542565 14702.980863 2549.320504 23099.593644 1485.408692 30740.314539
0.101867 7701.468412 4328.875238 14428.404620 2568.381026 22450.671014 1497.879569 29828.189986
0.105705 7645.385132 4318.320709 14113.318745 2589.441499 21847.318682 1511.536338 28956.056558
0.109688 7636.900067 4315.906017 13806.916315 2612.660146 21290.164684 1526.475668 28123.050305
0.113822 7609.852742 4327.423690 13576.697457 2634.998162 20709.857984 1542.802581 27328.340670
0.118111 7562.043795 4340.969184 13368.178765 2653.942862 20236.999054 1560.631234 26571.129961
0.122561 7558.979744 4358.425185 13196.836240 2675.258501 19793.230046 1580.085787 25850.652901
0.127180 7501.607893 4382.350933 12985.561970 2699.124207 19509.985040 1601.832337 25166.176260
0.131972 7481.760789 4402.047164 12819.309063 2725.733548 19125.441249 1627.436018 24634.197144
0.136945 7468.816980 4427.300047 12650.799286 2755.295759 18716.116319 1655.245347 24163.956024
0.142105 7446.920914 4447.241281 12501.294564 2788.037077 18417.711108 1685.451706 23724.649900
0.147460 7457.518879 4479.730366 12377.566069 2826.617993 18098.581066 1718.264487 23316.089279
0.153017 7477.909909 4531.378070 12298.883178 2872.933425 17802.230276 1753.912955 22938.127447
0.158783 7477.512917 4573.984042 12223.300104 2923.402625 17402.290929 1792.648311 22618.989072
0.164766 7520.041752 4627.887283 12165.055185 2978.373837 17081.313083 1834.745981 22326.513080
0.170975 7547.145455 4658.072814 12057.262353 3038.225639 16834.605111 1880.508173 22058.648067
0.177417 7554.146955 4737.749796 11955.113470 3100.990518 16614.189727 1930.266701 21815.508935
0.184103 7619.112335 4810.843914 11956.568851 3160.750920 16419.979954 1984.386140 21597.225664
0.191040 7681.599952 4877.175913 11882.353872 3226.813679 16313.654676 2043.267324 21403.943159
0.198239 7735.429007 4949.036878 11895.841288 3299.697860 16237.419548 2107.351233 21235.821036
0.205709 7821.107557 5030.169782 11924.600730 3379.971860 16189.145571 2177.123316 21093.033358
0.213460 7898.341380 5138.747758 11926.306437 3468.258462 16226.567732 2253.118296 20975.768293
0.221504 7990.329259 5248.180093 12013.503913 3565.240414 16215.792891 2335.925500 20884.227709
0.229851 8117.508794 5366.480874 12058.668738 3671.666579 16218.278635 2426.194786 20841.188299
0.238512 8220.537066 5492.228168 12171.230480 3788.358745 16274.305338 2524.643118 20925.486541
0.247499 8345.832837 5635.261861 12318.962822 3916.219117 16210.824853 2632.061864 21032.615891
0.256826 8534.207076 5797.676215 12399.710658 4052.977356 16346.283008 2749.324892 20999.770514
0.266503 8735.314795 5991.306949 12504.974083 4202.541800 16529.701877 2877.397549 20988.403313
0.276546 8939.882687 6206.509666 12685.638871 4369.924927 16751.068607 3017.346607 21120.774280
0.286967 9131.899637 6432.412540 12941.431094 4560.689382 16937.006752 3170.351281 21289.318080
0.297780 9364.960634 6660.935764 13146.133839 4780.172332 17082.283668 3337.715437 21494.942816
0.309001 9630.030162 6885.265692 13396.984648 5024.862874 17496.815657 3520.881082 21738.632370
0.320645 9917.245160 7129.291594 13649.050064 5220.869304 17686.185867 3721.443292 22021.447673
0.332727 10233.721373 7441.149110 14016.906245 5483.369318 18160.547185 3941.166707 22344.527766
0.345265 10581.889298 7747.366906 14382.590505 5770.464040 18603.480878 4182.003741 22709.090632
0.358275 10959.768195 8072.153904 14792.320140 6031.245213 19120.492442 4435.350062 23116.433781
0.371776 11379.658763 8428.130893 15174.924848 6375.253687 19768.725338 4667.058723 23567.934565
0.385785 11870.309989 8849.091855 15588.350898 6702.991356 20363.721089 4920.230809 24065.050205
0.400322 12334.648579 9255.646487 16152.287418 7111.533021 20993.512314 5196.841492 24648.776309
0.415407 12833.172820 9737.748622 16713.078470 7508.000299 21457.121104 5499.057595 25474.371411
0.431060 13363.598510 10235.796142 17344.293987 7972.434624 22169.181975 5829.255973 26301.568489
0.447304 13946.403650 10753.893514 18055.461498 8439.597090 22975.491408 6190.043599 26969.010951
0.464159 14668.202613 11319.611546 18755.625925 8925.099378 24096.215629 6584.279477 27686.312161
0.481649 15373.534357 11926.424227 19504.981965 9467.625347 25046.098451 7015.098565 28455.518402
0.499799 16111.138164 12566.429249 20472.738319 9997.116995 25817.217623 7531.013305 29278.718373
0.518632 16881.959747 13333.186309 21418.150714 10622.250260 26961.390742 8099.138388 30158.040195
0.538175 17741.084933 14055.802845 22455.816161 11336.058515 28273.005587 8719.999870 31596.885839
0.558455 18602.102030 14878.027416 23566.966827 12027.675720 29791.056909 9398.358450 33262.440607
0.579498 19657.070669 15736.057820 24760.837757 12646.634486 31132.998077 10109.396163 35044.085336
0.601335 20678.255685 16661.481077 26128.888502 13465.039869 32702.509358 10613.939856 36837.072189
0.623994 21778.222962 17601.860445 27558.525146 14271.332915 34172.988321 11389.662169 38315.810020
0.647508 23002.434413 18635.150604 29160.549450 15182.908658 35446.283598 12102.729711 39919.378995
0.671907 24307.074728 19736.208509 30865.632582 16060.393621 37351.159100 12791.831605 41965.486845
0.697226 25753.514997 20906.510012 32517.154171 17048.498731 39474.062980 13534.172319 44675.397543
0.723499 27326.490300 22095.983005 34302.411227 18078.908858 41257.520780 14333.571922 47687.360528
0.750762 28918.865142 23448.630967 36330.791205 19157.341591 43442.748426 15194.121239 50931.827150
0.779052 30603.912089 24718.893601 38511.430011 20213.054588 46119.510196 16120.198714 54307.166447
0.808408 32389.319178 26138.258096 40936.989849 21245.481465 48657.610386 17116.488127 57452.098136
0.838870 34492.653662 27558.145136 43175.349453 22433.756305 51798.165278 18187.997209 60786.407327
0.870480 36660.123466 29255.983732 45804.066024 23553.886120 54774.612365 19340.077173 64317.824637
0.903282 39001.632012 31050.421956 48687.198818 24999.630981 58640.350529 20578.443160 68053.990372
0.937319 41289.890162 32872.498211 51671.239891 26442.460223 62461.149325 21533.900504 72002.398302
0.972639 43940.231042 34666.298246 54814.814573 27557.098362 66708.290233 22022.172618 78327.795225
1.009290 46875.034825 36610.374840 58470.747548 29028.174925 71218.586685 22523.314559 85264.487242
1.047322 49697.159469 38663.108778 62001.526499 30601.156872 76010.489075 23037.349832 92568.362475
1.086787 52905.138660 40796.906096 66021.137869 32140.421999 80918.831884 23564.281550 99455.838154
1.127740 55917.666238 42937.554072 70412.940929 33520.193080 86482.558805 24299.786389 105903.412534
1.170235 59468.238447 45352.773373 74616.183281 35325.269668 92761.773681 25417.928077 111946.614715
1.214332 63147.821983 47822.893718 79256.477517 36778.973176 100014.514242 26567.927713 117617.394602
1.260090 66666.461050 50248.351804 84531.174538 38408.806488 105998.662949 27748.618661 124561.584938
1.307573 70397.506088 52797.313157 90147.844435 40238.169366 113904.132747 28958.726980 133932.333029
1.356845 74394.753844 55094.734968 96098.831723 42203.597402 122430.271514 30196.889300 145585.156624
1.407973 78606.657082 57734.183014 101666.835464 44274.244740 131426.240039 31461.672898 158267.549763
1.461028 82870.105802 60500.109260 107986.101550 46296.379102 141325.452679 32751.597530 172066.250148
1.516083 87500.030360 63316.877989 114294.244415 48114.333820 148668.842957 34065.158509 184386.678120
1.573212 92128.660358 66159.717560 120508.068803 49653.698033 158048.708968 35400.850432 197034.264258
1.632493 96823.179219 69493.153335 127252.114036 51774.603479 164906.580930 36757.190939 210463.932555
1.694009 101817.460057 72640.554906 134529.281188 53490.512572 174329.863271 38132.743827 224710.586965
1.757842 106488.507250 76081.381010 142768.095626 54815.137755 184330.842457 39526.140886 239809.247787
1.824081 111491.337706 78833.620523 150459.053503 56680.257577 195710.593339 40936.101824 255964.924639
1.892816 116449.420383 81278.605408 158308.412184 58591.850564 208743.726824 42127.563371 275629.968143
1.964141 121276.422173 84261.240543 166406.200533 60549.797126 219493.047976 42805.986648 294053.229329
2.038154 126677.187137 87371.989379 175029.651359 62553.928661 232446.696788 43459.881488 311320.314148
2.114955 131333.290460 90899.194980 184647.707495 64302.123077 248955.337948 44090.320351 329292.165245
2.194651 138068.459859 92855.257966 193123.142893 65405.866769 264842.885872 44698.303466 353924.369236
2.277350 143570.309152 96340.514908 201547.634612 67430.675490 282217.724777 45284.766034 380308.096579
2.363165 149055.113583 99596.693545 212536.707129 69079.233298 299013.343781 45850.584586 407846.748390
2.452213 155622.119847 102697.673918 221481.462634 70750.838809 315982.203128 46396.582622 437159.297417
2.544617 161862.331933 105084.440201 233158.072787 72230.756230 336231.873240 46923.535598 468334.806504
2.640503 167579.227638 107632.756495 244332.869782 73861.757229 359157.426206 47432.175345 501464.343184
2.740003 173365.689261 110599.089210 255165.397493 74900.796090 381337.422671 47923.193987 536640.751911
2.843251 178801.812713 112488.462022 266233.968844 75676.308314 404638.852909 48397.247416 573958.387832
2.950391 184192.607374 115175.680297 278341.051250 76557.695564 428221.183097 48854.958379 613512.809082
3.061567 190011.516687 117177.549263 290540.025712 77415.217181 446537.512652 49296.919221 654099.993753
3.176933 196046.996484 119372.731672 302043.498586 78579.337286 472923.176595 49723.694319 693058.178660
3.296646 201769.382625 121231.155788 314147.394262 79080.320293 507500.742471 50135.822260 730377.230546
3.420870 206263.764345 123523.965019 328683.975130 79851.151985 529053.144512 50533.817770 766131.623405
3.549775 211906.416406 125795.478645 342321.109695 80548.349638 560361.852379 50918.173446 800391.812040
3.683537 216787.200236 128045.887232 354938.544111 81165.522347 586664.411056 51289.361299 833224.514218
3.822340 222207.496882 129261.566486 367224.904865 81745.240601 603330.078382 51647.834135 864692.967514
3.966373 228082.723683 130590.382652 381140.038495 82426.421279 634157.013884 51994.026798 894857.163473
4.115834 234087.658794 132335.317657 399655.632921 83081.573103 651200.485984 52328.357281 923774.061413
4.270926 238835.885859 133848.843573 413870.032476 83711.708579 679107.953449 52651.227732 971054.238502
4.431863 242740.349683 135289.939606 426949.008796 84683.392961 714421.830253 52963.025358 1032740.538219
4.598864 248596.669303 136788.020441 442865.920519 85217.664154 754168.830592 53264.123243 1097472.294480
4.772158 253689.810410 138749.598617 459723.234260 85935.476055 795742.915105 53554.881095 1165337.551349
4.951983 256842.896592 139685.885432 473344.528910 86664.229467 839203.602079 53835.645917 1236425.031923
5.138583 261221.649349 141087.056859 489377.555523 87684.820389 874370.728015 53962.317221 1310824.335360
5.332215 266099.924717 142457.284013 509751.993572 88580.005364 911773.334978 54038.599231 1388626.129552
5.533143 270180.824265 144104.585546 524093.118107 88719.387416 936589.850746 54110.068893 1469922.328130
5.741642 275634.837843 145219.658136 533810.845774 88905.056305 971728.036509 54177.032982 1554806.240359
5.957999 281389.402047 146388.751200 548193.590384 89427.435803 1000072.494696 54239.778230 1643372.682786
6.182508 285993.976459 147641.581191 556801.244271 89935.463624 1035927.844841 54298.572699 1735718.042398
6.415476 290314.763803 148866.587730 572121.998222 90429.512607 1073644.588843 54353.667061 1829671.311523
6.657224 294619.730949 150064.355585 592878.506279 90909.946510 1125311.978567 54405.295772 1867069.076110
6.908081 298885.503556 150981.325731 613749.880119 91113.596334 1162869.353518 54453.678168 1902227.088271
7.168391 302052.211922 152181.852971 632452.430807 91296.633094 1178585.488513 54499.019480 1935280.593471
7.438510 307362.020026 153067.962066 641895.621762 91628.512691 1198546.263907 54541.511769 1966356.526738
7.718807 310100.859529 153386.482600 652994.961016 92702.503497 1217710.873621 54581.334804 1995574.041585
8.009667 312798.376532 153684.079633 670124.832052 93120.018653 1259884.263522 54618.656870 2076560.136623
8.311487 317195.074319 154090.876800 684025.680148 93759.931602 1286374.594103 54653.635528 2207681.302936
8.624680 322048.749674 154772.612121 695769.767819 94900.295060 1328197.917877 54686.418307 2340267.289478
8.949674 327223.879507 155148.973269 713821.563423 96003.895888 1377258.652143 54717.143369 2466131.867474
9.286915 331583.306842 155777.499534 730870.783837 96484.229534 1427203.873278 54745.940109 2585513.471427
9.636864 336191.265936 158401.967346 740212.966490 96561.678524 1482880.013631 54772.929728 2698748.210966
10.000000 340102.249580 159286.278505 753044.708078 96634.689244 1497495.517524 54798.225758 2806154.499033
