0.010000 -0.001372 -0.014190 0.013827 -0.019022 0.019942 -0.020283 0.038350
0.012068 -0.001225 -0.014085 0.014258 -0.018973 0.021587 -0.020864 0.044501
0.014563 -0.000944 -0.013828 0.014493 -0.018846 0.023797 -0.021618 0.052073
0.017575 -0.000292 -0.013567 0.015066 -0.018726 0.025953 -0.022594 0.060379
0.021210 0.000265 -0.013391 0.015982 -0.018615 0.029656 -0.023852 0.070945
0.025595 0.000678 -0.012841 0.016409 -0.018567 0.033950 -0.025467 0.085103
0.030888 0.001705 -0.012495 0.016972 -0.018670 0.039893 -0.027525 0.102345
0.037276 0.002957 -0.012007 0.018357 -0.018825 0.049337 -0.030130 0.122910
0.044984 0.004334 -0.011430 0.020912 -0.019235 0.061095 -0.033635 0.146417
0.054287 0.005946 -0.010874 0.025805 -0.020121 0.074637 -0.039599 0.173934
0.065513 0.008099 -0.010260 0.031979 -0.022582 0.089577 -0.046538 0.205712
0.079060 0.011344 -0.009318 0.041637 -0.025989 0.109372 -0.054486 0.241841
0.095410 0.015438 -0.009288 0.054702 -0.031367 0.136753 -0.063429 0.282194
0.115140 0.020723 -0.008552 0.071137 -0.039615 0.163633 -0.073294 0.326381
0.138950 0.028294 -0.008013 0.095284 -0.048173 0.199772 -0.083937 0.373727
0.167683 0.040868 -0.010000 0.122295 -0.058681 0.246541 -0.098871 0.423294
0.202359 0.056889 -0.011743 0.157791 -0.072838 0.306523 -0.116568 0.473942
0.244205 0.077297 -0.015484 0.198599 -0.087445 0.362724 -0.139104 0.527597
0.294705 0.102595 -0.019278 0.247518 -0.102516 0.424497 -0.157335 0.587913
0.355648 0.136027 -0.022725 0.297062 -0.119186 0.478475 -0.171508 0.641463
0.429193 0.171416 -0.028417 0.357893 -0.129994 0.540729 -0.184477 0.687245
0.517947 0.208152 -0.031580 0.422584 -0.137798 0.600172 -0.193662 0.742133
0.625055 0.241294 -0.034966 0.492394 -0.143819 0.667909 -0.201935 0.793258
0.754312 0.270418 -0.038766 0.550522 -0.153727 0.720399 -0.207887 0.844062
0.910298 0.291437 -0.040400 0.596383 -0.161321 0.777092 -0.212085 0.883720
1.098541 0.310885 -0.041253 0.643207 -0.167397 0.822501 -0.213985 0.914998
1.325711 0.320548 -0.043480 0.677869 -0.172877 0.858341 -0.215005 0.937496
1.599859 0.334595 -0.044512 0.697778 -0.176917 0.894336 -0.215657 0.953388
1.930698 0.339232 -0.044891 0.718075 -0.180186 0.917832 -0.216072 0.964471
2.329952 0.344817 -0.045104 0.733069 -0.180766 0.930393 -0.216336 0.973954
2.811769 0.348201 -0.045150 0.745486 -0.181274 0.940690 -0.217111 0.980713
3.393222 0.350866 -0.045260 0.754836 -0.182140 0.944929 -0.218625 0.984623
4.094915 0.352772 -0.045341 0.760799 -0.183424 0.953201 -0.219645 0.986874
4.941713 0.353824 -0.045399 0.769031 -0.183701 0.954463 -0.220330 0.988166
5.963623 0.354544 -0.045441 0.771176 -0.183770 0.956859 -0.220789 0.988907
7.196857 0.355036 -0.045472 0.773275 -0.185332 0.960032 -0.221096 0.989331
8.685114 0.355373 -0.045495 0.774945 -0.187355 0.962342 -0.221207 0.989574
10.481131 0.355602 -0.045511 0.775258 -0.187706 0.963665 -0.221235 0.989713
12.648552 0.355740 -0.045522 0.775450 -0.187708 0.965243 -0.221254 0.989793
15.264180 0.355776 -0.045531 0.775567 -0.187709 0.965544 -0.221266 0.989838
18.420700 0.355798 -0.045537 0.775639 -0.187709 0.966771 -0.221275 0.989864
22.229965 0.355813 -0.045541 0.775683 -0.187710 0.967237 -0.221280 0.989879
26.826958 0.355822 -0.045545 0.775710 -0.187710 0.967575 -0.221284 0.989888
32.374575 0.355828 -0.045547 0.775727 -0.187710 0.967819 -0.221287 0.989892
39.069399 0.355831 -0.045549 0.775737 -0.187710 0.967997 -0.221288 0.989895
47.148664 0.355834 -0.045550 0.775814 -0.187710 0.968123 -0.221290 0.989897
56.898660 0.355835 -0.045551 0.775913 -0.187710 0.968218 -0.221290 0.989898
68.664885 0.355836 -0.045551 0.775985 -0.187710 0.968286 -0.221291 0.989898
82.864277 0.355837 -0.045552 0.776037 -0.187710 0.968334 -0.221291 0.989899
100.000000 0.355837 -0.045552 0.776074 -0.187710 0.968370 -0.221292 0.989899
