19464964312.303417 20.454397 0.865495 2.891219 5.672853 3.567799 56.123692
5164734845.567789 38.078169 0.500209 8.540907 3.916305 3.218269 43.596901
74107530990.161880 6.574521 0.142795 0.100796 1.608784 3.993705 67.141701
28769755109.819828 9.700079 0.274147 2.149270 1.894377 4.998709 52.890366
11238681948.103212 18.700023 0.352716 7.273527 1.315061 4.780296 45.568841
1397672688.338380 32.889075 0.530155 1.093676 5.460675 3.029831 26.909588
8021612299.842624 38.842762 0.806118 4.408996 2.086626 3.600163 50.815005
6670477310.142957 11.031077 0.070952 0.314331 1.476655 3.720400 33.450126
12597577951.041355 10.073279 0.735997 0.336540 6.849188 4.037253 40.499928
2489119832.447606 14.497144 0.102626 0.029213 3.311354 4.096006 25.751347
2290773618.476598 19.754334 0.595266 0.548553 11.783364 3.365674 27.233275
2476467922.586220 35.792185 0.464614 3.529128 17.262571 4.761442 33.449877
9048503247.244011 35.511716 0.632119 5.871670 5.947850 4.798135 51.390455
674551329.026781 30.211250 0.749472 0.316387 17.409322 4.543894 20.554050
4984815375.766574 25.543978 0.970189 2.162013 6.133606 4.355767 38.035068
97486704226.378891 9.472679 0.333231 8.622390 1.995855 3.251442 79.031499
1658311289.249603 29.844979 0.892301 0.224146 1.759192 3.067882 27.635749
76777115517.581924 10.225789 0.492554 2.738398 1.119011 4.038525 74.227383
18781840783.024612 14.282660 0.345514 4.882940 1.193861 3.096842 50.315365
23317708770.342701 13.922657 0.711773 2.271977 1.769054 4.052660 53.726312
11810961034.394159 13.338231 0.466397 0.772938 2.266836 3.611811 42.366578
8156513241.188964 31.251211 0.979422 2.532252 2.263173 4.539084 47.676738
8655975181.738575 13.576883 0.931818 0.683340 18.487320 4.453596 38.367840
10596381279.215090 13.074401 0.566674 0.728626 6.307746 3.710326 40.658417
37080899075.212654 22.062638 0.561891 9.990635 1.016083 4.639002 71.104648
1274613997.292410 33.799368 0.516144 1.160904 5.971949 3.052009 26.321763
965694899.949232 25.706238 0.982231 0.189084 3.651795 3.288400 22.049920
6343720435.763423 11.623550 0.552809 0.377638 8.889737 3.488185 33.301573
1617389624.269009 21.326472 0.360604 1.251820 2.134366 3.309079 24.785203
6205122509.441081 15.612690 0.305834 2.200654 18.147310 4.476971 35.598388
35817398309.969147 7.204559 0.386162 0.012963 1.265750 4.192830 53.566397
15807728665.664312 20.671909 0.719419 5.900898 3.804168 4.504589 52.520469
2843047118.775621 46.550852 0.748898 2.471287 1.989415 4.803846 38.169795
6703996031.157317 23.627042 0.731558 2.278323 1.550602 3.939513 41.020257
5976822574.235581 16.355215 0.167053 5.902053 1.134025 3.542963 35.593211
18763792764.339108 10.385649 0.313325 0.028607 1.864709 4.228629 46.570744
82111086732.528915 6.962970 0.916630 0.373679 1.397329 4.661577 70.190023
5773742971.839505 15.717241 0.442852 0.024208 3.601183 3.106719 34.814893
9153280240.474510 11.330507 0.279747 0.042402 1.512488 4.481126 37.404386
28343750048.229816 8.003192 0.704418 0.733034 1.224459 4.198316 50.556421
4025318857.990383 14.524343 0.031025 0.237385 8.116827 4.805077 30.240889
6435466933.118734 11.940136 0.408299 0.104970 3.194743 4.070084 33.676728
1602361894.577204 39.340348 0.938574 0.997393 8.904597 4.961687 29.827817
27777677388.995037 21.335437 0.964705 4.046378 1.509206 4.883330 63.954649
87847370732.542938 5.496440 0.034244 0.259152 1.659294 3.421074 69.016578
30533678057.766331 32.925351 0.747694 8.224462 2.973110 4.123618 75.251644
50341265428.999519 7.775552 0.944350 0.427468 1.120237 3.012166 60.879406
4180503023.925639 49.624951 0.944193 2.286725 2.131207 3.719272 44.345230
645780930.884781 45.412806 0.162782 1.976737 2.353721 4.108394 23.097880
3438057683.612054 15.657677 0.382387 0.127686 1.805129 4.861095 29.260462
4677075391.467488 22.551631 0.907239 1.222122 3.632337 4.808657 35.887508
20682889265.822502 9.931188 0.987774 0.781448 2.281798 4.386340 47.627350
3191203965.274760 15.382644 0.081112 0.131056 1.583229 3.459085 28.409778
1796919286.607342 19.387018 0.873664 0.486517 1.148511 4.984702 24.983486
293460610626.819458 4.515690 0.523946 0.747862 1.371205 4.362855 100.428489
2147238298.043268 25.508570 0.782222 1.192233 2.070892 3.412980 28.713127
86979642703.071259 7.885930 0.612772 1.315872 1.069856 4.291166 73.254124
2446266805.703388 24.077408 0.129869 4.041620 2.409705 4.000013 29.476709
13409845841.284939 12.681489 0.808097 0.683298 2.083532 4.062609 43.648066
5562072032.577304 20.405347 0.351843 4.713899 1.235852 4.411703 36.941140
24030204309.587696 35.087887 0.815135 8.683450 2.471716 4.124259 70.894101
9024264156.912716 16.488114 0.385325 3.743783 11.509790 3.393699 40.921954
1808393964.362853 37.187733 0.980187 1.099788 7.521063 4.944027 30.494283
7576443934.905905 13.898848 0.883105 0.029090 4.834136 4.749679 36.919692
1073095154.828378 40.177814 0.370101 2.336016 11.373465 3.893902 26.276150
26673747178.170395 8.360219 0.693590 0.271064 12.650779 4.113969 49.978960
10994080924.330841 10.558774 0.890028 0.047658 5.786392 4.262678 39.116230
1333353572.056145 49.662888 0.965903 1.172381 2.703155 4.726007 30.306164
12424101173.472906 10.932403 0.345790 0.710731 1.455103 4.026197 41.070380
5127299012.793117 12.411455 0.214608 0.558479 5.998208 4.500167 31.513702
168814839634.396973 3.537162 0.016346 0.016512 4.215532 3.316055 81.421223
3532592842.301608 21.971819 0.688142 0.793980 2.027053 3.750694 32.435908
1464645073.426890 43.984003 0.923673 1.086684 4.267376 4.213671 30.027193
6051929212.712590 26.700759 0.956133 2.603054 2.261157 3.020877 41.121210
5014164661.389927 36.412618 0.880931 2.260156 1.258706 4.304144 42.551045
11632887501.281414 11.323329 0.616138 0.915457 2.123984 3.612214 40.509926
156204489046.729340 6.277106 0.898950 0.873345 1.393413 4.580320 85.406222
3206552673.679970 35.900777 0.858278 1.642691 3.212024 3.955289 36.493696
7873614809.633022 15.311166 0.126042 1.040589 1.144229 3.183561 38.342184
310596029441.811035 4.454749 0.262142 0.837312 1.070128 3.962251 102.176858
3040905144.949739 46.149006 0.455094 5.520218 10.788085 4.535889 38.922745
3010788057.007745 22.053880 0.450923 1.312129 1.956944 4.199080 30.786330
5689022698.170722 11.494996 0.046064 0.037695 3.869449 4.770871 32.029602
5660037819.146357 35.663342 0.780459 2.506882 11.550607 3.933825 44.010401
19910898517.763153 28.252656 0.910040 4.280296 1.116173 4.843498 62.221658
3452901683.258281 19.642934 0.934006 0.333882 5.807735 4.917702 31.175087
5345150008.422343 11.692495 0.697332 0.096669 12.545364 3.444077 31.497834
108311467537.092407 12.935651 0.537809 5.937558 1.820163 4.625380 88.004938
2683525508.487000 15.201109 0.121812 0.288062 16.616813 4.319732 26.732115
47659610227.726067 8.292569 0.194386 3.079056 2.409542 3.903657 60.547254
5928739037.076520 32.383753 0.593669 5.746424 6.371937 3.337652 43.348493
11933372119.587120 9.692910 0.036126 0.097565 2.566108 4.845882 39.438028
2432131718.013879 41.656365 0.303559 9.855287 1.604172 3.566910 34.926014
1941297668.963666 20.618566 0.189408 0.642651 6.268175 3.517035 26.086496
2595990320.441807 16.696274 0.200185 0.072441 4.557237 4.973655 27.105144
4846706336.073997 28.559812 0.393287 7.640233 1.480203 3.334872 38.979330
2743885593.015465 23.121021 0.904660 0.894944 1.575230 3.716523 30.262823
5572273789.386055 48.642954 0.905320 3.435619 1.673110 4.426246 48.476210
1062265424.256675 49.700440 0.904018 0.725114 4.695384 4.045734 28.102014
7537970343.692120 9.340381 0.825244 0.015491 6.119868 4.460085 33.567356
7470147632.307575 11.160104 0.994369 0.214860 11.199309 4.937202 34.830923
76012343708.910141 6.742663 0.519877 0.666558 1.746889 4.217507 68.013643
1880264386.652664 19.149494 0.776141 0.143871 8.580085 4.468743 25.276384
40025926716.000099 6.568472 0.073999 0.292750 4.538366 4.263980 54.669992
2266481512.223883 16.509797 0.601909 0.024612 6.181726 4.971905 25.827935
555564713.688814 35.313296 0.333127 0.431279 1.609515 4.654538 20.237517
2055097190.379287 34.841416 0.869015 1.209562 19.332912 3.035332 31.164388
7995800475.358054 11.608955 0.660465 0.314041 1.203247 3.657429 35.961779
29011477172.922935 6.309243 0.042872 1.257226 4.104728 3.713055 48.770362
4234845110.284965 45.677809 0.560696 7.525782 5.677312 3.029095 43.317526
3915903764.894806 39.829599 0.882255 2.741354 5.750354 3.369767 40.339132
1670914242.992683 48.128872 0.754557 2.818951 2.327338 4.609343 32.331107
1508586423.049156 45.545639 0.971230 1.354877 8.205522 4.520226 30.677672
56090788431.097656 6.745348 0.031449 0.767350 1.364028 4.100105 61.465187
70043877160.968475 6.947816 0.112443 5.662840 2.020711 3.181717 66.541596
2397910807.055779 39.142463 0.999910 0.860184 7.260352 4.324777 34.061736
136202889708.914612 5.056363 0.078568 1.347833 1.274831 3.034532 78.918637
17039195084.083630 13.771672 0.894234 1.037602 2.175418 4.993792 48.258499
1831381212.728847 23.539743 0.881234 0.247460 16.678673 4.108365 26.587208
4580105345.765512 12.616967 0.624367 0.347483 2.677832 3.216121 30.472296
23749213799.763557 8.029908 0.727128 0.600134 2.310224 3.180563 47.693654
9057253563.647503 10.427465 0.061361 0.024937 3.667270 3.245315 36.565132
1519384721.700650 38.063627 0.351880 8.111204 2.173823 3.384117 28.991800
3616414282.533361 16.654269 0.876000 0.287699 16.197890 4.539031 30.251634
111046991406.189392 8.252710 0.909930 1.397436 1.765483 4.466887 80.190725
1292477528.840353 26.658442 0.595298 0.452536 9.049883 3.066243 24.567838
1530838951.524829 31.156367 0.385945 0.765171 2.901394 4.521334 27.271083
89203509218.895142 6.842692 0.920329 0.247466 1.250354 3.861686 71.928875
123648109181.624146 4.013999 0.926452 0.198096 4.170084 4.786585 74.284367
522103919.425064 46.923157 0.208196 0.855359 7.892459 3.384753 21.753686
6620802660.187578 47.938455 0.779881 4.238412 5.819665 4.861805 51.093089
5688586519.153809 16.706815 0.797711 0.702115 2.895300 4.311803 35.212159
1138784285.081306 31.773168 0.729508 1.243040 2.539635 3.802743 24.862076
2254198320.969409 16.279985 0.019261 0.711112 3.816529 4.169319 25.684559
132607030488.040726 7.952558 0.293639 6.184700 1.363903 4.624114 84.450275
343305891.784802 49.007155 0.815025 0.301085 4.405703 4.055186 19.194063
39167443375.588043 7.664447 0.465767 0.430980 1.028784 4.740759 55.837439
7521184221.697674 9.974067 0.620184 0.710432 5.087995 3.089194 34.027501
163213726164.627167 4.899483 0.791265 0.231665 1.514950 3.980809 83.462907
53968477932.369904 5.550666 0.769721 0.496203 12.917567 4.536886 58.758407
3001748998.526435 23.261586 0.850322 0.918254 7.499031 3.862440 31.238150
19130374683.314014 9.852700 0.858748 0.205110 16.739596 4.851760 46.323127
1873214293.843361 42.167453 0.605539 2.050137 3.937984 3.811554 32.143214
19022369454.594563 30.087022 0.995124 4.287124 4.079637 4.875878 62.482505
63532143773.248451 8.861667 0.788559 0.717625 1.042022 4.459687 67.552785
99325952912.331314 4.822207 0.666307 0.022141 2.196704 4.014178 70.578513
12411533961.951422 9.609716 0.124163 1.076585 2.357966 4.471082 39.882626
4253978545.766092 18.630240 0.581212 0.562378 2.944798 3.939518 32.928841
3370094199.028987 20.393438 0.308352 3.956868 4.224296 3.826739 31.254071
28138890443.836094 5.953863 0.093917 4.671884 4.227204 4.185687 47.815772
9368488822.384741 35.412162 0.659598 5.314251 6.919343 4.966775 51.942586
139529957168.526947 4.667799 0.170088 1.314041 2.519238 3.133623 78.710726
2312307913.150892 44.087409 0.967336 1.523587 1.431021 4.442995 34.991034
25795539423.506702 15.098174 0.561514 3.000391 1.283650 3.707903 56.738132
683456945.690151 49.649656 0.307666 3.012771 2.278395 3.947770 24.251983
2821911964.532567 22.077009 0.831802 0.946833 8.271265 4.149206 30.137772
3935084010.706884 17.258855 0.968061 0.180732 3.215103 4.504828 31.416992
3967992632.371656 40.586984 0.729056 2.241594 11.636520 4.703378 40.767128
1176931566.344779 29.689192 0.603599 0.435502 1.469436 3.318607 24.610992
2797551072.818145 49.525884 0.790519 2.151540 7.357360 4.159384 38.761848
18910804534.562637 10.242031 0.985507 0.343309 1.123117 3.010033 46.545588
5909425834.250479 13.273221 0.786312 0.345044 1.217513 3.260650 33.592795
11357374734.342669 14.358221 0.778793 1.061351 9.465037 4.344711 42.605773
2380634208.055748 32.512280 0.789517 1.574328 1.249912 3.472451 32.020310
1948653376.021422 24.779509 0.809721 0.298212 3.108046 4.741135 27.559133
4813995019.119187 18.470805 0.884896 0.785036 1.038468 4.101177 34.232901
19469812445.311558 12.143314 0.328768 2.639219 2.131639 3.422280 48.905234
3035338981.814516 26.751774 0.773085 1.336644 1.813745 3.169823 32.690497
4885518626.372171 18.799076 0.079027 6.460376 4.985277 4.613784 34.570464
141214010046.085938 6.173420 0.394359 0.020711 1.066037 4.740452 82.351853
19335574183.293041 9.447800 0.103490 0.327694 19.229931 4.659755 46.063476
269808436686.764954 3.700215 0.326183 0.809687 3.542043 4.664135 95.578140
2724464741.346366 21.371243 0.627452 0.724502 1.328077 4.493547 29.508258
4840206842.747400 13.963941 0.896275 0.656631 17.445374 3.330612 31.835129
1784830846.204836 46.289062 0.897876 1.766960 2.843298 4.378399 32.621731
1130955025.440763 44.669775 0.943468 0.580413 1.249676 3.410290 27.689320
808358165.741962 27.319070 0.969865 0.336187 1.240380 4.002289 21.166795
19213008913.715324 14.989084 0.242389 8.183133 1.557925 3.312352 51.333872
221979209573.555542 6.062137 0.973700 0.421682 1.078368 4.581439 95.465609
11125914700.963802 15.284403 0.546518 1.637038 1.235452 4.615053 43.006242
4335924891.627769 44.133022 0.575503 4.116703 17.189229 4.855698 43.163587
3231635456.695328 24.121973 0.701503 1.215546 5.334671 4.793477 32.361088
12879838028.644402 13.773455 0.532587 0.641348 1.043049 4.445690 43.961768
1293314498.792409 31.451137 0.685246 0.789534 3.353498 4.592125 25.856666
6412409256.420042 13.723799 0.133885 7.785316 2.367355 3.496045 34.810902
89425445155.808075 15.447498 0.512982 9.482499 1.018944 3.190246 86.387371
185859639532.875916 4.818520 0.969153 0.321654 1.387197 4.129244 86.963286
3917064046.496629 27.097561 0.761152 1.241011 5.520266 3.381200 35.729920
10347440967.622173 46.495062 0.932729 6.077216 2.732655 4.593155 58.689758
13519206477.105488 16.969511 0.873700 1.566380 2.576004 4.600117 47.188697
495711239.614043 44.707129 0.615945 0.263339 6.681161 3.891184 21.039103
1361256505.274946 27.478939 0.667891 0.843734 8.822981 3.798643 25.227389
1917784588.399885 33.407797 0.180834 4.791591 2.160056 3.570598 30.050552
1251867866.403583 25.511625 0.987135 0.639509 9.435014 3.046186 23.987713
20471011697.900326 7.552297 0.115954 0.039445 1.888262 4.437412 44.850422
57572852224.768799 8.999155 0.573608 1.934967 1.094867 3.249746 65.583025
4359468447.216564 14.681452 0.641123 0.805045 1.925604 3.024234 31.141934
3457263349.571922 48.066349 0.639451 4.741158 2.944819 3.411130 41.180412
165404443609.675415 5.276504 0.696576 0.565061 1.574281 3.567661 84.709746
2843962726.462098 17.984827 0.095210 1.237923 18.575223 3.457513 28.513522
25776447164.830803 15.815155 0.860298 1.810507 1.392142 3.970381 57.420575
6632295589.601643 30.671012 0.814393 2.627585 1.607393 4.799760 44.240532
15141204078.695610 32.064015 0.649515 9.832238 3.203312 3.996158 59.067982
3368654789.040820 40.380343 0.746008 2.766027 1.079266 3.988445 38.537265
152214917642.762360 4.641880 0.780520 0.013249 1.525161 3.757157 80.969665
13135684361.873528 19.574498 0.941630 1.408030 2.117466 4.720515 48.618708
12376365840.380684 34.550024 0.837697 4.698937 1.076943 4.332470 56.547974
3040648775.363179 25.064625 0.948236 1.007234 1.315332 4.490255 32.074450
2305502062.908179 47.988993 0.792803 2.218552 1.704533 4.831642 35.958413
4773614477.885777 36.161963 0.528891 3.489565 1.512847 4.957137 41.766702
2031503530.730195 29.681135 0.583384 1.423483 4.830486 4.432730 29.519892
12602752061.157629 12.413682 0.033365 0.746056 1.253080 4.377075 42.531497
1473167878.672746 26.321200 0.589510 0.866162 2.042856 4.402534 25.564528
8257995649.497449 10.708177 0.175372 0.059941 6.767706 3.701720 35.671758
8775195438.921253 13.458189 0.954959 0.438737 2.263384 3.175113 38.458172
5054481714.015683 16.245435 0.881255 0.436748 9.342983 4.545207 33.598538
21497728999.082920 44.830656 0.829004 9.584194 1.598127 4.634791 73.985426
11973577520.093874 11.969222 0.179056 0.863670 1.462311 4.316348 41.444312
6220730062.586377 21.391177 0.719965 2.558351 3.875542 3.548006 38.866931
54247933432.912193 7.730675 0.486544 0.559564 2.131920 4.088247 62.344968
2295591406.280053 14.281835 0.645978 0.402828 2.041151 4.843234 24.969682
5701605496.459218 21.151700 0.480194 2.112102 1.789998 4.053856 37.632143
4202998298.893420 23.812659 0.931135 1.601068 1.906715 3.587856 35.189262
3569411247.610438 16.560937 0.022906 3.368751 15.763234 4.823633 30.074512
6302550767.987982 12.535481 0.622496 0.010181 16.690241 4.776843 33.839944
5794623467.483871 11.555565 0.749519 0.597843 7.032607 4.491203 32.266674
13055895425.390478 45.723683 0.935521 6.382750 2.469966 4.575088 63.066463
9212956586.676987 17.148173 0.329017 4.843351 2.100629 4.649331 41.644114
895302612.659297 44.126098 0.165601 2.059539 14.210087 4.365491 25.510815
20978815331.590359 7.534415 0.405698 0.317815 8.621191 4.855359 45.197762
40525095913.680367 6.643769 0.032675 0.645469 1.220854 4.044516 55.005912
12815091787.604279 17.767630 0.817636 1.907631 1.678292 4.908238 46.938980
3168865066.055365 34.444870 0.766868 1.561002 1.027215 4.383660 35.872860
69285870835.579407 18.971966 0.601267 7.946966 1.028599 4.360517 83.892985
5208119971.451153 37.330817 0.477655 8.763105 1.906210 4.029100 43.439567
21397048101.489372 8.962266 0.264978 0.289488 2.238971 3.569554 47.111514
2329616009.346438 27.473421 0.654362 1.585047 2.721659 3.124382 30.173604
141656027224.468292 4.797308 0.043106 0.393673 1.356153 4.124113 79.390055
4412720090.094221 24.439314 0.577173 2.399073 5.128140 3.754443 36.041458
2866546239.016109 17.536957 0.728124 0.489246 1.137452 4.731914 28.391759
1479048344.818167 23.763316 0.688666 0.404959 15.877988 3.587357 24.828573
32483898735.388901 6.105120 0.097959 1.412652 5.515606 3.770207 50.365915
2040391821.756900 25.368543 0.881538 0.454151 1.125467 4.119156 28.182194
300027775617.943237 4.935197 0.992010 0.479592 1.034161 4.599693 102.342340
2287707816.551930 26.309010 0.986011 0.741816 2.640021 3.347115 29.600096
275131077799.909241 3.072407 0.314333 0.016954 1.799925 3.376696 94.828125
12053625342.759615 14.570643 0.318407 5.685662 8.782654 4.497734 43.623802
1189392463.746471 36.171786 0.206505 6.013926 4.866177 3.946273 26.284152
3736096462.820741 12.463499 0.746087 0.044339 14.233424 4.918188 28.386974
178574563442.236755 21.488737 0.872678 9.117544 1.104773 3.448445 119.163327
846461440.645199 43.406410 0.508908 1.195222 2.527038 4.374438 24.902406
3783631182.527956 17.211304 0.148200 1.569216 1.233067 3.715785 30.985398
72675125979.024704 7.529158 0.498194 2.017159 3.595553 4.094111 68.379719
80689237713.570892 5.659828 0.061285 0.136952 1.232716 3.661152 67.389732
5234447229.970608 18.960769 0.374615 2.768399 7.505926 4.660140 35.459240
299678225266.562256 4.214909 0.208710 0.012333 1.253742 3.747310 100.314615
17428150598.466820 12.143153 0.339719 1.751238 2.450973 4.082197 47.132137
10128515200.825672 42.111428 0.806795 7.295960 2.472250 4.931838 56.392176
4418800661.234822 24.136188 0.803557 1.275229 15.257586 4.181813 35.924684
2112593801.072536 32.937558 0.481337 1.838509 1.575185 3.970017 30.896723
1840024660.379200 32.902924 0.693278 1.158320 11.111082 4.481954 29.496521
166062395209.361938 6.010975 0.977233 0.586976 2.673099 4.531941 86.542978
13680189810.202332 10.180843 0.058292 1.990740 2.224102 4.541887 41.727407
3727773660.293873 48.863668 0.929489 2.471891 17.069599 3.600821 42.461462
46396283140.619179 8.506439 0.144826 2.271288 1.721442 3.780615 60.319362
2317215566.532053 21.723058 0.680872 0.881847 10.175514 3.166117 28.090001
265936228843.016235 3.997541 0.039059 0.017302 2.516456 3.496935 95.845919
5307951110.614271 24.820167 0.782836 2.185374 3.449397 4.358862 38.507202
1961843956.916313 26.118537 0.580107 0.578105 5.289912 3.026310 28.060502
16897005473.852129 11.021345 0.432820 0.513378 2.795042 3.590897 45.588956
11279852463.561644 9.502441 0.165021 0.020283 4.385481 4.503804 38.537343
4756355004.440796 33.132537 0.681810 3.673548 6.062970 4.580917 40.570271
1963383759.980439 22.502157 0.318837 1.068509 3.089106 3.651847 26.853982
6801060114.246473 10.208088 0.696756 0.297140 5.325305 4.673819 33.075776
1221740896.500597 43.388980 0.687649 0.826978 11.866949 3.719771 28.138936
8189967357.581094 12.544801 0.389653 1.156040 1.428006 3.116538 36.934357
2432480699.322741 29.523453 0.792095 1.037164 3.191534 4.337771 31.295107
4793234398.968109 43.194668 0.688473 3.838263 2.507396 3.964629 44.314634
7038894209.118037 12.699412 0.534165 0.694520 1.445251 4.296030 35.221617
3071676107.036728 30.582562 0.744416 1.157002 12.021214 3.881358 34.197970
28981666321.023117 8.371250 0.331477 1.865968 1.052247 4.373371 51.394501
847294499.557459 40.063450 0.375327 0.310701 9.099827 3.764975 24.263668
14133622284.998779 9.929877 0.936353 0.467663 1.121129 3.542779 41.949275
7718977734.535365 17.522212 0.308451 2.811182 2.886793 4.622052 39.490512
3141301285.965456 43.284388 0.903134 1.998759 2.668824 4.067215 38.518703
4866470750.129073 12.766597 0.496883 0.024593 6.595320 4.326397 31.184805
8643814597.736324 27.996080 0.678363 4.412988 6.876152 3.704297 46.982189
1227436217.230624 36.893730 0.696915 0.632878 19.074879 3.432529 26.730681
3434478989.340448 25.135589 0.675836 1.731085 4.601181 3.362794 33.431652
14436451648.391354 9.283711 0.353547 0.019756 1.619546 4.799343 41.631086
7827069147.220444 15.548574 0.407172 2.288132 1.077277 4.480204 38.421588
30132448260.654926 23.112813 0.722922 4.650399 1.098387 3.392702 67.259503
290116659317.443542 11.678702 0.741382 5.454370 2.177457 4.504566 119.223796
11596815733.627853 7.238485 0.169171 0.607449 1.471900 4.142238 36.814599
25173712169.724800 8.112659 0.294876 0.268724 2.133205 3.689502 48.728117
1983290300.906861 30.927404 0.380742 2.273709 1.347832 4.205100 29.661153
2587316592.853248 31.880923 0.542258 1.926887 1.606622 3.959011 32.719091
10051296593.291988 13.183202 0.145580 4.735689 1.237229 3.367639 40.031414
4156048545.966329 12.639177 0.005418 0.037969 1.927249 4.817364 29.513966
8504497278.754731 49.079154 0.774264 6.917351 6.826637 3.505079 55.980544
143143141687.977631 3.716788 0.643419 0.438831 2.197402 3.799259 77.406435
174402375475.193878 6.071258 0.398566 4.379495 8.351332 4.424297 88.111805
10540346982.325323 17.015161 0.617527 2.538108 2.129404 4.532848 43.463211
2844604037.816198 39.355347 0.489419 4.908492 2.609508 3.096599 36.121219
301081236032.843994 4.257024 0.796413 0.031177 1.271866 3.201272 100.584284
2198419247.848722 18.842276 0.391158 0.097841 12.830590 4.295005 26.508367
16092589074.075220 11.903898 0.250905 2.670509 2.441012 3.099879 45.676746
2526652140.585562 39.333119 0.827296 2.133880 4.140142 4.807354 34.715529
835956906.417093 36.439190 0.677542 0.743435 3.459254 4.899929 23.424685
10715201789.577084 14.904999 0.757215 1.092046 1.260632 4.453406 42.192629
1313153917.716267 20.534341 0.621942 0.357139 3.453749 3.110859 22.872646
37227248516.022087 28.910025 0.978526 4.673178 1.052590 3.659927 77.196961
159185102974.959625 12.779435 0.849043 3.628735 1.216082 4.266972 99.757753
1618797502.739565 45.114902 0.858269 1.440289 2.530009 3.967421 31.308175
86452092326.005753 8.045005 0.790803 0.922150 1.154484 3.520543 73.394697
1551004691.774465 24.102193 0.592496 0.378014 1.265855 3.120141 25.330735
21159230119.097530 32.468085 0.890942 5.987911 3.264331 4.297903 66.299252
180663621433.281372 5.618793 0.780115 0.039642 1.063730 3.358463 88.062492
42021789622.900215 15.052057 0.931837 2.692810 4.386923 4.661213 66.707037
18897982251.253510 8.661417 0.682197 0.568136 4.112593 4.214312 44.879667
29722962437.368217 6.556410 0.698640 0.251547 1.833075 4.975638 49.491077
240483193857.257538 4.438510 0.291398 0.986050 3.635905 4.704229 93.782985
2386830810.022008 32.419245 0.972686 0.949695 3.534295 3.651877 32.019174
5670619810.514800 16.225928 0.132430 0.234852 4.661301 4.895880 34.900553
2268757458.487801 21.824641 0.568052 0.818529 7.639128 3.836711 27.930488
6401743165.178695 18.650385 0.558596 1.888017 1.466140 3.157379 37.746315
4325790066.912171 24.893941 0.759033 2.895551 1.452826 3.312634 36.000290
4051785627.034726 43.783429 0.952984 2.655439 1.312216 3.865916 42.088420
4107771208.814150 30.408115 0.817481 1.661484 1.701689 4.914767 37.610090
5262462162.874911 15.572176 0.868843 0.836453 1.782150 3.130016 33.672774
2876004050.644201 15.926699 0.796702 0.175402 12.180644 4.071656 27.694867
1769206194.609599 31.261758 0.908831 1.011680 1.649270 4.664522 28.649055
1217115082.819319 36.339578 0.899146 1.078440 2.197164 4.438117 26.526170
13696159381.403507 8.715422 0.951090 0.068048 4.450327 4.652157 40.364900
14288832878.823481 13.890587 0.261772 6.109150 4.777384 4.688016 45.607502
2587807614.369036 18.617337 0.759731 0.059571 5.064972 4.307878 27.895772
15713108820.717669 26.440074 0.844892 3.683612 1.209342 4.010141 56.350673
43269698473.916260 9.478594 0.387283 4.350222 2.237403 3.671595 60.293683
4504854398.426873 40.265268 0.767123 4.467395 12.901017 4.850548 42.418064
4429683046.587664 11.985542 0.134051 0.045829 1.787905 4.406292 29.761631
4065346613.381329 44.486446 0.602441 4.816423 3.504522 3.535016 42.358184
3362504365.904736 25.881732 0.367667 2.475419 1.610199 4.826566 33.489086
1425412873.871147 21.800741 0.979883 0.376196 9.530058 4.874502 23.914336
4626922911.347511 23.679728 0.494954 2.358902 9.420590 3.313970 36.274654
128836840180.866394 12.787496 0.830884 3.742980 1.404052 4.092585 92.980817
1571221516.590886 28.906647 0.655621 0.453904 4.041509 4.904379 26.876749
4288946492.883508 47.084079 0.462059 8.884699 2.501979 3.076542 43.943474
1614957218.566386 31.854121 0.554002 1.369930 3.800479 3.886134 27.954847
184364564422.015930 4.189996 0.848509 0.217060 1.570933 3.805575 85.260796
14274959996.257370 16.483851 0.353044 7.874066 1.703365 3.792905 47.677550
103767734300.623154 5.085971 0.016540 0.385933 1.337358 4.952359 72.137183
1017211891.063803 41.195365 0.515597 1.535172 7.087791 3.808533 26.023876
13952168709.159428 9.333029 0.390664 0.032121 6.783026 3.999991 41.207155
1368160042.205433 22.882124 0.247277 1.591534 1.147512 4.531636 23.924572
3074436993.073530 15.715402 0.000327 0.835391 12.637050 3.612508 28.217661
5327490670.366797 18.618031 0.708725 1.329528 1.726653 4.761712 35.487314
1044730736.129971 40.797694 0.712182 0.840766 3.038064 4.656475 26.173200
23793409922.686230 44.319937 0.888369 6.572023 1.485463 3.010786 76.240174
4585984345.370468 18.089980 0.212304 7.581191 1.144706 3.894625 33.490207
9844813673.640591 12.940269 0.188418 6.728917 8.467154 3.484060 39.572161
3420160654.222720 26.430245 0.659458 1.153696 1.090252 3.889913 33.893136
5253937762.824544 28.143144 0.754486 2.356110 11.090793 3.175906 39.861735
21902096248.408699 22.737729 0.662867 7.041300 1.714227 3.370890 60.185166
184751209765.184448 9.688413 0.975483 2.346377 1.308503 3.984160 98.283148
170882359271.680267 7.546959 0.947149 1.617318 1.036210 4.118040 90.969073
1122372892.945230 44.463585 0.834712 0.858035 1.235264 3.740364 27.576757
60034530012.185570 11.654011 0.417572 2.085548 1.139354 3.811327 70.483451
2322764198.970526 36.838073 0.352754 8.938021 13.665611 4.056410 33.047179
1472970590.990698 33.859369 0.943074 0.973969 5.429508 4.710175 27.637433
4167653442.769905 44.352279 0.619204 5.952239 11.746602 4.649067 42.667825
1279787551.136413 31.482860 0.449211 0.678684 1.893316 4.032742 25.774335
62265435770.064392 34.449981 0.941107 7.700636 1.055862 4.906732 96.805701
109238713695.862457 4.416512 0.525104 0.699750 5.939993 4.945491 72.049164
2612413161.931170 28.326492 0.400471 2.272786 3.782416 3.973987 31.642643
21030210511.189323 11.351511 0.821447 1.097494 2.305519 3.465051 49.378048
1432314124.214417 49.254509 0.901704 1.049489 2.887405 4.100410 30.951951
2369137916.084012 21.149765 0.268535 2.200600 3.045309 3.410769 28.080958
54548075212.052109 7.174202 0.851836 0.469514 2.388647 4.866423 61.581116
1622109012.446102 38.889306 0.879649 1.859422 1.798492 3.700055 29.837811
7537063989.011302 18.964463 0.951931 1.478480 4.663560 4.573059 40.043329
3656901064.655303 36.211688 0.869136 2.221083 1.748769 4.914310 38.233461
1901496688.770027 31.176562 0.705510 1.795584 2.606662 3.015085 29.321014
49915845957.338669 6.533870 0.114422 0.010108 1.397925 3.731659 58.791662
1822566934.754452 24.492707 0.258521 0.784548 1.561386 3.193231 26.858174
19993023561.580624 8.901373 0.618914 0.683988 1.388293 3.346895 45.991643
16687121497.123775 12.162955 0.531934 1.150453 3.304866 4.681469 46.472733
2083619278.699023 24.112910 0.737261 0.154507 17.252248 3.741953 27.953751
1618527149.619250 27.855445 0.078348 1.676751 2.618976 3.944642 26.837126
1061575491.401498 42.897662 0.921433 1.201656 1.224187 4.962183 26.750543
40946021448.322067 6.513185 0.950578 0.253079 1.115011 3.133530 55.004903
25395841935.875542 9.234788 0.347835 0.982903 1.170039 3.432060 50.198800
8843204627.106211 11.057167 0.894052 0.883099 3.185285 4.400188 36.766634
12118320438.607244 14.376805 0.968102 0.996197 2.679642 4.357178 43.551277
19551379486.585491 11.110400 0.548169 1.383664 9.148479 3.198319 47.950756
133570491066.794571 4.357297 0.431722 0.010096 2.827026 3.353525 76.920930
3564440812.774376 18.304554 0.272021 0.483951 3.909440 3.321772 30.892392
167208585433.958282 6.573148 0.630418 2.974116 1.846105 3.363625 88.059308
82039250426.394592 5.976365 0.377066 1.128207 1.030373 4.209508 68.350424
51846842105.247444 7.048088 0.699613 0.567769 8.506978 4.925780 60.350004
6595644761.942954 42.512595 0.942639 4.048331 4.014077 4.091449 49.031777
31554957070.618713 8.617981 0.710476 0.657116 5.759451 4.693012 53.188235
73779762597.734604 10.532445 0.442897 3.469815 1.131063 4.136925 73.739923
60833679167.521095 6.408300 0.619734 0.015610 1.569435 3.196456 62.589056
7779161877.709422 25.869747 0.504087 5.070248 13.747749 4.647417 44.285961
2414868187.579160 13.259476 0.995849 0.102760 15.378501 4.721682 24.922013
68300739367.914993 8.048820 0.332921 1.289583 1.508315 4.508373 67.856101
4016352190.069933 39.119319 0.890630 2.406024 4.319888 4.956868 40.443576
17778430851.715561 8.245318 0.038445 4.531624 19.284676 3.179360 43.535270
9155579380.263144 11.198646 0.329994 0.086379 12.082698 4.749674 37.305004
7020212100.579802 15.182006 0.932680 0.712093 3.971715 4.838515 36.821824
15872476321.439838 9.393229 0.401709 0.052119 6.163129 3.930786 43.076665
3394748604.188098 21.296949 0.932471 1.115027 9.797723 3.068776 31.721252
33000525166.144123 8.579690 0.890968 0.287627 1.270010 3.331919 53.938788
3254568689.088248 22.598933 0.200116 3.702654 1.395838 4.874531 31.821104
1610875580.140644 33.578967 0.211755 5.047738 4.305597 3.957182 28.399395
7804151306.912906 30.185566 0.727087 3.093404 1.274499 4.913170 46.475022
1877085125.592227 33.436419 0.765698 1.947858 3.364202 3.028817 29.844538
2937806300.471309 16.274457 0.694409 0.291273 10.609608 4.717440 28.052810
4837366770.350007 19.355741 0.639658 0.835094 1.085743 4.367195 34.738914
129137985789.279037 4.797391 0.070355 0.024392 3.774655 3.452196 76.979203
40931457498.930542 12.701535 0.749424 1.696420 1.112579 3.550067 63.340000
6225929614.421635 17.080108 0.993806 0.604237 16.898228 4.005913 36.505083
89224636823.546814 7.124500 0.438020 0.578070 1.355363 4.703554 72.464433
4150812288.674451 15.177942 0.380996 0.925665 1.978472 3.414795 30.903133
18887342894.320831 9.089197 0.557136 0.519273 1.404077 3.164973 45.327125
4193999260.487816 24.660611 0.785715 1.147053 10.358019 4.309150 35.531023
7659810008.025949 10.775562 0.010193 2.392754 5.773990 4.916102 34.838933
10140944615.852180 12.897532 0.800844 0.845953 1.565934 3.703728 39.932330
2155671419.247777 40.960680 0.929706 1.423478 2.365137 3.845730 33.364372
2647373090.649807 25.415283 0.593384 1.017119 11.117424 4.247375 30.754943
4911516528.475314 32.573839 0.465803 6.026543 2.549911 4.263286 40.787324
2088976284.000748 18.619459 0.814572 0.421577 4.469882 4.123959 25.974827
4051830152.591247 35.374070 0.329914 9.130382 2.290173 4.297333 39.267634
3331952297.878595 14.201066 0.418398 0.093450 5.431978 3.760179 28.230399
121180303889.525833 4.875929 0.870731 0.024867 1.301171 3.799532 75.527280
146460903263.414764 8.862160 0.563388 3.963411 1.481288 3.176012 89.239623
13366904461.728413 38.414719 0.856016 6.053588 2.011519 4.961032 60.028031
12634376794.414433 10.164158 0.042142 1.245713 10.564489 3.611126 40.620842
1301161533.465703 36.573754 0.609803 1.248576 1.317725 4.835809 27.179237
18480071901.792698 9.973545 0.247157 0.111111 5.424439 4.457056 45.916010
9356315912.413799 16.905623 0.906259 1.065039 1.470830 4.278587 41.697761
1163738888.696694 38.031950 0.528209 2.421438 6.670903 4.578262 26.518816
2458232243.957798 26.131898 0.195857 2.810781 6.083397 3.883939 30.256260
867503662.278710 46.318706 0.978969 0.667679 6.774107 3.984764 25.654161
24695092601.741539 8.042600 0.507309 0.726657 1.085690 3.097249 48.333762
9404778907.698603 13.194752 0.669498 0.837763 2.534592 4.678987 39.162575
8189571554.115105 11.897060 0.202586 3.638301 19.482313 3.469375 36.462554
215387331231.088837 4.301760 0.102182 1.026653 10.359590 3.612049 90.066693
3780086590.319278 20.005387 0.868510 1.164471 13.328067 3.732674 32.296640
6195475290.045568 16.243207 0.178802 2.313814 1.935578 3.787031 35.955925
1289183658.452225 46.056683 0.473380 2.376049 15.668443 4.316561 29.220270
2675561878.686001 41.492290 0.688583 3.349757 3.272427 3.422148 36.007739
2043992829.129746 29.414751 0.382998 3.942615 3.449906 3.252357 29.497916
148359432898.309570 4.160468 0.303924 0.678924 3.375626 4.713851 79.241675
4864414190.418263 24.507380 0.365681 6.235363 12.934295 4.006835 37.262288
689880877.500650 31.323269 0.866677 0.573519 10.030399 4.830907 20.943170
1886843679.359214 38.427451 0.254123 9.771652 1.613938 3.454247 31.258569
3834879815.752804 15.936742 0.406251 0.054796 10.267082 3.899072 30.487799
1204760843.083305 49.434879 0.546362 1.943042 1.541372 4.710167 29.253409
2746876110.898541 35.471452 0.240805 8.388610 1.339627 3.659819 34.525954
1947024392.502421 49.329769 0.944709 1.399325 1.027286 3.203736 34.304850
2404257622.510076 17.095099 0.683481 0.112181 15.612045 3.577144 26.589833
21128534675.226318 29.878875 0.763423 5.508912 3.955458 4.203149 64.569154
32357578871.571510 8.279220 0.449265 1.336999 2.069036 3.276503 53.197954
3605759244.465219 31.825175 0.910762 2.106881 2.934857 3.457355 36.526820
5473072531.943574 46.068941 0.950025 3.005295 4.102886 3.192358 47.318199
20294701533.390175 43.146168 0.998711 5.256822 1.619663 4.695332 71.664508
1237455026.830511 22.632463 0.794104 0.134567 3.376298 3.919705 23.062969
10483484784.248695 27.557946 0.637901 3.672406 2.240235 4.107914 49.862532
40106774711.973549 6.048148 0.151440 0.293702 2.332079 3.288038 53.949125
16549898705.755632 10.078125 0.716388 0.454351 1.263835 3.068131 44.361236
2087227794.611010 33.911563 0.983779 0.583133 8.092138 3.465617 31.057643
2363185189.977696 39.514769 0.870122 2.366318 11.725742 3.252451 34.001057
20954996136.546379 8.636768 0.525921 0.026888 1.840482 4.490375 46.424898
1284211566.480413 35.103902 0.513168 1.522085 1.265375 4.448454 26.707489
2235173875.986515 14.854517 0.008351 0.615281 1.461605 4.812151 25.001000
2618566474.883025 19.986370 0.057690 2.447380 3.867649 3.663541 28.568953
896253820.753105 32.943461 0.956385 0.390996 1.968850 4.726720 23.217137
1620205003.247783 37.305057 0.553065 1.365062 1.026448 4.152558 29.427393
16454446283.080799 8.094514 0.850625 0.117226 15.166474 4.685644 42.269873
9465125700.494112 11.238358 0.776441 0.634411 7.098233 3.071645 37.752037
5733702190.741294 23.176754 0.274975 8.154368 1.718642 3.181508 38.717392
74896211754.016617 7.576923 0.656607 0.191223 2.583659 4.163162 69.152964
1106487887.112054 43.908850 0.778690 1.053718 1.977408 3.772522 27.332143
6281853599.235990 12.933248 0.362729 1.389965 13.816948 4.659630 34.063677
25979790098.041054 21.037316 0.827961 4.083925 1.316808 3.796692 62.291536
10915321169.961365 12.784941 0.768562 1.123300 2.523821 4.442201 40.835460
2660203044.219627 18.852398 0.446952 1.727407 8.233808 4.557696 28.252015
2442670828.681988 38.437815 0.514695 3.370953 8.194163 3.620088 34.070883
15457014776.936998 44.729499 0.932319 6.755884 4.371644 3.848335 66.231551
1241637240.672415 37.695571 0.807778 0.885468 2.572690 3.822054 27.020072
37293211188.973267 34.984895 0.762161 9.925645 2.412828 3.320719 82.002458
129708142459.134048 12.661745 0.824091 3.700993 1.405774 4.103940 92.963677
12186788834.745070 24.972325 0.850992 3.173091 2.538558 3.012447 50.892628
4957071446.514851 32.072399 0.663043 2.338902 1.010619 4.246192 40.713901
5994975574.211341 11.600624 0.845934 0.115552 2.275970 3.264467 32.664474
28496123091.596077 9.256355 0.259702 0.029817 1.139601 4.338165 52.189685
268025673877.957550 3.861654 0.283841 1.057232 3.564625 4.708086 95.758271
5577423350.863437 23.395827 0.294397 4.632015 1.020341 4.297256 38.468627
18502200222.426273 9.099668 0.792217 0.376214 4.411918 3.349262 45.027918
1367464250.458695 47.623737 0.887506 1.570024 1.848209 4.089522 30.135072
17997179591.515171 7.679837 0.540225 0.066003 3.545252 4.098886 43.104260
247179437813.763306 18.920118 0.925839 7.770945 1.417010 4.660401 128.090337
171322011798.669678 15.003027 0.611252 8.525765 1.636024 4.717414 106.475204
1730703629.148784 43.473885 0.941430 1.500944 11.079516 3.185125 31.622972
8865063402.145731 33.178413 0.782728 6.409158 2.092004 4.218241 49.949787
1849540312.208314 23.346038 0.635151 0.710214 2.670080 4.919156 26.609979
1865838531.082844 33.140703 0.445182 3.629074 6.115444 3.149999 29.701267
1540300201.637900 18.110134 0.054812 0.562931 1.508186 4.829242 23.286743
39478832377.113976 6.630635 0.369569 0.800002 1.159124 3.483976 54.509463
202244661585.018127 10.782920 0.633377 8.943208 2.163486 4.715247 103.757478
2461942132.698187 23.601907 0.873524 0.558263 1.058194 4.782271 29.365906
3357555901.384633 45.748619 0.631582 3.384787 2.523066 4.733342 40.112787
1561475550.449076 23.719774 0.242185 1.755507 2.089779 3.675338 25.267805
2299541461.728076 13.869440 0.310758 1.289873 10.046389 4.617276 24.797991
46860037170.788422 18.858631 0.461930 7.935802 1.503331 3.611350 73.516600
1548080850.832786 27.118349 0.439761 0.646241 1.649511 4.018863 26.226736
3015138388.016091 44.229184 0.927799 1.596762 1.110356 3.223551 38.268295
45415064665.208076 21.356180 0.667253 9.113331 1.007963 4.752453 75.363600
79871949341.207596 15.750426 0.654385 7.391227 1.275907 3.457629 83.621827
37652649691.000946 45.156341 0.909145 9.105245 1.098431 3.772565 89.397335
96071107551.052139 6.104134 0.300716 0.931777 1.520743 4.093802 72.293632
21263239622.205673 10.110089 0.933360 0.586408 1.746724 4.816052 48.260178
52741850858.809509 7.307456 0.047805 4.983346 1.854130 4.580142 61.102879
34796599994.932159 11.384528 0.654579 1.750459 1.418493 3.635807 58.442457
4876021677.272612 32.424985 0.731571 3.042684 11.845957 3.792374 40.630202
31980758762.676735 12.094295 0.467681 1.959601 3.253595 4.168368 57.646577
9834438434.234446 21.006167 0.441368 4.702835 19.756983 4.482487 45.041802
5396452180.920702 21.923983 0.295494 3.274052 12.540471 4.015159 37.332744
3530480752.070969 31.448969 0.547732 3.486583 12.264950 3.234479 36.135971
16434928089.788139 27.188037 0.964037 3.024831 1.142033 4.610961 57.686540
9617881798.672430 34.616407 0.655060 5.292539 6.979242 4.895945 52.020901
25100442786.713612 13.135234 0.840113 2.122980 4.632370 4.546757 54.261661
1458116900.274918 18.554136 0.090166 0.948589 2.074955 4.791798 23.018746
1494735764.504640 22.225113 0.407139 0.231883 17.300764 4.072512 24.432154
1214103077.862386 40.134302 0.466818 1.794798 7.764084 3.790067 27.370364
2343926173.978341 23.604080 0.785253 0.640095 19.389306 3.623444 28.889757
7058841390.992352 13.755478 0.204703 0.622448 4.207192 3.128548 35.964382
3984503417.938979 17.175081 0.763638 0.513599 4.796262 4.418746 31.506266
70538989860.100189 6.635074 0.799629 0.013132 1.241399 3.281654 66.152240
506411316.551659 38.614687 0.741524 0.330483 8.273061 4.378498 20.194943
47511193837.167755 9.491099 0.852366 0.890971 1.148069 3.177715 62.220482
5930733385.539201 22.033542 0.895561 1.296460 1.220538 4.741495 38.581968
6880853533.504705 15.806817 0.840072 0.852113 1.981339 3.979074 36.966920
8012289821.263518 11.831123 0.213724 0.676123 1.077568 4.189341 36.149391
3649683201.666510 14.161180 0.845095 0.256240 1.548256 4.061223 29.079714
5074309982.462469 15.310837 0.720457 0.745386 17.852415 4.464207 33.118857
680094713.330759 42.395698 0.398210 0.348985 10.081212 3.785552 22.971427
6180881046.233112 14.433826 0.086215 0.441657 2.187394 3.891604 34.832030
4280497564.306428 14.406057 0.123106 0.459823 3.581478 4.713958 30.801959
28267143059.386055 9.201144 0.829345 1.247535 2.640383 4.463515 51.982936
23582409077.091930 8.691254 0.727497 0.458706 2.351953 3.769561 48.352249
1327901963.483839 18.337039 0.675941 0.116774 8.863446 4.109515 22.239385
1017337054.245546 42.749083 0.969116 0.639363 1.026691 3.165462 26.343523
169847778820.299164 3.961656 0.314522 0.417525 17.662970 3.353291 82.463349
808006014.825382 44.222490 0.287603 1.387395 5.937568 3.620589 24.670983
29390760851.581284 8.708499 0.488227 1.278044 14.071985 4.348210 52.055851
8886019246.020840 24.920213 0.627378 4.454362 2.697057 3.756329 45.777984
3753516202.261769 20.841603 0.249195 1.504260 9.262569 3.460832 32.598684
79899810025.364044 12.010642 0.830972 1.974320 1.021744 4.387078 78.090753
4422772310.545424 17.239791 0.595162 0.751465 7.786760 4.896695 32.654842
8703767634.916521 35.358837 0.640253 5.761914 1.034459 4.003805 50.659430
3134154909.550982 20.260280 0.407958 1.311443 1.673999 3.453511 30.450207
12607561547.685444 29.417349 0.650495 3.898924 7.588642 4.835510 54.098733
68723355925.898743 4.952492 0.888617 0.183124 1.364601 4.170529 62.648369
5331480318.824842 16.790788 0.418816 3.129710 12.564159 3.239954 34.505967
3884511951.544538 20.482638 0.865034 0.623224 1.750725 4.082615 32.810378
1679128398.386887 37.237872 0.926159 0.923233 2.860942 3.207384 29.762587
3024435902.826808 16.579666 0.929122 0.464955 17.954167 4.267560 28.467310
6150067154.150132 30.768604 0.577427 5.621533 8.626763 4.606605 43.183930
7417777661.121983 12.269661 0.095121 0.033743 12.502812 3.093308 35.542486
12624568633.122780 12.359929 0.302718 2.166216 1.685897 4.849295 42.511080
3077643440.856909 18.106240 0.011954 0.015247 6.288755 3.223294 29.328329
31082391847.745972 16.778218 0.794495 4.113604 3.339040 4.303550 62.091001
8695760529.745522 14.558580 0.280073 3.496659 2.970799 4.768242 39.116561
1954918222.065428 20.285552 0.112359 1.632710 5.015990 4.031729 26.026364
6967897677.355037 12.368571 0.027890 0.340559 4.907395 4.125661 34.876889
20491154258.332199 25.078609 0.809517 3.461044 1.217747 4.461890 60.594286
253449225903.276947 4.062657 0.293817 1.063073 3.563706 4.693764 94.483064
8742947092.945419 17.263812 0.285526 6.240150 4.722756 3.611069 40.998359
12803221257.180195 17.364013 0.533907 2.244837 1.088965 3.971316 46.630625
15681801705.837400 9.290323 0.725955 0.042987 4.444974 4.416890 42.801857
6598120364.235296 40.325797 0.589160 9.301001 2.298365 4.512166 48.195931
2784897856.630610 19.719889 0.300705 1.194417 2.991066 3.733198 29.051037
21580372953.773197 11.183438 0.962852 0.991378 4.839043 3.889433 49.631052
84693425623.106491 24.052641 0.891876 5.775402 1.317041 4.676278 96.042156
3134843189.316923 29.490872 0.541273 1.714178 4.594549 4.496408 34.044765
8729771853.610416 23.179807 0.611703 2.369971 16.768816 4.242052 44.542934
27264794617.952824 7.941316 0.761679 0.373440 13.065479 4.292449 49.830100
39053783839.793655 9.265039 0.284439 6.105388 1.888574 4.485762 57.982609
199904288055.735870 4.465843 0.456466 0.692624 1.854875 3.984022 88.245414
50617642388.803017 7.239313 0.140621 0.579529 2.080983 3.517773 60.165895
30152451023.699100 7.669971 0.812323 0.287583 1.766556 3.841078 51.182133
2340538351.050437 27.124167 0.531527 1.838566 7.313715 3.836232 30.103242
2139205065.872972 21.845276 0.143202 0.187557 2.164730 4.299451 27.395894
104930802150.513062 4.920069 0.903246 0.014391 1.119819 3.276543 72.075611
91412297549.475037 11.113308 0.398784 6.024711 4.336192 4.825387 80.185840
5913524620.660025 35.506997 0.444817 9.521770 1.712046 4.106639 44.595109
28434430036.770969 7.036901 0.322692 0.619366 5.407724 4.633797 49.384636
39407182329.812874 12.477663 0.323082 7.803292 1.734535 3.374802 62.271877
22203308862.270985 28.049463 0.516079 9.717065 1.063096 4.536750 64.380915
99946378745.819138 5.612447 0.645652 0.029445 1.996363 4.248719 72.279357
4032885207.224166 16.132253 0.315297 1.227107 1.423763 4.256323 31.104495
64411403873.179176 6.984042 0.675880 0.033019 2.341027 4.067557 64.769045
1670921741.878838 24.284083 0.622830 0.276541 17.047839 3.056435 26.025378
134024552651.974976 7.532405 0.578783 0.418626 1.331176 4.910857 83.861493
7748470651.818096 17.144960 0.183363 5.128154 6.341494 4.457536 39.307057
18345437019.313183 8.055526 0.044338 0.110573 1.142924 4.695234 43.788663
9866836742.802063 10.958596 0.374330 0.062366 2.250058 4.774853 38.054593
62922044546.123810 6.804524 0.900691 0.532274 1.798957 4.547905 63.964943
33874036057.332771 8.382814 0.179923 6.725998 8.012579 4.127635 54.152652
1546602418.239824 18.379848 0.855900 0.112232 1.780252 4.277140 23.413913
2689967566.118621 25.776447 0.630180 1.249743 3.533854 4.223021 31.050277
49045943065.503708 10.383535 0.756960 1.278485 2.332267 4.355065 64.148620
1495830634.622121 35.047933 0.450110 1.469435 1.691792 3.962860 28.086256
33289635231.368019 17.011141 0.793939 2.896221 1.394157 4.585269 63.764465
3783484735.578964 17.756978 0.117724 0.169841 11.967863 4.368915 31.250164
6145498065.426837 15.984054 0.558648 1.010347 4.932998 4.251751 35.705621
79537557329.479019 28.743029 0.804972 9.413215 1.105123 4.455700 99.249831
2661738533.568280 25.820973 0.347986 3.547569 1.059912 3.796249 30.957343
124853831480.336594 11.415416 0.856607 2.934505 1.434306 4.057029 89.528378
25744100935.690788 15.844614 0.860705 1.821267 1.386398 3.968727 57.424862
13432049101.534979 23.744280 0.534619 5.733456 13.810604 4.790914 51.788772
1125695648.153052 37.542907 0.987372 0.809463 2.150409 3.406113 26.117168
3079075339.925485 15.974684 0.381609 0.230021 3.793165 3.637656 28.354586
6324418436.050292 14.757895 0.329729 0.014954 6.149819 4.864130 35.301398
4098781409.648974 30.649557 0.672362 1.821217 6.573745 4.087505 37.675237
3362236165.061671 12.022155 0.515518 0.133680 1.957047 4.863046 27.168181
17825779965.226898 9.736145 0.648047 0.521125 2.396803 4.693361 45.126789
3863297020.605700 32.084192 0.350784 8.217955 2.327576 4.196828 37.471738
4284516747.547064 11.069323 0.637583 0.022455 16.422202 4.144686 28.884329
47413222852.254044 8.450000 0.856299 0.576523 1.153642 3.483248 60.674172
132672412326.369705 5.195246 0.459587 0.015243 1.445779 3.414613 78.530683
4210335549.872768 38.084628 0.688348 3.377333 2.557684 3.854683 40.728869
10375112586.926971 27.581780 0.977068 2.285048 1.043306 4.619830 49.703222
22634120965.380764 8.380834 0.836187 0.038717 2.010111 3.278238 47.340309
11209709545.222038 14.845844 0.791745 1.421939 3.813316 3.658084 42.787725
1219625302.950355 24.669915 0.525735 0.495421 13.632093 4.213178 23.542678
2684131033.479467 42.117099 0.369998 9.798092 1.254181 4.684967 36.223527
8256059689.328807 9.248123 0.047372 0.779279 7.448534 4.887712 34.527429
3553423032.403762 40.475981 0.408224 9.260858 2.584111 3.483063 39.259675
8505584756.063959 11.346185 0.946186 0.233767 10.573599 4.550219 36.512326
10234022366.970295 10.864010 0.861273 0.170840 2.600137 3.892444 38.443755
18099977033.707394 13.152668 0.252842 8.476384 13.269493 4.346302 48.674560
1960562050.671305 19.659566 0.677031 0.409960 6.134281 4.401574 25.821221
55409066849.051033 20.141028 0.694512 8.159021 1.293829 3.779749 79.192190
8223081758.948258 10.698133 0.734195 0.258913 1.184860 3.020730 35.613749
1053374429.992230 28.342306 0.909824 0.026264 11.650658 3.811478 23.380872
2905025281.558355 39.590150 0.621140 2.944397 3.576099 3.508574 36.445673
3980914497.646304 11.551336 0.452837 0.329647 1.740120 3.944471 28.468794
7023005719.716301 19.367397 0.901942 1.025211 1.968444 4.287079 39.342413
2344332080.526595 17.733551 0.048448 1.040656 7.453196 3.663653 26.632022
19419652966.584270 29.727884 0.689000 5.589011 2.445635 3.190883 62.680766
3295185429.135181 42.731735 0.675613 3.015060 2.104832 3.149002 38.972125
5490956830.947213 28.911071 0.862820 2.221500 2.466183 4.408654 40.788156
117663041464.206543 10.071064 0.704092 4.455126 2.824139 4.872907 85.287215
236311514650.362579 6.130233 0.338954 4.318285 1.994333 3.335270 97.657001
3180792554.824378 15.374364 0.713522 0.017382 4.206371 4.992754 28.374836
85876435839.599960 6.183624 0.067643 6.328243 1.815368 3.131964 69.789724
6669377768.531941 18.242137 0.981444 1.162968 1.531935 4.905970 38.031145
555996285.383661 43.338165 0.481887 0.560696 10.119544 3.315983 21.635677
3089448588.209282 19.097586 0.736391 1.163079 12.760209 4.042083 29.803847
1928501837.961988 29.714491 0.659454 1.386005 3.641599 3.908035 29.022394
15824733147.262506 14.601338 0.773974 2.032828 8.998359 4.503324 47.793151
20748970178.469822 7.639989 0.569065 0.195331 8.609919 3.255600 45.152474
73856279907.736557 5.028360 0.452254 0.716404 13.877548 3.231655 64.305026
22847799950.482910 9.263933 0.116163 4.845782 3.446084 4.249136 48.493150
222379782134.135193 9.761905 0.716802 2.996184 1.080793 3.362078 104.721431
5045657053.883324 13.623216 0.627820 0.079430 2.752041 4.397726 32.078013
4171925605.291862 12.825267 0.013757 6.010275 2.045705 4.353317 29.657966
3543216154.874290 20.126944 0.387063 1.475860 1.286940 4.160363 31.661763
4034022510.993112 17.274487 0.141558 2.970920 1.031669 3.354927 31.685921
135722820701.113449 7.914434 0.537697 2.247579 1.253067 4.039717 85.026024
76647139880.038620 6.017051 0.758201 0.011921 1.381886 3.254848 66.892621
7864372754.732240 16.145302 0.180768 8.816951 18.041695 3.701958 38.868656
72560574335.219376 6.626146 0.289831 0.177816 3.036029 3.529777 66.762478
989067667.662660 25.614173 0.875526 0.443199 2.096238 4.906137 22.202453
31807799211.778744 7.625358 0.083723 0.228795 1.115590 4.762382 52.043553
9115330698.377069 13.204759 0.417757 1.711167 10.917887 4.513099 38.763943
3176038530.776260 22.324424 0.885499 1.489705 17.413904 4.184667 31.450835
27240741721.364296 7.429178 0.116737 0.291499 1.286656 4.786200 49.177642
8574434263.348815 15.794488 0.586780 1.781144 3.045364 3.481058 39.772043
284516935725.686279 3.761310 0.196020 0.012098 1.311553 3.876494 97.433795
43351814426.153732 10.131710 0.251854 9.699171 1.681548 3.440418 61.224098
137818883202.526642 5.370381 0.949883 0.682080 2.099936 4.595261 79.917603
2829941219.258932 20.313277 0.966300 0.934882 14.552464 4.281510 29.453150
8008802226.838880 29.025682 0.629905 6.132279 4.872167 4.229074 46.313028
10971611647.253546 10.817422 0.723964 0.211929 2.752474 4.197676 39.307010
83749700701.211319 8.662084 0.948990 0.417632 1.761066 4.129122 73.718952
36632558606.417099 7.262422 0.854292 0.253159 1.227059 3.186812 54.050150
763020952.706483 40.170359 0.620003 0.772887 1.513644 3.311079 23.451367
3295152167.501980 21.588754 0.182508 9.873733 3.260587 3.590484 31.531395
55491067953.664825 10.854908 0.739378 1.357036 1.100612 4.412285 67.525429
96109076556.673965 5.985766 0.802565 0.599395 1.428069 3.537323 72.071931
8984984887.245531 35.590838 0.631506 5.954724 5.969364 4.802569 51.306436
3046001918.593571 17.534245 0.068501 2.208152 1.429361 4.815412 28.971058
2985523568.779552 41.358539 0.631755 3.161548 3.849817 3.685716 37.308213
2605368360.365079 14.941437 0.433908 0.021756 19.664367 3.772881 26.351296
11231732175.254374 18.695190 0.353041 7.247756 1.319663 4.779704 45.556171
73921761547.919098 7.901282 0.148103 4.730201 4.037087 4.315308 69.414406
4167370592.254509 21.754720 0.946014 1.415407 5.741605 4.171521 34.174323
3008568309.426827 25.286947 0.807277 1.158922 1.650353 3.106670 32.045800
1285912099.042237 34.676147 0.988041 0.541318 1.629048 3.327451 26.615030
118447210859.436508 5.251679 0.589056 1.477715 1.423317 3.108517 75.734848
11840831047.552156 10.646405 0.241984 0.065075 9.368652 3.785093 40.171495
3793669406.910573 13.172548 0.609345 0.410398 1.556615 4.542862 28.924059
169182279902.063263 4.390123 0.092858 0.010080 1.551005 3.219693 83.299941
2919037969.218588 42.529612 0.947684 1.659611 1.148426 4.912239 37.370511
4114527279.769395 14.380859 0.347488 0.169389 2.629930 4.722929 30.384926
23272406753.572346 7.949818 0.556891 0.687354 2.978397 4.386028 47.278438
168131904778.572754 6.645759 0.515117 2.900418 1.638706 3.523614 88.390905
5525815181.543212 19.653188 0.865925 1.391336 2.926751 4.831043 36.470548
49684500622.524521 7.754302 0.399812 1.757550 2.314536 3.044918 60.581228
4376899318.937437 30.441888 0.528080 3.729639 6.266499 4.761972 38.427405
9331138574.110094 23.953370 0.609383 3.825005 17.530476 4.299559 45.985954
5031709673.077133 16.167255 0.447497 0.470601 14.723227 3.114011 33.504829
19230915540.753212 10.124407 0.343070 1.993697 1.724745 4.849813 46.685629
1064848045.997953 26.450294 0.540277 0.349388 3.890699 4.493902 22.976914
2049353973.540391 49.634652 0.571209 3.961474 2.304599 4.350022 34.968069
3054059087.176258 27.517326 0.664300 2.219620 1.111310 4.126960 33.039713
2785209796.612142 21.320486 0.184948 4.347181 18.761109 3.601395 29.705610
3103629164.410873 47.936546 0.812071 2.801472 8.230949 4.183659 39.689542
2974354689.145615 19.033773 0.004067 0.014826 6.853765 3.231770 29.401516
16038762994.960140 9.106376 0.831135 0.589239 6.025272 4.892803 42.940362
3053136827.585801 44.052269 0.911736 1.970318 1.508997 4.054534 38.377410
7877267800.467715 12.000802 0.621623 0.551467 1.892297 3.332111 36.068156
3829612996.774701 31.348179 0.976465 1.826133 3.330865 3.342237 37.091748
3457499956.497559 12.268463 0.730632 0.344708 1.812011 4.660467 27.557108
59845901563.174049 9.250916 0.495123 2.796045 8.495783 4.840071 66.826113
2421255088.349053 37.717872 0.550829 5.204744 1.310362 4.088146 33.763809
3372883220.566181 13.125957 0.433109 0.723520 1.017654 4.792139 27.787962
20906502286.981728 8.174125 0.194303 0.013491 1.055708 3.391866 45.871915
13575958911.655489 29.990489 0.680522 6.708880 5.750372 4.724882 55.782006
4453884381.010235 13.422122 0.447824 0.092559 4.139629 4.436246 30.656569
4884248208.470028 49.147349 0.730937 7.158286 6.406041 3.399884 46.553924
676061345.255500 33.001011 0.828087 1.019099 3.231073 4.609415 21.146230
2091622611.542929 30.654055 0.480956 2.104489 1.626848 3.232536 30.108240
10676594076.067820 28.859298 0.862541 2.671953 4.514616 4.100513 50.881044
25607874221.463703 10.183687 0.271625 1.959815 1.146647 3.260389 51.429118
908205049.015653 29.789015 0.023563 0.048870 3.405998 3.623371 22.597377
2763907821.331419 29.156246 0.252150 8.750243 3.900484 4.796704 32.530399
1732547972.765638 31.030422 0.904351 1.463880 1.108531 4.647038 28.383874
293983189727.667358 4.317851 0.747477 0.534906 1.140595 4.791425 99.950843
15734209621.077810 8.578625 0.017890 0.101582 7.645123 3.931938 42.137112
12359907378.876146 6.117016 0.420885 0.220918 1.339355 3.202394 36.508325
57937994874.960945 10.037079 0.752186 1.140990 1.093140 4.447545 67.297307
19423962531.951080 10.226021 0.194729 0.246849 3.025769 3.936260 46.946336
7046185621.530239 15.666763 0.604967 0.981212 3.561467 3.131567 37.173036
6113758785.185984 17.066479 0.781757 0.325905 2.804639 3.549648 36.276666
3301092527.179072 42.907915 0.921001 2.261200 2.158531 4.303521 39.048328
3515667412.974161 31.885413 0.579509 1.979610 1.278060 4.167824 36.241526
6420596015.918597 32.417654 0.882861 2.223519 15.931549 4.825613 44.530200
4927075665.988860 24.910621 0.531590 1.683465 2.669260 4.346131 37.604004
143807063514.558136 4.415951 0.071053 0.023204 3.826921 3.380732 78.962984
2748874387.706009 26.587502 0.649476 1.345100 3.508645 4.228424 31.568979
896861672.532958 33.860600 0.902937 0.300703 9.077912 4.805831 23.425013
98073462048.115784 5.798343 0.026467 6.743254 2.028241 3.130834 72.190827
3920626996.989748 15.786627 0.071837 3.494760 2.754124 3.160258 30.636372
12229312005.479721 21.685884 0.981215 1.963491 1.363064 4.082018 48.881956
1858255768.433117 47.506899 0.977292 1.359343 2.705555 4.870906 33.351208
4192213314.930834 19.326395 0.594078 0.579891 2.868971 3.578449 33.106201
6844109968.019735 20.219846 0.672290 2.747198 1.691868 4.347304 39.482920
3381944419.662498 17.442852 0.928154 0.311985 9.723978 4.017096 29.956432
4641816002.525771 22.006679 0.759837 1.480244 2.564724 3.781757 35.543254
11191606430.438774 21.868224 0.724629 2.063323 1.679317 4.158149 47.573400
40121397411.409454 41.704051 0.972034 9.306576 1.093760 3.983653 88.942321
6979841684.739324 9.613086 0.213681 0.024906 10.809258 4.139118 32.922314
23255164008.121735 9.551716 0.953341 1.182942 5.337054 4.769585 49.103074
6038787556.952914 27.095356 0.423589 3.036890 7.840055 3.048954 41.274738
235667229368.517670 9.741805 0.716550 3.480402 1.389880 3.777698 106.718592
7192734545.943281 14.750357 0.108754 4.003464 11.643549 4.034350 36.843331
18976479904.751347 49.988865 0.991750 8.160634 1.157632 3.635274 73.605784
14124598085.335478 34.890915 0.756650 6.427207 2.104445 4.967776 59.279302
3661537304.228748 21.521046 0.597459 1.659793 6.640435 4.141844 32.629628
1074729473.614709 38.562952 0.457958 0.848740 1.575938 4.519876 25.940941
9310635955.917997 14.002565 0.772967 0.711037 1.740002 4.288828 39.620232
15201494243.820965 11.010623 0.567501 1.196422 6.561762 3.087737 44.000099
1638494779.748574 20.608109 0.032721 0.194371 8.303760 4.103133 24.649257
70550865471.315994 15.773453 0.815965 5.217267 1.639544 4.073438 80.264519
1319090514.258489 22.196261 0.690295 0.230409 7.476959 3.722528 23.426162
997424830.886605 36.495534 0.250567 4.576333 4.661085 4.242998 24.857346
1056465149.025940 38.756856 0.448470 0.850180 1.579740 4.548330 25.835152
9879958605.415480 16.109406 0.758543 1.066775 1.216895 4.181776 41.915263
2779665575.169730 15.984409 0.008138 3.110266 1.839437 4.236779 27.408439
1452491881.529356 32.072943 0.853810 0.924970 1.475270 3.511417 27.042149
10672277052.850697 13.720140 0.154861 6.944929 2.835832 4.682729 41.250697
6984782202.321931 12.681547 0.210007 0.610576 6.893865 4.919800 35.118977
4522083853.154980 38.783286 0.894882 2.371910 3.156713 4.684980 41.956726
18446204329.965034 10.851042 0.533888 1.877806 3.377798 3.509327 46.772756
13884520198.467880 10.181497 0.415261 1.839125 10.250365 3.852043 41.934735
54810659334.502373 10.768896 0.473965 1.280326 1.484441 3.998946 67.125166
9890140494.601955 11.061086 0.334160 3.457795 1.569175 3.043197 38.166934
2226891312.615989 24.013627 0.647298 1.008130 8.467383 3.978399 28.545408
6203933726.693513 14.878780 0.175089 2.672613 1.538076 3.683561 35.150117
1124387640.014804 33.321350 0.788390 0.529885 1.467892 4.988235 25.130546
191503930592.425995 6.018871 0.205982 1.759260 1.260779 4.625987 90.773732
758642872.564769 47.664313 0.231338 3.303385 17.999732 4.510350 24.768701
9656234223.161613 8.213334 0.323297 0.089123 1.645815 4.122648 35.492748
5484013029.370142 31.795794 0.799964 3.122131 2.414521 4.411736 41.993943
2347908460.288495 49.967230 0.868784 2.608227 7.590406 4.118240 36.672208
2396594620.652631 18.177985 0.442797 0.648791 4.839706 3.133649 27.011783
21423652783.814724 26.346663 0.718283 7.533226 1.470055 3.696567 62.418269
88743218290.491669 5.529329 0.814178 0.087529 1.327829 3.381230 69.312919
3196490096.245587 14.600380 0.889711 0.013887 9.365121 3.011590 28.041676
3960903955.895878 12.831980 0.884875 0.219852 17.699968 4.467537 29.153007
218590125458.102570 4.679928 0.769412 0.681166 1.043452 4.623983 91.446248
1150826818.773679 21.896714 0.088702 0.197904 4.563103 3.068162 22.296353
3255803387.906898 28.137475 0.914650 1.654971 1.429184 3.301593 33.982382
2851631581.797584 32.288011 0.669217 2.249011 9.540685 4.789389 33.932295
3757786411.857552 34.299860 0.916280 1.560239 1.811532 4.403041 37.919227
7786705333.031254 12.133288 0.059473 1.607690 6.385407 4.838207 36.024613
2424095641.672772 44.227116 0.568370 3.644610 1.590048 3.971373 35.583327
4815301755.049578 25.787656 0.632951 1.539801 2.740674 3.656972 37.706342
2914705148.159177 19.241284 0.572509 0.583789 4.932037 3.035076 29.292429
2366334758.872103 42.767403 0.641159 2.656894 5.258767 3.859366 34.909124
13433142412.885269 11.258937 0.963906 0.510274 1.532176 4.861254 42.443412
46491094928.214272 6.595849 0.530111 0.051623 3.829575 3.798261 57.509604
1578361013.307148 23.304130 0.279016 0.100601 7.383248 4.127048 25.226824
1966255445.340052 20.343208 0.415110 0.093906 3.656085 4.375357 26.097633
5401173433.632234 17.810293 0.084216 9.174365 17.609930 3.777613 35.216125
5756245405.627510 11.759618 0.177104 0.040991 14.127422 3.642895 32.329547
253822695269.133179 8.624738 0.564134 4.658793 1.247254 4.182938 106.587636
89957408567.343536 14.477128 0.495134 6.709377 1.023798 4.905391 85.109058
64394053059.885971 7.348877 0.403343 0.484142 1.583489 4.586395 65.376144
20469797231.987442 10.304434 0.268266 4.880909 2.142566 4.232911 47.856453
3210199792.857715 43.284447 0.739903 1.780329 3.364124 4.140613 38.798298
1455534056.337794 20.200832 0.745173 0.586827 2.064584 4.790172 23.561071
6578436060.180918 11.084047 0.868778 0.616845 8.649129 4.729202 33.332683
9740981468.344303 26.953824 0.949437 2.253658 1.356763 4.561713 48.329377
182528997023.271759 4.534343 0.205047 0.012961 2.974949 3.066318 85.770575
2855334775.128080 35.976455 0.882746 1.577004 1.056876 3.132415 35.133155
2763006023.496683 40.536862 0.355564 7.750176 1.454778 4.608331 36.119219
3798292801.302401 34.955532 0.679486 2.615318 4.180104 3.486704 38.285128
6324418436.050292 14.757895 0.329729 0.014954 6.149819 4.864130 35.301398
25729930869.666538 9.154991 0.222262 0.010375 1.105106 3.917684 50.324606
21415035705.426270 7.958389 0.503667 0.091487 3.398393 3.012079 45.995426
6642578274.756709 13.267704 0.588212 1.021775 11.550522 3.773359 34.924604
3623237612.943791 13.537486 0.186518 0.070784 14.417811 3.567738 28.679831
2397318332.830426 14.196850 0.125120 0.064170 11.981547 4.752049 25.294513
8404742484.676533 14.624892 0.203208 3.810342 1.251525 3.283576 38.720636
81106060751.383926 6.936203 0.481030 1.547514 1.347329 4.355042 69.853685
3167168985.935276 21.528745 0.829083 0.499493 1.867923 4.292654 31.092779
14375130148.955751 10.337880 0.824844 0.359683 2.056194 3.362778 42.568749
11062719436.239347 30.605197 0.660899 5.729958 13.192396 3.259212 52.431931
11836505859.456100 11.275149 0.074728 2.034413 1.198477 3.598498 40.704157
6336668185.278479 29.393901 0.854826 3.102007 4.341602 3.941689 43.002140
2653476571.963723 45.734829 0.491176 6.343632 3.263809 3.188073 37.082578
23923696265.896313 11.581633 0.310154 4.408995 1.968198 4.166167 51.790944
15397050357.205084 10.678813 0.453471 0.034940 1.346883 4.818614 43.877180
118447210859.436508 5.251679 0.589056 1.477715 1.423317 3.108517 75.734848
1623843929.111237 26.690696 0.611934 0.588604 1.462036 4.502154 26.519567
14579185693.289316 11.840952 0.447896 0.118689 4.523558 3.092050 44.141402
2622855896.123902 26.997436 0.758412 0.924134 3.260269 3.398227 31.223501
5499603290.403246 40.001222 0.732299 4.129831 1.773348 4.401843 45.237842
7424629804.693992 12.581800 0.398843 0.101972 3.829995 4.823426 35.771833
30372265158.484440 9.761741 0.586789 1.279762 8.035901 3.395485 53.929691
3250443960.649084 14.453276 0.962005 0.315580 17.407134 4.533468 28.125054
1452963271.054389 33.352502 0.968175 0.731191 3.780055 4.037683 27.380611
1687216070.755907 20.674694 0.801484 0.584828 6.877622 4.709097 24.914130
38564581149.234612 7.406195 0.617439 0.108706 2.391964 4.886207 55.186947
13433142412.885269 11.258937 0.963906 0.510274 1.532176 4.861254 42.443412
86118937862.316513 5.437861 0.311428 0.224060 2.318733 3.298922 68.450723
45370523600.009338 8.172409 0.365344 0.483330 13.358816 4.969619 59.387183
6311209542.865714 11.362056 0.799544 0.106261 1.832498 3.903772 33.066262
101855119332.871811 5.863574 0.839772 0.030916 1.315271 3.160051 73.237041
7001736672.361688 14.301772 0.333791 0.512723 2.140461 3.928699 36.224749
37765147794.455704 19.179127 0.474648 9.487833 1.864515 4.478721 68.737505
7080090100.336143 12.853370 0.195241 0.497627 1.845179 3.442627 35.395121
7021439278.836639 14.722972 0.633394 1.146652 1.721007 4.019943 36.530915
2590469503.107172 39.924368 0.854676 2.340160 5.798207 3.410496 35.175898
9644869716.176714 46.411682 0.805716 7.559834 1.545241 3.082966 57.295873
1316015587.204181 42.403540 0.919585 1.445764 1.419580 4.612993 28.627162
28484656757.397408 7.803363 0.774140 0.318382 3.341138 3.191942 50.388912
2831513844.197086 27.610797 0.482946 1.134623 3.085207 3.925624 32.250203
5162257971.404441 13.325972 0.193351 0.152185 12.342910 4.961108 32.144619
9902514663.718979 13.578933 0.340868 2.467123 1.113611 4.066128 40.129187
2274434359.727028 29.500821 0.810550 0.966951 3.516255 4.332932 30.594838
4290365826.678771 17.403942 0.446111 1.159852 2.120282 3.627936 32.409189
3003810716.850469 43.809773 0.678707 3.898824 8.358705 3.658538 38.099949
49314576431.570320 22.722984 0.902313 4.374784 1.009213 4.495728 78.868513
15231653638.774586 31.019890 0.705636 8.131267 5.554200 4.697263 58.575085
35503124061.809090 27.137179 0.713645 9.415464 1.748912 3.277515 74.529267
2313875212.378401 33.194720 0.793420 1.486684 3.053563 3.231805 31.926681
161746806981.654938 4.811752 0.249184 0.698914 3.743347 4.657791 83.011583
19988458938.367542 8.784636 0.547687 0.246501 10.323068 3.090629 45.861240
7318688479.198074 47.706754 0.843624 6.022945 9.672629 3.672191 52.742979
5471231408.591426 33.300734 0.574655 4.821682 4.258400 4.501999 42.576824
3848941985.461244 14.017410 0.067287 0.011161 4.376153 3.191100 29.522618
4962835224.635236 46.031515 0.955223 3.334052 2.136786 4.527253 45.787135
4389418120.521403 49.513159 0.848117 3.276629 1.581699 3.590545 45.037734
3600807835.388282 16.197769 0.678245 0.027310 9.971287 4.494220 29.983849
26231233361.665695 8.991039 0.409323 0.611871 3.413972 4.200828 50.455558
5474025186.670915 9.383620 0.309891 0.029251 11.389173 3.090253 30.201848
4445448071.837964 32.043183 0.868932 1.714159 5.623436 3.537749 39.250803
1082519823.450614 41.330798 0.896581 1.069787 1.644479 3.176711 26.597900
16723695330.429003 38.920160 0.762452 6.656464 8.982114 4.520775 64.957535
1781635936.932199 38.747071 0.877183 1.235716 5.588867 3.795904 30.748932
10343501345.579603 9.465847 0.587669 0.230900 2.205043 3.045540 37.408736
1311525332.707012 28.329955 0.769570 0.673722 3.571894 4.696034 25.149767
5927186867.194057 13.186363 0.182385 6.754947 2.684100 4.815196 33.571370
55386554806.785187 6.191664 0.353523 2.903732 1.615076 3.898831 60.310874
16348303343.875206 13.376587 0.995679 0.971287 3.445948 4.909349 47.249601
10675049122.523722 8.429653 0.034860 7.749456 1.590908 3.301187 36.893252
3136450827.748188 15.311022 0.510375 0.455756 16.822234 3.800736 28.211784
79408568773.177994 9.170527 0.433478 2.039256 1.192319 4.544841 73.296003
727586115.093198 45.881549 0.632759 1.122543 9.166170 4.264278 24.116975
5644465166.101509 23.471088 0.592252 2.491015 4.306359 3.122250 38.658682
13369214308.918558 8.984868 0.152594 0.022347 6.167463 4.113045 40.297224
640031184.888332 41.363219 0.557554 0.532569 1.802518 4.443335 22.329591
45685721041.251587 7.949142 0.292485 0.600133 1.140991 4.905381 59.197344
2929495886.830693 26.759365 0.749784 1.177381 1.904481 3.168938 32.308796
13502010479.566059 10.500991 0.580402 0.786710 2.188886 3.185835 41.837022
3595493841.821090 35.515083 0.567611 5.621021 1.269541 3.530624 37.782402
13725764663.951836 28.452780 0.847373 3.609398 1.721870 3.376278 55.084615
1751151119.067754 27.320020 0.704911 0.754585 2.600069 3.777307 27.388378
43320990817.026161 6.903280 0.004167 7.972189 1.670557 4.668198 56.627954
3329345432.100126 23.989006 0.720942 1.054424 1.653420 3.571508 32.630545
1990881800.551460 47.441869 0.702615 2.612868 2.750865 4.388744 34.110842
4999239122.040709 11.666248 0.034820 8.049850 1.601377 3.375287 30.786700
3469992300.345870 22.227342 0.236009 2.681048 3.793149 3.653644 32.351602
4535147532.845243 21.456222 0.519495 0.762938 3.678642 4.043254 35.011464
4961990641.975270 15.017335 0.281545 0.323281 6.107384 4.538776 32.706742
4141246390.964825 19.006386 0.230649 5.983224 7.972847 3.798840 32.817667
15992391476.560549 26.024729 0.653464 5.156290 1.413574 4.933346 56.412334
5758855330.162584 17.543564 0.240333 6.189561 13.216755 3.865151 35.828565
7952747048.309192 9.888234 0.550846 0.013794 3.122705 3.807659 34.599894
225526958768.328644 4.499303 0.919522 0.715470 2.649088 4.742690 91.948800
11344775716.942322 18.099787 0.955841 1.973327 5.593202 3.593217 45.300588
102671924649.352524 17.645066 0.715034 7.238977 1.178253 3.371776 93.746102
3683011466.308927 17.898879 0.059761 0.014476 6.499785 3.382663 31.038809
32346482807.285614 18.158269 0.498770 7.446332 1.146590 3.630666 64.293540
2826764993.408985 16.425460 0.190217 0.034643 6.804566 3.058459 27.763371
2248341310.001290 48.830177 0.479620 4.377530 1.647928 4.242854 35.867335
715522143.305001 42.267104 0.766818 0.817915 1.688784 3.547036 23.340225
1908159499.079180 23.500608 0.189146 2.577947 5.631218 3.366227 26.940467
5401238316.707521 11.826940 0.215468 0.477042 8.331873 3.738435 31.693958
4267020637.652681 18.528923 0.861411 0.490365 1.017913 4.430009 32.912576
121487315927.807068 4.346434 0.202547 0.690187 1.251322 4.857932 74.505896
137320176074.006241 3.793565 0.509358 0.269659 7.981611 4.703672 76.490358
2303736061.767709 22.886902 0.974930 0.013001 7.790916 3.785017 28.464442
36372404490.623451 20.522462 0.778523 5.184002 1.357178 4.352933 69.193220
15596338394.246525 10.562748 0.080918 0.088533 3.958343 3.038843 43.955730
6512035579.731794 48.295530 0.722873 6.147999 2.383635 3.014180 50.938370
14291385727.787867 14.027727 0.636508 1.193773 1.375562 4.548380 45.724319
1145857341.536473 46.323081 0.748030 1.007359 1.561890 4.832752 28.148672
6143034421.893208 15.402727 0.394015 0.758595 4.039243 3.472410 35.352991
2286989266.555729 41.218312 0.491388 5.451066 13.810827 4.409296 34.098515
29060574515.569057 11.172035 0.238949 5.331636 1.785626 4.117808 54.793836
111004080475.297134 5.164171 0.078786 9.742284 1.808121 3.130958 73.935620
3323006843.939339 15.561921 0.417908 0.268524 1.275822 4.499346 28.883571
21338815820.704861 14.694476 0.461582 4.139164 2.975192 4.144606 52.888041
219846569580.027039 12.004506 0.587741 8.906696 1.590433 4.672588 109.413490
1303814226.884471 19.358122 0.006128 8.285555 2.264834 4.158612 22.440549
49467392644.467140 9.316447 0.748504 1.130292 1.355225 3.073028 62.810506
7479363882.931151 25.488243 0.763607 2.145637 1.200620 4.786426 43.514911
3607423160.260850 15.566785 0.210973 0.017042 12.021561 3.599333 29.687613
68227092957.635902 5.615819 0.561080 0.565857 2.884584 3.069982 63.647936
1889580185.738967 27.128288 0.717018 0.958400 1.894611 4.516426 28.031726
5933665642.423491 28.895293 0.696842 2.454387 2.310130 4.135286 41.849097
36405429421.082069 8.249198 0.441737 0.809249 1.276255 3.196990 55.289160
216945766821.351074 7.384509 0.649553 2.934992 1.824209 3.752623 98.095728
22743424951.131310 9.150888 0.023707 1.348260 3.654698 3.654209 48.292311
1362089296.575275 46.764916 0.913862 1.054051 13.698486 3.470090 29.912930
6397452111.398273 40.334738 0.517446 8.197315 5.572819 4.199361 47.705754
5439617618.568862 28.681674 0.471140 2.851584 6.708658 3.030670 40.561107
13276245388.320923 11.987132 0.580600 0.970152 4.615976 3.849986 42.911279
180925350161.237244 8.241320 0.625561 1.892195 1.340074 4.371393 94.333830
12508407285.118994 8.863118 0.288018 0.025771 5.524894 4.810084 39.300161
2715119328.339811 13.313338 0.653845 0.154903 1.115561 4.641132 25.941095
21160214734.892967 8.769323 0.539933 0.550687 3.165711 4.670263 46.723432
108232482117.959137 3.879272 0.189032 0.014776 2.406176 4.929213 70.810908
788112244.281651 30.060483 0.360974 1.363561 1.535561 4.207624 21.614607
1911673554.177028 34.220263 0.188215 5.039882 1.446578 4.058226 30.248186
165542401626.569366 4.208949 0.922930 0.099321 1.589043 3.212527 82.296190
1602589194.144100 18.081577 0.309267 0.466765 2.585788 3.228981 23.586242
2257588951.052732 41.535721 0.864990 2.877839 15.383707 3.548363 34.037282
15139088359.656286 9.745110 0.218649 0.308998 17.327815 4.677311 42.743752
3694025075.396565 20.881270 0.662864 1.318345 2.258043 4.711184 32.443198
6412229359.041420 11.074441 0.349552 0.152783 1.328238 3.253167 33.042894
3913271853.456206 28.091401 0.670294 1.418727 3.377049 4.672875 36.112968
19482137726.831867 11.493002 0.455124 0.688276 1.322324 4.577123 48.276233
1753567846.392169 23.203682 0.247943 0.815174 1.838522 4.095240 26.094562
3920512486.807959 33.046363 0.495133 3.504103 4.419220 3.963319 38.007869
1317522346.288348 25.791651 0.111971 0.050488 2.206205 3.210196 24.480078
4547317399.070556 31.285544 0.320306 7.319659 2.095454 4.584606 39.252968
14271239438.976168 25.611626 0.868064 3.554712 2.923745 3.031250 54.050521
3807830164.285244 21.635654 0.890272 1.320404 1.006786 3.799166 33.109255
19584309038.067616 8.506687 0.289525 0.341714 2.626063 4.063508 45.248171
4157874157.992468 15.833048 0.031092 8.843067 3.206589 3.035588 31.266583
2152383495.406773 37.128232 0.693084 1.495743 1.455454 3.057912 32.300048
670219934.411041 28.707869 0.616177 0.033567 3.975611 3.484548 20.188994
2923056427.584793 21.894692 0.788244 1.355335 1.135049 4.637974 30.420379
117495883774.926285 6.275279 0.971569 0.793996 1.278729 4.943748 77.668442
13892183853.153818 18.259598 0.753493 2.072849 1.255051 3.630946 48.582810
27244009413.165112 7.570336 0.172807 0.905005 3.980041 4.897895 49.356247
5783023427.038374 10.728117 0.174662 0.037008 6.519281 3.515929 31.691057
2245006730.621648 40.051303 0.447249 3.490963 13.468909 4.604719 33.571795
979791970.734023 26.386717 0.821065 0.327541 2.053399 4.770477 22.331840
51203888355.317215 8.242824 0.454058 2.495181 1.518334 4.007008 61.937159
4038764480.604049 13.427989 0.966347 0.256360 8.488659 4.944983 29.676158
