0.010000 0.000223 0.000101 0.000508 0.000058 0.000851 0.000040 0.000987
0.012068 0.000250 0.000114 0.000540 0.000069 0.000861 0.000051 0.000990
0.014563 0.000261 0.000123 0.000569 0.000080 0.000875 0.000062 0.000993
0.017575 0.000277 0.000131 0.000608 0.000089 0.000878 0.000071 0.000994
0.021210 0.000293 0.000137 0.000637 0.000096 0.000888 0.000079 0.000995
0.025595 0.000304 0.000143 0.000654 0.000101 0.000906 0.000086 0.000996
0.030888 0.000311 0.000145 0.000666 0.000102 0.000910 0.000091 0.000996
0.037276 0.000316 0.000148 0.000675 0.000103 0.000926 0.000094 0.000996
0.044984 0.000319 0.000150 0.000680 0.000104 0.000941 0.000097 0.000997
0.054287 0.000322 0.000151 0.000684 0.000105 0.000947 0.000098 0.000997
0.065513 0.000324 0.000152 0.000685 0.000106 0.000952 0.000099 0.000997
0.079060 0.000325 0.000153 0.000687 0.000107 0.000955 0.000100 0.000997
0.095410 0.000326 0.000154 0.000687 0.000107 0.000958 0.000101 0.000997
0.115140 0.000326 0.000155 0.000687 0.000107 0.000960 0.000101 0.000997
0.138950 0.000327 0.000155 0.000688 0.000107 0.000962 0.000101 0.000997
0.167683 0.000327 0.000155 0.000688 0.000107 0.000963 0.000101 0.000997
0.202359 0.000328 0.000155 0.000688 0.000107 0.000964 0.000101 0.000997
0.244205 0.000328 0.000155 0.000688 0.000107 0.000964 0.000101 0.000997
0.294705 0.000328 0.000155 0.000688 0.000107 0.000965 0.000101 0.000997
0.355648 0.000328 0.000155 0.000688 0.000107 0.000965 0.000101 0.000997
0.429193 0.000328 0.000155 0.000689 0.000107 0.000965 0.000101 0.000997
0.517947 0.000328 0.000155 0.000689 0.000107 0.000965 0.000101 0.000997
0.625055 0.000328 0.000155 0.000689 0.000107 0.000965 0.000101 0.000997
0.754312 0.000328 0.000155 0.000689 0.000107 0.000965 0.000101 0.000997
0.910298 0.000328 0.000155 0.000689 0.000107 0.000965 0.000101 0.000997
1.098541 0.000328 0.000155 0.000689 0.000107 0.000965 0.000101 0.000997
1.325711 0.000328 0.000155 0.000689 0.000107 0.000965 0.000101 0.000997
1.599859 0.000328 0.000155 0.000689 0.000107 0.000965 0.000101 0.000997
1.930698 0.000328 0.000155 0.000689 0.000107 0.000965 0.000101 0.000997
2.329952 0.000328 0.000155 0.000689 0.000107 0.000965 0.000101 0.000997
2.811769 0.000328 0.000155 0.000689 0.000107 0.000965 0.000101 0.000997
3.393222 0.000328 0.000155 0.000689 0.000107 0.000965 0.000101 0.000997
4.094915 0.000328 0.000155 0.000689 0.000107 0.000965 0.000101 0.000997
4.941713 0.000328 0.000155 0.000689 0.000107 0.000965 0.000101 0.000997
5.963623 0.000328 0.000155 0.000689 0.000107 0.000965 0.000101 0.000997
7.196857 0.000328 0.000155 0.000689 0.000107 0.000965 0.000101 0.000997
8.685114 0.000328 0.000155 0.000689 0.000107 0.000965 0.000101 0.000997
10.481131 0.000328 0.000155 0.000689 0.000107 0.000965 0.000101 0.000997
12.648552 0.000328 0.000155 0.000689 0.000107 0.000965 0.000101 0.000997
15.264180 0.000328 0.000155 0.000689 0.000107 0.000965 0.000101 0.000997
18.420700 0.000328 0.000155 0.000689 0.000107 0.000965 0.000101 0.000997
22.229965 0.000328 0.000155 0.000689 0.000107 0.000965 0.000101 0.000997
26.826958 0.000328 0.000155 0.000689 0.000107 0.000965 0.000101 0.000997
32.374575 0.000328 0.000155 0.000689 0.000107 0.000965 0.000101 0.000997
39.069399 0.000328 0.000155 0.000689 0.000107 0.000965 0.000101 0.000997
47.148664 0.000328 0.000155 0.000689 0.000107 0.000965 0.000101 0.000997
56.898660 0.000328 0.000155 0.000689 0.000107 0.000965 0.000101 0.000997
68.664885 0.000328 0.000155 0.000689 0.000107 0.000965 0.000101 0.000997
82.864277 0.000328 0.000155 0.000689 0.000107 0.000965 0.000101 0.000997
100.000000 0.000328 0.000155 0.000689 0.000107 0.000965 0.000101 0.000997
