0.010000 2423.391293 779.012092 10825.346530 366.017061 20338.299154 221.229094 31155.415557
0.012068 3912.262574 1323.883187 16664.456084 625.980707 30272.269373 385.241710 46528.980113
0.014563 6447.137204 2225.024053 25281.535982 1080.336357 44667.548283 670.783506 69405.063956
0.017575 10497.706574 3797.487386 37622.891031 1852.431770 67567.008294 1167.831816 103379.538738
0.021210 17183.816632 6431.220520 57280.609256 3179.888684 99694.907285 2032.899052 153721.141872
0.025595 27684.482048 10846.649204 87568.248369 5473.374292 146750.704533 3538.139801 228111.343948
0.030888 44813.804318 18422.313982 132373.837181 9371.505379 218866.205058 6156.594836 337683.013803
0.037276 73338.980889 31269.908582 198583.639645 16340.036404 326892.344276 10710.039480 498458.078851
0.044984 118412.619316 52842.173706 297083.992290 28570.422686 483621.377431 18625.140913 733303.567297
0.054287 190053.728459 88882.162409 448373.509009 49361.482521 714430.706732 32376.668600 1074537.799177
0.065513 305985.732903 147817.304866 672385.169482 84813.820374 1053434.085589 56253.024733 1543592.116739
0.079060 491397.963793 249439.185869 1004243.801121 143136.579200 1535371.398980 97675.553371 2196686.290738
0.095410 785432.927620 414095.843832 1482277.686679 247191.472126 2244134.797772 169465.636372 3110513.066340
0.115140 1252732.230849 688255.185974 2192707.820513 415668.664465 3236409.225185 295454.161616 4381492.106978
0.138950 1958217.836786 1143420.916516 3240640.891670 715785.073629 4728945.378775 515356.926245 6449554.836844
0.167683 3096919.617053 1869021.554207 4814024.185642 1213405.935006 6908752.592253 898309.208518 9385569.974228
0.202359 4832938.599511 3047942.174709 7147936.532040 2015399.124064 9784203.094768 1559563.175193 13086206.088814
0.244205 7579049.209176 5031792.654737 10494888.919086 3429683.915326 14045605.439553 2673873.196970 18045279.743088
0.294705 11511442.305072 8093424.357766 15475117.950107 5782565.015843 19864125.973630 4568071.359905 25266025.984070
0.355648 17455553.281781 12818240.536685 22468683.086838 9651274.571896 28443202.535671 7744312.755643 36030927.878173
0.429193 26242535.680823 20173485.263278 32490400.472890 15647010.222672 39782608.422051 12910492.331531 48051039.060335
0.517947 39025615.953385 31227436.595479 46988061.821099 24751376.416433 56236662.327878 21176293.459734 63753164.695367
0.625055 57574464.673974 47707623.358428 67409194.771836 39105216.391701 78894937.730980 32550991.460257 92278243.379366
0.754312 83528572.738756 71316003.978039 97321464.815533 59907738.843928 111310578.532068 49892111.676605 137839013.773747
0.910298 119354298.192766 101741845.996797 140350377.247538 85589948.922255 159627672.603272 70602788.242040 202139955.177679
1.098541 169249488.425980 140633143.223944 203830205.781324 114704685.117913 235673421.127374 92809011.029059 292069792.289934
1.325711 235413288.748080 188577094.609060 288456276.918870 146822449.164048 343643733.918316 121665842.854741 417763739.521356
1.599859 317394756.011836 241253270.427100 396987730.701334 181103376.848019 507319629.298768 143878419.107939 591247994.110234
1.930698 412595602.382838 300389581.490776 530912191.976125 219682810.328827 685128280.699516 166670728.409277 815211133.365369
2.329952 516691105.010507 355490448.364517 700218765.978173 252785898.072798 928650889.365843 183050143.700297 1137185801.010122
2.811769 616806136.702409 405347130.587081 895632500.446264 281129666.862290 1218208885.066955 192733343.969394 1674503048.010964
3.393222 719736200.365387 442039276.797638 1112630553.414430 298677669.675875 1662951465.961541 197497106.973554 2294460735.065743
4.094915 814996151.419815 476895358.597945 1356539929.898057 314649643.046129 2124952356.845288 206776609.359152 3272534885.432109
4.941713 906017296.556811 502999171.908489 1615972961.298319 328145627.438080 2631456098.840924 212452265.625216 4297322636.063727
5.963623 988849120.181042 527428818.671331 1862137683.647074 337602477.428154 3205255692.018085 215634675.807381 5128390433.229250
7.196857 1072886662.504868 551751165.599631 2130554844.134564 344682068.281458 3876549798.635139 217966478.802156 6225626265.351146
8.685114 1150648568.272514 571513383.539426 2399743669.073847 348038512.756658 4485960745.975368 219675028.264735 8020544769.146728
10.481131 1207485484.421379 581625497.336571 2618293223.370301 350606840.467154 5164855423.671743 220926909.865633 10939283578.544559
12.648552 1260523101.111946 588136935.311049 2818217585.310711 353373954.996842 5956828629.841399 221844183.598114 13937033217.370644
15.264180 1322530545.392532 608347882.972363 3052157999.662831 355140513.130280 6696219986.049195 222516284.777407 16584973071.494717
18.420700 1355171175.457016 619398230.530825 3200871603.655982 356100881.597730 7317898675.391539 223008744.093761 19266332576.054054
22.229965 1390692378.202509 622689057.061171 3367926145.632469 356795076.093361 8021616723.443497 223369576.935208 21461812996.860687
26.826958 1404632469.767455 629161060.922868 3489950566.685461 357296868.909450 8602042764.432367 223633964.946853 23418702772.963329
32.374575 1449252152.284589 635586061.062655 3593104280.255764 357659585.744376 9068463254.788630 223827686.284470 25162930396.003616
39.069399 1487773545.259494 640996830.510732 3709315222.445441 357921772.643273 9417956221.819706 223969629.016346 26717606616.468048
47.148664 1520639487.756686 643329120.931347 3766315482.903158 358111292.299748 9692609854.681355 224073632.733130 28103330657.613907
56.898660 1537150049.416134 648665976.567931 3834901273.668642 358248285.034097 9852136056.100800 224149837.924913 29442307597.002922
68.664885 1548269129.176175 654593032.170889 3904021156.310118 358347309.112199 9972669985.871086 224205674.691466 31465522507.240211
82.864277 1557274734.174327 655952147.902851 4023852428.953040 358418887.857527 10076101260.451736 224246587.186089 33402530316.186073
100.000000 1561560148.551916 656006687.621261 4098365610.371102 358470627.968427 10130340412.855915 224276564.427244 35257004219.542778
