0.001000 0.000000 0.000000 0.000000 0.000000 0.000000 0.000000 0.000000
0.001038 0.000000 0.000000 0.000000 0.000000 0.000000 0.000000 0.000000
0.001077 0.000000 0.000000 0.000000 0.000000 0.000000 0.000000 0.000000
0.001117 0.000000 0.000000 0.000000 0.000000 0.000000 0.000000 0.000000
0.001159 0.000000 0.000000 0.000000 0.000000 0.000000 0.000000 0.000000
0.001203 0.000000 0.000000 0.000000 0.000000 0.000000 0.000000 0.000000
0.001248 0.000000 0.000000 0.000000 0.000000 0.000000 0.000000 0.000000
0.001296 0.000000 0.000000 0.000000 0.000000 0.000000 0.000000 0.000000
0.001344 0.000000 0.000000 0.000000 0.000000 0.000000 0.000000 0.000000
0.001395 0.000000 0.000000 0.000000 0.000000 0.000000 0.000000 0.000000
0.001448 0.000000 0.000000 0.000000 0.000000 0.000000 0.000000 0.000000
0.001502 0.000000 0.000000 0.000000 0.000000 0.000000 0.000000 0.000000
0.001559 0.000000 0.000000 0.000000 0.000000 0.000000 0.000000 0.000000
0.001617 0.000000 0.000000 0.000000 0.000000 0.000000 0.000000 0.000000
0.001678 0.000000 0.000000 0.000000 0.000000 0.000000 0.000000 0.000000
0.001742 0.000000 0.000000 0.000000 0.000000 0.000000 0.000000 0.000000
0.001807 0.000000 0.000000 0.000000 0.000000 0.000000 0.000000 0.000000
0.001875 0.000000 0.000000 0.000000 0.000000 0.000000 0.000000 0.000000
0.001946 0.000000 0.000000 0.000000 0.000000 0.000000 0.000000 0.000000
0.002019 0.000000 0.000000 0.000000 0.000000 0.000000 0.000000 0.000000
0.002095 0.000000 0.000000 0.000000 0.000000 0.000000 0.000000 0.000000
0.002174 0.000000 0.000000 0.000000 0.000000 0.000001 0.000000 0.000001
0.002256 0.000000 0.000000 0.000001 0.000000 0.000001 0.000000 0.000001
0.002341 0.000001 0.000000 0.000001 0.000000 0.000001 0.000000 0.000001
0.002430 0.000001 0.000001 0.000001 0.000000 0.000001 0.000000 0.000001
0.002521 0.000001 0.000001 0.000001 0.000001 0.000001 0.000001 0.000001
0.002616 0.000001 0.000001 0.000001 0.000001 0.000001 0.000001 0.000001
0.002715 0.000001 0.000001 0.000001 0.000001 0.000001 0.000001 0.000001
0.002817 0.000001 0.000001 0.000001 0.000001 0.000001 0.000001 0.000001
0.002923 0.000001 0.000001 0.000001 0.000001 0.000001 0.000001 0.000001
0.003033 0.000001 0.000001 0.000001 0.000001 0.000001 0.000001 0.000001
0.003148 0.000001 0.000001 0.000001 0.000001 0.000002 0.000001 0.000002
0.003266 0.000001 0.000001 0.000002 0.000001 0.000002 0.000001 0.000002
0.003389 0.000002 0.000001 0.000002 0.000001 0.000002 0.000001 0.000002
0.003517 0.000002 0.000002 0.000002 0.000001 0.000002 0.000001 0.000002
0.003650 0.000002 0.000002 0.000002 0.000002 0.000002 0.000002 0.000003
0.003787 0.000002 0.000002 0.000002 0.000002 0.000003 0.000002 0.000003
0.003930 0.000003 0.000002 0.000003 0.000002 0.000003 0.000002 0.000003
0.004078 0.000003 0.000003 0.000003 0.000002 0.000003 0.000002 0.000004
0.004232 0.000003 0.000003 0.000003 0.000003 0.000004 0.000002 0.000004
0.004391 0.000004 0.000003 0.000004 0.000003 0.000004 0.000003 0.000004
0.004557 0.000004 0.000004 0.000004 0.000003 0.000005 0.000003 0.000005
0.004728 0.000004 0.000004 0.000005 0.000004 0.000005 0.000003 0.000006
0.004906 0.000005 0.000004 0.000005 0.000004 0.000006 0.000004 0.000006
0.005091 0.000006 0.000005 0.000006 0.000005 0.000007 0.000004 0.000007
0.005283 0.000006 0.000006 0.000007 0.000005 0.000007 0.000005 0.000008
0.005482 0.000007 0.000006 0.000008 0.000006 0.000008 0.000005 0.000009
0.005689 0.000008 0.000007 0.000008 0.000006 0.000009 0.000006 0.000010
0.005903 0.000009 0.000008 0.000009 0.000007 0.000010 0.000007 0.000011
0.006126 0.000010 0.000009 0.000011 0.000008 0.000012 0.000007 0.000012
0.006356 0.000011 0.000010 0.000012 0.000009 0.000013 0.000008 0.000013
0.006596 0.000012 0.000011 0.000013 0.000010 0.000014 0.000009 0.000015
0.006844 0.000013 0.000012 0.000015 0.000011 0.000016 0.000010 0.000017
0.007102 0.000015 0.000013 0.000016 0.000012 0.000018 0.000011 0.000019
0.007370 0.000017 0.000015 0.000018 0.000014 0.000020 0.000013 0.000021
0.007648 0.000019 0.000017 0.000020 0.000015 0.000022 0.000014 0.000023
0.007936 0.000021 0.000019 0.000023 0.000017 0.000025 0.000016 0.000026
0.008235 0.000023 0.000021 0.000026 0.000019 0.000028 0.000018 0.000029
0.008545 0.000026 0.000023 0.000029 0.000021 0.000031 0.000020 0.000032
0.008867 0.000029 0.000026 0.000032 0.000024 0.000035 0.000022 0.000036
0.009201 0.000033 0.000029 0.000036 0.000027 0.000039 0.000025 0.000041
0.009548 0.000036 0.000033 0.000040 0.000030 0.000044 0.000028 0.000045
0.009908 0.000041 0.000036 0.000045 0.000033 0.000049 0.000031 0.000051
0.010281 0.000045 0.000041 0.000050 0.000037 0.000054 0.000034 0.000057
0.010669 0.000051 0.000045 0.000056 0.000042 0.000061 0.000038 0.000063
0.011071 0.000057 0.000051 0.000062 0.000046 0.000068 0.000043 0.000071
0.011488 0.000063 0.000057 0.000069 0.000052 0.000076 0.000048 0.000079
0.011921 0.000071 0.000063 0.000077 0.000058 0.000085 0.000054 0.000088
0.012370 0.000079 0.000071 0.000087 0.000065 0.000095 0.000060 0.000098
0.012836 0.000088 0.000079 0.000097 0.000072 0.000106 0.000067 0.000110
0.013320 0.000099 0.000088 0.000108 0.000081 0.000118 0.000075 0.000123
0.013822 0.000110 0.000099 0.000121 0.000090 0.000132 0.000083 0.000137
0.014343 0.000123 0.000110 0.000135 0.000101 0.000147 0.000093 0.000153
0.014883 0.000138 0.000123 0.000151 0.000113 0.000164 0.000104 0.000171
0.015444 0.000154 0.000137 0.000168 0.000126 0.000184 0.000116 0.000191
0.016026 0.000172 0.000154 0.000188 0.000141 0.000205 0.000130 0.000213
0.016630 0.000192 0.000171 0.000210 0.000157 0.000229 0.000145 0.000238
0.017256 0.000214 0.000192 0.000234 0.000175 0.000256 0.000162 0.000266
0.017907 0.000239 0.000214 0.000262 0.000196 0.000286 0.000181 0.000297
0.018581 0.000267 0.000239 0.000292 0.000219 0.000319 0.000202 0.000332
0.019281 0.000298 0.000267 0.000326 0.000244 0.000356 0.000226 0.000371
0.020008 0.000333 0.000298 0.000365 0.000273 0.000398 0.000252 0.000414
0.020762 0.000372 0.000333 0.000407 0.000305 0.000445 0.000282 0.000463
0.021544 0.000416 0.000372 0.000455 0.000340 0.000496 0.000315 0.000517
0.022356 0.000464 0.000415 0.000508 0.000380 0.000554 0.000351 0.000577
0.023199 0.000518 0.000464 0.000567 0.000424 0.000619 0.000392 0.000644
0.024073 0.000579 0.000518 0.000633 0.000474 0.000691 0.000438 0.000719
0.024980 0.000646 0.000578 0.000707 0.000529 0.000771 0.000489 0.000803
0.025921 0.000721 0.000645 0.000789 0.000591 0.000861 0.000546 0.000896
0.026898 0.000805 0.000721 0.000881 0.000660 0.000961 0.000610 0.001000
0.027911 0.000899 0.000804 0.000983 0.000737 0.001073 0.000681 0.001116
0.028963 0.001004 0.000898 0.001097 0.000822 0.001197 0.000760 0.001246
0.030055 0.001120 0.001002 0.001225 0.000918 0.001336 0.000849 0.001390
0.031187 0.001250 0.001119 0.001367 0.001025 0.001491 0.000948 0.001551
0.032362 0.001395 0.001249 0.001525 0.001144 0.001664 0.001058 0.001731
0.033582 0.001557 0.001393 0.001701 0.001277 0.001856 0.001180 0.001931
0.034847 0.001737 0.001555 0.001898 0.001425 0.002071 0.001317 0.002154
0.036160 0.001938 0.001735 0.002117 0.001590 0.002310 0.001470 0.002403
0.037523 0.002161 0.001935 0.002362 0.001774 0.002576 0.001640 0.002680
0.038937 0.002411 0.002159 0.002634 0.001979 0.002872 0.001830 0.002988
0.040404 0.002688 0.002408 0.002937 0.002207 0.003203 0.002041 0.003331
0.041927 0.002998 0.002685 0.003274 0.002462 0.003570 0.002277 0.003713
0.043507 0.003342 0.002994 0.003649 0.002745 0.003979 0.002539 0.004138
0.045146 0.003725 0.003337 0.004067 0.003061 0.004434 0.002831 0.004611
0.046847 0.004151 0.003720 0.004532 0.003412 0.004940 0.003156 0.005137
0.048612 0.004626 0.004146 0.005048 0.003803 0.005502 0.003518 0.005721
0.050444 0.005153 0.004619 0.005623 0.004238 0.006127 0.003921 0.006371
0.052345 0.005739 0.005146 0.006261 0.004721 0.006822 0.004369 0.007092
0.054317 0.006391 0.005731 0.006970 0.005259 0.007593 0.004868 0.007893
0.056364 0.007114 0.006381 0.007757 0.005856 0.008449 0.005422 0.008782
0.058488 0.007918 0.007102 0.008630 0.006520 0.009399 0.006037 0.009768
0.060692 0.008810 0.007904 0.009599 0.007257 0.010453 0.006721 0.010862
0.062979 0.009799 0.008793 0.010674 0.008075 0.011620 0.007480 0.012074
0.065352 0.010895 0.009780 0.011866 0.008983 0.012912 0.008323 0.013416
0.067815 0.012111 0.010874 0.013186 0.009989 0.014343 0.009257 0.014902
0.070370 0.013456 0.012085 0.014647 0.011104 0.015923 0.010293 0.016545
0.073022 0.014941 0.013426 0.016263 0.012340 0.017668 0.011441 0.018361
0.075774 0.016582 0.014909 0.018049 0.013706 0.019596 0.012712 0.020367
0.078629 0.018394 0.016550 0.020018 0.015218 0.021725 0.014119 0.022579
0.081592 0.020395 0.018360 0.022188 0.016889 0.024071 0.015674 0.025018
0.084666 0.022610 0.020360 0.024586 0.018733 0.026656 0.017392 0.027705
0.087857 0.025051 0.022565 0.027228 0.020768 0.029499 0.019290 0.030660
0.091167 0.027732 0.024990 0.030131 0.023010 0.032623 0.021383 0.033908
0.094603 0.030677 0.027661 0.033312 0.025479 0.036053 0.023689 0.037473
0.098168 0.033912 0.030604 0.036801 0.028196 0.039814 0.026229 0.041382
0.101867 0.037459 0.033838 0.040624 0.031181 0.043931 0.029023 0.045662
0.105705 0.041346 0.037399 0.044845 0.034458 0.048434 0.032092 0.050342
0.109688 0.045596 0.041285 0.049465 0.038050 0.053351 0.035461 0.055452
0.113822 0.050237 0.045533 0.054511 0.041983 0.058733 0.039152 0.061023
0.118111 0.055314 0.050177 0.059948 0.046280 0.064579 0.043194 0.067086
0.122561 0.060857 0.055253 0.065859 0.050965 0.070901 0.047611 0.073675
0.127180 0.066863 0.060782 0.072355 0.056096 0.077755 0.052433 0.080822
0.131972 0.073380 0.066793 0.079415 0.061667 0.085267 0.057688 0.088559
0.136945 0.080458 0.073286 0.087065 0.067719 0.093357 0.063405 0.096918
0.142105 0.088082 0.080359 0.095319 0.074283 0.102045 0.069615 0.105931
0.147460 0.096304 0.087977 0.104154 0.081425 0.111394 0.076348 0.115628
0.153017 0.105167 0.096178 0.113683 0.089189 0.121430 0.083633 0.126036
0.158783 0.114706 0.105053 0.123835 0.097523 0.132179 0.091501 0.137183
0.164766 0.124974 0.114575 0.134765 0.106457 0.143663 0.099979 0.149090
0.170975 0.135946 0.124785 0.146358 0.116049 0.155881 0.109096 0.161778
0.177417 0.147623 0.135719 0.158790 0.126322 0.168906 0.118834 0.175261
0.184103 0.160007 0.147405 0.171930 0.137297 0.182692 0.129226 0.189550
0.191040 0.173226 0.159843 0.185817 0.149018 0.197378 0.140310 0.204651
0.198239 0.187240 0.173112 0.200442 0.161505 0.212878 0.152174 0.220564
0.205709 0.202037 0.187120 0.215794 0.174787 0.228882 0.164875 0.237281
0.213460 0.217572 0.201803 0.232215 0.188753 0.246007 0.178338 0.254789
0.221504 0.233773 0.217334 0.249131 0.203430 0.263669 0.192567 0.273069
0.229851 0.250855 0.233486 0.266949 0.218946 0.281936 0.207454 0.292094
0.238512 0.268692 0.250385 0.285596 0.235193 0.300872 0.223076 0.311829
0.247499 0.287169 0.268116 0.304878 0.252016 0.320689 0.239424 0.332235
0.256826 0.306358 0.286449 0.324747 0.269522 0.341320 0.256478 0.353262
0.266503 0.325889 0.305623 0.345231 0.287680 0.362545 0.274157 0.374858
0.276546 0.346139 0.325285 0.366051 0.306284 0.384105 0.292392 0.396962
0.286967 0.367142 0.345293 0.387387 0.325797 0.406357 0.311215 0.419510
0.297780 0.388659 0.366005 0.409204 0.345663 0.428531 0.330578 0.442431
0.309001 0.410436 0.387169 0.431577 0.366776 0.451100 0.350430 0.465654
0.320645 0.432486 0.408676 0.454023 0.387229 0.474268 0.370715 0.489652
0.332727 0.454781 0.430637 0.477162 0.407951 0.497351 0.391370 0.514001
0.345265 0.477127 0.452300 0.500451 0.429394 0.520591 0.412330 0.538484
0.358275 0.499599 0.474422 0.523507 0.450878 0.544451 0.433504 0.563022
0.371776 0.522326 0.496708 0.546493 0.472492 0.567989 0.454796 0.587533
0.385785 0.544985 0.518853 0.569359 0.494188 0.591060 0.476183 0.611940
0.400322 0.567367 0.540836 0.592425 0.515681 0.613922 0.497594 0.636167
0.415407 0.589698 0.563273 0.614922 0.537076 0.636508 0.518960 0.660140
0.431060 0.611630 0.584949 0.637248 0.558307 0.660045 0.540213 0.683790
0.447304 0.633544 0.606540 0.659535 0.579309 0.681711 0.561288 0.706775
0.464159 0.654958 0.627948 0.680728 0.600023 0.703408 0.581964 0.728490
0.481649 0.675732 0.648825 0.702038 0.620574 0.726168 0.601901 0.750904
0.499799 0.696614 0.669398 0.722901 0.640918 0.747245 0.621460 0.772772
0.518632 0.716534 0.689506 0.743409 0.660831 0.767510 0.640593 0.794052
0.538175 0.736099 0.708780 0.763539 0.680199 0.787274 0.659259 0.814707
0.558455 0.755446 0.727900 0.782630 0.699155 0.807237 0.677422 0.834708
0.579498 0.773469 0.746075 0.800665 0.717556 0.825466 0.695050 0.854029
0.601335 0.791189 0.763741 0.818221 0.734685 0.843710 0.712118 0.872653
0.623994 0.807991 0.780421 0.835429 0.751787 0.861268 0.728605 0.890566
0.647508 0.824671 0.796894 0.852492 0.767810 0.878131 0.744495 0.907759
0.671907 0.840221 0.812155 0.868831 0.782762 0.894740 0.759777 0.924230
0.697226 0.855546 0.827182 0.884063 0.798049 0.910123 0.774444 0.939980
0.723499 0.869809 0.841304 0.898592 0.811899 0.925119 0.788494 0.955013
0.750762 0.883636 0.854459 0.912522 0.825131 0.939065 0.801927 0.969339
0.779052 0.896635 0.867026 0.926004 0.837591 0.952778 0.814748 0.982968
0.808408 0.908705 0.879336 0.938526 0.849669 0.966163 0.826964 0.995909
0.838870 0.920604 0.890839 0.950629 0.861361 0.978674 0.838585 1.008117
0.870480 0.931826 0.901956 0.962615 0.872488 0.990119 0.849624 1.019680
0.903282 0.942415 0.912464 0.973347 0.883043 1.001298 0.860095 1.030621
0.937319 0.952431 0.922474 0.983515 0.892800 1.010974 0.870014 1.040959
0.972639 0.962032 0.931704 0.993246 0.902003 1.020263 0.879398 1.050717
1.009290 0.970964 0.940144 1.002301 0.910704 1.029872 0.888169 1.059917
1.047322 0.979579 0.948262 1.011069 0.918912 1.037994 0.895309 1.068583
1.086787 0.987683 0.955783 1.019173 0.926389 1.046401 0.902028 1.076739
1.127740 0.995192 0.963091 1.027026 0.933748 1.054458 0.908344 1.084407
1.170235 1.001919 0.969903 1.034033 0.940671 1.062034 0.914276 1.091611
1.214332 1.008223 0.976476 1.040863 0.947178 1.069153 0.919844 1.098374
1.260090 1.014510 0.982269 1.047235 0.953253 1.075835 0.925067 1.104718
1.307573 1.020549 0.987922 1.053216 0.958923 1.081747 0.929962 1.110665
1.356845 1.026137 0.993170 1.058803 0.964240 1.086963 0.934547 1.116236
1.407973 1.031070 0.998120 1.064215 0.969223 1.092130 0.938840 1.121452
1.461028 1.035585 1.002735 1.069196 0.973579 1.097440 0.942856 1.126333
1.516083 1.040067 1.006892 1.073813 0.977577 1.102452 0.946612 1.130898
1.573212 1.044161 1.011179 1.078147 0.981455 1.107142 0.950123 1.135165
1.632493 1.047910 1.015285 1.082188 0.984904 1.111527 0.953709 1.139153
1.694009 1.051418 1.018798 1.086102 0.988316 1.115626 0.957152 1.142877
1.757842 1.054767 1.022025 1.089659 0.991596 1.119456 0.960367 1.146354
1.824081 1.058050 1.025038 1.092980 0.994659 1.123032 0.963370 1.149599
1.892816 1.060928 1.027893 1.096080 0.997315 1.126371 0.966172 1.152627
1.964141 1.063702 1.030473 1.098972 1.000184 1.129487 0.968787 1.155672
2.038154 1.066207 1.033149 1.101669 1.002863 1.132257 0.971226 1.158880
2.114955 1.068730 1.035714 1.104271 1.005407 1.134861 0.973501 1.161609
2.194651 1.070940 1.037842 1.106528 1.007780 1.137288 0.975621 1.163912
2.277350 1.073055 1.039819 1.108692 1.009992 1.139549 0.977597 1.166057
2.363165 1.075067 1.041661 1.110651 1.012053 1.141656 0.979438 1.168055
2.452213 1.076857 1.043377 1.112409 1.013968 1.143619 0.981153 1.169916
2.544617 1.078640 1.045013 1.114272 1.015629 1.145447 0.982751 1.171648
2.640503 1.080299 1.046620 1.116054 1.017104 1.147149 0.984238 1.173261
2.740003 1.081821 1.048176 1.117558 1.018474 1.148733 0.985623 1.174763
2.843251 1.083182 1.049640 1.118815 1.019750 1.150208 0.986911 1.176160
2.950391 1.084448 1.050843 1.120153 1.020936 1.151580 0.988111 1.177460
3.061567 1.085622 1.052009 1.121403 1.022064 1.152857 0.989227 1.178669
3.176933 1.086657 1.053131 1.122513 1.023227 1.154045 0.990266 1.179794
3.296646 1.087722 1.054175 1.123539 1.024310 1.155150 0.991232 1.180841
3.420870 1.088646 1.055146 1.124475 1.025148 1.156178 0.992130 1.181814
3.549775 1.089498 1.056049 1.125339 1.025903 1.157134 0.992966 1.182719
3.683537 1.090290 1.056852 1.126204 1.026606 1.158023 0.993743 1.183560
3.822340 1.091027 1.057511 1.127017 1.027259 1.158850 0.994466 1.184343
3.966373 1.091711 1.058245 1.127818 1.027887 1.159618 0.995138 1.185070
4.115834 1.092357 1.058973 1.128545 1.028505 1.160333 0.995762 1.185746
4.270926 1.093004 1.059650 1.129213 1.029079 1.160997 0.996343 1.186375
4.431863 1.093606 1.060204 1.129835 1.029613 1.161615 0.996883 1.186959
4.598864 1.094133 1.060688 1.130413 1.030109 1.162189 0.997385 1.187502
4.772158 1.094612 1.061139 1.130950 1.030570 1.162722 0.997851 1.188007
4.951983 1.095057 1.061558 1.131449 1.030999 1.163218 0.998284 1.188476
5.138583 1.095470 1.061983 1.131913 1.031384 1.163679 0.998687 1.188912
5.332215 1.095865 1.062389 1.132344 1.031726 1.164107 0.999062 1.189317
5.533143 1.096247 1.062767 1.132751 1.032044 1.164505 0.999410 1.189693
5.741642 1.096602 1.063117 1.133147 1.032340 1.164874 0.999733 1.190043
5.957999 1.096932 1.063443 1.133506 1.032615 1.165218 1.000033 1.190367
6.182508 1.097239 1.063746 1.133816 1.032870 1.165537 1.000312 1.190669
6.415476 1.097523 1.064028 1.134109 1.033107 1.165834 1.000571 1.190950
6.657224 1.097788 1.064289 1.134379 1.033327 1.166109 1.000812 1.191210
6.908081 1.098034 1.064532 1.134630 1.033532 1.166365 1.001036 1.191452
7.168391 1.098262 1.064758 1.134862 1.033722 1.166603 1.001244 1.191677
7.438510 1.098474 1.064967 1.135079 1.033899 1.166824 1.001437 1.191886
7.718807 1.098671 1.065162 1.135286 1.034063 1.167029 1.001617 1.192080
8.009667 1.098854 1.065343 1.135478 1.034215 1.167220 1.001783 1.192260
8.311487 1.099024 1.065511 1.135656 1.034357 1.167397 1.001938 1.192428
8.624680 1.099182 1.065667 1.135821 1.034488 1.167561 1.002082 1.192583
8.949674 1.099327 1.065812 1.135975 1.034610 1.167714 1.002216 1.192728
9.286915 1.099458 1.065947 1.136118 1.034724 1.167856 1.002340 1.192862
9.636864 1.099579 1.066072 1.136251 1.034829 1.167988 1.002455 1.192987
10.000000 1.099692 1.066188 1.136374 1.034927 1.168110 1.002562 1.193103
