0.010000 -0.418143 -0.795005 -0.139434 -0.974743 -0.037415 -1.010494 -0.009101
0.012068 -0.421087 -0.795211 -0.143514 -0.979629 -0.040546 -1.013650 -0.009945
0.014563 -0.423962 -0.811320 -0.147180 -0.981844 -0.042607 -1.018502 -0.011147
0.017575 -0.428251 -0.829584 -0.151525 -0.989279 -0.044521 -1.030947 -0.012614
0.021210 -0.439822 -0.835295 -0.156728 -1.003221 -0.049956 -1.042640 -0.014411
0.025595 -0.446169 -0.849575 -0.165001 -1.016729 -0.054249 -1.065175 -0.016616
0.030888 -0.452599 -0.862098 -0.172917 -1.023030 -0.056673 -1.090235 -0.019332
0.037276 -0.464040 -0.875036 -0.182343 -1.034395 -0.062898 -1.094091 -0.022688
0.044984 -0.477208 -0.896128 -0.195625 -1.042034 -0.071008 -1.117880 -0.026853
0.054287 -0.490971 -0.916172 -0.211883 -1.051561 -0.080730 -1.169464 -0.032048
0.065513 -0.508677 -0.933745 -0.232557 -1.065312 -0.089716 -1.225017 -0.034915
0.079060 -0.531095 -0.947157 -0.255557 -1.076025 -0.099152 -1.235439 -0.042543
0.095410 -0.556967 -0.976094 -0.278722 -1.094682 -0.111313 -1.250605 -0.054448
0.115140 -0.583150 -0.996498 -0.305148 -1.118224 -0.135504 -1.294501 -0.063615
0.138950 -0.619308 -1.014316 -0.343449 -1.147500 -0.157656 -1.345401 -0.076334
0.167683 -0.668154 -1.031629 -0.379155 -1.206778 -0.181245 -1.421699 -0.083684
0.202359 -0.719040 -1.072055 -0.411542 -1.280628 -0.199327 -1.498756 -0.092804
0.244205 -0.779091 -1.105980 -0.453944 -1.342759 -0.222879 -1.583530 -0.105027
0.294705 -0.847624 -1.151703 -0.504646 -1.425987 -0.256668 -1.733764 -0.121508
0.355648 -0.920028 -1.213436 -0.577028 -1.526470 -0.302268 -1.971694 -0.143831
0.429193 -1.011681 -1.295274 -0.644739 -1.642868 -0.358950 -2.142760 -0.174132
0.517947 -1.063499 -1.391495 -0.724289 -1.745467 -0.416287 -2.273794 -0.204177
0.625055 -1.133995 -1.490424 -0.796783 -1.905039 -0.466942 -2.361985 -0.230018
0.754312 -1.219727 -1.599611 -0.891089 -2.047431 -0.513888 -2.419870 -0.260837
0.910298 -1.313849 -1.722693 -0.980049 -2.200598 -0.566032 -2.485370 -0.301910
1.098541 -1.466614 -2.014110 -1.085715 -4.297256 -0.678100 -4.905391 -0.388204
1.325711 -1.691883 -3.096842 -1.189975 -4.684967 -0.853038 -4.962183 -0.493323
1.599859 -1.937362 -3.970381 -1.369692 -4.812151 -1.057104 -4.984702 -0.619031
1.930698 -2.283403 -4.198316 -1.543512 -4.849813 -1.141285 -4.988235 -0.670176
2.329952 -2.711296 -4.371393 -1.726027 -4.863046 -1.206289 -4.993792 -0.928580
2.811769 -3.165462 -4.448454 -1.939126 -4.905381 -1.345471 -4.993792 -1.010027
3.393222 -3.327451 -4.499346 -2.138324 -4.905381 -1.486993 -4.993792 -1.175422
4.094915 -3.484548 -4.544841 -2.342230 -4.905391 -1.742041 -4.993792 -1.224992
4.941713 -3.651847 -4.585269 -2.530032 -4.906732 -1.900794 -4.993792 -1.293304
5.963623 -3.733198 -4.622052 -2.667175 -4.910857 -2.037570 -4.993792 -1.343094
7.196857 -3.811327 -4.649331 -2.867812 -4.914310 -2.181200 -4.993792 -1.399755
8.685114 -3.928699 -4.668198 -3.035076 -4.917702 -2.435794 -4.993792 -1.463257
10.481131 -3.963319 -4.676278 -3.106719 -4.919156 -2.544419 -4.993792 -1.755865
12.648552 -3.993705 -4.688016 -3.176711 -4.925780 -2.689956 -4.993792 -1.846050
15.264180 -4.038525 -4.695234 -3.223551 -4.929213 -2.805896 -4.993792 -2.402591
18.420700 -4.082197 -4.704229 -3.313970 -4.929213 -3.029095 -4.993792 -2.516452
22.229965 -4.088146 -4.704229 -3.332111 -4.929213 -3.045540 -4.993792 -3.010786
26.826958 -4.088146 -4.704229 -3.332111 -4.929213 -3.045540 -4.993792 -3.010786
32.374575 -4.088146 -4.704229 -3.332111 -4.929213 -3.045540 -4.993792 -3.010786
39.069399 -4.088146 -4.704229 -3.332111 -4.929213 -3.045540 -4.993792 -3.010786
47.148664 -4.088146 -4.704229 -3.332111 -4.929213 -3.045540 -4.993792 -3.010786
56.898660 -4.088146 -4.704229 -3.332111 -4.929213 -3.045540 -4.993792 -3.010786
68.664885 -4.088146 -4.704229 -3.332111 -4.929213 -3.045540 -4.993792 -3.010786
82.864277 -4.088146 -4.704229 -3.332111 -4.929213 -3.045540 -4.993792 -3.010786
100.000000 -4.088146 -4.704229 -3.332111 -4.929213 -3.045540 -4.993792 -3.010786
