0.010000 501890698.447520 173226817.302431 1915771555.080116 83896263.790223 3452880033.741852 51954394.539077 5297357923.826255
0.012068 464999312.102630 167946769.081516 1653099467.853123 81856202.845493 2915146782.976388 51469135.905283 4489130024.605142
0.014563 434558250.683728 162175085.933311 1453172322.626970 79854462.180429 2450674217.481517 50981732.354157 3913344248.505834
0.017575 396700937.108877 155415498.274855 1237933472.799943 78195102.738270 2054903381.433619 50490870.027099 3323345813.948332
0.021210 366912135.734342 150414112.973318 1070145782.487046 76376041.345011 1755386252.547645 49994949.949062 2758678251.220411
0.025595 341014325.658836 145297335.346024 908503875.797449 75415287.071084 1481596644.383630 49492017.109891 2266573406.978310
0.030888 310898241.713997 139943404.536631 778593535.937138 75161598.884587 1258612310.626063 48979669.296946 1915333534.388785
0.037276 286472683.895108 133585631.944249 661455778.018800 74114592.018140 1067143051.717780 48454939.117807 1580084210.741336
0.044984 262367200.615974 126706376.310702 565425761.305280 72583032.237130 879406536.361290 47914140.422832 1298295841.611092
0.054287 239265574.407325 121814854.179430 477485185.834565 69557949.270573 728604708.675129 47352667.377031 1041399997.961928
0.065513 217945923.102481 114841708.395750 402044819.658000 68410323.451371 598131668.124533 46764730.702805 828871138.285286
0.079060 197225117.001593 108445027.389169 337797958.511139 65301144.059991 510684943.342936 46311062.780723 687838687.270579
0.095410 176583742.650555 102839907.744341 288297232.573717 64190566.026270 420618867.114597 45975648.300781 575716136.752663
0.115140 158267347.590049 95748083.741518 243599811.572079 61762465.182069 344288902.969061 45614545.928830 462365633.272349
0.138950 140766380.643510 89403203.177311 204501584.882692 58564555.865445 277420082.466004 45221275.999107 364809232.505004
0.167683 124746807.186793 83377325.217890 171208085.095284 56704138.459659 224355246.940988 44255166.632944 295889366.472385
0.202359 108042194.201084 76681120.653252 143836119.004989 54395722.291380 184316942.773540 43083180.884112 243942171.867108
0.244205 92964012.549868 69178009.959855 118310690.745641 51754400.329228 147885245.189559 41484430.775497 186992521.577331
0.294705 79403003.870655 61453459.144857 97789928.327957 47724546.981031 119608051.471642 39628294.813612 139571351.145386
0.355648 67357267.991317 54305400.603862 80780772.522155 43348616.731175 94891113.712681 36445567.832970 115383356.228315
0.429193 56291227.552103 46952508.494170 66401608.964519 39126893.081640 76572036.231943 31886077.539914 94564302.148563
0.517947 46159365.594177 39048725.413708 54422481.378551 32836793.558368 61837035.349939 27704266.526127 78489990.375473
0.625055 37440276.469246 31384958.300714 44928145.263526 25754566.539629 51201270.818139 20143206.603795 64619561.624489
0.754312 30020289.831058 24265495.923351 37206552.095427 18718056.346981 43614223.464983 14857918.402025 52505889.312918
0.910298 23766155.271080 18222280.146573 30381712.364648 13083876.627258 38171992.730161 9401008.912692 43153387.061310
1.098541 18344171.276344 13113086.892147 24347290.177894 8907203.681169 32793691.735518 5898230.431656 36556448.696062
1.325711 13179783.324829 8708147.174346 18212043.939710 5693034.636012 25725119.109687 3657771.494543 31579931.246948
1.599859 8999850.305537 5251072.179985 13453971.251810 3107251.771238 18832160.709925 1622187.504208 25907719.113125
1.930698 5595124.097305 2814303.505590 9409211.053569 1430575.262937 14152805.965710 786814.968715 18924316.114102
2.329952 3306767.765660 1449358.073929 6519993.807640 620214.585606 10533741.302226 308289.089767 15297581.564657
2.811769 1921011.550574 685494.320742 4198027.636779 265637.337244 7193117.729438 120793.536788 11793633.624148
3.393222 1054497.476046 316089.608364 2642187.849602 108357.236925 5137750.779397 47329.208247 8763824.030831
4.094915 553193.402590 149480.106662 1623184.916926 46259.419572 3343421.688060 18544.485184 6201272.763417
4.941713 285368.384991 65188.036746 985787.355331 19186.417763 2102914.619408 7266.082478 3748004.350069
5.963623 143862.219188 29234.867732 550907.904376 7810.548581 1351990.330188 2910.977515 2774451.463989
7.196857 73963.301158 13019.963240 297251.206664 3256.708708 841995.039527 1182.616191 2144226.893727
8.685114 35572.394359 5694.032308 156178.234588 1341.045604 529097.066980 480.450656 1638549.234391
10.481131 17721.573844 2487.620236 79798.987431 544.887434 308629.914244 195.188291 1034988.782416
12.648552 8737.171049 1122.034471 41228.387255 221.396137 150271.440413 79.297360 612048.999870
15.264180 4204.846321 494.871631 20722.068981 89.373459 74251.447354 32.215413 333831.778158
18.420700 2048.304689 217.938665 10140.063927 35.750954 40595.325659 13.087861 181852.414300
22.229965 1008.468116 93.761863 5255.609125 14.456998 20073.792004 5.317085 99062.769785
26.826958 492.623244 40.450999 2704.978391 5.992828 9646.635179 2.160124 53963.717751
32.374575 228.481219 17.198383 1388.168774 2.484194 4934.159413 0.875628 29396.339712
39.069399 105.197136 7.766075 696.015059 1.004753 2450.141468 0.344543 16013.440595
47.148664 47.976121 3.185445 345.694769 0.404774 1317.763352 0.135571 8723.204392
56.898660 23.295182 1.365457 180.089891 0.164466 640.357794 0.053345 4751.901655
68.664885 10.714269 0.587477 95.586724 0.066709 338.668323 0.020990 2588.563597
82.864277 4.926008 0.245568 49.975349 0.027152 191.646775 0.008259 1410.101046
100.000000 2.325251 0.107276 25.563581 0.011032 107.397280 0.003250 768.142210
