939.996234
939.990945
939.990926
940.000632
939.991074
939.997696
940.007961
939.993354
940.004035
940.002133
940.005891
940.004801
939.995776
939.994868
940.006562
940.004223
940.008087
940.005107
939.999700
940.003922
940.008139
940.008358
940.004879
939.998671
940.006275
939.997559
940.006774
939.992646
939.991772
940.004912
939.992839
940.009133
939.996535
940.006169
939.997772
940.002946
940.000582
940.008777
940.002937
940.000562
940.001445
939.994336
940.001364
939.997518
939.996699
940.007952
939.996193
940.004755
939.996048
939.993033
940.000500
939.991463
940.008984
939.997368
939.995976
939.998685
940.004434
939.997020
940.006277
940.003389
940.008858
940.007439
940.000145
940.005253
940.000411
939.991184
939.996600
940.008689
939.997820
939.999345
940.001514
940.002094
939.994540
939.994078
939.998686
939.996327
940.002045
939.994316
940.002107
940.008825
939.993671
939.993127
939.991122
939.991299
939.995367
940.007990
939.998736
940.002203
939.991081
940.003636
939.996916
939.993989
939.993707
939.997577
939.991849
940.001300
940.008520
940.006989
939.994462
939.994165
939.997951
939.997546
940.004906
939.991775
939.998448
939.993381
939.993801
939.999015
939.993467
939.993429
940.006168
940.000535
939.995279
939.991055
939.993687
940.004313
939.992440
940.004187
940.007161
940.006198
939.991935
939.996412
939.995883
940.007232
940.008160
940.009247
940.001356
939.992984
940.005720
940.006359
940.004762
939.991867
940.003828
940.002406
940.001740
940.007658
940.009101
940.001217
940.003542
940.000099
940.001133
940.007755
939.999628
939.992541
939.998194
939.990714
939.992174
939.998852
940.005059
939.993357
939.996599
940.002818
939.997951
940.006641
939.994467
939.999183
940.002166
940.000082
939.996089
939.998410
940.000427
940.008708
939.996716
939.997301
940.001662
939.993219
940.006269
939.999531
940.007175
940.000445
940.008958
940.001399
940.003886
939.996913
939.996585
940.006970
940.007156
939.993554
940.000055
940.004703
939.997993
939.992240
939.993588
940.007353
939.997555
940.007672
940.000351
939.992783
939.991858
940.004994
939.992560
940.002178
939.999311
940.000316
939.995302
940.007773
940.004716
939.998911
940.001205
940.009017
940.001449
939.999329
940.006476
939.996330
940.004022
939.999631
939.993670
939.991394
939.991217
940.000598
940.007566
940.008000
940.009073
939.994369
940.006221
940.003511
939.995202
939.998246
939.994075
939.993230
939.994097
940.004531
940.002283
939.994064
939.994195
939.993825
939.990809
939.999474
939.997696
939.999770
939.991858
940.001836
939.998902
939.999193
940.003119
940.004792
939.991195
939.996130
939.991242
940.008751
939.994298
940.006425
940.008607
940.000799
940.000374
940.002197
940.003969
939.990844
939.991626
940.008233
939.992044
939.997383
939.991669
939.991812
939.992175
940.002579
939.991979
939.995797
940.000719
939.993088
939.995970
940.002408
940.005986
939.992884
940.004302
940.006385
939.997528
939.996613
939.992655
939.992932
940.007671
939.993946
939.993850
939.994757
940.008384
939.995832
940.005861
939.995549
940.003108
939.996231
939.992438
939.991034
939.999369
939.997963
940.004845
939.991029
939.991060
939.995123
940.009304
940.005267
940.000236
939.997742
940.008638
940.004970
940.007136
940.001595
939.992927
940.007765
940.008226
939.999251
940.001443
939.997617
939.994770
939.994324
940.000313
939.996207
939.995468
940.001885
939.997334
940.006020
939.995387
939.994843
939.994934
939.990960
940.003441
940.005154
940.001754
939.998213
939.997971
939.993351
939.999887
940.005300
940.008187
940.003714
940.005824
940.003991
940.005923
940.003319
940.000260
939.997415
940.008498
940.005375
939.991924
939.992459
939.997564
939.996363
939.996716
940.000041
940.008462
940.004941
939.997335
940.007133
940.003683
940.000550
939.992269
940.004297
939.994140
939.997944
940.004507
940.001790
939.996166
940.003585
939.997495
939.995186
940.007309
939.992315
940.008411
940.007844
939.996243
939.992595
939.998540
939.991614
940.002932
940.000765
940.009358
939.994307
940.004554
940.004972
940.004845
940.001437
940.005783
940.004119
940.000396
939.998990
940.006398
939.997616
940.004562
939.991377
939.997445
939.998128
940.004604
940.005564
939.999441
939.996296
939.999593
939.999588
940.004132
940.004507
939.992797
939.994722
940.005011
939.995327
939.991456
939.991300
939.997351
940.004786
939.991208
940.002258
940.009336
940.008505
940.009265
939.996771
940.005708
939.999392
939.991503
940.000461
940.008214
940.008564
940.007280
939.996338
939.997815
940.009363
939.995281
940.004335
939.991784
939.998463
940.004204
940.000116
940.003510
940.002190
940.000981
939.996789
940.008537
940.003553
940.001237
940.004820
939.997813
940.003423
939.992890
939.999749
940.001292
939.994261
940.003409
940.005091
940.003935
940.003637
939.994827
940.002253
939.999064
939.995726
940.002778
940.002760
940.001504
939.990886
940.001734
939.998077
939.992185
940.002979
939.999910
939.995197
939.997466
939.993716
939.992724
940.004371
940.007051
940.001474
939.996386
940.005550
939.995411
939.996465
939.997063
940.005273
940.002695
940.003282
940.007530
940.007047
940.004310
939.999272
940.005085
939.991903
940.008140
940.000062
939.991044
939.994302
940.001486
939.998784
939.995841
939.999287
939.991915
940.005335
940.000278
939.995456
939.992026
940.002176
940.008220
940.000632
939.997611
939.992734
940.000245
939.997071
940.004153
940.002815
939.992677
940.004956
940.000551
939.991112
940.002360
940.005414
940.002939
939.997423
940.001188
940.002416
939.994728
940.002547
939.992362
939.993609
939.997566
940.003133
939.992312
940.006489
940.006747
939.998991
939.996532
939.991690
939.991929
939.997269
939.998926
940.001193
940.006630
939.993963
940.006750
940.005219
940.006431
940.007889
939.995499
939.992283
939.994147
940.008891
939.993944
939.998988
940.007242
939.996563
940.007175
940.008699
939.999813
940.000278
940.005316
940.004700
939.991734
939.999477
940.001669
939.994094
939.998542
939.992862
939.997059
940.001565
939.998362
939.990908
939.993348
939.997052
939.999842
939.996626
940.003528
940.008397
940.005774
940.008374
940.005397
939.996025
939.998097
940.000442
939.991125
940.005422
939.991724
939.998004
939.996499
940.000295
939.994629
939.991326
940.006041
940.002249
940.003493
939.999486
940.004261
940.001930
940.007504
940.005925
939.994471
939.997558
940.005482
939.994288
939.993593
940.003338
940.006195
939.992571
939.995603
940.000002
940.003638
939.997243
940.005701
940.002286
940.007336
939.997105
940.000306
940.003333
939.991235
940.005855
940.004809
940.002450
939.998305
940.001868
939.995757
939.995213
939.990879
939.992657
940.009311
940.000328
939.991321
940.005898
940.001170
939.991172
939.994717
939.990994
939.996377
939.998967
939.992401
940.002452
939.992752
939.996348
940.002690
940.005951
939.993161
940.001456
939.996439
940.007957
940.006928
940.000399
940.000163
939.997890
940.008491
940.004166
939.993552
940.002337
940.005129
939.998096
940.000084
939.993658
939.996569
940.001781
939.997517
939.999698
939.997594
939.999435
940.002723
940.002989
940.002770
939.993861
940.007089
940.006379
939.993099
939.996824
940.002610
939.999498
940.007756
940.004357
939.992489
940.008231
939.998879
940.009221
939.993023
939.993175
939.992129
939.997773
940.000786
940.006197
939.998497
940.002507
939.995416
939.995735
939.996053
940.007546
939.990947
940.006416
940.004508
939.999530
940.003401
939.992466
939.995245
940.006896
939.991624
940.007572
940.006234
940.008221
940.002981
940.001892
940.002842
939.996814
940.002020
940.002297
939.995993
939.994394
939.992201
939.992221
939.992370
940.004539
939.995774
940.006700
939.993142
940.005198
939.991098
939.994240
940.003616
940.007709
939.992452
939.996704
939.995738
939.997472
939.999528
939.990847
940.008382
939.995912
939.998352
940.003854
939.991871
940.003262
939.998113
939.998895
939.992207
940.005025
940.000441
940.009022
940.006202
939.991989
940.005491
940.006665
940.009038
939.990721
939.999753
939.994985
940.002431
940.007239
940.006765
939.991797
940.001239
939.997057
939.993855
939.994198
940.004305
940.004786
940.007094
939.998373
939.994360
940.004641
939.991879
940.007220
940.003813
939.991403
940.006411
939.993374
940.002994
940.008053
940.001131
939.999616
939.993189
940.001283
939.996585
939.992434
939.994331
939.997307
939.999848
940.008820
940.004969
940.006845
939.998046
940.006879
940.007556
939.991716
940.005013
939.999802
939.999281
939.991527
939.994151
940.000403
939.999326
939.996103
940.005878
939.996493
940.007577
939.996816
939.994025
940.007139
940.002414
940.005861
939.993928
940.001520
940.001935
940.000711
939.997895
940.004058
940.009393
940.008493
940.004623
939.995403
939.997299
940.003240
939.993826
939.996559
939.991754
939.993954
940.008888
939.990839
940.005674
939.997007
940.000295
940.004809
940.004692
940.006068
939.996612
939.991344
939.996217
939.992266
940.006815
939.999661
940.006258
939.993874
939.994498
939.997859
939.998520
940.002789
939.992329
940.004786
939.990856
940.004744
940.007576
940.008031
939.995999
940.006420
940.001557
939.999102
940.006506
940.001563
940.002652
939.997944
940.002170
940.000399
940.002496
939.992524
940.000108
940.004781
939.990979
939.990831
939.991596
939.992041
940.004804
939.991505
940.008306
939.992490
940.001099
940.009020
940.005447
939.996704
939.994077
939.991042
940.008922
940.005777
940.007850
939.991809
940.007032
940.000355
940.005266
939.998003
939.997859
939.991256
939.998904
940.002700
939.996756
939.994596
939.994316
940.001162
939.993717
940.007953
939.995672
939.999026
939.999382
940.000067
939.999385
939.996496
940.005519
940.003459
940.004201
939.995155
940.001517
940.001992
939.997193
939.998430
940.008952
940.001307
940.001221
939.998111
940.006002
940.004774
939.993133
940.005267
940.008807
939.995008
940.003128
939.997345
940.002890
939.995065
940.000037
939.991113
939.999514
939.998540
940.002185
939.997657
940.008210
939.990748
939.999837
940.007738
940.009225
940.008569
939.998821
940.004682
940.007006
939.996207
939.993274
940.008124
939.997903
939.991546
939.998078
940.003271
939.997083
940.007677
940.001620
939.996434
940.002773
939.995853
940.004712
939.998056
939.996208
940.004750
940.003774
940.006802
940.003335
940.003334
940.001763
939.999815
940.002475
940.007403
939.993950
939.994940
939.997057
939.994518
940.003563
940.001472
939.998849
939.991392
940.006605
940.008700
939.998989
939.992825
939.997899
940.003734
940.005834
939.998185
940.007304
939.998988
939.999777
939.990814
940.001731
939.998700
939.993201
939.997801
940.003016
940.005981
939.999700
940.007608
939.994849
939.995422
940.006439
939.992160
939.994699
939.997616
940.002101
939.999982
940.003777
939.992736
940.001571
940.007248
940.000154
939.997228
939.998648
940.000177
940.007871
940.007050
940.004985
940.004057
939.993864
940.009085
940.002707
939.992090
940.005170
940.005302
939.998162
940.004076
940.008709
939.991893
940.001361
939.997257
939.999565
940.002223
