0.010000 3.834426 2.725245 5.069395 1.890732 6.259404 1.309027 7.301241
0.012068 3.836460 2.717234 5.057109 1.895693 6.250546 1.310979 7.289558
0.014563 3.827711 2.709727 5.054659 1.895575 6.221114 1.313683 7.275650
0.017575 3.822958 2.713989 5.041419 1.898310 6.190653 1.318441 7.259600
0.021210 3.812587 2.715301 5.031117 1.904920 6.165447 1.326586 7.241782
0.025595 3.811691 2.728045 5.012876 1.930447 6.114148 1.339794 7.223344
0.030888 3.810620 2.744200 4.997239 1.968623 6.078928 1.360152 7.206489
0.037276 3.828236 2.789838 4.981071 2.004019 6.076905 1.390499 7.213193
0.044984 3.862247 2.840955 4.988684 2.044299 6.073078 1.434831 7.247949
0.054287 3.900423 2.904690 4.997218 2.118059 6.029262 1.498691 7.321907
0.065513 3.974904 2.984313 5.033454 2.195518 6.063367 1.589042 7.451003
0.079060 4.095427 3.125278 5.130955 2.310837 6.110225 1.715172 7.483042
0.095410 4.265064 3.308432 5.295184 2.493572 6.240209 1.875189 7.662490
0.115140 4.496455 3.548616 5.514255 2.694663 6.556375 2.070739 8.361126
0.138950 4.779375 3.836910 5.856706 2.932078 6.957206 2.334409 8.884317
0.167683 5.176839 4.189803 6.275636 3.230798 7.601234 2.626356 9.495741
0.202359 5.612597 4.565457 6.911833 3.563147 8.407345 2.985521 10.228065
0.244205 6.047629 4.853769 7.556744 3.851248 9.166477 3.336962 10.889719
0.294705 6.341099 5.076630 8.039225 4.069764 9.831971 3.566805 11.207668
0.355648 6.433898 5.101481 8.304311 4.130781 10.355097 3.679894 11.899272
0.429193 6.245885 4.962437 8.236061 4.042304 10.290862 3.684975 12.221263
0.517947 5.951028 4.648885 8.018233 3.836410 10.203416 3.552744 12.365499
0.625055 5.590931 4.319809 7.715350 3.600244 9.915676 3.163830 12.379542
0.754312 5.195111 3.952334 7.375148 3.243910 9.618434 2.781711 12.390311
0.910298 4.845732 3.598803 7.109132 2.904939 9.511230 2.457833 12.276552
1.098541 4.534255 3.276612 6.954443 2.606101 9.463144 2.166221 12.091059
1.325711 4.220030 3.021116 6.634502 2.356164 9.322336 1.951649 12.017429
1.599859 3.935105 2.767335 6.412633 2.107783 9.357915 1.776814 11.784898
1.930698 3.672310 2.554185 6.186985 1.886530 9.254623 1.632605 11.984126
2.329952 3.444683 2.356352 5.918366 1.742649 9.072303 1.511798 12.620844
2.811769 3.251404 2.182189 5.841474 1.602241 9.275023 1.407781 13.324019
3.393222 3.045296 2.018465 5.599114 1.482534 9.289102 1.271942 14.059759
4.094915 2.834279 1.869686 5.425751 1.379922 9.268261 1.148504 14.774986
4.941713 2.657904 1.732690 5.156784 1.281127 9.017081 1.039203 15.385331
5.963623 2.460808 1.590095 4.854460 1.173982 9.051666 0.939551 15.775050
7.196857 2.288679 1.450338 4.593457 1.068720 8.520417 0.844827 16.547092
8.685114 2.111739 1.309522 4.238496 0.972391 7.905722 0.751179 17.392913
10.481131 1.902247 1.163140 3.888612 0.847476 7.441023 0.644310 17.407049
12.648552 1.616768 0.968604 3.414258 0.678633 6.686433 0.498686 16.585833
15.264180 1.067662 0.585468 2.357975 0.350701 4.759024 0.225543 12.603557
18.420700 0.000000 0.000000 0.000000 0.000000 0.000000 0.000000 0.000000
22.229965 0.000000 0.000000 0.000000 0.000000 0.000000 0.000000 0.000000
26.826958 0.000000 0.000000 0.000000 0.000000 0.000000 0.000000 0.000000
32.374575 0.000000 0.000000 0.000000 0.000000 0.000000 0.000000 0.000000
39.069399 0.000000 0.000000 0.000000 0.000000 0.000000 0.000000 0.000000
47.148664 0.000000 0.000000 0.000000 0.000000 0.000000 0.000000 0.000000
56.898660 0.000000 0.000000 0.000000 0.000000 0.000000 0.000000 0.000000
68.664885 0.000000 0.000000 0.000000 0.000000 0.000000 0.000000 0.000000
82.864277 0.000000 0.000000 0.000000 0.000000 0.000000 0.000000 0.000000
100.000000 0.000000 0.000000 0.000000 0.000000 0.000000 0.000000 0.000000
