0.010000 21.050624 19.313139 22.982154 17.980556 25.059244 17.326226 26.675069
0.012068 20.855874 19.149689 22.771433 17.827704 24.824057 17.196534 26.390410
0.014563 20.584845 18.913728 22.463401 17.613989 24.487188 17.010203 25.984335
0.017575 20.180390 18.594224 21.994166 17.320900 23.993341 16.745283 25.412696
0.021210 19.635268 18.108089 21.345657 16.921321 23.247274 16.372430 24.619267
0.025595 18.884210 17.471540 20.469178 16.355760 22.213456 15.853440 23.536509
0.030888 17.871512 16.612760 19.300025 15.571000 20.899807 15.146484 22.100541
0.037276 16.572782 15.463442 17.816783 14.572037 19.214373 14.209493 20.263226
0.044984 14.944743 14.016276 15.986565 13.248970 17.132078 12.895064 18.016386
0.054287 13.012559 12.264352 13.821421 11.666420 14.734677 11.357748 15.423896
0.065513 10.856178 10.289364 11.448810 9.848909 12.107660 9.608170 12.625604
0.079060 8.635338 8.196043 9.034071 7.901055 9.470179 7.681655 9.823977
0.095410 6.491423 6.208220 6.799527 6.005950 7.060265 5.842188 7.234834
0.115140 4.642912 4.447264 4.867620 4.299513 5.028729 4.187322 5.181950
0.138950 3.161100 3.015731 3.331116 2.918494 3.453091 2.798581 3.617045
0.167683 2.080479 1.972631 2.208789 1.891093 2.296579 1.825339 2.435182
0.202359 1.359141 1.278183 1.447990 1.215189 1.520868 1.173258 1.625861
0.244205 0.898150 0.843171 0.962271 0.796095 1.018697 0.764721 1.097874
0.294705 0.620033 0.579086 0.666972 0.543578 0.714962 0.521889 0.766378
0.355648 0.454001 0.422885 0.489797 0.397109 0.527764 0.379453 0.561487
0.429193 0.347130 0.323644 0.374851 0.304191 0.404083 0.292128 0.426767
0.517947 0.270588 0.252746 0.291721 0.238059 0.311642 0.229065 0.328168
0.625055 0.209205 0.196401 0.223354 0.185316 0.235658 0.179199 0.247051
0.754312 0.156143 0.146769 0.165947 0.140560 0.172295 0.136444 0.178285
0.910298 0.110315 0.103132 0.117173 0.100252 0.120564 0.098995 0.122071
1.098541 0.073284 0.068151 0.077993 0.065039 0.080934 0.063860 0.082019
1.325711 0.045772 0.042189 0.049191 0.039325 0.051533 0.038442 0.052678
1.599859 0.026829 0.024496 0.029288 0.022520 0.030949 0.021870 0.031751
1.930698 0.014961 0.013407 0.016450 0.012253 0.017520 0.011834 0.018036
2.329952 0.007977 0.007069 0.008877 0.006422 0.009468 0.006178 0.009791
2.811769 0.004129 0.003621 0.004635 0.003281 0.004959 0.003146 0.005133
3.393222 0.002075 0.001809 0.002341 0.001632 0.002516 0.001562 0.002604
4.094915 0.001018 0.000882 0.001153 0.000795 0.001243 0.000759 0.001287
4.941713 0.000499 0.000430 0.000566 0.000387 0.000611 0.000370 0.000633
5.963623 0.000241 0.000207 0.000274 0.000186 0.000296 0.000178 0.000307
7.196857 0.000115 0.000099 0.000131 0.000089 0.000141 0.000084 0.000147
8.685114 0.000055 0.000047 0.000062 0.000042 0.000067 0.000040 0.000070
10.481131 0.000026 0.000022 0.000030 0.000020 0.000032 0.000019 0.000033
12.648552 0.000012 0.000011 0.000014 0.000009 0.000015 0.000009 0.000016
15.264180 0.000006 0.000005 0.000007 0.000004 0.000007 0.000004 0.000007
18.420700 0.000000 0.000000 0.000000 0.000000 0.000000 0.000000 0.000000
22.229965 0.000000 0.000000 0.000000 0.000000 0.000000 0.000000 0.000000
26.826958 0.000000 0.000000 0.000000 0.000000 0.000000 0.000000 0.000000
32.374575 0.000000 0.000000 0.000000 0.000000 0.000000 0.000000 0.000000
39.069399 0.000000 0.000000 0.000000 0.000000 0.000000 0.000000 0.000000
47.148664 0.000000 0.000000 0.000000 0.000000 0.000000 0.000000 0.000000
56.898660 0.000000 0.000000 0.000000 0.000000 0.000000 0.000000 0.000000
68.664885 0.000000 0.000000 0.000000 0.000000 0.000000 0.000000 0.000000
82.864277 0.000000 0.000000 0.000000 0.000000 0.000000 0.000000 0.000000
100.000000 0.000000 0.000000 0.000000 0.000000 0.000000 0.000000 0.000000
