0.001000 0.000529 0.000446 0.000626 0.000409 0.000665 0.000404 0.000671
0.001038 0.000591 0.000499 0.000699 0.000457 0.000743 0.000451 0.000749
0.001077 0.000660 0.000557 0.000781 0.000511 0.000830 0.000504 0.000837
0.001117 0.000738 0.000622 0.000873 0.000571 0.000928 0.000563 0.000935
0.001159 0.000824 0.000695 0.000975 0.000638 0.001037 0.000629 0.001045
0.001203 0.000921 0.000777 0.001089 0.000713 0.001158 0.000703 0.001168
0.001248 0.001029 0.000868 0.001217 0.000796 0.001294 0.000785 0.001305
0.001296 0.001150 0.000970 0.001360 0.000890 0.001446 0.000878 0.001458
0.001344 0.001284 0.001084 0.001520 0.000994 0.001616 0.000981 0.001629
0.001395 0.001435 0.001211 0.001698 0.001111 0.001805 0.001096 0.001820
0.001448 0.001604 0.001353 0.001897 0.001241 0.002017 0.001224 0.002034
0.001502 0.001792 0.001512 0.002120 0.001387 0.002254 0.001368 0.002272
0.001559 0.002002 0.001689 0.002368 0.001550 0.002518 0.001528 0.002539
0.001617 0.002237 0.001887 0.002646 0.001731 0.002813 0.001708 0.002837
0.001678 0.002499 0.002109 0.002957 0.001934 0.003144 0.001908 0.003169
0.001742 0.002792 0.002356 0.003304 0.002161 0.003512 0.002132 0.003541
0.001807 0.003120 0.002633 0.003691 0.002415 0.003924 0.002382 0.003957
0.001875 0.003486 0.002942 0.004124 0.002698 0.004385 0.002661 0.004421
0.001946 0.003895 0.003287 0.004608 0.003015 0.004899 0.002973 0.004939
0.002019 0.004352 0.003672 0.005149 0.003368 0.005474 0.003322 0.005519
0.002095 0.004862 0.004103 0.005753 0.003764 0.006116 0.003712 0.006166
0.002174 0.005433 0.004584 0.006428 0.004205 0.006833 0.004147 0.006890
0.002256 0.006070 0.005122 0.007181 0.004698 0.007635 0.004634 0.007698
0.002341 0.006782 0.005723 0.008024 0.005249 0.008530 0.005177 0.008600
0.002430 0.007577 0.006394 0.008965 0.005865 0.009531 0.005784 0.009609
0.002521 0.008466 0.007144 0.010016 0.006553 0.010648 0.006463 0.010736
0.002616 0.009458 0.007982 0.011191 0.007321 0.011897 0.007221 0.011995
0.002715 0.010568 0.008918 0.012503 0.008180 0.013292 0.008067 0.013402
0.002817 0.011807 0.009963 0.013969 0.009139 0.014851 0.009013 0.014973
0.002923 0.013191 0.011131 0.015607 0.010210 0.016592 0.010070 0.016729
0.003033 0.014738 0.012436 0.017436 0.011407 0.018537 0.011251 0.018690
0.003148 0.016465 0.013894 0.019481 0.012745 0.020711 0.012570 0.020881
0.003266 0.018395 0.015523 0.021764 0.014238 0.023138 0.014043 0.023329
0.003389 0.020551 0.017343 0.024315 0.015907 0.025850 0.015689 0.026063
0.003517 0.022960 0.019375 0.027165 0.017772 0.028880 0.017528 0.029117
0.003650 0.025651 0.021645 0.030348 0.019854 0.032264 0.019582 0.032530
0.003787 0.028656 0.024182 0.033904 0.022181 0.036045 0.021877 0.036341
0.003930 0.032013 0.027015 0.037876 0.024779 0.040267 0.024440 0.040599
0.004078 0.035763 0.030179 0.042313 0.027682 0.044985 0.027302 0.045355
0.004232 0.039952 0.033714 0.047269 0.030924 0.050253 0.030500 0.050667
0.004391 0.044631 0.037662 0.052805 0.034546 0.056138 0.034072 0.056600
0.004557 0.049857 0.042072 0.058987 0.038591 0.062712 0.038062 0.063228
0.004728 0.055693 0.046998 0.065893 0.043108 0.070053 0.042517 0.070630
0.004906 0.062212 0.052498 0.073605 0.048154 0.078253 0.047494 0.078896
0.005091 0.069492 0.058642 0.082219 0.053789 0.087410 0.053052 0.088129
0.005283 0.077623 0.065503 0.091838 0.060082 0.097637 0.059259 0.098440
0.005482 0.086702 0.073165 0.102580 0.067110 0.109057 0.066190 0.109954
0.005689 0.096841 0.081720 0.114576 0.074958 0.121810 0.073930 0.122812
0.005903 0.108162 0.091274 0.127971 0.083721 0.136050 0.082573 0.137170
0.006126 0.120804 0.101941 0.142927 0.093505 0.151951 0.092224 0.153201
0.006356 0.134918 0.113852 0.159626 0.104430 0.169704 0.102998 0.171100
0.006596 0.150675 0.127149 0.178269 0.116627 0.189525 0.115028 0.191084
0.006844 0.168267 0.141994 0.199083 0.130243 0.211652 0.128458 0.213393
0.007102 0.187905 0.158565 0.222317 0.145444 0.236353 0.143450 0.238297
0.007370 0.209825 0.177063 0.248251 0.162410 0.263925 0.160184 0.266096
0.007648 0.234291 0.197709 0.277198 0.181348 0.294699 0.178862 0.297124
0.007936 0.261596 0.220751 0.309503 0.202483 0.329044 0.199707 0.331752
0.008235 0.292067 0.246464 0.345555 0.226069 0.367372 0.222969 0.370395
0.008545 0.326069 0.275157 0.385783 0.252387 0.410140 0.248927 0.413515
0.008867 0.364005 0.307170 0.430667 0.281750 0.457858 0.277888 0.461625
0.009201 0.406327 0.342883 0.480740 0.314509 0.511092 0.310197 0.515297
0.009548 0.453536 0.382721 0.536594 0.351050 0.570473 0.346237 0.575166
0.009908 0.506189 0.427153 0.598890 0.391805 0.636702 0.386434 0.641941
0.010281 0.564907 0.476703 0.668361 0.437254 0.710559 0.431260 0.716406
0.010669 0.630378 0.531952 0.745823 0.487931 0.792911 0.481242 0.799435
0.011071 0.703368 0.593545 0.832179 0.544427 0.884720 0.536963 0.891999
0.011488 0.784725 0.662199 0.928436 0.607400 0.987054 0.599073 0.995175
0.011921 0.875393 0.738710 1.035708 0.677579 1.101099 0.668290 1.110159
0.012370 0.976417 0.823961 1.155234 0.755775 1.228171 0.745414 1.238276
0.012836 1.088957 0.918929 1.288383 0.842884 1.369727 0.831329 1.380997
0.013320 1.214296 1.024697 1.436676 0.939900 1.527383 0.927015 1.539950
0.013822 1.353856 1.142467 1.601795 1.047924 1.702927 1.033558 1.716938
0.014343 1.509211 1.273565 1.785601 1.168173 1.898338 1.152159 1.913957
0.014883 1.682100 1.419459 1.990152 1.301994 2.115803 1.284145 2.133211
0.015444 1.874444 1.581771 2.217721 1.450873 2.357740 1.430984 2.377139
0.016026 2.088363 1.762289 2.470816 1.616453 2.626815 1.594293 2.648427
0.016630 2.326197 1.962988 2.752205 1.800543 2.925970 1.775859 2.950044
0.017256 2.590520 2.186040 3.064935 2.005137 3.258445 1.977648 3.285254
0.017907 2.884167 2.433838 3.412360 2.232428 3.627805 2.201824 3.657653
0.018581 3.210255 2.709010 3.798166 2.484830 4.037969 2.450765 4.071192
0.019281 3.572204 3.014445 4.226400 2.764988 4.493240 2.727083 4.530209
0.020008 3.973763 3.353305 4.701499 3.075806 4.998335 3.033641 5.039460
0.020762 4.419038 3.729056 5.228320 3.420462 5.558418 3.373571 5.604150
0.021544 4.912517 4.145484 5.812172 3.802429 6.179133 3.750302 6.229972
0.022356 5.459097 4.606721 6.458850 4.225497 6.866640 4.167571 6.923135
0.023199 6.064112 5.117271 7.174666 4.693797 7.627649 4.629450 7.690406
0.024073 6.733365 5.682027 7.966482 5.211818 8.469458 5.140370 8.539141
0.024980 7.473149 6.306302 8.841746 5.784431 9.399983 5.705133 9.477322
0.025921 8.290278 6.995846 9.808521 6.416913 10.427796 6.328944 10.513592
0.026898 9.192114 7.756870 10.875515 7.114960 11.562157 7.017422 11.657285
0.027911 10.186587 8.596068 12.052111 7.884711 12.813039 7.776620 12.918460
0.028963 11.282219 9.520630 13.348393 8.732761 14.191163 8.613045 14.307922
0.030055 12.488140 10.538260 14.775160 9.666179 15.708012 9.533666 15.837250
0.031187 13.814098 11.657185 16.343948 10.692508 17.375848 10.545926 17.518809
0.032362 15.270471 12.886162 18.067034 11.819783 19.207724 11.657747 19.365757
0.033582 16.868263 14.234476 19.957438 13.056519 21.217481 12.877529 21.392049
0.034847 18.619095 15.711937 22.028910 14.411714 23.419738 14.214146 23.612426
0.036160 20.535193 17.328857 24.295913 15.894828 25.829872 15.676928 26.042389
0.037523 22.629351 19.096037 26.773586 17.515767 28.463976 17.275646 28.698166
0.038937 24.914900 21.024723 29.477699 19.284847 31.338818 19.020474 31.596660
0.040404 27.405645 23.126567 32.424588 21.212756 34.471763 20.921952 34.755381
0.041927 30.115803 25.413565 35.631071 23.310495 37.880692 22.990935 38.192358
0.043507 33.059916 27.897988 39.114355 25.589323 41.583899 25.238523 41.926033
0.045146 36.252751 30.592299 42.891912 28.060670 45.599957 27.675990 45.975134
0.046847 39.709185 33.509050 46.981341 30.736049 49.947578 30.314692 50.358526
0.048612 43.444065 36.660771 51.400209 33.626953 54.645439 33.165965 55.095038
0.050444 47.472060 40.059841 56.165874 36.744737 59.711990 36.241008 60.203275
0.052345 51.807496 43.718348 61.295281 40.100489 65.165250 39.550756 65.701402
0.054317 56.464164 47.647931 66.804749 43.704883 71.022567 43.105738 71.606910
0.056364 61.455131 51.859616 72.709739 47.568035 77.300378 46.915931 77.936372
0.058488 66.792529 56.363640 79.024604 51.699335 84.013941 50.990595 84.705171
0.060692 72.487339 61.169270 85.762334 56.107280 91.177068 55.338112 91.927233
0.062979 78.549166 66.284613 92.934297 60.799309 98.801843 59.965819 99.614742
0.065352 84.986024 71.716429 100.549971 65.781622 106.898345 64.879830 107.777858
0.067815 91.804110 77.469949 108.616689 71.059016 115.474367 70.084876 116.424441
0.070370 99.007595 83.548692 117.139388 76.634720 124.535159 75.584144 125.559780
0.073022 106.598430 89.954305 126.120373 82.510244 134.083172 81.379121 135.186351
0.075774 114.576164 96.686407 135.559112 88.685239 144.117840 87.469464 145.303580
0.078629 122.937792 103.742462 145.452049 95.157379 154.635383 93.852878 155.907656
0.081592 131.677629 111.117674 155.792460 101.922264 165.628650 100.525024 166.991372
0.084666 140.787222 118.804908 166.570341 108.973350 177.087010 107.479447 178.544006
0.087857 150.255298 126.794652 177.772357 116.301913 188.996282 114.707544 190.551262
0.091167 160.067757 135.075008 189.381824 123.897038 201.338730 122.198548 202.995259
0.094603 170.207709 143.631723 201.378761 131.745652 214.093111 129.939567 215.854578
0.098168 180.655565 152.448266 213.739988 139.832592 227.234783 137.915644 229.104374
0.101867 191.389166 161.505938 226.439291 148.140707 240.735876 146.109864 242.716547
0.105705 202.383975 170.784033 239.447639 156.651005 254.565524 154.503495 256.659980
0.109688 213.613307 180.260033 252.733459 165.342830 268.690165 163.076165 270.900832
0.113822 225.048608 189.909843 266.262968 174.194081 283.073880 171.806076 285.402890
0.118111 236.659773 199.708058 280.000548 183.181456 297.678803 180.670244 300.127976
0.122561 248.415500 209.628262 293.909164 192.280726 312.465560 189.644773 315.036393
0.127180 260.283672 219.643355 307.950818 201.467032 327.393755 198.705145 330.087411
0.131972 272.231762 229.725888 322.087026 210.715197 342.422474 207.826527 345.239779
0.136945 284.227247 239.848415 336.279309 220.000047 357.510808 216.984093 360.452253
0.142105 296.238033 249.983854 350.489695 229.296740 372.618388 226.153338 375.684132
0.147460 308.232867 260.105832 364.681207 238.581085 387.705902 235.310406 390.895779
0.153017 320.181742 270.189027 378.818344 247.829857 402.735608 244.432388 406.049144
0.158783 332.056283 280.209494 392.867533 257.021093 417.671814 253.497621 421.108238
0.164766 343.830097 290.144962 406.797549 266.134363 432.481322 262.485959 436.039593
0.170975 355.479099 299.975106 420.579895 275.151025 447.133838 271.379013 450.812663
0.177417 366.981792 309.681785 434.189138 284.054439 461.602321 280.160371 465.400187
0.184103 378.319509 319.249247 447.603193 292.830158 475.863292 288.815785 479.778491
0.191040 389.476610 328.664294 460.803553 301.466074 489.897076 297.333312 493.927739
0.198239 400.440632 337.916410 473.775475 309.952542 503.688001 305.703440 507.832130
0.205709 411.202403 346.997853 486.508106 318.282461 517.224526 313.919165 521.480027
0.213460 421.756101 355.903712 498.994560 326.451326 530.499330 321.976044 534.864051
0.221504 432.099286 364.631928 511.231949 334.457249 543.509345 329.872215 547.981107
0.229851 442.232891 373.183286 523.221374 342.300949 556.255741 337.608387 560.832374
0.238512 452.161173 381.561380 534.967876 349.985725 568.743876 345.187812 573.423256
0.247499 461.891649 389.772554 546.480347 357.517392 580.983203 352.616230 585.763284
0.256826 471.434998 397.825818 557.771420 364.904218 592.987155 359.901790 597.865999
0.266503 480.804941 405.732752 568.857332 372.156823 604.772993 367.054970 609.748805
0.276546 490.018113 413.507392 579.757760 379.288082 616.361637 374.088468 621.432796
0.286967 499.093904 421.166103 590.495651 386.313006 627.777480 381.017087 632.942563
0.297780 508.054305 428.727440 601.097018 393.248613 639.048180 387.857615 644.305994
0.309001 516.923726 436.212002 611.590744 400.113800 650.204443 394.628688 655.554046
0.320645 525.728814 443.642276 622.008354 406.929190 661.279785 401.350647 666.720511
0.332727 534.498251 451.042466 632.383786 413.716986 672.310285 408.045390 677.841765
0.345265 543.262550 458.438320 642.753138 420.500805 683.334322 414.736210 688.956503
0.358275 552.053827 465.856940 653.154409 427.305506 694.392292 421.447626 700.105454
0.371776 560.905565 473.326580 663.627212 434.157005 705.526312 428.205199 711.331080
0.385785 569.852355 480.876431 674.212476 441.082077 716.779893 435.035336 722.677250
0.400322 578.929624 488.536388 684.952114 448.108144 728.197594 441.965083 734.188891
0.415407 588.173333 496.336798 695.888673 455.263040 739.824649 449.021894 745.911608
0.431060 597.619657 504.308186 707.064953 462.574766 751.706560 456.233384 757.891279
0.447304 607.304636 512.480967 718.523595 470.071217 763.888660 463.627068 770.173608
0.464159 617.263801 520.885122 730.306635 477.779897 776.415640 471.230070 782.803655
0.481649 627.531774 529.549869 742.455037 485.727603 789.331050 479.068822 795.825327
0.499799 638.141841 538.503295 755.008182 493.940099 802.676757 487.168734 809.280837
0.518632 649.125506 547.771987 768.003345 502.441771 816.492389 495.553857 823.210138
0.538175 660.512027 557.380633 781.475141 511.255265 830.814746 504.246528 837.650334
0.558455 672.327938 567.351625 795.454963 520.401120 845.677206 513.267003 852.635075
0.579498 684.596571 577.704651 809.970417 529.897394 861.109115 522.633094 868.193951
0.601335 697.337581 588.456298 825.044757 539.759301 877.135195 532.359806 884.351887
0.623994 710.566490 599.619664 840.696346 549.998856 893.774972 542.458988 901.128569
0.647508 724.294258 611.203998 856.938154 560.624543 911.042231 552.939008 918.537895
0.671907 738.526899 623.214375 873.777296 571.641015 928.944536 563.804458 936.587493
0.697226 753.265150 635.651417 891.214642 583.048845 947.482815 575.055898 955.278297
0.723499 768.504211 648.511073 909.244513 594.844315 966.651029 586.689666 974.604219
0.750762 784.233561 661.784465 927.854464 607.019283 986.435948 598.697729 994.551919
0.779052 800.436879 675.457820 947.025182 619.561116 1006.817038 611.067628 1015.100696
0.808408 817.092047 689.512475 966.730501 632.452695 1027.766482 623.782477 1036.222503
0.838870 834.171280 703.924981 986.937545 645.672511 1049.249328 636.821065 1057.882101
0.870480 851.641348 718.667298 1007.607001 659.194845 1071.223781 650.158023 1080.037351
0.903282 869.463921 733.707080 1028.693517 672.990028 1093.641626 663.764089 1102.639640
0.937319 887.596006 749.008047 1050.146229 687.024782 1116.448787 677.606443 1125.634448
0.972639 905.990492 764.530444 1071.909395 701.262642 1139.586003 691.649117 1148.962027
1.009290 924.596764 780.231560 1093.923134 715.664431 1162.989613 705.853474 1172.558192
1.047322 943.361402 796.066315 1116.124240 730.188799 1186.592419 720.178729 1196.355192
1.086787 962.228914 811.987881 1138.447062 744.792795 1210.324625 734.582520 1220.282657
1.127740 981.142515 827.948339 1160.824412 759.432465 1234.114803 749.021497 1244.268570
1.170235 1000.044907 843.899339 1183.188500 774.063459 1257.890882 763.451916 1268.240268
1.214332 1018.879056 859.792751 1205.471848 788.641630 1281.581122 777.830237 1292.125421
1.260090 1037.588937 875.581298 1227.608170 803.123615 1305.115054 792.113691 1315.852980
1.307573 1056.120238 891.219149 1249.533207 817.467374 1328.424361 806.260812 1339.354067
1.356845 1074.420996 906.662453 1271.185482 831.632686 1351.443685 820.231934 1362.562784
1.407973 1092.442169 921.869826 1292.506968 845.581591 1374.111335 833.989615 1385.416934
1.461028 1110.138110 936.802748 1313.443663 859.278758 1396.369899 847.499009 1407.858632
1.516083 1127.466971 951.425906 1333.946051 872.691794 1418.166737 860.728167 1429.834804
1.573212 1144.390999 965.707440 1353.969467 885.791476 1439.454361 873.648268 1451.297573
1.632493 1160.876744 979.619126 1373.474335 898.551917 1460.190699 886.233777 1472.204521
1.694009 1176.895189 993.136473 1392.426324 910.950653 1480.339249 898.462540 1492.518845
1.757842 1192.421779 1006.238764 1410.796381 922.968678 1499.869128 910.315812 1512.209407
1.824081 1207.436385 1018.909011 1428.560694 934.590415 1518.755017 921.778228 1531.250681
1.892816 1221.923204 1031.133879 1445.700560 945.803628 1536.977035 932.837720 1549.622622
1.964141 1235.870583 1042.903535 1462.202199 956.599300 1554.520528 943.485396 1567.310456
2.038154 1249.270818 1054.211476 1478.056491 966.971467 1571.375805 953.715372 1584.304411
2.114955 1262.119897 1065.054318 1493.258690 976.917022 1587.537818 963.524584 1600.599398
2.194651 1274.417218 1075.431554 1507.808086 986.435502 1603.005812 972.912577 1616.194656
2.277350 1286.165299 1085.345306 1521.707656 995.528854 1617.782952 981.881269 1631.093376
2.363165 1297.369457 1094.800063 1534.963692 1004.201194 1631.875928 990.434721 1645.302302
2.452213 1308.037503 1103.802416 1547.585434 1012.458567 1645.294562 998.578895 1658.831340
2.544617 1318.179423 1112.360791 1559.584698 1020.308704 1658.051418 1006.321415 1671.693154
2.640503 1327.807080 1120.485200 1570.975520 1027.760787 1670.161417 1013.671339 1683.902788
2.740003 1336.933920 1128.186988 1581.773807 1034.825224 1681.641470 1020.638929 1695.477294
2.843251 1345.574696 1135.478606 1591.997015 1041.513432 1692.510135 1027.235450 1706.435382
2.950391 1353.745211 1142.373388 1601.663840 1047.837645 1702.787290 1033.472965 1716.797093
3.061567 1361.462079 1148.885356 1610.793939 1053.810722 1712.493832 1039.364158 1726.583496
3.176933 1368.742510 1155.029030 1619.407674 1059.445985 1721.651408 1044.922167 1735.816417
3.296646 1375.604110 1160.819271 1627.525877 1064.757061 1730.282165 1050.160434 1744.518184
3.420870 1382.064712 1166.271124 1635.169644 1069.757752 1738.408533 1055.092572 1752.711412
3.549775 1388.142215 1171.399694 1642.360152 1074.461913 1746.053025 1059.732245 1760.418800
3.683537 1393.854452 1176.220030 1649.118502 1078.883349 1753.238073 1064.093067 1767.662963
3.822340 1399.219074 1180.747028 1655.465576 1083.035720 1759.985879 1068.188514 1774.466287
3.966373 1404.253451 1184.995344 1661.421925 1086.932472 1766.318291 1072.031846 1780.850800
4.115834 1408.974588 1188.979330 1667.007669 1090.586768 1772.256700 1075.636045 1786.838067
4.270926 1413.399058 1192.712969 1672.242416 1094.011434 1777.821950 1079.013764 1792.449106
4.431863 1417.542946 1196.209837 1677.145197 1097.218923 1783.034275 1082.177281 1797.704316
4.598864 1421.421809 1199.483060 1681.734416 1100.221274 1787.913242 1085.138473 1802.623425
4.772158 1425.050638 1202.545289 1686.027813 1103.030092 1792.477709 1087.908785 1807.225446
4.951983 1428.443842 1205.408683 1690.042432 1105.656529 1796.745797 1090.499217 1811.528650
5.138583 1431.615226 1208.084892 1693.794609 1108.111272 1800.734874 1092.920308 1815.550547
5.332215 1434.577991 1210.585055 1697.299961 1110.404537 1804.461541 1095.182135 1819.307876
5.533143 1437.344725 1212.919795 1700.573381 1112.546068 1807.941634 1097.294308 1822.816601
5.741642 1439.927409 1215.099223 1703.629047 1114.545140 1811.190223 1099.265975 1826.091919
5.957999 1442.337429 1217.132945 1706.480426 1116.410564 1814.221628 1101.105826 1829.148265
6.182508 1444.585578 1219.030072 1709.140291 1118.150696 1817.049428 1102.822103 1831.999331
6.415476 1446.682080 1220.799228 1711.620736 1119.773449 1819.686480 1104.422609 1834.658079
6.657224 1448.636598 1222.448571 1713.933196 1121.286302 1822.144940 1105.914723 1837.136766
6.908081 1450.458257 1223.985799 1716.088466 1122.696319 1824.436286 1107.305410 1839.446965
7.168391 1452.155664 1225.418176 1718.096728 1124.010160 1826.571343 1108.601241 1841.599588
7.438510 1453.736925 1226.752540 1719.967573 1125.234101 1828.560306 1109.808402 1843.604916
7.718807 1455.209665 1227.995329 1721.710024 1126.374044 1830.412770 1110.932718 1845.472621
8.009667 1456.581056 1229.152592 1723.332565 1127.435540 1832.137752 1111.979662 1847.211795
8.311487 1457.857830 1230.230014 1724.843162 1128.423800 1833.743724 1112.954375 1848.830980
8.624680 1459.046309 1231.232925 1726.249293 1129.343717 1835.238633 1113.861680 1850.338189
8.949674 1460.152417 1232.166327 1727.557969 1130.199877 1836.629934 1114.706103 1851.740937
9.286915 1461.181708 1233.034905 1728.775759 1130.996577 1837.924611 1115.491881 1853.046265
9.636864 1462.139380 1233.843048 1729.908815 1131.737842 1839.129204 1116.222985 1854.260769
10.000000 1463.030300 1234.594861 1730.962894 1132.427440 1840.249834 1116.903129 1855.390619
