0.01 6.537011142371083 3.1572279836479735 9.178708746529008 1.438035323021901 10.383628168608867 0.6514801738153506 11.231941730580807
0.012068 5.985713443054457 3.0115452584426494 8.259042050058301 1.3528982710369175 9.30859874370585 0.5677015234442251 10.130940686170582
0.014563 5.481153197321467 2.905994057334127 7.437267079581649 1.292960087836967 8.354470368974617 0.5022627795328033 9.051460291425926
0.017575 4.995273429846692 2.7707028761465318 6.695224634525407 1.2314327782132037 7.492304727392505 0.4682661490564127 8.027739953770137
0.02121 4.616221727334219 2.624997930979897 6.033275653614732 1.1135177715432207 6.690878026482658 0.4712852625368512 7.092163871401849
0.025595 4.2123355720647355 2.4588195579388663 5.420619070793462 1.0473502997594912 6.03370228562747 0.4614787319343844 6.313959763444427
0.030888 3.8336558625969706 2.311383893152887 4.875055720226986 0.999149229600085 5.402739260827538 0.4236419499575676 5.66766075939545
0.037276 3.503667074955327 2.154622166277425 4.385694912604825 0.9515614075424578 4.835477251261117 0.38345938407850955 5.092693194697317
0.044984 3.171425153911068 2.003186669060349 3.9435200331048144 0.9105083837113337 4.328506342811417 0.3634852242303372 4.533084991569288
0.054287 2.8772437955546772 1.8614635091933063 3.5416280016214996 0.860695113081977 3.8818632832736846 0.35337664140488895 4.032751851810085
0.065513 2.626484267857347 1.7126324907982886 3.1809086755725544 0.7937488519709549 3.483424135429003 0.35554622429249044 3.613348618457264
0.07906 2.380396742283693 1.570096046581895 2.8579441898439972 0.7821464246049808 3.113592216280716 0.35381450035767326 3.209550983702396
0.09541 2.166911625027492 1.4515932952148585 2.5629385282507147 0.7141227354881167 2.77998932875551 0.35012669476943015 2.8761710838166903
0.11514 1.9558501488408904 1.316599868286406 2.302454751335246 0.6685497089350513 2.482016022404012 0.35118302197084594 2.608800377802876
0.13895 1.760359104497931 1.2025042157786505 2.075474069814409 0.6407263744309071 2.213785318803276 0.3346780947084042 2.3427166563347925
0.167683 1.587580839548944 1.0974824872027513 1.8551505215004191 0.6227675997955655 1.9766776435059576 0.3241595888124732 2.0830176046739233
0.202359 1.4279114769943504 0.99920380976857 1.656721956702658 0.5860682376351949 1.7668346666852484 0.3124319104448149 1.8604165447891976
0.244205 1.2848854733079276 0.9060145294037298 1.4741409686783375 0.546182744665307 1.5760295669321207 0.30126319224485715 1.665215952219049
0.294705 1.150212895173493 0.8235284086602781 1.3112523734773305 0.49884689930969944 1.4061719881159402 0.2896763902429126 1.4920566035491996
0.355648 1.028775067674494 0.749313039038577 1.1629695081031743 0.4720456888169402 1.254899564993438 0.2828795924539245 1.3203654899226536
0.429193 0.9183589561974125 0.6791670156648888 1.031262191389126 0.4375255829982848 1.1170684151456638 0.2752412118591883 1.1918439567830335
0.517947 0.8196881641093094 0.6237680099994666 0.9148504255411365 0.4019359952333346 0.9872452391006776 0.2689903413354918 1.0623689443601239
0.625055 0.7344607910050914 0.5660275677955586 0.8111495430181689 0.364148761265919 0.8799631916581073 0.24752173881996717 0.9423750022954775
0.754312 0.6600734044574358 0.5158370688232586 0.7215646694495002 0.3323304267005612 0.7891730558216662 0.22834901335250324 0.8487778139701085
0.910298 0.5910260166751958 0.47040628611955504 0.6515026960627499 0.30430877090812414 0.7161435848255091 0.21074606267899298 0.7990201575954028
1.098541 0.5260803752624793 0.4263450070603796 0.5879926613928208 0.2760492059733433 0.6949716122042405 0.19655448727912556 0.8220718363181758
1.325711 0.4691169863254386 0.38773658236804115 0.5292173079607729 0.2556267674270192 0.6276861299444134 0.18082976762054298 0.749871653707683
1.599859 0.4154753664506888 0.3501619859070073 0.47037229047594564 0.23087096720818473 0.5458010179074169 0.16820935732504852 0.6328235096480758
1.930698 0.3674248790409954 0.3151526562865979 0.4115673440609836 0.21374480603384952 0.4731616783552088 0.15668682812603432 0.5364927228485692
2.329952 0.3226064504814473 0.2820188800582517 0.3605345514406956 0.19732813046116038 0.41042634813199924 0.14387692008352804 0.48735956445310996
2.811769 0.28281213729858296 0.24777593308179627 0.3174394277261739 0.18378022752718767 0.3564935575679389 0.1303379783573111 0.41446096890022877
3.393222 0.24747798881125865 0.21570792922457394 0.275474278768938 0.17218917281026883 0.31634511556049616 0.12060777968913958 0.37282861180311294
4.094915 0.21663155400831216 0.1871331659828279 0.24238374527566572 0.1534414520963261 0.27496297678465703 0.11376415193236089 0.3179813983902835
4.941713 0.18960237147204542 0.16199911578671694 0.21394629435543752 0.13045402700183278 0.24389399496443476 0.10838217625689038 0.2732209884105111
5.963623 0.16531153660121436 0.1380808330805531 0.18804790953938935 0.10998995229758737 0.2123465282476515 0.09224104373827634 0.2496188796426485
7.196857 0.1442194303840815 0.1175243287252812 0.16588280665198438 0.0901275056731577 0.18554429393817462 0.07585507444443147 0.21765353261618461
8.685114 0.1251291604249577 0.10013528530236998 0.1467821223357935 0.07396116873367568 0.16419281364762905 0.0615298777342498 0.17811905489238253
10.481131 0.10886150716195686 0.08432775627293956 0.12903415066261043 0.059498768952397786 0.14332204750133318 0.04960469472776418 0.16010841739457496
12.648552 0.09371939790707512 0.07057115029694283 0.1126978349419248 0.0482845194940699 0.12721693957830849 0.040006897963367996 0.14824749341591403
15.26418 0.08014154090657594 0.058927200276352565 0.09863759556751461 0.03987367519010248 0.11386979103984352 0.03227455664792955 0.12960530659464672
