0.010000 620954615.491351 169651534.160863 1636272461.112346 35302875.182829 3122917361.128074 10924249.933954 5228542086.661274
0.012068 549012472.890388 158850410.688157 1408005985.999372 34356030.184711 2625243103.610801 10217769.734374 4429000754.607256
0.014563 481400997.091949 147038216.006742 1209344354.903878 32240683.670780 2192104314.317280 9555770.863617 3663373912.401315
0.017575 417176898.842395 135014704.621094 1030163930.407330 30253390.327022 1809382468.477970 8935295.288117 2963074673.148631
0.021210 368137457.369267 121951073.910140 861268798.238016 28386109.547452 1472860300.037264 8353560.039560 2353176773.486802
0.025595 321086166.299420 109852751.713165 716140040.971530 26873049.450114 1191276247.892597 7807943.841213 1844851980.461079
0.030888 279414214.153473 98622864.053636 592450450.541453 24981723.048986 970670875.565584 7529540.738467 1434325763.145642
0.037276 236381557.232788 85791891.404314 499792072.883130 23838030.836301 796967167.985706 7354735.569282 1108927069.244711
0.044984 200758843.562278 75841357.490411 406348731.185829 22221370.663646 632287284.028480 7172540.663051 916209618.049828
0.054287 168667816.484822 68446429.368830 330807466.337457 21319859.813135 511547789.570859 6981549.303861 734951069.464421
0.065513 141171694.494507 59240194.003503 264323995.495134 19479107.942559 406638658.751856 6780235.534311 587785753.588066
0.079060 117327568.381638 52360487.165069 207552097.969122 17865560.217598 312665022.067176 6566980.270648 481307555.515050
0.095410 95872497.824010 45313479.823359 164802763.899313 16226960.088309 242045296.955436 6340116.036307 378713570.273063
0.115140 76987702.759053 38122506.165130 128106752.294895 14981342.093608 185463748.507862 6097995.577483 286237216.475388
0.138950 61408702.231014 32036118.927330 97557792.228551 13379610.897015 141164811.097524 5839089.391118 212055660.002573
0.167683 47716736.850565 26308873.382591 72623538.024400 11329341.897172 108396418.942380 5562115.780257 164370170.356139
0.202359 36349128.299499 21397526.512062 55597768.621363 9654349.061191 83217505.362350 5266203.851321 124067256.181282
0.244205 27189827.229898 17157091.928310 41925198.590882 8394259.469063 64057145.387408 4911888.555167 89926340.136986
0.294705 20037090.232642 13198480.952157 31522492.219049 7194411.661302 48533889.682681 4299870.453550 66227813.327641
0.355648 14831214.050300 9602831.725920 23684125.392568 5870993.286420 36161668.219944 3500210.591663 53630250.726930
0.429193 10728444.670585 6828604.545706 17421219.762833 4517686.400673 27080843.771955 2824690.451248 42142030.279804
0.517947 7509386.232526 4627460.580263 13112063.603621 3281451.233025 20800950.226667 2283974.899884 32943672.879020
0.625055 5255489.474787 3065452.421315 9789702.506030 2287362.324340 15808574.717265 1820009.495957 26599809.052179
0.754312 3671007.437862 2009810.672632 7371086.351385 1466332.980683 12190217.891686 1303039.114396 20920786.692817
0.910298 2503976.933185 1276931.957021 5423393.051874 926392.159925 9509029.940997 845333.731923 15961273.211213
1.098541 1644616.326476 797888.402314 3992228.965285 567603.958978 7459400.092404 525602.131789 12349438.834081
1.325711 1059805.649446 479217.145020 2843853.395987 340610.060084 5786386.294057 288775.209227 9654743.551270
1.599859 666210.097150 283068.079033 1992776.149343 196322.754652 4190581.862876 122139.978939 7592696.927152
1.930698 400610.470347 157851.697874 1285695.086697 107815.856076 3086555.680619 48630.445881 5505503.335186
2.329952 230361.666361 88241.320448 859738.351210 52214.963666 2194747.343437 19362.376571 3744716.776837
2.811769 130663.177683 48613.643577 556949.933889 24061.064502 1519487.139399 7709.195745 2942143.105064
3.393222 71818.434146 25570.167883 332249.405062 10566.400964 1132039.022312 3069.442370 2290459.631460
4.094915 39020.851829 13890.044638 186040.650517 4673.646889 852563.997420 1222.108865 1764670.856413
4.941713 21358.688554 7261.746998 106820.117872 2001.563327 590187.331311 486.586780 1343808.197146
5.963623 10811.863985 3504.058349 58562.543140 842.471321 376307.497894 193.736173 1010165.868188
7.196857 5686.982123 1631.398044 32558.057372 363.988385 210231.919981 77.136713 766958.344000
8.685114 2915.700003 740.341065 17923.686044 155.231708 117953.047941 30.712243 586813.543602
10.481131 1495.765286 329.743181 9628.177052 65.136497 64416.476399 12.228184 452146.875205
12.648552 750.443060 144.024478 4896.407657 27.071345 36657.767410 4.868693 330526.311024
15.264180 372.452546 65.166451 2423.701531 11.201348 17409.251564 1.938486 192267.111235
18.420700 180.249322 27.929543 1191.208862 4.610626 9739.214116 0.771815 131072.260959
22.229965 88.542061 12.418199 600.668606 1.816726 4849.593214 0.307301 70916.715891
26.826958 42.055427 5.488307 302.194815 0.749275 2330.133423 0.122353 37277.354640
32.374575 20.489452 2.384130 152.584409 0.311370 1200.582894 0.048715 17993.509972
39.069399 10.087399 1.018550 77.889838 0.131092 579.732018 0.019396 8011.208789
47.148664 4.828749 0.444586 40.143543 0.053771 283.561499 0.007723 3566.811943
56.898660 2.228982 0.196527 20.373961 0.022345 139.105860 0.003075 1687.656021
68.664885 1.050672 0.089573 10.059225 0.009286 66.234280 0.001224 873.907982
82.864277 0.495254 0.038839 5.265977 0.003859 34.724745 0.000487 452.530108
100.000000 0.233447 0.016328 2.714211 0.001604 17.516899 0.000194 234.330734
