0.001000 0.000001 0.000001 0.000001 0.000001 0.000001 0.000000 0.000001
0.001038 0.000001 0.000001 0.000001 0.000001 0.000001 0.000001 0.000001
0.001077 0.000001 0.000001 0.000001 0.000001 0.000001 0.000001 0.000001
0.001117 0.000001 0.000001 0.000001 0.000001 0.000001 0.000001 0.000001
0.001159 0.000001 0.000001 0.000001 0.000001 0.000001 0.000001 0.000001
0.001203 0.000001 0.000001 0.000001 0.000001 0.000001 0.000001 0.000002
0.001248 0.000001 0.000001 0.000001 0.000001 0.000002 0.000001 0.000002
0.001296 0.000001 0.000001 0.000002 0.000001 0.000002 0.000001 0.000002
0.001344 0.000002 0.000001 0.000002 0.000001 0.000002 0.000001 0.000002
0.001395 0.000002 0.000002 0.000002 0.000001 0.000002 0.000001 0.000002
0.001448 0.000002 0.000002 0.000002 0.000002 0.000003 0.000001 0.000003
0.001502 0.000002 0.000002 0.000003 0.000002 0.000003 0.000002 0.000003
0.001559 0.000003 0.000002 0.000003 0.000002 0.000003 0.000002 0.000003
0.001617 0.000003 0.000002 0.000003 0.000002 0.000004 0.000002 0.000004
0.001678 0.000003 0.000003 0.000004 0.000003 0.000004 0.000002 0.000004
0.001742 0.000004 0.000003 0.000004 0.000003 0.000005 0.000003 0.000005
0.001807 0.000004 0.000003 0.000004 0.000003 0.000005 0.000003 0.000005
0.001875 0.000004 0.000004 0.000005 0.000003 0.000006 0.000003 0.000006
0.001946 0.000005 0.000004 0.000006 0.000004 0.000006 0.000004 0.000007
0.002019 0.000005 0.000005 0.000006 0.000004 0.000007 0.000004 0.000008
0.002095 0.000006 0.000005 0.000007 0.000005 0.000008 0.000005 0.000008
0.002174 0.000007 0.000006 0.000008 0.000005 0.000009 0.000005 0.000009
0.002256 0.000008 0.000007 0.000009 0.000006 0.000010 0.000006 0.000011
0.002341 0.000009 0.000007 0.000010 0.000007 0.000011 0.000006 0.000012
0.002430 0.000010 0.000008 0.000011 0.000008 0.000012 0.000007 0.000013
0.002521 0.000011 0.000009 0.000012 0.000008 0.000014 0.000008 0.000015
0.002616 0.000012 0.000010 0.000014 0.000009 0.000015 0.000009 0.000016
0.002715 0.000013 0.000012 0.000015 0.000011 0.000017 0.000010 0.000018
0.002817 0.000015 0.000013 0.000017 0.000012 0.000019 0.000011 0.000021
0.002923 0.000017 0.000015 0.000019 0.000013 0.000021 0.000012 0.000023
0.003033 0.000019 0.000016 0.000021 0.000015 0.000024 0.000014 0.000026
0.003148 0.000021 0.000018 0.000024 0.000016 0.000027 0.000015 0.000029
0.003266 0.000023 0.000020 0.000026 0.000018 0.000030 0.000017 0.000032
0.003389 0.000026 0.000023 0.000030 0.000021 0.000033 0.000019 0.000036
0.003517 0.000029 0.000025 0.000033 0.000023 0.000037 0.000021 0.000040
0.003650 0.000032 0.000028 0.000037 0.000026 0.000041 0.000024 0.000045
0.003787 0.000036 0.000032 0.000041 0.000029 0.000046 0.000027 0.000050
0.003930 0.000040 0.000035 0.000046 0.000032 0.000052 0.000030 0.000056
0.004078 0.000045 0.000039 0.000051 0.000036 0.000058 0.000033 0.000062
0.004232 0.000050 0.000044 0.000058 0.000040 0.000064 0.000037 0.000069
0.004391 0.000056 0.000049 0.000064 0.000045 0.000072 0.000042 0.000078
0.004557 0.000063 0.000055 0.000072 0.000050 0.000080 0.000047 0.000087
0.004728 0.000070 0.000061 0.000080 0.000056 0.000090 0.000052 0.000097
0.004906 0.000078 0.000069 0.000090 0.000062 0.000100 0.000058 0.000108
0.005091 0.000088 0.000077 0.000100 0.000070 0.000112 0.000065 0.000121
0.005283 0.000098 0.000086 0.000112 0.000078 0.000125 0.000073 0.000135
0.005482 0.000109 0.000096 0.000125 0.000087 0.000140 0.000081 0.000151
0.005689 0.000122 0.000107 0.000139 0.000097 0.000156 0.000091 0.000168
0.005903 0.000136 0.000119 0.000156 0.000108 0.000174 0.000101 0.000188
0.006126 0.000152 0.000133 0.000174 0.000121 0.000194 0.000113 0.000210
0.006356 0.000170 0.000149 0.000194 0.000135 0.000217 0.000126 0.000234
0.006596 0.000190 0.000166 0.000217 0.000151 0.000242 0.000141 0.000262
0.006844 0.000212 0.000186 0.000242 0.000169 0.000271 0.000157 0.000292
0.007102 0.000237 0.000207 0.000270 0.000188 0.000302 0.000176 0.000326
0.007370 0.000265 0.000232 0.000302 0.000210 0.000337 0.000196 0.000364
0.007648 0.000296 0.000259 0.000337 0.000235 0.000377 0.000219 0.000407
0.007936 0.000330 0.000289 0.000376 0.000262 0.000421 0.000245 0.000454
0.008235 0.000368 0.000323 0.000420 0.000293 0.000470 0.000273 0.000507
0.008545 0.000411 0.000360 0.000469 0.000327 0.000524 0.000305 0.000566
0.008867 0.000459 0.000402 0.000523 0.000365 0.000585 0.000341 0.000631
0.009201 0.000513 0.000449 0.000584 0.000408 0.000653 0.000380 0.000705
0.009548 0.000572 0.000501 0.000652 0.000455 0.000729 0.000425 0.000786
0.009908 0.000639 0.000559 0.000727 0.000508 0.000813 0.000474 0.000878
0.010281 0.000712 0.000624 0.000812 0.000567 0.000907 0.000529 0.000979
0.010669 0.000795 0.000697 0.000905 0.000633 0.001012 0.000591 0.001092
0.011071 0.000887 0.000778 0.001010 0.000707 0.001129 0.000659 0.001218
0.011488 0.000989 0.000868 0.001127 0.000788 0.001259 0.000736 0.001359
0.011921 0.001103 0.000968 0.001256 0.000880 0.001405 0.000821 0.001516
0.012370 0.001231 0.001080 0.001401 0.000981 0.001566 0.000916 0.001690
0.012836 0.001373 0.001204 0.001562 0.001095 0.001746 0.001022 0.001884
0.013320 0.001531 0.001343 0.001741 0.001221 0.001947 0.001140 0.002100
0.013822 0.001707 0.001497 0.001940 0.001362 0.002170 0.001271 0.002340
0.014343 0.001903 0.001669 0.002162 0.001519 0.002418 0.001418 0.002608
0.014883 0.002121 0.001861 0.002409 0.001693 0.002694 0.001581 0.002905
0.015444 0.002363 0.002075 0.002685 0.001887 0.003001 0.001762 0.003236
0.016026 0.002631 0.002312 0.002991 0.002103 0.003342 0.001964 0.003603
0.016630 0.002931 0.002576 0.003331 0.002343 0.003721 0.002189 0.004011
0.017256 0.003264 0.002870 0.003708 0.002610 0.004142 0.002439 0.004464
0.017907 0.003634 0.003196 0.004127 0.002907 0.004609 0.002718 0.004967
0.018581 0.004045 0.003557 0.004591 0.003237 0.005127 0.003027 0.005525
0.019281 0.004499 0.003958 0.005105 0.003605 0.005702 0.003370 0.006143
0.020008 0.005004 0.004404 0.005676 0.004013 0.006339 0.003752 0.006828
0.020762 0.005563 0.004900 0.006307 0.004466 0.007044 0.004175 0.007587
0.021544 0.006183 0.005450 0.007006 0.004969 0.007825 0.004646 0.008426
0.022356 0.006869 0.006058 0.007782 0.005526 0.008689 0.005167 0.009355
0.023199 0.007630 0.006732 0.008641 0.006143 0.009644 0.005745 0.010381
0.024073 0.008473 0.007478 0.009590 0.006826 0.010699 0.006386 0.011514
0.024980 0.009398 0.008305 0.010637 0.007582 0.011864 0.007095 0.012764
0.025921 0.010418 0.009220 0.011795 0.008419 0.013148 0.007880 0.014141
0.026898 0.011548 0.010231 0.013071 0.009343 0.014563 0.008747 0.015659
0.027911 0.012796 0.011347 0.014474 0.010365 0.016120 0.009706 0.017329
0.028963 0.014174 0.012579 0.016019 0.011492 0.017833 0.010765 0.019164
0.030055 0.015691 0.013936 0.017717 0.012735 0.019714 0.011933 0.021178
0.031187 0.017360 0.015421 0.019587 0.014104 0.021778 0.013221 0.023388
0.032362 0.019193 0.017051 0.021618 0.015611 0.024040 0.014639 0.025808
0.033582 0.021204 0.018844 0.023872 0.017275 0.026515 0.016199 0.028455
0.034847 0.023409 0.020807 0.026311 0.019097 0.029220 0.017913 0.031346
0.036160 0.025821 0.022960 0.029001 0.021098 0.032178 0.019795 0.034500
0.037523 0.028430 0.025321 0.031913 0.023294 0.035404 0.021859 0.037935
0.038937 0.031254 0.027909 0.035126 0.025667 0.038916 0.024118 0.041670
0.040404 0.034371 0.030727 0.038568 0.028278 0.042699 0.026590 0.045726
0.041927 0.037750 0.033771 0.042303 0.031106 0.046822 0.029290 0.050121
0.043507 0.041380 0.037132 0.046348 0.034209 0.051288 0.032234 0.054875
0.045146 0.045366 0.040790 0.050745 0.037601 0.056114 0.035441 0.060008
0.046847 0.049692 0.044752 0.055481 0.041243 0.061318 0.038927 0.065541
0.048612 0.054360 0.049047 0.060544 0.045207 0.066918 0.042711 0.071490
0.050444 0.059439 0.053580 0.066001 0.049471 0.072933 0.046812 0.077875
0.052345 0.064819 0.058530 0.071876 0.054081 0.079379 0.051248 0.084713
0.054317 0.070627 0.063945 0.078212 0.059135 0.086277 0.056036 0.092018
0.056364 0.076813 0.069605 0.084972 0.064444 0.093685 0.061196 0.099806
0.058488 0.083448 0.075663 0.092214 0.070111 0.101576 0.066745 0.108087
0.060692 0.090548 0.082154 0.099927 0.076169 0.109970 0.072698 0.116871
0.062979 0.098117 0.089178 0.108014 0.082708 0.118957 0.079073 0.126166
0.065352 0.106115 0.096668 0.116709 0.089782 0.128300 0.085883 0.135975
0.067815 0.114596 0.104583 0.125795 0.097313 0.138235 0.093141 0.146299
0.070370 0.123446 0.112988 0.135307 0.105153 0.148480 0.100858 0.157137
0.073022 0.132916 0.121935 0.145367 0.113439 0.159448 0.109044 0.168483
0.075774 0.142785 0.131313 0.156053 0.122176 0.170905 0.117704 0.180326
0.078629 0.153125 0.141163 0.167092 0.131369 0.182749 0.126843 0.192654
0.081592 0.163964 0.151264 0.178685 0.141085 0.194960 0.136462 0.205450
0.084666 0.175265 0.161766 0.190837 0.151301 0.207686 0.146558 0.218692
0.087857 0.186896 0.172700 0.203315 0.162173 0.220806 0.157127 0.232356
0.091167 0.199020 0.184310 0.216320 0.173176 0.234327 0.168160 0.246414
0.094603 0.211744 0.196388 0.229546 0.184608 0.248261 0.179557 0.260833
0.098168 0.224558 0.208864 0.243311 0.196579 0.263156 0.191370 0.275579
0.101867 0.238017 0.221595 0.257416 0.208645 0.277855 0.203584 0.290626
0.105705 0.251604 0.234528 0.272025 0.221297 0.292463 0.215909 0.306103
0.109688 0.265835 0.247976 0.286479 0.234152 0.307279 0.228481 0.321822
0.113822 0.280120 0.261563 0.300838 0.247299 0.322763 0.241347 0.337739
0.118111 0.294397 0.275627 0.315561 0.260706 0.338810 0.254392 0.353813
0.122561 0.308942 0.289843 0.330618 0.274339 0.354378 0.267588 0.370001
0.127180 0.323692 0.304316 0.345832 0.288147 0.369959 0.280964 0.386260
0.131972 0.338729 0.318806 0.361057 0.302355 0.386085 0.294484 0.402548
0.136945 0.353733 0.333212 0.376247 0.316280 0.401667 0.308112 0.418823
0.142105 0.368840 0.347523 0.391529 0.330490 0.416883 0.321963 0.435044
0.147460 0.383588 0.362030 0.406418 0.344824 0.432421 0.336348 0.451176
0.153017 0.398395 0.376849 0.421577 0.358990 0.448220 0.350773 0.467182
0.158783 0.413723 0.391523 0.436453 0.373212 0.463879 0.364919 0.483031
0.164766 0.428736 0.405934 0.451505 0.387371 0.479369 0.378842 0.498694
0.170975 0.443698 0.420210 0.466305 0.401304 0.493877 0.392669 0.514146
0.177417 0.457898 0.434302 0.480406 0.415049 0.508022 0.406397 0.529366
0.184103 0.471745 0.447999 0.494623 0.428743 0.522588 0.420000 0.544339
0.191040 0.485752 0.461621 0.509106 0.442405 0.536600 0.433457 0.559052
0.198239 0.499629 0.474942 0.522910 0.455704 0.550017 0.446748 0.573497
0.205709 0.513003 0.487842 0.536543 0.468767 0.563321 0.459859 0.587673
0.213460 0.525996 0.501147 0.549786 0.481675 0.576719 0.472530 0.601579
0.221504 0.539008 0.513395 0.562974 0.494068 0.590089 0.484496 0.615224
0.229851 0.551931 0.525972 0.576211 0.506479 0.603381 0.496254 0.628617
0.238512 0.564641 0.538428 0.589013 0.518716 0.616192 0.507809 0.641394
0.247499 0.576661 0.550150 0.601610 0.530594 0.628231 0.519172 0.653206
0.256826 0.588615 0.561945 0.614044 0.542538 0.640201 0.530356 0.664741
0.266503 0.600109 0.573575 0.626161 0.553954 0.651646 0.541377 0.676020
0.276546 0.611774 0.584964 0.637975 0.564467 0.663298 0.552131 0.687070
0.286967 0.622957 0.596205 0.649745 0.574854 0.675063 0.561918 0.697920
0.297780 0.633624 0.606970 0.661247 0.585591 0.686680 0.571534 0.708602
0.309001 0.644611 0.617531 0.673215 0.596462 0.698791 0.581002 0.719151
0.320645 0.655864 0.628350 0.684989 0.607272 0.710575 0.590348 0.729602
0.332727 0.666741 0.639067 0.695880 0.617898 0.722572 0.600126 0.739997
0.345265 0.677351 0.649361 0.707769 0.628174 0.734664 0.610177 0.750374
0.358275 0.688483 0.660618 0.718930 0.638325 0.746808 0.620201 0.760779
0.371776 0.699521 0.671484 0.730849 0.648857 0.758175 0.630233 0.772937
0.385785 0.710652 0.682069 0.742475 0.659561 0.770110 0.640311 0.786440
0.400322 0.722237 0.692663 0.754379 0.669751 0.782717 0.650473 0.801073
0.415407 0.734010 0.703455 0.766628 0.680001 0.796138 0.660759 0.816307
0.431060 0.746244 0.715352 0.779338 0.690733 0.808347 0.671209 0.831885
0.447304 0.758672 0.726985 0.792266 0.701940 0.821751 0.681865 0.847854
0.464159 0.770730 0.739194 0.805517 0.712923 0.834076 0.692767 0.864257
0.481649 0.783965 0.751250 0.818008 0.724635 0.848807 0.703956 0.881138
0.499799 0.797035 0.763941 0.832187 0.736551 0.863197 0.715473 0.898535
0.518632 0.810625 0.776666 0.846855 0.748980 0.878751 0.727355 0.916482
0.538175 0.825006 0.789806 0.861727 0.762083 0.895034 0.739640 0.935010
0.558455 0.840331 0.804269 0.877214 0.775475 0.912730 0.752363 0.954142
0.579498 0.855479 0.818959 0.893462 0.789374 0.929953 0.765555 0.973899
0.601335 0.871591 0.833614 0.910164 0.803895 0.947578 0.779244 0.994290
0.623994 0.888381 0.849235 0.928044 0.818811 0.966269 0.793457 1.015323
0.647508 0.905329 0.865399 0.946442 0.833814 0.984908 0.808212 1.036992
0.671907 0.923057 0.882422 0.965271 0.849463 1.004790 0.823525 1.058713
0.697226 0.941318 0.899453 0.984282 0.865686 1.025169 0.839406 1.080653
0.723499 0.959996 0.917133 1.004291 0.883086 1.045977 0.855858 1.103206
0.750762 0.979308 0.935413 1.024892 0.900667 1.066674 0.872881 1.126336
0.779052 0.999045 0.954760 1.045877 0.919124 1.088958 0.890465 1.150000
0.808408 1.019620 0.974315 1.067830 0.938216 1.112222 0.908596 1.174148
0.838870 1.041192 0.995143 1.089790 0.958315 1.135096 0.927251 1.198724
0.870480 1.062552 1.015729 1.112112 0.978913 1.158388 0.946403 1.223665
0.903282 1.085019 1.037769 1.134790 0.999519 1.183201 0.966017 1.248904
0.937319 1.107850 1.059280 1.158471 1.020416 1.208463 0.986053 1.274371
0.972639 1.131052 1.081593 1.181992 1.041631 1.232998 1.006464 1.299989
1.009290 1.154564 1.104546 1.205849 1.062420 1.257356 1.027201 1.325684
1.047322 1.178346 1.127545 1.230557 1.083889 1.281565 1.048206 1.351377
1.086787 1.201738 1.151203 1.254200 1.106396 1.305747 1.069422 1.376992
1.127740 1.224758 1.174221 1.279067 1.128360 1.329830 1.090786 1.402452
1.170235 1.248923 1.196683 1.302918 1.151729 1.353943 1.112235 1.427684
1.214332 1.272087 1.218924 1.326067 1.174290 1.378749 1.133705 1.452616
1.260090 1.295591 1.241124 1.349083 1.195734 1.403573 1.155129 1.477181
1.307573 1.319348 1.263776 1.373254 1.217797 1.427501 1.176444 1.501316
1.356845 1.342108 1.285356 1.395559 1.240323 1.451679 1.197588 1.524964
1.407973 1.363890 1.306457 1.419107 1.262643 1.475399 1.218500 1.548071
1.461028 1.387342 1.327294 1.442402 1.283072 1.498608 1.239122 1.570593
1.516083 1.408895 1.348785 1.463656 1.305510 1.521257 1.259401 1.592487
1.573212 1.429869 1.369587 1.484321 1.325648 1.543303 1.279286 1.613720
1.632493 1.451292 1.389113 1.505169 1.345280 1.564709 1.298734 1.634262
1.694009 1.471327 1.408083 1.525834 1.365068 1.584386 1.317703 1.654092
1.757842 1.489412 1.426946 1.545816 1.384290 1.603083 1.336158 1.673193
1.824081 1.508177 1.445421 1.565370 1.402023 1.621219 1.354068 1.691551
1.892816 1.526778 1.462512 1.583678 1.420767 1.638299 1.371409 1.709163
1.964141 1.544114 1.479204 1.601699 1.438529 1.655456 1.388159 1.726024
2.038154 1.560144 1.496342 1.618570 1.454172 1.672371 1.404303 1.742139
2.114955 1.575665 1.511223 1.634128 1.469787 1.688306 1.419830 1.757513
2.194651 1.590507 1.526312 1.651164 1.484187 1.703983 1.434733 1.772157
2.277350 1.606138 1.539930 1.666094 1.497432 1.719188 1.449010 1.786083
2.363165 1.620345 1.553711 1.680644 1.511228 1.734630 1.462662 1.799307
2.452213 1.634220 1.566774 1.695017 1.523392 1.747699 1.475693 1.811847
2.544617 1.647101 1.577993 1.707898 1.536249 1.760004 1.488110 1.823838
2.640503 1.659819 1.590129 1.721293 1.548873 1.771664 1.499925 1.835216
2.740003 1.671434 1.601235 1.733574 1.558838 1.783144 1.511149 1.845964
2.843251 1.681710 1.611465 1.744575 1.568261 1.795247 1.521796 1.856107
2.950391 1.691530 1.620189 1.755038 1.577721 1.806761 1.531883 1.865667
3.061567 1.701884 1.628787 1.765219 1.586547 1.816912 1.541427 1.874671
3.176933 1.711135 1.637469 1.775152 1.594953 1.825317 1.550447 1.883142
3.296646 1.720114 1.645900 1.784013 1.601799 1.834488 1.558961 1.891105
3.420870 1.728402 1.653644 1.792787 1.608706 1.842650 1.566989 1.898721
3.549775 1.735984 1.660554 1.800627 1.615921 1.851898 1.574552 1.906135
3.683537 1.743110 1.667389 1.808017 1.622857 1.859228 1.581670 1.913094
3.822340 1.750014 1.674280 1.815150 1.628644 1.866595 1.588363 1.919620
3.966373 1.755660 1.680824 1.821953 1.634071 1.873344 1.594651 1.925737
4.115834 1.761234 1.686278 1.828588 1.639809 1.879203 1.600554 1.931467
4.270926 1.767453 1.691302 1.834656 1.645528 1.884690 1.606092 1.936831
4.431863 1.772645 1.696229 1.839608 1.650891 1.889825 1.611284 1.941849
4.598864 1.777331 1.700518 1.844688 1.655918 1.894629 1.616148 1.946543
4.772158 1.781716 1.705029 1.849271 1.659538 1.899120 1.620702 1.950929
4.951983 1.786435 1.709164 1.853903 1.662705 1.903977 1.624964 1.955028
5.138583 1.790850 1.712977 1.857830 1.665661 1.908116 1.628950 1.958855
5.332215 1.794455 1.716798 1.861805 1.668419 1.911583 1.632677 1.962429
5.533143 1.797614 1.720022 1.865268 1.671059 1.914819 1.636159 1.965763
5.741642 1.801253 1.723194 1.868872 1.674233 1.918399 1.639411 1.968874
5.957999 1.804241 1.726056 1.872321 1.677195 1.922167 1.642448 1.971775
6.182508 1.806975 1.728615 1.875238 1.679337 1.925684 1.645282 1.974480
6.415476 1.809363 1.731593 1.877704 1.681718 1.928138 1.647926 1.977001
6.657224 1.811896 1.734236 1.880002 1.683953 1.930394 1.650392 1.979350
6.908081 1.814119 1.736262 1.882432 1.686036 1.932496 1.652692 1.981539
7.168391 1.816283 1.738353 1.884729 1.687977 1.934454 1.654835 1.983577
7.438510 1.818291 1.740479 1.886508 1.689786 1.936284 1.656833 1.985475
7.718807 1.820129 1.742460 1.888143 1.691470 1.938652 1.658694 1.987243
8.009667 1.821678 1.744305 1.890338 1.693039 1.940858 1.660427 1.988888
8.311487 1.823119 1.745760 1.892382 1.694499 1.942913 1.662042 1.990419
8.624680 1.824460 1.746970 1.894091 1.695758 1.944826 1.663545 1.991844
8.949674 1.825835 1.748088 1.895383 1.696903 1.946608 1.664944 1.993169
9.286915 1.827187 1.749324 1.896758 1.698034 1.948242 1.666247 1.994403
9.636864 1.828511 1.750351 1.898055 1.699154 1.949525 1.667459 1.995550
10.000000 1.829744 1.751457 1.899197 1.700196 1.950960 1.668587 1.996617
