0.010000 0.001594 -0.006562 0.008224 -0.009009 0.014540 -0.010368 0.023602
0.012068 0.001980 -0.006327 0.008575 -0.008965 0.016992 -0.010647 0.027075
0.014563 0.002323 -0.006038 0.009062 -0.008901 0.019565 -0.010943 0.031372
0.017575 0.002782 -0.005781 0.009678 -0.008830 0.022471 -0.011167 0.036674
0.021210 0.003153 -0.005447 0.010236 -0.008673 0.027283 -0.011442 0.043195
0.025595 0.003637 -0.004897 0.011623 -0.008542 0.033379 -0.011779 0.051747
0.030888 0.004552 -0.004554 0.013832 -0.008506 0.039686 -0.012189 0.062390
0.037276 0.005691 -0.003926 0.017487 -0.008437 0.047303 -0.012687 0.075585
0.044984 0.007151 -0.003287 0.022350 -0.008435 0.058385 -0.013288 0.091003
0.054287 0.008612 -0.002468 0.029360 -0.008300 0.069864 -0.014957 0.108893
0.065513 0.011366 -0.001423 0.039638 -0.008666 0.085811 -0.017755 0.131129
0.079060 0.015694 0.000242 0.052154 -0.008821 0.107534 -0.020790 0.157974
0.095410 0.021445 0.002077 0.069991 -0.009643 0.137802 -0.024904 0.184111
0.115140 0.029131 0.004490 0.096003 -0.011014 0.171220 -0.030124 0.216140
0.138950 0.040474 0.006588 0.127341 -0.012144 0.223201 -0.035929 0.262720
0.167683 0.055700 0.011019 0.163254 -0.015411 0.278503 -0.042639 0.329025
0.202359 0.075685 0.015361 0.207630 -0.019075 0.348116 -0.050147 0.437983
0.244205 0.101323 0.022571 0.266859 -0.022909 0.432985 -0.056662 0.550279
0.294705 0.131288 0.028919 0.327641 -0.027340 0.514715 -0.061763 0.654035
0.355648 0.162938 0.035614 0.395397 -0.031165 0.596108 -0.066901 0.740657
0.429193 0.201195 0.046746 0.453754 -0.037153 0.677136 -0.074138 0.807199
0.517947 0.239942 0.057454 0.512899 -0.042315 0.733076 -0.078431 0.873004
0.625055 0.284027 0.063816 0.556770 -0.048042 0.782966 -0.083057 0.915746
0.754312 0.318166 0.068241 0.613217 -0.052576 0.828547 -0.086108 0.942155
0.910298 0.347805 0.073659 0.644133 -0.057529 0.860648 -0.088870 0.957971
1.098541 0.369792 0.074601 0.676992 -0.062157 0.885047 -0.091049 0.967267
1.325711 0.389340 0.077374 0.697171 -0.063638 0.899227 -0.092505 0.972670
1.599859 0.405299 0.078876 0.728262 -0.064915 0.912665 -0.093466 0.975790
1.930698 0.414771 0.079930 0.745564 -0.066008 0.929512 -0.094094 0.977586
2.329952 0.422948 0.080780 0.757897 -0.066939 0.936494 -0.094502 0.978616
2.811769 0.428276 0.081463 0.772688 -0.067494 0.943823 -0.094687 0.979207
3.393222 0.431977 0.082296 0.780859 -0.067744 0.946753 -0.094775 0.979546
4.094915 0.434741 0.082445 0.786774 -0.067891 0.956211 -0.094829 0.979740
4.941713 0.437455 0.082791 0.796723 -0.067977 0.961616 -0.094863 0.979851
5.963623 0.439305 0.083066 0.800682 -0.068027 0.966380 -0.094885 0.979915
7.196857 0.440750 0.083284 0.803510 -0.068056 0.966753 -0.094898 0.979951
8.685114 0.441879 0.083457 0.804576 -0.068074 0.966907 -0.094906 0.979971
10.481131 0.442758 0.083593 0.805444 -0.068084 0.967002 -0.094912 0.979983
12.648552 0.443442 0.083701 0.805952 -0.068090 0.967061 -0.094915 0.979990
15.264180 0.443822 0.083786 0.805970 -0.068093 0.967097 -0.094917 0.979994
18.420700 0.444389 0.083854 0.805999 -0.068095 0.968519 -0.094918 0.979997
22.229965 0.444710 0.083907 0.808082 -0.068096 0.969739 -0.094919 0.979998
26.826958 0.444960 0.083949 0.808091 -0.068097 0.972059 -0.094919 0.979999
32.374575 0.445154 0.083982 0.808096 -0.068097 0.972948 -0.094920 0.979999
39.069399 0.445305 0.084008 0.809194 -0.068098 0.972955 -0.095133 0.980000
47.148664 0.445422 0.084028 0.809282 -0.068098 0.972960 -0.095246 0.980000
56.898660 0.445512 0.084044 0.809302 -0.068098 0.972963 -0.095246 0.980000
68.664885 0.445583 0.084057 0.809336 -0.068098 0.972992 -0.095247 0.980000
82.864277 0.445637 0.084067 0.809361 -0.068098 0.973728 -0.095247 0.980000
100.000000 0.445680 0.084075 0.809380 -0.068098 0.973728 -0.095247 0.980000
