0.001000 20309.773986 2897.793507 99581.766880 454.220627 274875.072284 160.636508 635831.137847
0.001038 20062.277143 2870.183482 96185.114373 452.841391 265722.891448 159.770933 612866.892407
0.001077 19992.788435 2842.831372 93689.077084 451.465474 256160.256983 158.910116 590724.873688
0.001117 19766.229354 2814.183493 90836.902498 450.092854 246940.558173 158.054191 569375.668527
0.001159 19370.772046 2788.891149 88040.797653 448.723512 238051.506393 157.202949 548790.917064
0.001203 18983.068728 2762.298234 85390.419186 447.357430 230101.847206 156.356511 528943.275070
0.001248 18691.317890 2737.789392 83188.524375 445.994591 223867.934751 155.514838 509806.377606
0.001296 18254.249502 2711.951054 80863.016581 442.382963 217799.815153 154.677883 491354.803990
0.001344 17857.958916 2684.786328 78195.089436 437.233566 211893.057354 153.845660 473564.044037
0.001395 17506.767074 2677.923388 75738.516509 432.143942 205148.989577 153.018152 456410.465479
0.001448 17155.588780 2671.060176 73914.409582 427.113420 197766.695824 152.195314 439871.282569
0.001502 16811.287221 2658.151819 71433.835760 422.141340 190650.100824 151.377214 423924.525809
0.001559 16387.810867 2624.188458 69308.066861 417.227050 183789.655331 150.563781 408549.012747
0.001617 16142.772619 2588.892114 67461.427087 412.369909 177176.153705 149.755037 393724.319842
0.001678 15818.295541 2561.817653 65419.612103 407.569285 170800.721704 148.950971 379430.755326
0.001742 15564.233931 2553.177778 63036.749125 402.824557 164654.804474 148.151605 365649.333026
0.001807 15183.947541 2521.250523 61107.778003 398.135114 158730.155275 147.356891 352361.747147
0.001875 14782.457391 2508.234646 59829.014108 393.500354 153018.824155 146.566853 339550.347942
0.001946 14445.034023 2495.724720 58349.781427 388.919687 147513.147569 145.781504 327198.118253
0.002019 14288.668004 2473.942132 56646.107819 384.392533 142205.737745 144.082138 315288.650904
0.002095 14000.451178 2428.355215 54923.016386 379.918321 137089.473135 142.220879 303806.126893
0.002174 13725.320502 2420.284672 53223.088283 375.496493 132157.488593 140.384130 292735.294366
0.002256 13529.020635 2415.115569 51897.452721 371.126499 127403.166254 138.571603 282061.448352
0.002341 13333.653541 2386.102914 50595.057288 366.807803 122820.126721 136.783012 271770.411214
0.002430 13235.794257 2351.745475 49670.055182 362.539879 118402.220386 135.018078 261848.513806
0.002521 12928.208653 2346.048450 48374.160933 358.322210 114577.609903 133.276528 252282.577304
0.002616 12671.871419 2340.356248 46691.378419 354.154295 111730.044133 131.558094 243059.895687
0.002715 12445.163587 2334.669055 45288.584367 350.035641 108949.945566 129.862514 234168.218843
0.002817 12162.407132 2326.885067 43792.739168 345.965770 106235.646003 128.189532 225595.736288
0.002923 11839.493813 2297.579520 42336.477875 341.944214 103585.516583 126.538898 217331.061457
0.003033 11713.120053 2257.695756 41119.730433 337.970519 100997.966833 124.910368 209363.216568
0.003148 11488.824316 2218.515462 39975.185267 334.044245 98471.443758 123.303703 201681.618019
0.003266 11290.565090 2180.027151 38598.547428 330.164962 94977.649728 121.718671 194276.062316
0.003389 11066.829490 2166.128985 37366.612732 326.332258 91526.720354 120.155046 187136.712497
0.003517 10896.226565 2160.601568 36032.512500 322.545733 89563.359915 118.612610 180254.085050
0.003650 10783.056374 2155.095167 35326.452733 318.805002 87320.805094 117.091149 173619.037293
0.003787 10567.774178 2139.858674 34470.097836 315.109694 84809.636518 115.590457 167222.755206
0.003930 10358.143332 2117.531561 33842.482366 311.459457 81742.236108 114.110335 161056.741705
0.004078 10101.550186 2095.432774 33031.425290 308.775225 78783.487352 112.650591 155112.805325
0.004232 9857.985441 2068.979914 31924.211805 307.393091 75929.589310 111.211039 149383.049317
0.004391 9620.230465 2051.914956 31164.313004 306.381887 73176.875731 109.791503 143859.861130
0.004557 9419.428248 2028.240365 30723.743516 305.695082 70567.934924 108.391812 138535.902271
0.004728 9256.843182 2009.295844 29770.797845 305.012788 69036.440166 107.011805 133404.098523
0.004906 9121.692130 1970.336029 28866.023603 304.335303 67539.458657 105.651327 128457.630521
0.005091 8988.037122 1949.161325 28019.266597 303.662955 66072.257031 104.310234 123689.924655
0.005283 8769.633863 1933.055474 27274.510215 302.996096 64634.206983 102.988388 119094.644303
0.005482 8606.360026 1904.436247 26498.618876 302.335110 62459.056867 101.685663 114665.681373
0.005689 8461.024964 1875.886956 25881.767667 301.680412 60223.459476 100.401939 110397.148154
0.005903 8335.348640 1848.457559 25290.810989 301.032449 58066.230813 99.137108 106283.369446
0.006126 8144.479862 1825.853467 24640.891478 300.391708 56092.542930 97.891073 102318.874978
0.006356 7952.781612 1809.370430 24135.127163 299.758714 54469.937992 96.663746 98498.392095
0.006596 7718.575436 1792.195685 23635.404335 299.134036 52743.752851 95.455050 94816.838697
0.006844 7570.997771 1760.068765 23166.497703 298.518287 50919.904373 94.264920 91269.316443
0.007102 7424.458735 1743.546291 22525.860781 297.912131 49132.259713 93.093303 87851.104178
0.007370 7265.413869 1727.223135 21971.876426 297.316285 47371.432442 91.940159 84557.651609
0.007648 7084.524649 1711.101146 21411.385035 294.605763 45790.108575 90.805460 81384.573192
0.007936 6970.075767 1695.182424 20756.768757 291.188731 44225.582665 89.689194 78327.642240
0.008235 6764.050024 1685.277628 20222.506704 287.823802 42692.611188 88.591362 75382.785244
0.008545 6632.224513 1670.159845 19723.524106 287.030153 41212.248951 87.511979 72546.076378
0.008867 6493.392889 1650.279041 19154.492599 286.852219 39782.787408 86.451080 69813.732216
0.009201 6347.817676 1633.591856 18567.983350 286.683402 38440.313259 85.408712 67182.106617
0.009548 6236.912852 1611.345310 18031.413277 286.524780 37225.374076 84.384945 64647.685803
0.009908 6176.259461 1592.295740 17508.161382 286.377523 36078.049705 83.379862 62207.083595
0.010281 6021.610761 1569.848591 17160.892598 286.242901 34965.456834 82.393571 59857.036828
0.010669 5853.140691 1554.907176 16887.451322 286.122294 33825.787837 81.426197 57594.400912
0.011071 5735.125795 1529.850502 16475.519069 286.017197 32840.562118 80.477889 55416.145560
0.011488 5669.750259 1495.952110 15935.508140 285.929231 31885.012277 79.548819 53319.350651
0.011921 5581.487825 1472.674628 15594.204038 285.860154 31185.967905 78.639183 51301.202244
0.012370 5470.118283 1459.477921 15212.692047 285.811865 30499.048464 77.749204 49358.988726
0.012836 5308.240921 1440.615987 14830.976704 285.786425 29824.074708 76.879131 47490.097088
0.013320 5165.699948 1418.990797 14417.567196 285.448253 29160.875332 76.029242 45692.009339
0.013822 5022.931069 1395.797314 14067.130408 283.751153 28356.232447 75.368265 44380.244945
0.014343 4936.078813 1371.879128 13658.766258 279.131805 27451.091867 75.276930 43181.608450
0.014883 4809.602030 1349.164228 13414.456895 274.631572 26556.617750 75.197442 41991.450141
0.015444 4701.901464 1330.854512 13141.054944 270.250363 25844.639994 75.130659 40811.247097
0.016026 4643.343772 1319.423133 12847.382360 269.221268 25107.854456 75.077502 39642.512855
0.016630 4556.201957 1302.271706 12443.949470 268.757229 24334.702280 75.038964 38486.782741
0.017256 4484.099069 1297.280678 12054.609599 268.353658 23577.892053 75.016112 37345.598427
0.017907 4420.592017 1283.577611 11849.626224 268.014561 22837.807520 75.010092 36220.492008
0.018581 4310.192604 1267.884735 11516.854469 267.744240 22114.823939 75.022139 35112.969969
0.019281 4236.384216 1254.109293 11164.657020 267.760131 21409.302363 75.053580 34024.497374
0.020008 4148.710208 1247.632034 10865.990082 267.428762 20721.584109 75.105841 32956.482629
0.020762 4101.605143 1224.101596 10646.533951 267.393914 20051.985523 75.180458 31910.263181
0.021544 3991.066304 1211.437185 10372.737010 267.448514 19400.793175 75.279082 30887.092437
0.022356 3923.065847 1196.652549 10107.509738 267.598733 18768.259570 75.403489 29888.128203
0.023199 3814.662864 1176.120323 9845.234675 267.379339 18154.599457 75.555590 28914.422860
0.024073 3712.119157 1156.215315 9592.204937 266.818409 17582.634353 75.737442 27966.915449
0.024980 3643.198161 1136.937018 9348.246603 266.366426 17127.606876 75.951258 27046.425784
0.025921 3560.420080 1124.154946 9209.542087 266.030125 16533.101691 76.199420 26153.650645
0.026898 3496.094550 1114.078815 8975.339209 265.816730 16292.707310 76.484495 25289.162036
0.027911 3436.799661 1102.653001 8759.138757 265.733986 15823.509215 76.809243 24453.407441
0.028963 3374.776117 1086.794486 8539.130954 265.790205 15365.357906 77.176640 23646.711971
0.030055 3306.574270 1073.439622 8294.577396 265.994304 14925.334497 77.589892 22869.282223
0.031187 3238.926973 1062.790458 8122.179205 266.355855 14612.978335 78.052454 22121.211666
0.032362 3169.078768 1057.378164 8008.459374 266.885131 14448.107956 78.568050 21402.487324
0.033582 3122.904679 1046.719293 7884.448091 267.593168 13960.568187 79.140696 20712.997513
0.034847 3085.257345 1038.791500 7696.830032 266.021837 13495.563682 79.774727 20052.540399
0.036160 3022.114806 1035.336766 7532.401652 264.660141 13052.438190 80.474819 19420.833116
0.037523 2969.937560 1019.838892 7393.644483 263.520201 12643.841070 81.246024 18817.521218
0.038937 2908.000710 1014.107455 7245.447600 262.610631 12334.243294 82.093797 18242.188252
0.040404 2890.618689 1002.903952 7104.857776 261.940747 12078.557509 83.024036 17694.365244
0.041927 2846.027458 1007.137038 7032.229740 261.520623 11826.155200 84.043119 17173.539938
0.043507 2815.570275 1007.792010 6934.643259 261.361151 11483.241579 85.157949 16734.124203
0.045146 2783.575491 999.495879 6798.792924 264.469683 11174.304186 86.375998 16367.616808
0.046847 2756.857295 1002.646841 6678.978339 265.038117 10923.898363 87.705364 16017.574311
0.048612 2728.450449 1006.784296 6530.957341 265.896510 10803.639856 89.154827 15684.120716
0.050444 2727.369950 1014.719328 6418.199621 267.059964 10696.043970 90.733912 15367.370952
0.052345 2701.561048 1020.425280 6329.545711 268.544754 10591.164526 92.452962 15067.429918
0.054317 2692.203417 1025.691275 6248.194093 270.368431 10469.063845 94.323218 14784.391862
0.056364 2669.486849 1026.403056 6161.567427 272.549934 10288.943495 96.356903 14518.340088
0.058488 2656.718558 1021.780201 6139.832020 275.109710 10104.301535 98.567320 14269.347018
0.060692 2665.697914 1024.617555 6099.939908 279.334747 10057.356524 100.968960 14037.474597
0.062979 2676.570103 1028.720486 6047.077116 286.379305 9939.221431 103.577621 13822.775025
0.065352 2671.798106 1038.309366 5975.051024 294.025198 9835.881439 106.410539 13625.291808
0.067815 2694.658941 1049.098289 5927.057071 302.322059 9747.253490 109.486532 13445.061083
0.070370 2696.595513 1055.468906 5878.422323 311.324008 9644.132972 112.826164 13282.113186
0.073022 2718.799312 1070.547166 5880.886858 321.090096 9514.042654 116.451925 13136.474421
0.075774 2712.772549 1089.887203 5862.946633 331.607165 9432.165024 120.388422 13008.168972
0.078629 2728.918799 1116.118986 5839.195126 338.100638 9487.817414 124.662605 12897.220909
0.081592 2743.230897 1136.623241 5832.609721 345.326174 9497.219672 129.304001 12803.656234
0.084666 2771.303219 1156.119885 5845.481224 353.333739 9523.575102 134.344984 12727.504905
0.087857 2809.236801 1190.337080 5861.007610 363.173161 9538.181504 139.821062 12668.802781
0.091167 2843.392403 1223.047993 5884.451262 379.208926 9551.522957 145.771202 12628.176413
0.094603 2884.628899 1245.531141 5928.357718 396.666214 9496.744334 152.238176 12681.036190
0.098168 2912.735598 1277.870577 5966.395869 415.678512 9515.182916 159.268951 12747.145289
0.101867 2972.482840 1309.946310 6016.713584 435.187518 9527.694436 166.915108 12895.692939
0.105705 3030.305609 1337.953139 6054.308392 446.980334 9550.570277 175.233300 13114.368662
0.109688 3099.687398 1378.445854 6083.440768 459.866019 9624.578431 184.285756 13364.858210
0.113822 3175.657865 1427.210335 6177.418817 476.892755 9734.592701 194.140823 13721.192351
0.118111 3250.214700 1476.466712 6264.291411 500.234069 9843.981705 204.873561 14103.236240
0.122561 3355.952762 1535.396370 6372.997383 525.669073 9971.162511 216.566380 14512.118798
0.127180 3445.815243 1595.211535 6492.027959 553.388430 10149.407672 229.309737 14949.002698
0.131972 3534.830781 1642.028696 6565.848735 583.601335 10253.500513 243.202882 15415.081768
0.136945 3634.204090 1702.139674 6769.258834 616.537250 10555.134081 258.354663 15911.577913
0.142105 3742.513063 1773.061988 6967.129709 652.447771 10870.030850 274.884392 16439.737543
0.147460 3864.523035 1841.942113 7181.917457 691.608647 11063.884310 292.922767 17000.827497
0.153017 3985.908226 1932.122566 7325.528795 734.321948 11230.437606 312.612860 17596.130457
0.158783 4133.812831 2012.996709 7525.283233 771.086803 11496.860518 334.111165 18226.939813
0.164766 4290.309338 2097.884598 7683.817407 810.397504 11813.908940 357.588711 18894.553968
0.170975 4446.348976 2188.152049 7903.596336 843.801180 12202.474417 383.232231 19600.270026
0.177417 4638.314164 2286.224226 8166.454801 884.637946 12523.757418 411.245387 20345.376822
0.184103 4835.965852 2390.370821 8396.629438 928.747386 12903.828322 441.850059 21131.147207
0.191040 5034.829232 2501.651837 8680.088126 976.362818 13249.745866 475.287664 21958.829511
0.198239 5233.420164 2625.738909 8976.970300 1027.733170 13546.807028 507.208762 22829.638076
0.205709 5448.266940 2747.128935 9274.632658 1092.061062 14005.127064 540.607222 23744.742735
0.213460 5689.330628 2878.139607 9627.531164 1150.743918 14620.490831 576.739980 24519.096034
0.221504 5912.974396 3031.244387 10004.848955 1210.361470 15140.939308 615.814999 25266.400407
0.229851 6161.865906 3157.697141 10386.405815 1290.281156 15652.368650 658.052647 26051.383605
0.238512 6432.918704 3296.036170 10777.470622 1376.154864 16171.749880 703.685791 26874.168534
0.247499 6725.179882 3475.485496 11156.279205 1468.358010 16732.109102 752.959789 27734.737574
0.256826 7018.125130 3673.104054 11522.384756 1567.277973 17315.094253 806.132328 28632.914611
0.266503 7324.446941 3838.690417 12010.799106 1681.316040 17987.690547 863.473127 29568.346843
0.276546 7627.135982 4058.831898 12445.656238 1786.868530 18870.266243 925.263459 30540.486678
0.286967 7966.150423 4268.308721 12911.248746 1917.519547 19729.258213 991.795496 31548.574103
0.297780 8320.459419 4524.578236 13435.390804 2059.576929 20774.055079 1063.371453 32591.620014
0.309001 8620.309382 4794.023851 13949.068156 2213.167223 21592.976770 1140.302533 33668.391056
0.320645 8948.994221 5033.010905 14452.621561 2379.125268 22271.572816 1222.907673 34777.396611
0.332727 9268.097465 5300.721622 15001.123079 2511.409929 23173.166331 1311.512087 35916.878655
0.345265 9588.902561 5613.474184 15520.534281 2712.246050 24053.888082 1406.445641 37084.805249
0.358275 9976.678381 5942.241702 16006.913128 2959.204004 25025.233751 1508.041081 38278.868505
0.371776 10439.831535 6216.849713 16615.005745 3171.959186 26035.774432 1616.632158 39496.487839
0.385785 10916.295902 6500.520710 17169.353641 3388.130084 27072.659536 1732.551711 40734.819328
0.400322 11382.438036 6793.925368 17825.119311 3594.432535 28153.007869 1856.129780 41990.771907
0.415407 11858.795826 7103.637064 18496.095222 3807.964978 29366.469876 1971.977683 43261.030991
0.431060 12371.781452 7373.098042 19319.554583 4000.173965 30348.684414 2089.692259 44542.089970
0.447304 12878.645773 7766.382791 20129.927064 4196.412200 31674.324415 2213.669706 45830.289699
0.464159 13358.495355 8155.871807 20878.317655 4392.085084 33047.223491 2344.133169 47247.539419
0.481649 13825.297945 8510.001253 21592.628776 4664.802497 34501.660530 2481.308429 49528.500462
0.499799 14265.992171 8794.986921 22392.898026 4950.469414 36110.487316 2625.425547 51889.144558
0.518632 14733.086706 9114.332545 23297.005217 5194.602363 37799.720533 2776.721133 54328.425804
0.538175 15275.179855 9482.611046 24122.051445 5493.451358 39081.059276 2935.441310 56845.166485
0.558455 15792.769380 9863.103922 24907.012166 5861.616539 40672.613974 3101.845386 59438.124422
0.579498 16306.107916 10174.928044 25809.311204 6151.313788 42293.186183 3276.210254 62106.069537
0.601335 16959.923980 10452.970830 26912.021648 6335.949303 43951.212537 3458.835479 64847.867698
0.623994 17497.567958 10752.056904 27781.903497 6630.321602 45613.421062 3650.049035 67662.569405
0.647508 18125.245401 11265.953817 28935.377964 6957.333195 46999.561484 3850.213600 70549.500505
0.671907 18660.818476 11652.460806 29833.153876 7346.401892 48475.742421 4059.733302 73508.351839
0.697226 19222.113414 12006.568152 30868.445369 7648.164190 50201.720170 4279.060815 76539.264701
0.723499 19848.857908 12280.961118 31996.547720 7923.713319 52240.421931 4508.704645 78861.920971
0.750762 20380.157696 12709.838603 33047.468774 8326.125368 54626.172070 4749.236496 80722.561860
0.779052 20922.733113 13042.284038 34163.581070 8520.015149 56898.088460 5001.298581 82567.642603
0.808408 21443.819093 13317.957110 35302.280151 8769.109777 59097.214657 5265.610759 84398.148810
0.838870 21982.095526 13523.345436 36452.846222 9107.765840 61556.690391 5542.977438 86215.716712
0.870480 22608.778787 13759.051718 37783.050037 9337.935550 63565.927433 5834.294140 88022.593229
0.903282 23195.867587 13922.028146 39168.894403 9515.106989 65198.017807 6140.553746 90706.714597
0.937319 23770.733697 14307.446310 40622.043602 9721.192644 67512.761699 6462.852380 95048.556446
0.972639 24341.741992 14551.979464 42303.059484 10097.910851 69491.143471 6809.498595 99520.271353
1.009290 24947.914405 14704.830621 43718.917223 10314.620523 72465.280339 7277.570171 104124.535329
1.047322 25728.526279 15003.904357 45132.768842 10458.991062 76340.253195 7538.607568 108864.177293
1.086787 26208.230741 15370.685569 46616.854228 10640.602546 79058.644474 7908.595265 113742.105193
1.127740 26631.648720 15631.919326 48430.986825 10823.594835 82204.161450 8070.262086 118761.223347
1.170235 27295.755392 15986.498960 49745.000031 11039.308223 85170.470557 8234.125349 123924.343831
1.214332 27926.754635 16180.844184 51230.472490 11351.295253 87634.341729 8400.554788 129234.094932
1.260090 28431.730048 16542.773644 53059.336691 11465.205360 91821.762008 8569.914899 134692.829721
1.307573 28893.593837 16735.459026 54689.190157 11686.564785 94475.727983 8742.560658 142308.824681
1.356845 29601.715895 16960.734520 56310.727023 11863.131437 99148.130091 8918.833834 147381.639508
1.407973 30213.018641 17249.318899 58468.273654 11986.446114 104988.220537 9099.059915 152643.045665
1.461028 30725.959681 17445.409422 60537.680556 12183.998952 109059.656395 9283.545634 158102.663491
1.516083 31481.151195 17741.654507 62786.512756 12394.964491 114454.913956 9472.577049 164273.836682
1.573212 32058.270039 18043.055971 64415.723138 12611.202912 119276.597162 9666.418159 173878.409257
1.632493 32626.477163 18421.846205 66396.431968 12833.008368 125855.779351 9865.309982 185211.989413
1.694009 33403.179992 18561.665221 69205.973232 13015.977475 130538.410109 10069.470061 197282.553701
1.757842 34195.910501 18866.542658 71727.946085 13294.332847 135407.106216 10279.092331 210136.193963
1.824081 34918.525996 19333.553286 73897.577401 13534.277483 140468.646704 10494.347300 223820.916454
1.892816 35488.653436 19645.868491 76212.086948 13761.484266 146632.603490 10715.382484 238386.602899
1.964141 36248.383295 19804.172707 78208.770386 13860.515877 151953.915663 10942.323052 253524.086948
2.038154 37098.323176 20011.649980 81219.581633 13949.454194 156875.257244 11175.272645 267460.031208
2.114955 37695.598314 20232.122036 84047.096713 14208.625957 162876.257729 11396.803943 278054.802918
2.194651 38385.869594 20519.533196 87775.497310 14473.952525 168892.409831 11585.272781 285395.279544
2.277350 39144.025168 20941.146226 90350.781248 14498.687106 176416.738834 11741.809749 299285.039381
2.363165 39852.372727 21142.612911 95363.924889 14745.730047 185390.697156 11893.733921 313826.271449
2.452213 40384.389905 21366.743501 98064.805784 14844.596683 194480.059482 12022.060409 334235.531643
2.544617 41101.058534 21540.071497 100446.778445 14938.581665 204731.353862 12150.252192 356102.492911
2.640503 41933.470192 21776.658904 103298.409159 15033.720987 210975.975984 12278.392573 379250.809992
2.740003 42839.563813 22145.538766 106556.607042 15204.295104 221170.755705 12406.542544 402601.579064
2.843251 43534.516704 22394.784074 109836.222334 15374.569292 235233.558106 12534.743643 427462.129551
2.950391 44683.549199 22634.817360 112674.481512 15472.406450 244938.135949 12663.020549 453922.668578
3.061567 45683.024851 22938.500594 116033.769589 15794.856550 252237.719160 12791.383454 482077.716922
3.176933 46536.343367 23193.548622 120072.557027 16051.028941 263715.633152 12919.830190 512026.235099
3.296646 47242.348389 23469.838028 122888.375529 16120.717466 278305.510854 13048.348153 543871.744735
3.420870 47961.103479 23834.610762 126237.933532 16270.116626 291729.311008 13176.916014 577722.444203
3.549775 49176.664985 24104.546456 129123.069181 16500.552438 305279.798850 13305.505251 613691.317481
3.683537 49993.350167 24332.417125 133882.137963 16743.748778 324379.060951 13434.081508 651896.235114
3.822340 50647.430924 24476.717865 136206.764557 16957.644448 340882.724848 13562.605789 692460.046145
3.966373 51266.700867 24706.885939 141661.434188 17015.479866 354389.114159 13691.035512 735510.659823
4.115834 51984.390638 24990.669947 145564.157433 17032.957957 371163.104575 13802.957020 781181.115876
4.270926 52711.800891 25273.499438 151535.217927 17109.823673 390271.200918 13864.684313 829609.642115
4.431863 53516.641005 25607.258630 155102.949668 17184.299226 403878.341513 13925.240144 880939.698094
4.598864 54562.139051 25878.682404 160791.715075 17368.274381 432936.875273 13984.637203 935320.003562
4.772158 55377.916072 26034.408210 163845.452950 17513.553601 452767.517537 14042.885625 992904.550440
4.951983 55992.803780 26317.958847 167922.290840 17656.950080 463754.477205 14099.993650 1053852.597060
5.138583 56836.250443 26533.546813 173219.884351 17744.650720 475439.970986 14155.968174 1118328.643420
5.332215 57635.116090 26792.606250 178580.619454 17822.472091 491820.049107 14210.815202 1186502.386264
5.533143 58392.019243 26970.461400 182340.735172 17879.721410 514375.002578 14264.540238 1258548.652824
5.741642 59109.393365 27128.717820 187147.775285 18014.265663 543678.470882 14317.148589 1334647.312134
5.957999 59789.503009 27548.067076 192122.080423 18145.675408 572837.134372 14368.645624 1414983.162907
6.182508 60297.126988 27723.154598 195475.376575 18169.145794 592293.831326 14419.036970 1499745.797040
6.415476 60970.073631 28095.134115 201898.483038 18215.726750 626736.713671 14468.328671 1589129.437955
6.657224 61454.464317 28441.231647 205430.896228 18285.862520 659511.298337 14516.527310 1683332.753073
6.908081 62090.836527 28781.488413 208364.895261 18353.789298 688154.239567 14563.640093 1782558.639877
7.168391 62700.231943 29030.098128 209393.072972 18419.569547 708584.812518 14609.674910 1887013.985171
7.438510 63387.250728 29362.558745 214136.146612 18529.852362 719409.496976 14654.640373 1996909.397317
7.718807 64099.384011 29560.427820 219589.946540 18644.529529 734528.863830 14698.545837 2112458.911396
8.009667 64790.100372 29752.341495 224727.116859 18754.106296 766428.237383 14707.982976 2233879.667459
8.311487 65542.469423 29869.174044 229642.637584 18858.818477 792406.414060 14710.964551 2361391.562213
8.624680 66189.276403 29954.151171 233760.489584 19003.176918 806559.846180 14713.879946 2495216.874725
8.949674 66949.219273 30106.230239 237296.378013 19085.965704 820363.624919 14716.727192 2637047.010705
9.286915 67772.855861 30204.741429 240362.172733 19145.942470 833827.107530 14719.504593 2803839.146745
9.636864 68071.334995 30430.274510 242176.159029 19233.316047 870537.489285 14722.210728 2980286.643379
10.000000 68858.438259 30663.806631 243654.133568 19316.832239 900032.900447 14724.844459 3166854.002175
