131.999341
131.999454
131.999855
132.000242
131.999020
132.001297
131.999086
132.000631
132.000470
132.000359
131.999686
131.998866
131.999937
131.999128
132.000027
131.999771
132.000529
131.998835
132.000378
132.000664
131.999686
132.000122
132.000690
131.998779
132.000013
131.999627
131.999861
131.999753
131.998828
131.998870
132.001056
131.999253
131.999575
131.998899
131.999163
132.000351
132.000925
131.999832
132.001111
131.998783
132.000019
131.999707
131.999232
131.999690
131.999848
131.998804
132.000530
131.999302
132.000162
131.999895
131.999144
131.999478
131.999805
132.000497
131.999314
132.000443
132.000920
131.998939
131.998720
132.000718
131.999669
132.001301
131.999140
131.999127
131.998889
131.999209
131.999172
131.999123
132.001183
132.000029
131.999806
131.999710
132.000507
132.000824
131.999682
131.999124
131.999715
131.999924
131.998796
131.999475
132.001015
131.999337
131.999019
131.999365
132.000186
132.001271
132.001282
132.000869
132.001093
131.998975
131.999988
131.999764
132.001288
132.000938
132.000313
131.999506
132.000936
131.999462
131.999306
131.999913
131.999540
131.998936
132.000012
132.000158
132.000591
132.000611
132.000070
132.000007
132.000470
131.999304
132.000596
132.000025
131.999760
131.998730
132.000218
131.998896
131.999335
131.999441
131.998802
132.000506
132.001230
132.000223
131.999145
131.999719
131.999982
131.998828
132.000242
131.998972
132.000444
131.999454
132.000486
131.999757
131.999535
132.000942
131.998995
132.000945
132.000875
131.999026
131.998719
131.999095
132.001057
132.000030
132.000184
131.999220
132.000526
132.001312
131.998817
132.000453
132.000564
131.999354
131.999005
132.001286
132.000374
131.999023
131.998948
132.000574
131.999803
131.999190
132.000001
132.001063
132.000422
132.000094
132.001014
132.000711
132.000030
131.999284
131.999148
131.998707
131.999013
132.000700
131.999401
132.000485
132.000358
132.000517
131.999429
132.000780
132.000691
131.999270
131.999684
132.000321
132.000219
132.000753
132.000468
132.000324
131.999548
131.999037
131.999893
131.999784
132.000895
131.998888
132.000866
132.000150
131.998969
131.999100
132.001105
131.998996
131.999246
132.000374
132.000461
132.000087
131.999948
132.000616
132.000177
132.000498
132.000904
132.001085
131.999041
131.999011
132.000222
132.000852
131.999019
132.000207
131.999891
131.999885
131.998916
132.000336
131.999716
132.000068
131.999089
131.999632
132.001239
131.999605
131.999734
131.999968
131.998715
131.999098
132.000779
131.999200
131.998867
131.999644
132.001125
131.999392
132.001063
131.998918
131.998993
132.001247
132.000341
131.999986
131.999916
132.000077
131.999855
131.999956
131.999931
132.000184
131.998861
131.999473
131.999915
131.999339
131.998812
132.001192
132.001124
131.999872
131.999451
131.999925
132.000156
131.999070
132.000991
132.001114
131.999127
132.000176
131.999055
131.999196
132.000329
132.001171
131.998860
131.998879
131.999813
132.001198
132.000195
132.000499
132.000180
132.000996
131.999499
131.999159
131.999048
132.000083
132.001085
132.001023
132.000809
131.999026
131.998787
131.999107
132.000879
131.999966
132.001302
131.998707
131.999558
132.000246
132.000061
132.000829
131.998997
131.998722
132.000270
131.999681
132.001033
131.999641
131.999288
131.998848
131.999929
132.000521
131.999933
131.999731
131.999163
132.000775
131.999205
131.998943
131.998702
131.999023
132.000793
131.999006
131.999396
132.000988
131.998800
131.999476
132.000952
131.999433
131.999478
131.999364
132.001070
132.000564
131.999695
132.001061
132.001278
132.000650
131.999775
131.999560
132.000988
132.001183
131.999637
131.998968
132.000710
131.998811
132.000556
131.998765
131.999090
131.998811
131.999387
131.999175
131.999599
132.000860
131.999268
132.000164
132.001182
131.999555
132.001273
131.998783
131.998844
131.999820
131.999111
131.999676
131.998722
132.000037
131.999561
131.999596
131.999532
131.999398
131.999525
131.999127
131.999678
131.999634
131.998781
132.000980
131.999489
132.000900
131.999519
132.001144
131.999671
131.999072
131.998687
131.999465
131.999856
131.999175
131.999084
132.000263
131.999077
131.999082
131.998728
132.000707
132.000227
131.999837
131.999796
131.999920
132.000934
131.999421
132.001130
132.000673
131.998724
131.998690
131.999497
132.000906
132.001200
132.000191
131.999351
131.999916
131.998986
132.000012
131.998831
132.000242
132.001311
132.000000
131.998806
132.000424
132.000619
131.999562
132.000959
132.000544
131.999604
131.999441
131.999849
132.000152
131.999798
131.998917
131.998759
132.001068
131.999021
132.000235
131.998886
132.000885
131.999833
132.000046
132.000227
132.001026
131.998824
131.999838
131.999631
131.999120
131.999253
131.999286
131.999742
131.999197
131.999388
131.998978
131.999042
131.999612
131.999128
131.999098
131.998707
131.999283
131.998751
131.999377
131.999855
131.999343
132.001289
131.998911
132.000558
132.000305
132.001141
131.999509
132.000514
132.001272
131.999651
132.000623
132.001308
131.999591
132.000670
131.998853
131.999359
131.999859
131.998882
132.000029
131.999117
132.001082
131.998960
132.000797
131.999031
132.000176
131.999856
132.000164
131.999783
131.999536
131.998988
132.000457
132.000650
131.999396
131.999154
131.998875
131.999960
132.001152
131.999583
132.001143
132.000911
131.998838
131.998866
132.001257
132.000072
132.001174
131.999229
132.001127
131.999676
132.000899
132.000287
131.998688
132.000148
131.999130
132.000599
131.998939
132.000168
132.001139
131.998927
132.000358
132.000339
132.001207
131.999959
131.999455
132.000203
131.999443
132.000607
131.999141
132.000292
132.000572
131.999129
131.999826
132.000300
132.000389
131.999016
131.999536
131.999982
131.999497
131.998804
131.999553
132.001271
132.000380
131.999187
131.999976
131.999096
131.999727
131.999370
132.001013
132.001136
131.998722
131.999566
132.000492
131.999079
132.000504
132.000978
132.001236
132.000924
131.999479
131.999910
131.998721
132.001061
132.000524
131.999436
131.999487
132.000065
131.998984
131.998895
132.001210
132.000572
131.999342
131.998899
132.001157
131.999026
131.999576
132.000081
131.998854
131.998917
132.000415
132.000563
131.999635
131.999072
132.000703
131.999459
131.999093
131.999334
132.001015
131.999740
131.999387
131.999577
132.000716
132.000050
132.001310
131.999377
131.999521
131.999569
131.999317
131.998714
131.999324
132.000655
131.999058
131.999026
131.999310
131.999937
131.999407
131.998898
132.001259
131.999279
132.001145
132.000987
132.000797
131.999949
132.000302
132.001003
132.001281
132.000997
132.001159
131.999114
132.001007
131.998816
132.000958
132.000311
132.001156
131.999521
131.999723
131.999664
132.001319
131.998968
132.000001
132.000155
131.999641
131.999123
131.999366
131.998774
131.999776
131.999140
131.999954
132.001280
132.001109
132.001098
132.000716
132.000511
132.000622
132.000368
132.000275
131.998958
131.999652
132.000153
132.000212
131.999931
132.000760
131.999205
131.999526
131.999977
131.998983
132.000448
131.999925
131.998951
132.000880
132.000321
132.001245
132.000094
132.000254
131.999044
132.000825
131.999709
132.000321
132.001278
131.999270
131.999564
132.000740
131.999193
132.000689
131.998881
131.999951
131.999068
132.001076
131.999165
131.998760
131.999343
132.000904
132.000488
131.998787
131.999499
131.998709
132.000632
132.001019
132.000571
131.999043
132.000826
131.999325
131.999251
131.998756
131.999193
131.998805
131.998722
132.000424
132.000228
131.999149
132.000866
132.001023
131.998722
131.999822
131.999178
132.000607
131.999455
131.999501
131.999201
131.999871
132.000575
131.999661
132.000240
132.000540
132.000147
132.000469
131.998884
131.999718
132.000484
131.999694
131.999178
131.999181
131.999380
132.000190
132.000778
132.000886
131.998977
132.000056
131.998950
132.001214
131.999201
131.999096
131.999412
131.999041
132.000448
131.999348
131.998962
131.999057
132.000671
132.001097
131.999790
131.999507
131.999286
132.000595
132.000591
131.998976
132.001255
132.000724
131.998828
131.999250
131.999651
132.000796
131.999408
131.999960
132.000020
131.999530
131.998890
132.000576
131.999515
131.998884
131.999033
132.001094
132.000373
131.999267
132.000555
132.000190
131.999757
131.999992
132.000092
131.999170
132.000002
132.000558
131.999869
132.000435
132.000750
132.001252
131.999263
131.999566
131.998873
132.000686
131.998821
132.000075
131.999370
132.000958
132.000935
131.999406
132.000917
131.998783
131.999948
131.999705
131.998969
131.999794
131.999910
132.001233
132.000154
131.999597
132.000704
131.998806
132.001309
132.000232
131.998983
131.999858
132.000524
131.998744
131.999924
131.998813
132.000061
131.999428
132.000506
132.000168
131.999875
131.999851
132.000415
131.999961
132.000057
132.001313
132.000276
131.999686
131.998691
131.998900
131.999036
131.998808
131.999989
131.999567
132.000766
132.000290
131.999385
132.000274
131.999023
131.999904
132.000361
132.001274
132.000482
132.000700
132.001206
131.999230
132.001212
132.001000
131.999096
131.999464
132.000924
132.000720
131.999703
132.001128
131.998889
132.000153
132.000512
131.999965
131.999297
132.001278
131.999199
131.999830
131.999106
131.998772
131.999363
131.999540
132.000227
132.000329
132.001193
132.001030
132.001190
132.000277
132.000099
132.000973
131.998880
131.999680
132.000928
132.000768
132.000745
131.998823
131.999474
131.999209
132.000349
132.000153
131.999735
132.001317
132.000061
131.998884
132.000931
131.998950
132.000669
131.998703
132.001070
132.000206
131.998779
132.000252
131.999593
131.999497
131.999347
132.001015
131.999826
131.999959
132.001283
131.999345
132.000513
131.999225
131.999325
131.999056
131.998812
132.000079
132.000591
132.000227
132.000840
132.000003
132.000674
131.999788
131.999573
132.000626
131.999206
132.000496
132.000490
131.998709
132.000822
132.000103
132.001222
131.999199
132.000863
132.000167
132.000713
131.999941
132.000258
132.001094
132.000965
131.999368
131.998873
131.999173
132.000285
131.999099
131.998846
132.000992
131.999204
131.999373
131.998932
132.000126
132.001069
132.001102
132.000367
131.999576
131.999699
131.999814
131.999538
131.999949
132.000346
131.999667
132.000766
132.001224
131.998791
132.001070
132.000573
131.999584
131.998991
132.000320
132.000894
131.999731
131.999641
132.000913
132.000424
131.999262
132.000237
131.999973
132.001153
131.999452
131.999949
132.000048
132.000276
132.001104
131.998954
132.000601
131.999437
131.999061
132.000691
131.999241
131.999226
131.999513
131.999998
132.000828
131.998859
131.999318
131.999572
131.998921
132.000530
131.998937
132.000094
131.999309
131.999207
131.999394
131.998687
131.999110
132.000409
131.999527
132.000252
131.999808
131.998848
131.999251
131.999478
131.999738
132.000391
131.999494
132.000258
131.998788
131.998811
132.000990
131.999233
132.000654
131.999928
131.999606
132.000878
131.999296
131.999967
132.000359
131.998911
132.000791
131.999277
132.000834
131.999435
132.000672
131.999746
132.000016
131.998859
132.000766
132.000391
131.999537
