32333270.687948 37.705091 0.215279 0.046802 2.791789 3.880390 8.009528
75318980.812773 19.530975 0.734300 0.062983 13.436129 3.434319 8.696580
420464488.982838 7.442295 0.243176 0.530964 10.448281 3.194322 12.248502
10882250051.330956 4.410129 0.115684 0.187266 4.376960 4.662540 33.393957
224989737.478470 16.949227 0.438681 1.666139 5.906756 3.389197 12.043922
49189802.287405 38.179008 0.519110 0.022251 1.500239 4.922371 9.249176
103142969.913284 20.462723 0.430790 0.016591 14.954039 3.211393 9.785701
39706159.774760 11.324644 0.616400 0.055185 4.234921 3.856187 6.099535
587887914.176957 13.448994 0.514294 0.470742 2.853937 3.078860 15.616847
1273638114.238095 13.878438 0.009726 1.251868 8.381239 3.890874 20.368369
814529411.915830 6.202719 0.489186 0.651332 5.089999 4.003064 14.780609
62742380.946482 19.527024 0.442132 0.075465 2.408700 4.045888 8.182310
192854235.188931 27.084733 0.494898 2.550979 10.668133 4.471588 13.093600
49702535.949189 33.003860 0.976688 0.349552 1.118846 3.684008 8.858815
65258926.471342 27.204694 0.261966 2.730080 1.744918 3.203065 9.136491
256334082.015666 18.634135 0.434305 5.771544 1.211713 3.107988 12.910370
39621032.764887 36.930493 0.446798 0.099043 9.723240 3.300731 8.513828
268363900.643317 13.910692 0.209134 0.400083 5.528380 4.775045 12.127508
45102547.080034 18.691356 0.222377 0.132301 1.388748 4.673540 7.240589
55143133.870319 17.757520 0.479559 0.232698 2.172140 3.064453 7.633477
7601030780.445693 6.424313 0.256667 0.023774 3.176900 4.454460 31.303545
173513314.949745 24.534801 0.531567 0.232336 2.637759 4.114630 12.270099
97088863.689458 21.315234 0.199586 5.046500 1.665051 4.322991 9.703122
72520723.405031 42.782185 0.715071 1.570505 12.088242 4.487588 10.925729
74599446.886747 36.433711 0.771317 1.148640 1.803315 3.737116 10.467349
314660345.812479 7.949236 0.048334 0.042667 1.215405 3.830177 11.263078
264914909.275490 19.479589 0.742831 0.440654 8.107266 4.397758 13.215812
110284226.001375 24.917455 0.328856 0.017449 6.742930 3.715484 10.598499
193231312.026112 25.486384 0.242013 7.298241 1.012623 4.460695 12.863709
82096076.402625 12.427877 0.610995 0.031623 17.374895 4.649496 7.945428
123721995.545266 15.868123 0.111657 0.194986 9.778430 4.367923 9.694537
263647236.066007 18.307749 0.212859 0.953971 4.254352 4.801142 12.968302
60723784.428418 16.765754 0.628290 0.021600 4.960332 3.499896 7.760501
76014607.672190 38.673051 0.620709 0.010830 4.293685 4.487562 10.737915
473946848.419629 13.323346 0.848285 0.745357 4.499730 4.589470 14.500518
43409043.403370 35.844864 0.551514 0.074144 11.159880 3.562106 8.693239
39270811.249529 27.908110 0.322417 0.014542 5.412744 3.765474 7.773860
26510827937.997696 6.507383 0.520785 6.277429 2.214704 3.766009 47.577862
388514342.567985 18.551093 0.328384 1.030935 12.374171 3.019217 14.811537
48924656.525592 37.609647 0.117647 1.874743 6.102139 4.852021 9.187783
698584035.302646 10.139645 0.236612 0.040600 17.426030 3.657052 15.466865
63113103.863147 42.863734 0.417478 0.017678 2.143582 4.911093 10.437797
105435332.347500 38.377628 0.804760 0.755806 3.599025 4.321352 11.945471
44968269.995034 12.775741 0.803854 0.108814 2.731492 4.588476 6.545110
202037269.465563 35.500450 0.684892 2.104539 1.538190 3.619553 14.469604
75533848.169894 16.915140 0.326435 0.078325 7.220770 4.994551 8.366126
152556410.628153 34.225085 0.400096 0.961662 1.624080 3.440806 13.023399
152875375.654724 16.391416 0.285499 0.108453 14.199316 4.935230 10.493331
4132207816.357789 8.782882 0.626193 2.613085 2.193414 4.741517 27.116189
1890344253.586757 10.466219 0.084797 0.317782 3.895384 3.463475 21.707719
100205492.989634 44.299358 0.737233 0.535658 3.161772 4.080586 12.310112
130319212.647699 18.731749 0.339881 0.092959 1.354289 3.349048 10.318990
83652800.293839 43.323166 0.979372 0.060293 13.265981 4.398849 11.505983
61598942.743640 9.683660 0.504754 0.112729 5.482584 4.460506 6.814401
239436761.834355 18.595517 0.305561 3.813376 17.789783 4.419094 12.612945
1455700243.953375 21.308294 0.605039 5.345649 5.477140 4.044818 23.924249
1381308440.212994 19.278968 0.497522 5.092789 9.362278 3.403543 22.850324
3453366855.651466 24.231132 0.894525 3.075343 1.754178 4.937350 33.129226
63261911.294095 9.184206 0.360414 0.031015 3.535206 3.539351 6.796887
1257647611.304148 8.507981 0.721066 0.066030 18.237283 3.773342 18.120276
176492394.231500 7.781888 0.900812 0.087509 5.258572 4.865541 9.249962
108583271.865987 20.939821 0.107762 0.019043 2.529407 4.783286 10.020584
50829987.323473 38.745490 0.954290 0.165329 14.868238 3.854243 9.395602
10260692158.221312 4.517167 0.281030 0.553592 3.805599 3.255045 32.841023
85468982.041280 29.365957 0.716300 0.018981 4.411645 4.737233 10.233205
40121751.580179 19.371304 0.080884 2.421643 11.334937 3.210442 7.033496
64535574.140297 28.262970 0.987105 0.033159 5.218044 4.964790 9.209293
157241749.387912 20.412761 0.890954 0.012147 10.144509 3.954283 11.254658
31861443.807819 38.605120 0.461470 0.133296 12.045516 4.424320 8.031471
2517973324.019793 30.455870 0.748776 5.103780 1.411811 3.010805 31.964256
56588661.262624 25.483313 0.577794 0.285347 4.553608 3.953182 8.542162
31772967.780384 40.403257 0.313052 0.014550 1.879652 4.680013 8.143826
297257188.676165 12.521552 0.356557 2.725095 4.473203 4.796052 12.223162
66182687.659819 45.924826 0.790390 0.055448 15.858346 3.936539 10.849571
92762334.274609 26.276798 0.705950 0.099107 8.945079 4.864369 10.165361
746954898.736372 7.163192 0.353667 0.179247 2.199356 4.647693 14.728632
32238665.297702 34.730895 0.755749 0.088413 4.534285 4.571411 7.793522
84058336.636766 39.515296 0.725970 0.026917 11.359144 3.947808 11.182064
1256239539.595822 7.980362 0.261710 3.901876 5.376197 4.251017 17.881440
122912478.480428 46.566854 0.695874 5.087166 5.283096 3.605261 13.398010
63648291.014289 35.391822 0.784654 0.046599 16.275628 3.335069 9.835948
49611619.997247 28.064028 0.117250 2.073126 4.860951 4.728401 8.418112
183988558.852528 16.784106 0.706081 0.029370 3.349405 4.180280 11.232986
233358447627.978088 1.044889 0.833952 0.013350 10.451149 4.586715 93.341418
718474275.745247 13.149190 0.917233 4.735685 5.252561 4.333674 16.602921
297016927.948187 17.307579 0.647245 0.360587 7.209313 4.610980 13.287405
390918445.106790 3.687614 0.165101 0.020206 14.133067 4.681661 10.811822
106142221.547582 17.046523 0.522847 0.025417 2.687010 3.058756 9.390375
416118841.642679 14.996637 0.006520 3.701299 14.617562 4.679832 14.310946
1178919866.865941 27.966931 0.765324 4.073744 2.866473 4.162865 24.176187
230905460.223640 14.050110 0.330085 0.012587 11.367588 4.013200 11.564059
504506593.979575 7.022546 0.149926 0.051579 1.017990 4.829675 12.875693
336255896.249915 14.577555 0.282697 0.010231 11.036131 3.230621 13.232058
409300793.679655 13.127438 0.749089 0.814523 7.673855 4.389555 13.757810
153190744.199690 10.170859 0.532989 0.018450 2.959716 4.566202 9.333388
1906502669.010784 6.865083 0.143713 1.054932 12.105720 4.389109 19.972995
53856874.868101 43.276809 0.774808 1.573663 11.009217 3.765793 9.931703
202250154.347527 22.457321 0.140307 0.021207 2.081423 4.733942 12.581064
106774797.243332 48.310882 0.467544 0.254501 10.558438 4.623744 12.942217
232798405.696695 37.810211 0.239987 2.657164 1.899198 3.356753 15.480123
39549637.286392 45.411112 0.920846 0.062751 1.997573 4.352876 9.104424
39081130.198048 16.643931 0.891323 0.101472 1.391946 3.274572 6.687122
1185125564.583872 3.980918 0.586631 0.032230 4.357373 3.837585 15.765724
152439747.337950 17.703059 0.322924 0.044534 3.162188 4.039431 10.704318
30693674726.818226 1.927329 0.458434 0.035522 12.936438 4.951103 45.203879
75699177.495365 44.896533 0.276919 1.009639 11.314589 3.034872 11.261357
340126797.428223 19.288736 0.912730 0.090094 1.933146 3.058480 14.324214
43703034.305461 34.217833 0.683798 0.158168 10.028561 4.898119 8.584641
32848035.350370 22.628407 0.636113 0.095912 4.500925 4.269995 6.879430
1506909627.229879 10.262724 0.075318 0.010509 19.816264 4.300520 20.038636
138257690.217613 25.112531 0.805388 0.039824 2.547100 4.569452 11.454641
4776288825.744029 4.617973 0.404702 0.010639 4.344426 3.027121 25.522084
387381413.333873 35.537718 0.356865 1.608512 1.155064 3.657753 17.982006
525907981.196114 11.270804 0.016327 0.804984 1.421587 3.683602 14.415452
2006305886.592348 6.825085 0.310421 0.206283 5.983504 3.053264 20.294319
344226940.408357 15.189609 0.479189 0.234049 1.239793 3.948907 13.479084
939117056.952279 17.232057 0.616148 1.239913 1.275211 4.078967 19.479134
68965889674.078247 1.172461 0.957819 0.326823 7.911405 4.492506 61.266192
91008099.261404 46.068839 0.364267 2.012116 2.483685 4.375336 12.077513
190859803.472558 18.390559 0.524846 0.535272 1.068586 3.974359 11.658857
1330886159.874588 4.776415 0.099633 9.850299 3.064226 4.530566 16.742443
213693922.700517 16.796922 0.555666 0.048796 1.852670 4.528434 11.810052
96941835.125985 44.414907 0.740283 0.539822 3.196740 4.071106 12.185504
45482465.614580 14.393549 0.231474 0.050814 6.033130 4.790335 6.770145
262788305.400794 14.336078 0.944503 0.065470 5.422131 3.660440 12.135912
163107405.014448 5.925984 0.987402 0.013956 2.442770 4.858455 8.582846
31894709.333072 43.278476 0.128640 0.011364 1.425161 4.003059 8.340430
1564006672.242570 24.738866 0.246289 9.449289 1.594702 4.980064 25.598885
79966600.415750 23.381090 0.598242 0.015081 3.349629 4.183787 9.343677
79125100.236776 17.175792 0.783232 0.018128 6.958864 4.055830 8.531954
586908149.599910 12.149948 0.709240 0.823909 15.609072 4.426997 15.222365
3702558733.566673 2.158291 0.154434 3.357407 9.082533 4.466040 22.307991
182067220.697245 13.295884 0.945825 0.025331 1.343487 4.245762 10.535620
66121533.620980 17.422500 0.480821 0.018235 2.113990 4.964194 8.067592
60694335.078452 16.200097 0.705600 0.107313 1.432513 4.270450 7.688119
6339124965.374145 2.479871 0.577828 0.089111 15.156683 4.836071 26.732769
177462418.880039 28.642779 0.216297 0.143980 13.982155 3.396762 12.955117
116758072.381862 10.114039 0.938921 0.261432 3.837036 4.292375 8.514896
108163061.988415 43.460676 0.687130 0.047430 3.586673 4.348153 12.548096
148576427.924934 42.895240 0.917474 0.080481 4.979407 3.081564 13.888570
80591010.001147 13.094707 0.149122 0.149058 15.036542 3.387721 7.998852
252052415.780229 46.920508 0.816202 2.945426 2.567673 3.039099 17.064857
105451804.578093 22.771266 0.545106 0.028590 2.763341 4.031824 10.167154
65022338.350639 32.204352 0.937639 0.073773 13.796589 3.514229 9.614250
110312987.266181 42.137329 0.277069 8.859995 11.836836 3.606041 12.502599
897383775.962869 9.736570 0.576169 2.049955 6.035532 4.390763 16.662819
56212667.217546 41.250687 0.131360 0.443957 7.684530 4.750931 9.916778
45569851.839863 34.610704 0.913693 0.015621 17.988809 4.512801 8.736842
189041769.911407 9.688843 0.420843 0.132183 7.335275 4.884177 9.903912
4704275376.781963 5.230240 0.808086 0.521893 1.809884 3.259930 25.824306
34576217.163071 27.793841 0.221339 0.010151 4.482996 4.281994 7.441515
35358551.440384 29.595183 0.401971 0.123386 16.456349 3.932558 7.643355
39663017.831577 34.902363 0.884054 0.059320 6.158203 4.915451 8.364084
72389864.076366 28.671726 0.209842 0.320477 1.205099 3.176473 9.610957
41268496505.264732 5.454842 0.663776 5.789142 1.100241 4.484508 53.590438
174036807.104440 11.356245 0.384407 0.136509 1.200371 3.442933 9.988701
34728144.153061 43.879540 0.701633 0.043844 5.621152 4.361651 8.619645
37208647.305356 36.951927 0.606594 0.067241 6.076504 3.248233 8.338963
1049911020.869723 6.284365 0.064612 0.914455 7.700137 3.867447 16.121067
66482519.752645 15.278639 0.133460 2.914778 16.616686 4.240526 7.803315
88802531.777580 24.151040 0.655714 0.245051 7.179686 3.725619 9.768903
62853831.927298 45.776361 0.709886 0.192364 16.901788 4.670044 10.653034
112978140278.312424 1.036230 0.624319 0.128059 3.045593 3.749392 73.378558
67513307.627945 10.555595 0.617635 0.060147 1.057190 3.267473 7.162599
343479903.390246 11.857157 0.779712 0.035240 17.039021 3.704286 12.658365
37497847560.188721 1.813977 0.845182 1.248763 16.002643 4.987222 48.403248
49269392.476309 27.656460 0.676330 0.382476 10.849747 3.084392 8.361245
107130146.516120 15.844585 0.799791 0.021448 1.574299 4.247446 9.236577
464584068.216139 3.128754 0.185686 0.011417 1.602355 3.621771 11.305253
52752735.706175 32.246583 0.223735 0.025509 1.288396 4.010031 8.970606
6446774182.442871 2.422280 0.900639 0.026295 1.493153 3.276119 26.868902
62819470.812210 36.936093 0.654549 0.037544 9.309515 3.828158 9.928163
104044300.117293 31.143586 0.930106 0.051300 10.433983 4.373524 11.127809
56481952.917481 49.174265 0.852624 0.095850 8.761459 3.052505 10.529480
33822710.586380 25.865935 0.601066 0.061211 2.572392 3.395442 7.227787
112125871.255567 22.501560 0.060359 0.548135 3.259384 4.195707 10.341230
184480866.886026 45.629770 0.846170 0.932006 3.033638 4.754349 15.236416
37864132.465704 34.947550 0.872908 0.193641 3.276577 3.919945 8.239073
191071869.756976 10.259740 0.937829 0.051176 3.787169 4.519560 10.066448
88955654.549992 27.839319 0.280419 0.010266 4.164232 4.061835 10.201805
7897743811.732638 5.881292 0.194806 4.383341 10.519261 3.448400 31.244976
151388573.429476 28.197575 0.820870 0.051135 12.611403 3.049518 12.227827
47203490.212960 38.926024 0.079131 2.140519 14.443856 3.339650 9.180466
49707033.807389 26.141109 0.295098 0.018455 2.061062 3.450436 8.243780
264913133.600952 31.240714 0.685048 7.563206 1.217572 3.836455 15.209931
894556046.518353 13.574815 0.085618 1.493039 11.769218 3.406908 18.004506
95925345.629142 25.483884 0.413302 0.521120 1.539981 3.176750 10.185258
10380830734.894835 2.346476 0.232589 1.592759 2.424422 4.678848 31.475171
81317005.608718 21.838894 0.857241 0.045349 2.542889 3.757103 9.210680
134020180.156584 9.655108 0.952985 0.350305 5.248067 4.314131 8.824279
373746830.572946 25.063496 0.904281 0.851969 1.819685 3.081999 15.947421
88707462.739996 45.112564 0.319513 0.467643 9.647004 4.062767 11.891578
53627223.526459 26.123240 0.332583 0.017270 4.005974 4.604748 8.453294
315581672039.077942 2.005104 0.858072 0.024520 1.842097 3.400691 98.225926
52589487.473708 26.144432 0.755011 0.256803 14.014759 4.575283 8.400466
181600697.502422 33.955421 0.962210 0.250025 5.491959 4.927143 13.767734
119249418.154251 41.816332 0.722902 2.322756 1.502747 4.303617 12.799274
31906795.941822 40.026978 0.707581 0.068506 2.104496 4.310483 8.130371
80223885.934365 10.474295 0.485407 0.213096 4.812649 4.406686 7.573173
82863548.240427 37.747757 0.257731 0.156534 17.409082 4.019954 10.964872
22289807724.805969 1.414813 0.119129 1.124398 6.183128 3.923715 41.273650
2904824502.030256 6.039821 0.076990 4.177974 2.619878 3.704179 22.482983
149940177.569803 23.068797 0.465837 2.633362 1.795301 3.730178 11.476390
49633963.089464 35.107518 0.587247 0.013150 2.577258 4.211876 9.030146
65241392.431751 24.286763 0.912545 0.012223 2.633833 3.907934 8.829450
77646636.040137 38.815799 0.885740 0.051059 17.261790 3.321878 10.827156
2211512515.109956 6.405947 0.060798 2.331445 2.198352 3.132639 20.732558
363500188.432730 10.687878 0.724826 0.061882 6.232062 3.819461 12.589608
23280337904.531372 2.264062 0.072091 0.163934 3.901647 4.886732 41.181905
45203351.274967 43.378232 0.394883 0.919555 11.887458 4.795945 9.375677
68377782.740533 17.002265 0.313567 0.039264 5.778490 3.804648 8.104371
231012669.211203 23.274684 0.499288 1.828033 2.234300 3.254715 13.289571
363902954.427724 6.802276 0.163440 1.259640 2.184891 4.224835 11.480936
195474696.410445 7.703829 0.176083 1.107443 6.968227 4.814795 9.551633
103446158.591530 9.564670 0.110645 0.436860 3.017489 4.705526 8.077962
50348658.889647 16.673045 0.759021 0.195654 13.228255 3.169117 7.279761
317502646.194327 46.649563 0.384260 5.668758 12.871201 4.720455 18.394220
40798672.033315 30.914696 0.248086 0.371263 12.204462 4.165324 8.126164
794919215.411638 2.441708 0.608756 0.047725 3.783022 4.679592 13.375727
73106905.332426 22.586321 0.237263 0.675616 17.205616 3.974303 8.977032
179744052.904899 23.502439 0.939164 0.177215 3.777667 4.531148 12.258247
101340483.328604 12.829384 0.775020 0.368019 3.406633 4.236827 8.589962
2677512637.673916 6.040028 0.489835 0.010525 1.176430 3.626452 21.880651
461370876.645020 12.268491 0.293344 0.048828 16.275274 3.670787 14.081963
5175076435.081026 7.414907 0.904623 1.583293 1.308141 3.252139 28.260225
46807375.812479 15.072364 0.353875 0.032504 19.418929 4.371910 6.917317
69450638.090458 18.041558 0.283361 0.047794 8.207762 4.835374 8.279643
1479729487.029932 11.606946 0.726554 0.061444 4.917054 4.300079 20.492587
52648950.248417 21.978310 0.105474 0.435679 3.936749 4.629138 7.982923
101987023.166678 37.131246 0.975017 0.192650 11.130170 4.552819 11.688433
269544405.454337 21.280898 0.324042 0.064023 1.270375 4.584807 13.631082
55325564.093180 39.486324 0.796054 0.491012 1.753270 3.212212 9.724486
471799663.582988 12.629302 0.980150 0.182756 10.051674 4.998057 14.287952
615384303.556691 10.224401 0.359704 0.037817 3.060428 3.208343 14.854422
370906643.919676 17.932824 0.111885 6.961251 10.239683 4.332846 14.448357
56342992.116999 34.383219 0.157097 0.040490 1.197957 4.922082 9.357588
176178199.366645 19.308445 0.630264 0.278223 8.293310 3.560356 11.507095
303641809.462497 13.736546 0.924258 0.969365 3.612982 3.657325 12.596910
137337026.188579 21.237544 0.505053 0.777596 4.079544 4.820745 10.880813
344657642.228726 16.232580 0.208896 0.067789 9.874335 4.912416 13.723524
2898153063.805043 4.333592 0.900291 0.012010 18.971048 3.644193 21.440602
190400859.205243 28.551011 0.433669 0.381712 5.411676 4.871670 13.249536
57627130998.879509 1.083955 0.016813 1.183257 8.629680 3.029146 58.270993
278623497.062016 7.222854 0.302123 0.159724 10.672585 4.030667 10.618708
101157525.689218 12.662341 0.997947 0.071289 3.255450 4.002378 8.557140
51072208.322553 30.502060 0.217010 0.018064 4.145316 4.485877 8.721286
102518175.556138 38.163607 0.781267 0.016544 2.148026 4.285420 11.812857
1027100361.773689 7.725726 0.001064 4.316848 2.348070 3.044835 16.614630
38916792.418299 47.778475 0.492780 0.033971 9.523395 4.721182 9.210527
641247452.400557 7.214498 0.558129 0.010215 2.933146 3.820319 14.016756
41618841.201612 39.591809 0.400184 0.084826 1.138000 4.932054 8.851807
36497010.893552 38.921330 0.387300 0.174978 9.130346 4.497842 8.425754
53436907.786881 30.750150 0.901326 0.532602 1.518180 3.109075 8.876221
61941983.116122 25.655450 0.092325 4.121724 2.245607 4.832804 8.821261
62078763.450434 33.157951 0.660505 0.152976 3.013055 3.056801 9.554384
86844569.993271 19.213337 0.733301 0.056196 14.367176 4.797468 9.077393
360768385.293285 18.337606 0.933404 2.063672 11.038870 4.809523 14.403918
80223915.274261 9.899735 0.374919 0.033885 2.643965 3.536802 7.477942
38465413.852541 26.145283 0.152933 8.703581 2.317379 3.650911 7.568878
192805949.028834 16.186754 0.559937 0.262417 18.655961 4.155997 11.299226
94738158.028141 31.098909 0.260466 0.153398 2.725397 4.296895 10.780788
191482291.670975 17.409829 0.163065 1.552047 8.750898 4.000418 11.497047
1341705545.786205 10.939561 0.731707 0.019008 3.835901 4.113955 19.561040
161163591.252840 49.615153 0.833392 0.568454 1.522638 3.787946 14.979506
40226045.239081 41.953335 0.127954 0.226534 1.422166 3.899685 8.919402
35223814.264085 44.727899 0.226945 0.083496 10.135437 4.514852 8.715588
175754326.459812 15.485211 0.089609 0.081654 3.651510 4.743851 10.827890
45502285.592313 42.062455 0.914187 0.043075 14.553501 3.386264 9.301404
503519791.755456 17.066763 0.930630 0.337833 7.445403 3.106721 15.783334
145679756.368473 34.150056 0.089428 6.719083 7.161701 3.162610 12.815763
207772089.555236 7.555518 0.444561 0.024930 2.870719 3.466394 9.711462
436959542.536192 10.880184 0.096509 0.556585 3.298205 3.116965 13.441259
72532713.296168 23.869907 0.005568 1.055989 13.186630 3.444940 9.100040
387712969.156511 18.364724 0.217500 0.346767 6.784160 3.737957 14.759973
303057280.420176 10.290502 0.029215 2.378322 1.801293 3.242324 11.747490
140129489.066048 26.372696 0.681924 0.027580 12.585935 4.556702 11.676696
179052327.946854 9.210732 0.081759 0.024269 1.123083 4.099797 9.620334
135948006.999378 20.161995 0.085198 0.267450 6.313736 3.379302 10.684181
71542161.852966 13.991275 0.998379 0.127289 15.523026 3.629345 7.816675
179941558.944657 32.425658 0.449521 0.686855 5.199450 3.512864 13.527175
107986659.369792 26.292904 0.179153 4.274485 8.407052 4.051878 10.695539
353947357.413511 4.976197 0.881393 0.115871 2.696170 3.413985 10.826083
61600227.958295 25.367974 0.430046 0.715754 2.056773 3.350967 8.775290
322833601.060172 26.578258 0.831392 1.632516 2.863029 4.352856 15.458100
63988557.923377 18.284645 0.141937 0.089830 12.729508 4.835497 8.086448
2517934379.398746 2.370412 0.245025 0.159480 7.883078 3.786078 19.632480
87305417.866489 13.717615 0.517478 0.100113 9.430624 4.355847 8.311367
179107564.503440 40.564315 0.362057 2.139136 4.252137 3.729514 14.512598
63827838.063084 25.581881 0.669697 0.199868 1.641340 3.900225 8.902210
717176063.158166 11.104946 0.668414 0.048492 6.484709 3.759340 15.930468
224764554.892012 25.171355 0.881533 0.010267 8.176943 3.121500 13.478189
70207250.216682 33.086448 0.208391 2.118089 1.174663 4.995549 9.947627
180494727.195076 19.312778 0.205836 0.010262 8.986306 4.875766 11.601046
8928392713.997509 4.344351 0.197526 1.793408 2.382469 4.929086 31.206640
204496734.388211 39.175685 0.361085 0.306712 10.089336 4.653885 14.996998
46217126.257554 31.956843 0.818640 0.792071 1.196525 3.051487 8.559397
37910079.312705 43.221480 0.995746 0.012654 18.072294 4.981369 8.831032
52786061.937313 42.056615 0.113271 0.504594 7.953754 4.771838 9.772913
693653861.728726 15.570314 0.673667 6.847486 11.084353 3.381575 17.136277
121444115.574277 39.594671 0.319910 4.330946 19.819006 3.108526 12.649431
41420971.695133 31.219724 0.823285 0.024703 9.722488 3.760036 8.192346
1027898539.483396 13.604720 0.117389 1.267204 14.759368 4.122354 18.868450
206946918.935754 14.871104 0.781987 0.012290 2.329026 3.071035 11.313557
226027264.246526 19.069957 0.496478 0.366372 7.099646 3.706790 12.460144
2432292315.187091 5.624972 0.811624 0.043643 4.060311 4.483914 20.952996
129456371883.551971 1.355848 0.422610 0.090592 5.265821 4.179179 74.457254
1580521389.926558 23.308017 0.803293 5.937106 6.444840 3.670948 25.239566
72632633539.461700 1.050459 0.497555 0.036238 5.492105 3.751693 63.210789
33200374.018254 49.995043 0.498599 0.573935 15.375857 3.098014 8.869636
49954812.570221 39.438880 0.199233 1.927851 6.828890 3.543548 9.395370
93423033.075166 15.084048 0.053312 0.040679 8.451859 4.378883 8.711081
99376004.290132 31.517043 0.064825 0.118768 11.886835 4.856346 10.999751
60812185.968359 17.620057 0.000860 0.204817 7.263851 3.695812 7.869810
121098182.947319 24.113289 0.633801 0.101891 12.670489 4.434551 10.828007
35344153.880987 30.674661 0.081014 0.238906 19.034768 4.798276 7.727773
44315654.347425 21.256072 0.016397 0.127813 9.743399 4.750246 7.464948
1247143724.557397 7.086807 0.050686 0.094616 8.055509 3.607994 17.438599
61521713.515744 49.218370 0.916110 0.087382 1.529355 3.985603 10.837044
61234887.248653 36.244977 0.338116 0.016229 1.985749 3.646119 9.784386
112168137.349338 29.382081 0.941604 0.145821 18.398469 4.521995 11.205699
181422058.203885 27.439879 0.972633 0.010794 1.296870 3.933485 12.880541
336456011.903508 6.794985 0.288023 0.788045 10.762114 3.407873 11.182572
34167234.536923 16.334529 0.463705 0.026481 1.274207 3.039907 6.362091
152249631.134785 20.294518 0.028073 0.062349 1.773086 3.581836 11.115882
52346102.234917 41.659803 0.572165 0.196975 1.901222 3.357888 9.715382
52940778.781627 33.653661 0.310199 1.252675 2.420066 3.548425 9.103133
44019947.750901 39.974562 0.645605 0.536791 2.237881 3.394239 9.047185
197465894.889858 20.414582 0.344795 0.851980 5.410346 3.478104 12.142778
63724621.060757 41.469350 0.019780 1.517880 1.196331 3.931110 10.358125
46948875.176862 31.669923 0.369703 0.163488 9.198891 3.732000 8.580033
107337043.983542 27.527596 0.237701 0.165106 9.426576 4.808914 10.823716
428787102.116004 42.946266 0.536205 8.369255 1.812006 4.420484 19.781463
670119174.333809 7.558177 0.768206 0.345242 15.247984 4.615105 14.349456
124527059.144614 11.076169 0.036996 2.948744 13.964250 4.512514 8.882027
38959879.757040 40.536391 0.713249 0.195076 6.559457 4.779919 8.726002
119116783.494027 36.041431 0.217402 3.011975 11.019881 3.329505 12.191964
131194993.145031 16.047636 0.161516 0.019386 11.135840 4.132870 9.915514
9446717590.018272 4.539177 0.286863 0.539238 3.883807 3.303032 31.967737
787473912.723648 36.659271 0.736706 1.119465 1.391649 3.496424 23.007265
3431163091.494002 6.837371 0.061728 7.140580 3.080303 4.608336 24.277045
314905806.920110 12.707321 0.180745 1.198671 4.728453 4.744049 12.505503
221744082.888533 14.703924 0.144202 1.758798 3.876278 4.148423 11.543131
2981917908.539129 45.597183 0.919522 8.432527 1.085147 3.788653 38.514803
44639475.558400 34.643026 0.543731 0.252648 5.162770 3.917901 8.679553
105045635.123534 19.646190 0.083699 0.279249 7.623056 3.875865 9.732533
92248503975.192505 4.955056 0.575024 4.854482 2.007441 4.620900 69.112842
2036721928.610607 15.269645 0.525989 8.286672 3.175644 4.474585 24.412947
31753166.394702 48.761432 0.065789 3.614876 2.580943 4.487146 8.665663
48359907.028278 20.514482 0.119261 3.212933 7.560946 3.809184 7.607697
715612754.989183 7.763153 0.496955 0.649089 4.875322 3.985741 14.743032
237655452.625859 36.868745 0.607672 4.623776 1.423515 4.663946 15.460787
41226697.946548 24.140496 0.937227 0.014645 5.135408 4.176778 7.563230
186816300.840575 11.582418 0.302630 0.128336 1.222979 3.748227 10.275185
154922802.895156 25.531172 0.860461 0.014943 3.020398 4.526913 11.956597
436495528.422915 49.958360 0.947147 2.931084 18.190130 4.914226 20.928781
61284917.805577 42.903748 0.223996 0.313962 9.585598 4.467251 10.339205
57348243.466663 40.940923 0.800731 0.166998 7.016012 4.445414 9.958491
276852676.427765 7.528948 0.503479 4.509238 10.284248 3.415410 10.679378
749445205.195447 4.334534 0.418364 0.804551 1.411759 4.061842 13.660110
65697846.631590 24.116239 0.346242 0.277386 11.948272 3.520242 8.831520
879949247.237706 8.715066 0.228641 1.379535 9.502951 4.128073 16.166641
120133178.819553 36.509318 0.821427 0.045614 17.059008 3.323142 12.277268
87941729.415894 31.591633 0.223108 0.938424 4.102455 4.144941 10.568389
2955929468.926338 4.830441 0.617995 0.027291 1.535419 3.694911 21.876671
215119967.528385 16.085205 0.807327 0.211098 10.435894 4.262375 11.699666
68133901.944633 26.312103 0.332844 0.029068 19.228284 4.626094 9.175494
37777114.994480 45.961730 0.149712 0.077735 2.218792 4.986753 9.002371
193527830.392005 19.851730 0.335754 5.133726 2.753866 4.992693 11.966221
255654545.672245 26.515634 0.200375 2.744474 9.479701 3.346734 14.291277
236332104.532820 8.068846 0.613368 0.139230 10.899520 4.984895 10.268397
75568352.249050 15.988117 0.855153 0.016634 14.609486 4.038979 8.241891
37767207.277595 27.646189 0.066064 1.143696 2.181156 4.031394 7.651283
208234602.857004 22.494972 0.147464 4.499106 4.788326 3.872213 12.710154
46105521.663477 34.224695 0.232973 0.922086 9.151613 4.874356 8.739708
44533988.839442 42.797133 0.797931 0.295663 9.881552 3.398788 9.287744
427378314.307784 6.792750 0.153115 0.827528 1.728684 3.620513 12.110003
288245982.764648 16.296682 0.064165 0.268314 1.371372 3.767854 12.943395
115101820.130689 13.978652 0.326355 0.222235 5.443935 3.104873 9.157193
14594122480.178509 2.186975 0.691431 0.168441 4.632375 3.160390 35.239034
1259752607.479345 49.133251 0.619755 7.204058 11.790766 3.265386 29.630813
169444233.050307 20.210778 0.562390 0.278638 1.424358 4.160470 11.505987
356008754.295899 48.098224 0.478007 3.738241 15.038225 4.762511 19.306192
477910700.251707 11.002619 0.931386 0.077460 1.089226 4.313836 13.884615
586201905.928629 18.291901 0.599612 0.107574 1.800730 4.363121 16.922080
515169460.227425 14.645633 0.312240 2.184293 2.667157 4.086507 15.272499
113345098.883319 19.353584 0.570936 1.066801 9.123487 4.827088 9.940324
48550098.194217 27.776737 0.580552 0.074101 1.413980 3.216045 8.331386
54183988.932008 30.251857 0.437908 0.052985 1.384656 3.198220 8.872185
34999578.322467 31.070612 0.325521 0.133148 2.981440 3.902147 7.733445
47034768.272647 12.520772 0.122542 0.017839 1.695954 4.241063 6.611081
43480451163.490311 2.509987 0.902437 0.153586 1.174365 3.811030 50.808290
79470836.254379 34.626439 0.690234 1.432749 1.984460 3.803609 10.517860
160049706.261055 6.634703 0.816754 0.059234 11.162512 3.435575 8.692583
899501095.793214 11.857142 0.218807 1.449478 5.281958 3.166185 17.447945
655609325.066426 7.358503 0.059265 0.045321 1.211502 3.576704 14.172921
42511813.571529 36.687703 0.102493 1.433575 9.338270 3.262908 8.697566
35432330.925386 19.550368 0.956590 0.130767 17.695118 3.781095 6.765526
165598646.086586 22.211515 0.078589 4.243031 19.733564 4.639205 11.732267
920206970.300196 10.664146 0.838579 0.074730 3.683493 3.016047 17.149494
344540275.760844 17.133764 0.581310 2.142837 6.819599 3.578444 13.923065
66113206.602187 12.681163 0.358710 0.018292 2.857508 4.091087 7.428773
448964330.914861 8.738800 0.884322 0.099678 9.057898 3.993118 12.925580
2489204041.794551 38.728371 0.620517 9.343510 1.382433 4.716799 34.369709
133892372.011750 19.481800 0.626584 0.081027 1.652786 3.686579 10.527475
103379303.208435 18.367149 0.124557 8.325311 1.451595 3.449263 9.500414
301076991.121206 15.248966 0.881166 0.024332 3.092065 3.628897 12.903711
385368598.818427 17.772952 0.867430 0.063277 10.295098 3.889595 14.597804
35503629.533305 32.620199 0.864263 0.020165 6.799169 3.063363 7.889912
282223318.921991 23.191942 0.276077 1.302618 15.191029 4.997073 14.191955
60460482.902360 31.025740 0.032272 1.690468 4.415441 3.067909 9.274988
76125687.303192 43.056411 0.413988 1.302861 7.059242 3.824363 11.127268
2290672596.129649 30.327232 0.936593 4.831631 1.484836 4.889918 30.931220
66239834.033408 37.989276 0.460075 0.531251 9.696977 4.789344 10.197279
38094142.104327 34.059687 0.060381 0.859831 8.259537 3.909375 8.188393
211905359.749083 13.450150 0.243125 0.162927 17.156044 3.017813 11.114379
39104248.294012 35.826141 0.630889 0.542705 11.666521 4.146891 8.394410
177338077.592933 15.117143 0.220844 0.478266 18.418905 3.425753 10.792032
719788047.227581 7.141530 0.997147 0.051895 2.722021 4.332831 14.539722
154951088.537418 14.753409 0.253950 0.010494 6.773366 4.044842 10.252168
38770124.254335 24.941355 0.358301 0.287873 3.235254 3.296137 7.482211
1747758632.021372 1.433349 0.619445 0.075400 13.954352 4.483338 17.647534
289847181.330790 19.481696 0.272512 9.313565 19.472153 3.881923 13.618459
287872019.490039 11.629061 0.114006 1.140008 14.319067 3.807341 11.879517
32312167.154327 37.774497 0.445547 0.024714 10.640904 3.271200 8.012545
97318917.430581 25.343291 0.530696 0.066991 12.604476 3.385931 10.217385
89247502.470766 35.272322 0.015239 0.780147 3.428179 4.568697 10.997230
341330533.940492 24.808435 0.393889 1.736818 1.786699 4.150788 15.425176
855661900.738071 8.241169 0.433841 0.017831 8.132570 3.368516 15.834346
140019589.316502 43.732805 0.564067 0.440161 6.306165 4.333104 13.703891
55341810.509729 15.814218 0.290979 1.574895 5.636855 4.275581 7.407486
70027478.271564 13.849443 0.506260 0.035983 17.345267 4.724749 7.741051
4423381160.382662 8.734354 0.614466 2.215806 1.379602 4.625404 27.706707
37712222.990561 47.955671 0.457452 0.048391 2.939810 4.743434 9.125814
56911514.608114 45.303318 0.497572 0.434864 1.107234 3.286343 10.270585
38385103.753522 26.079475 0.152213 8.849252 2.300589 3.650091 7.557861
46466848.210731 11.650077 0.378315 0.219959 8.125944 4.620145 6.470925
417825848.795666 8.353443 0.715952 0.182952 2.604094 3.856014 12.503151
470321837.330650 20.182726 0.127949 3.607987 1.168573 3.184659 16.163747
605692148.061274 29.659281 0.528902 6.810036 17.701471 4.580947 19.716382
325407508.366565 44.144282 0.889602 9.819644 1.614152 4.249490 18.208304
229642582.207808 14.489154 0.745775 1.361529 4.288588 3.660121 11.634306
101047974.180865 46.942135 0.559952 2.671330 5.010739 4.848139 12.584861
1679446462.872320 9.813777 0.739793 1.554543 2.471550 4.030026 20.569925
56272120.507272 33.034725 0.765934 0.021807 6.298596 4.964702 9.235818
46071437.863005 40.180296 0.286347 0.229578 1.382483 3.997153 9.200999
248923526.368422 13.385426 0.397192 0.283135 11.194567 4.928849 11.712990
2081325629.335688 14.467949 0.362041 0.095625 3.575013 4.166264 24.247813
65678405.061052 35.711427 0.353942 0.266519 5.647173 4.328728 9.968054
86631877.374834 12.224875 0.205275 0.206144 2.752763 4.111312 8.056828
110876077.476609 12.835240 0.269170 0.044938 1.206269 3.033488 8.852347
85721576.963970 27.694097 0.963162 0.058234 6.898109 4.621171 10.060560
303939674.704619 17.173574 0.419576 0.016985 1.826307 3.359218 13.361575
50253758.882490 16.579711 0.101303 0.011031 4.699019 4.967913 7.264206
79138639.324776 31.624232 0.587995 0.066443 13.462362 3.157255 10.206581
171068453.974818 26.317461 0.501779 0.153232 3.953311 4.744493 12.471682
1733544735.689725 20.956998 0.609568 7.439649 4.598952 4.684947 25.237857
112892110940.890106 2.469752 0.640435 0.215031 7.840857 4.862612 69.803731
473511574.951423 10.960971 0.874936 0.112443 16.344017 3.396237 13.829711
64492134.521218 49.431232 0.838593 0.245639 3.225294 3.971637 11.024722
320513326.815120 19.377318 0.363782 0.827576 5.002048 3.489872 14.061484
902692305.448178 11.228976 0.114082 0.041730 7.110507 3.552646 17.244869
453814024.320888 8.403744 0.035084 0.096037 1.298825 3.521263 12.867982
31999295.265717 31.103334 0.016525 2.198202 1.953896 4.034075 7.508300
669594679.477292 31.572957 0.312263 5.628474 6.970806 4.206584 20.787426
153624293.949507 16.979015 0.146989 0.154934 6.560936 4.370628 10.610602
33085209.373415 44.515772 0.122406 0.595195 1.989179 4.600066 8.522055
64293355.294318 49.066773 0.703305 0.011502 1.277467 4.976767 10.985995
60446270.657307 26.931669 0.439173 0.015852 2.138955 4.289723 8.878884
2031445429.803681 46.889913 0.722847 7.024583 1.781282 4.628670 34.206824
87075029.572217 16.131882 0.380679 1.026734 6.999363 4.912938 8.661234
117023660.616161 19.605581 0.756080 0.060138 2.290479 3.586487 10.083343
41827236.364021 23.546661 0.922378 0.035060 13.009090 4.254291 7.544037
53415368.040471 37.552577 0.406153 0.010058 7.209363 4.805921 9.456069
32336464.802520 35.541782 0.652730 0.026288 12.164916 4.784400 7.859084
57805169.123527 33.256591 0.200782 2.294222 10.152025 4.569751 9.338669
6729937164.043385 26.254395 0.857709 6.958034 1.925463 4.950720 42.386163
725425416.005280 15.211094 0.684334 7.444215 11.582852 3.373893 17.287690
51231775.288916 27.426186 0.409393 1.032490 4.907175 4.882864 8.449244
227135691.964716 16.527063 0.091870 0.511495 4.306203 4.099004 12.000223
351316887.228596 20.722244 0.810279 0.513076 11.643731 4.129149 14.776567
98658650.589857 41.957164 0.436074 0.027728 15.315621 4.728454 12.028867
1600976320.757848 29.339545 0.936731 9.332773 3.998426 4.023011 27.169592
46209451.676855 29.630270 0.557176 0.184410 4.458007 3.773293 8.359661
77713397.665860 28.313080 0.147023 0.038798 9.564681 4.524359 9.803046
94572084.954878 27.838961 0.250886 0.492911 10.538679 4.127000 10.412103
33275719.738766 35.046168 0.102043 0.350205 17.287969 4.914300 7.898935
29250424364.710472 1.958447 0.851697 0.037823 1.485424 4.327306 44.469796
67529592.621866 30.348224 0.047254 0.102333 15.389876 4.404002 9.557277
75966459.780438 32.417978 0.428574 0.723222 18.257996 4.539359 10.147013
102321059.786902 31.264376 0.229690 5.986648 6.269076 4.229895 11.079424
38110821.984696 48.802233 0.014642 3.660338 10.097941 3.348096 9.211795
225900154.459285 25.101395 0.577718 0.010747 6.968392 3.596755 13.489617
211176795.554054 20.028733 0.230638 0.011236 6.870904 4.705750 12.350437
47538172.751844 37.993803 0.174599 0.363985 2.562216 4.914134 9.130098
88852865.754329 21.117619 0.800136 0.084064 2.434230 3.942410 9.395413
199594008.490365 18.215332 0.342981 0.129244 6.047266 4.700661 11.802763
126026161.397873 15.846892 0.111059 0.046419 1.307794 4.831139 9.750888
179048810.923067 36.962951 0.359188 0.216276 12.379903 3.954494 14.079793
73480605.053035 34.233339 0.102705 0.013086 5.117090 3.341245 10.209514
433213425.185807 20.282444 0.590213 0.011110 1.615813 4.673099 15.748977
279892419.843300 16.132441 0.170382 0.035751 18.509667 4.310021 12.782514
43214173.484523 25.931644 0.064506 0.099069 1.813202 4.491515 7.848915
42536978.766732 26.601836 0.193848 0.141762 13.174468 3.577825 7.868078
112358171.362619 22.291070 0.101585 0.016876 1.823554 4.784667 10.320075
233767338.728211 27.761566 0.887854 0.401568 5.637530 3.646532 14.066176
160423793.426938 28.223698 0.280832 1.040749 1.136061 4.669850 12.469941
32894346.212105 18.781742 0.053741 0.028846 1.628796 3.353813 6.526251
209273279.919299 38.523935 0.906039 1.055568 11.365561 4.700358 15.030776
53555498.818386 26.500444 0.914897 0.428451 2.381674 4.255942 8.486187
79203202.109027 8.635821 0.143326 1.424146 12.625215 4.047492 7.231463
3046586423.058697 5.200784 0.024330 0.896901 17.506066 4.918744 22.324578
2223402859.561041 5.700181 0.903261 0.010498 2.380108 4.008764 20.377011
574456658.537381 14.774333 0.692899 0.014882 1.454030 4.364341 15.873137
338746765.324576 2.284608 0.314152 0.180975 15.312247 3.050661 10.054748
291654112.770046 30.166456 0.220434 7.486024 1.872893 3.692848 15.535135
226150863.582329 18.276988 0.336366 0.381529 1.284903 4.546500 12.316089
83338063.381206 29.806104 0.747395 0.012679 6.726598 4.535591 10.194243
82100272.089450 41.274472 0.508426 1.239446 6.939625 4.801914 11.253547
157109336.818148 23.261785 0.242238 2.133290 1.089198 4.592592 11.685006
101162170.962226 28.945332 0.711849 0.937606 2.086789 4.511377 10.776618
100664023.373456 17.120929 0.461186 0.031708 1.505713 3.079315 9.236865
1138498989.508245 3.803026 0.033388 0.057613 16.936184 4.893492 15.484979
11218317424.507545 3.334795 0.121046 0.388500 5.477539 4.953363 32.823459
52367162.992199 17.298450 0.271428 0.010624 3.906869 3.344389 7.449671
35733086.946812 16.643490 0.178410 0.049294 1.959788 3.586531 6.490387
1260480052.085188 7.424283 0.344482 0.042164 4.150058 3.557961 17.653027
170062219.753789 29.741077 0.425530 1.097491 3.237154 3.775967 12.921594
126039307.059727 37.813350 0.250682 8.251297 3.095160 3.978476 12.617154
62830209.535653 24.858886 0.984019 0.016483 2.110432 4.155857 8.779931
269539117.321926 10.933832 0.041289 0.233831 7.259239 3.272999 11.454975
34455256.692962 18.317418 0.341020 1.033241 7.902790 4.953299 6.581991
1630919817.425420 5.152493 0.525554 0.025498 2.093939 4.373027 18.102778
42887012.284994 32.775841 0.246385 2.365667 11.321836 4.497802 8.415399
60364429.866671 36.628357 0.438450 0.644971 12.843156 4.963363 9.770771
588784178.469813 17.127960 0.833216 1.590369 1.906650 4.148149 16.644354
277901571.707040 8.985727 0.067692 0.471631 1.644933 3.343624 11.080149
51250191.916463 31.358391 0.132821 0.899920 6.901238 4.002935 8.807143
52746636.806443 41.625383 0.288984 0.247101 10.053861 4.426806 9.737456
288518405.651928 23.166463 0.299491 1.270550 14.310389 4.987614 14.292085
39060151.907966 18.438929 0.550273 0.035916 9.034256 3.016046 6.875620
87626491.623327 14.173675 0.547510 0.010424 2.486189 3.545996 8.391021
13165160316.097277 2.313433 0.433584 3.379119 5.074518 3.097342 34.062959
825897359.045267 6.950979 0.564618 0.260787 8.050061 4.066715 15.146572
388586226.680098 43.192036 0.826464 8.913964 16.751642 4.540679 19.178943
611068271.400813 39.441756 0.682813 1.433282 5.575986 4.541820 21.648525
60671541412.552567 4.152828 0.800218 0.091330 1.225734 4.456897 58.806050
81008339.934938 16.891631 0.383181 0.057642 3.818138 4.190239 8.560329
299755139.669375 7.925756 0.062920 0.668202 1.472137 3.155624 11.075892
59183367.257314 27.586604 0.860679 0.108221 2.157810 3.487204 8.881302
91855348.659176 36.174533 0.701214 0.841915 7.042799 4.958807 11.193459
75460311.003407 23.891903 0.585371 0.134019 5.125828 3.386435 9.223373
106738663.038396 33.443018 0.342023 0.213477 3.055252 3.929010 11.477252
148385263.146003 29.098157 0.796440 0.257654 2.574896 4.972080 12.264355
59248830.879077 22.919516 0.758239 0.073289 1.052287 3.505157 8.405550
157933857.433285 19.540901 0.958168 0.013617 2.190389 4.165039 11.132709
120253605.707227 4.742779 0.064515 0.035388 9.626473 4.647318 7.505913
57620186.308543 9.714621 0.277854 0.105526 4.146519 3.579490 6.669073
70361607.263693 30.573357 0.184281 0.025941 5.667612 4.337762 9.711353
60675220.653676 34.522638 0.330033 0.267504 19.416792 4.718299 9.603883
66096739.240369 23.570960 0.146029 0.031732 1.056921 3.414813 8.789742
130530023.896214 45.249916 0.781382 2.218257 6.390078 3.167114 13.539262
149662180.176562 29.778940 0.895954 0.060933 2.535748 4.639021 12.387640
581569601.216978 13.454933 0.155445 4.911290 8.919830 4.615597 15.562423
214027080.890809 16.923837 0.696246 0.253623 1.580167 4.250218 11.840239
1086207417.675602 33.883669 0.864300 4.725411 1.670809 4.894264 24.974843
40773465.116085 40.600259 0.402044 0.085727 1.178737 4.899382 8.863913
112530869.746489 30.365668 0.844717 0.191913 7.913075 4.389927 11.332809
42432666.007056 36.768291 0.487846 0.840805 10.479116 4.339707 8.698302
61024597.241236 29.970742 0.880360 0.083008 4.225021 4.878941 9.204147
57583053.671044 26.224497 0.506351 0.391090 2.153060 3.371191 8.666345
275801100.750846 34.790559 0.916369 0.373507 1.221725 3.427214 15.948174
260360578.351574 37.894973 0.000332 0.010397 2.875825 3.719502 16.080043
4089068371.478002 5.091460 0.962428 0.063648 5.898407 3.847544 24.551547
2948477408.551722 1.851265 0.982541 0.011559 1.881917 4.045169 20.723613
181800368.696840 7.323598 0.816914 0.690411 2.164628 4.406224 9.233957
80144557.258182 31.933048 0.322356 4.890135 6.405494 4.399873 10.280920
77685923.068434 35.910084 0.028227 3.672106 1.455930 4.043806 10.560600
36681629.092389 45.540455 0.747370 0.063332 11.527631 4.502331 8.887210
36713130.349181 24.372749 0.547834 0.015086 4.562720 4.131300 7.297186
7342237088.693069 3.628648 0.432692 0.318817 1.131052 4.789901 28.697568
41617418.968929 31.528287 0.750094 0.128147 1.799486 3.695555 8.230557
63503224.276544 19.532497 0.185894 0.205019 13.520616 4.627708 8.215899
224348965.895409 20.891484 0.388835 0.609776 4.084047 4.518216 12.754376
498198716.364889 10.655832 0.420499 0.127813 1.569053 3.329351 13.974816
124541293.709276 15.196580 0.221309 0.138901 8.471778 4.102784 9.605840
949787808.974612 6.995329 0.563347 0.047804 13.572784 4.127991 15.887286
71350940.251071 28.368276 0.509098 0.098413 1.591360 4.322083 9.533558
625060700.029321 12.103876 0.808717 0.060880 4.337950 3.064882 15.531056
35692531.204007 41.071861 0.773813 0.010850 2.598370 4.656585 8.511382
160026741.222015 17.221840 0.165455 6.779190 1.688529 3.393438 10.797517
160201989.458435 20.454617 0.085094 6.623843 16.849886 4.829489 11.331454
320343483.036066 7.800295 0.458008 0.092082 3.502820 4.414126 11.288510
111069275.617643 17.117142 0.046535 0.094725 1.410373 4.011151 9.544176
209643966.932078 35.533366 0.315903 0.215701 14.237340 4.143991 14.653307
46719361.073784 22.363754 0.131963 0.051354 1.009907 3.420482 7.710072
332700288.023241 29.366763 0.759025 0.949455 1.367664 3.635462 16.097690
38219273.322298 30.171293 0.413796 0.067403 6.750016 4.904780 7.891170
698457606.417415 7.444516 0.452008 0.049819 14.396380 4.682019 14.507006
443606259.198879 4.379186 0.160347 0.287984 2.673873 4.100051 11.483223
60432950.198912 24.429757 0.004671 0.046772 4.528290 4.291478 8.621993
83496405.790870 41.442312 0.253491 2.054790 5.786026 3.213378 11.332048
3239408783.857098 6.890081 0.874340 0.744118 2.042201 4.024413 23.848996
78198938.433653 27.803116 0.780225 0.375430 2.643614 3.530738 9.768925
868677445.419450 44.895219 0.636798 4.995583 10.078876 3.465451 25.400503
781028187.599180 48.849562 0.513717 9.219996 9.568620 3.452914 25.216909
206872361.795488 21.278073 0.900096 0.825845 7.130989 3.242908 12.479709
61763048.513494 32.786238 0.475305 0.201935 8.648637 3.085763 9.504278
300557715.355781 11.031367 0.596558 0.114975 10.810398 3.034946 11.903027
280670554.595915 18.382906 0.921737 0.065265 9.255706 3.144614 13.256638
731839930.320102 8.896289 0.854030 0.029071 4.468784 4.867129 15.268839
270231217.243999 5.688449 0.529993 0.776909 4.191469 3.242258 10.090368
37084810.144720 34.957893 0.450200 0.026886 9.106032 3.501556 8.182927
1363633706.134636 3.732255 0.765517 0.289906 2.802558 4.445152 16.415524
100871500.192993 20.628617 0.017834 0.056350 3.521745 4.951191 9.735724
60046969.690479 22.600563 0.302283 0.418431 10.088628 4.716901 8.408598
52502754914.285263 2.634903 0.926720 0.039037 13.734193 4.678821 54.186380
122694766.990313 15.014232 0.848784 0.309848 12.986676 3.029621 9.528048
341642394.440463 14.944807 0.756300 0.677113 2.819463 4.748264 13.388390
185915789.794964 28.482106 0.163411 0.142720 19.216999 3.369826 13.134924
274631472.681790 2.601007 0.008016 0.256383 3.009365 4.415177 9.401980
54784897.036946 26.632649 0.489777 0.101846 5.371259 3.688659 8.563519
64657486.824788 44.442956 0.825131 0.057813 17.792403 3.981453 10.648872
520632576.717051 8.517221 0.695353 0.102277 1.502342 4.836716 13.507831
117104594.949257 15.324013 0.202593 0.066892 2.088461 3.981560 9.431316
84632918.000804 34.482171 0.995346 0.329497 8.318543 4.374256 10.726567
40491835.428322 28.244567 0.179762 0.201669 18.969820 3.030358 7.882470
119433887.515870 39.134032 0.362338 2.738545 6.914388 4.276771 12.531447
86790127.602776 15.287247 0.761756 0.090409 10.241759 3.166890 8.529643
48799822.864066 22.219934 0.966581 0.010074 14.251446 3.123645 7.808188
207509844.707072 3.776031 0.941568 0.095551 1.205328 3.771734 8.773676
834711441.865123 8.770790 0.110483 1.399225 9.034837 4.584319 15.905793
85247714.067969 43.346659 0.582182 0.919327 1.858128 3.773213 11.580720
241281643.549719 14.143838 0.935561 0.010188 2.327896 3.833763 11.754672
2113045301.006887 3.300963 0.681207 0.028095 2.422892 3.300080 18.800960
1931119569.966687 4.444392 0.599717 0.012268 10.179027 4.009013 18.783139
437236305.474143 4.851425 0.367969 0.048467 8.140389 4.539191 11.576373
33481240.615609 17.301707 0.901616 0.091859 1.306816 3.222429 6.418105
42100341.527564 47.972273 0.420067 0.072751 15.120227 4.652414 9.467961
28741632711.032864 1.644786 0.455436 0.014388 11.613609 4.571736 44.480130
70185965.243347 14.873572 0.647334 0.012425 4.349359 4.841842 7.890084
466262440.270841 10.806062 0.605526 0.274014 11.509316 4.507807 13.713602
311928516.212148 5.544780 0.347803 0.048317 13.018994 4.032502 10.543178
177106227.582409 14.234331 0.164426 1.558447 16.935931 3.251009 10.620755
139716071.501499 13.063217 0.174039 0.011009 1.080367 3.568298 9.603313
671247843.901909 19.259180 0.132350 0.762939 14.482548 3.944861 17.959656
28741632711.032864 1.644786 0.455436 0.014388 11.613609 4.571736 44.480130
2405806716.880713 6.950734 0.373050 0.205407 2.038944 4.950699 21.631657
781429019.411629 15.848437 0.338818 4.603234 19.218288 4.307827 17.914238
92369455.096760 6.109647 0.214383 0.020751 9.210254 3.456327 7.136357
145409432.607688 29.516764 0.851910 4.105288 9.440549 4.855659 12.235651
195123579.866787 45.551433 0.855953 2.083006 6.351775 3.770230 15.515078
80194691.364717 28.012276 0.274320 2.763786 5.622471 3.196195 9.873932
49804390.288934 19.329941 0.118557 2.464753 2.034461 3.803494 7.554513
71883658.558221 36.190369 0.228051 0.380946 2.099137 3.677314 10.316535
4196948640.602113 7.063821 0.908401 0.092722 4.441676 3.690500 26.117108
50174393.702445 15.645647 0.991619 0.097819 8.725058 4.770419 7.149067
54516737.284902 48.037565 0.841773 0.355045 1.913359 3.979966 10.324505
113656126.461035 21.095448 0.332391 0.010022 10.016074 3.862628 10.195895
641870080.230449 2.718814 0.774061 0.220471 3.057729 4.419677 12.497794
122654300.333377 38.029496 0.495782 0.221671 2.390829 4.811523 12.526242
134306938.699560 30.141582 0.927664 0.161994 8.022171 3.232712 11.993536
68544329.438658 25.576257 0.532060 0.125297 1.872116 4.748383 9.115692
28742713795.773758 4.078321 0.258415 0.050891 18.824747 3.421468 45.752235
62329854.079089 34.680725 0.991366 0.125688 5.244079 3.740924 9.704507
1091215988.794598 4.566059 0.866591 0.029525 1.387198 3.039909 15.580221
166998494.548067 24.916879 0.685306 0.063380 2.832974 4.371897 12.170481
95714483.796084 19.946473 0.403303 0.020512 5.995132 4.865062 9.475890
46704543.252547 38.062759 0.044037 0.018697 2.028661 3.962949 9.081741
4865668734.667578 3.819716 0.684939 0.018229 1.735870 3.192686 25.140003
192291171369.491333 1.014915 0.651740 0.096022 17.752331 4.304869 87.870383
3268949080.513573 7.935736 0.404549 6.142943 2.601716 4.010759 24.567835
422845666.633292 16.559749 0.512368 0.133783 2.208017 3.759543 14.770164
388341212.801653 17.988543 0.761010 0.719375 1.079559 3.152308 14.683810
74380882.288513 32.357647 0.004001 0.135950 1.686005 4.491381 10.070016
41018967.560615 26.390101 0.848123 0.032866 2.345375 3.985023 7.754580
75691581.968944 47.422976 0.328044 6.541935 2.629747 4.322994 11.468376
6617267014.245752 3.173638 0.756234 0.023372 3.837651 4.603183 27.430160
48081542.231699 28.165262 0.039899 0.112816 3.242343 3.532682 8.339855
35045318.419718 44.454585 0.267942 0.029593 14.551442 3.183550 8.683170
1047564196.340352 7.610938 0.786429 0.027876 6.796333 3.698262 16.675972
529379301.275702 9.432376 0.820075 0.041261 1.309280 4.689940 13.878412
124562709.677730 44.746296 0.438353 1.285198 1.297155 4.948556 13.280258
291938398.845395 9.343768 0.287762 0.081976 8.172326 3.888605 11.357863
758324512.993663 36.696088 0.391017 8.842078 2.952172 3.781402 22.727142
63191746.707260 32.074112 0.355131 1.172681 2.204367 3.603994 9.511048
435198661.570368 9.889897 0.612284 0.023466 19.384691 3.940369 13.136542
31996158.264621 42.446256 0.193957 8.998712 3.323363 4.588536 8.295983
49969402.486705 22.979326 0.795863 0.121592 17.035177 3.853712 7.947658
43227343.294176 14.747919 0.611622 0.063981 15.432508 3.568422 6.698257
96489502.642861 12.788202 0.737194 0.147693 1.602514 3.754010 8.443955
213230953.883374 29.939475 0.469054 0.466363 7.107745 3.374849 13.962337
34041739.685817 27.152797 0.120796 0.602856 3.649336 4.171865 7.350517
127192294.354339 23.839352 0.115781 4.610214 16.570063 4.742604 10.969525
31842575.533724 25.808381 0.555159 0.277517 14.422780 3.027963 7.079146
726083616.162187 4.359447 0.357448 0.217040 8.417488 4.023288 13.525764
185913353.392736 16.418843 0.234897 2.785964 3.713165 4.291631 11.205526
227934355.385754 29.128869 0.948866 1.183236 4.263731 3.247602 14.155514
386694038.979999 24.803808 0.148300 0.819205 13.246474 3.856327 16.079409
52616846.900721 48.787528 0.882565 0.293383 12.354015 3.020937 10.256341
96386541.166730 9.565254 0.858477 0.056360 1.644290 3.789855 7.889962
325511215.906743 11.836472 0.509943 0.053904 4.257323 3.020620 12.428471
381268978.897705 12.242065 0.047939 2.462888 5.069472 4.735491 13.207781
59829671.751946 10.683007 0.622901 0.057293 1.002159 3.220686 6.898757
169282514.977840 11.729230 0.576881 0.018931 3.964591 4.544603 9.972926
420684985.181723 2.748593 0.904502 0.147757 3.283211 4.714533 10.860971
84564007.878848 28.697609 0.237984 0.067443 15.291946 3.439215 10.124875
8879451091.711046 3.446736 0.038344 8.758134 7.628542 4.289872 30.441134
93229426.225136 28.302741 0.672211 0.028483 16.509961 3.090567 10.415131
136960316.093669 4.948452 0.699163 0.281000 1.783513 4.334310 7.883001
3460772420.735572 5.473385 0.886943 0.074168 15.062728 3.486865 23.468929
38457346.339437 27.732579 0.545108 0.059064 2.619959 3.989916 7.704941
102152485.776406 19.616704 0.281867 0.466397 7.880077 4.999270 9.638268
40781114.269429 29.153528 0.059188 0.012407 8.343974 3.318831 7.978515
115542587.310821 13.776234 0.650081 0.070811 3.582499 3.222767 9.134986
885274665.966442 47.915567 0.986158 5.562152 7.396315 4.060532 26.122522
156952006.061132 19.017327 0.929632 0.097398 1.629524 4.954763 11.025276
63756372.349268 44.975782 0.392134 0.065864 1.108373 4.076417 10.641166
55740415.448884 20.704028 0.017981 0.074425 1.161736 3.970379 7.997510
1082416859.877743 6.372960 0.045343 0.030281 19.472824 4.172124 16.324445
618749822.860360 39.567112 0.696937 4.108302 9.825110 4.353034 21.761327
51415577.554770 37.330343 0.288172 9.145668 3.967814 4.276682 9.318692
67790789.788970 35.577792 0.468939 0.635878 14.463040 4.929617 10.061715
157568179.509407 28.723551 0.667453 0.083997 3.636380 4.924469 12.462485
32853966.671464 49.936587 0.387491 0.057679 2.833407 4.768020 8.835195
35543651.175875 37.463501 0.971040 0.016175 2.499450 3.734836 8.249158
71748594.337809 25.145226 0.531228 0.065774 3.771440 4.497991 9.208562
525862823.030011 22.848166 0.194013 3.739883 1.000273 3.992585 17.387370
37003618.771616 38.294023 0.280843 0.076686 6.081747 3.566682 8.420071
6319577758.325237 5.793519 0.771719 0.040490 3.162092 4.100610 28.938127
274283650.840581 42.951025 0.442212 4.558253 15.618011 4.837166 17.044869
72890034.444172 26.612575 0.220692 0.016059 4.730512 3.638769 9.416486
3440160568.622433 25.483722 0.804991 9.633568 16.927177 3.374892 33.588170
1679093286.419861 4.377638 0.831231 0.013096 1.092271 3.058340 17.895260
47759516.311626 32.294479 0.613917 0.017775 1.566547 3.030285 8.682193
130998809.018537 22.364405 0.155984 8.631965 1.253054 4.077577 10.872238
34034865.083778 41.030723 0.193828 0.579216 19.337722 3.588172 8.374774
43912663953.200409 2.193883 0.853632 1.398707 10.244995 4.459099 50.874226
52938763.619685 37.204162 0.006788 0.037405 12.063824 3.081575 9.399552
120093542.562673 28.829984 0.053362 0.240397 12.788487 3.167580 11.396788
64999447.266528 27.649233 0.091505 0.803461 19.014046 3.724705 9.169531
35900895.341945 47.487783 0.384710 0.697223 2.885683 3.934691 8.947870
85394472.131440 18.022687 0.852020 1.166848 18.202309 3.287998 8.867562
146763165.722464 9.723901 0.503795 0.010679 1.598567 3.579751 9.109697
38527863.214793 42.335578 0.631571 0.041057 1.869559 4.001033 8.818343
86274535.333273 24.032269 0.939835 0.011892 13.711389 3.478230 9.661189
566763551.867591 10.984000 0.188924 0.047882 1.216798 3.026822 14.690894
35530455.937394 22.400170 0.568093 0.177533 18.754895 3.105337 7.040965
1375633987.096882 7.143967 0.798679 0.013485 15.837518 4.020654 18.044695
337756362.711301 16.923567 0.304469 0.019932 1.784600 4.368164 13.784897
74197474.141549 36.509571 0.156895 9.377726 3.201832 3.363995 10.455498
1041796289.099556 8.826484 0.909775 0.072925 3.734998 4.738117 17.147917
78964021.476928 41.170522 0.836669 0.905607 4.714460 3.027628 11.099210
35442542.454810 39.717835 0.469907 0.334142 1.445837 3.355710 8.398978
2983051284.383568 4.460779 0.261652 0.067318 5.362342 4.227176 21.722607
402373924.267370 22.889163 0.576581 1.619443 13.411795 4.359438 15.911615
175848812.668720 22.772068 0.954064 0.119054 1.110605 4.956858 12.056808
197669082.557885 23.873240 0.424363 0.018710 3.993458 3.142909 12.711481
387393168.376936 40.935415 0.536036 0.970209 4.942881 4.483322 18.824279
768296232.784268 10.964548 0.576104 0.369528 3.983976 3.777379 16.252193
92187901.522959 25.742664 0.109586 0.748534 1.322781 4.808725 10.081764
304438525.159400 12.630962 0.650865 7.230192 3.058466 4.929557 12.347091
151471487.482932 23.136142 0.898632 0.017725 15.731579 3.143271 11.525180
231870903.897423 11.475129 0.044476 0.067203 10.565255 4.619902 11.018189
108992576.257250 30.207857 0.658651 0.054314 19.266264 3.057514 11.194625
278799186.186798 10.475451 0.010056 1.404450 6.539321 4.486919 11.471443
972456641.343112 4.446920 0.167983 0.218220 1.033563 3.493463 14.944625
169666970.839678 16.270423 0.876486 0.010812 2.246999 3.807483 10.842738
1634926248.531541 3.335631 0.358299 0.201931 9.840071 4.925017 17.273595
33195376.484472 41.508962 0.030662 0.222877 3.582456 3.795868 8.336952
43040935.098525 43.965454 0.024180 0.025720 15.822657 4.358652 9.264825
343434588.105245 12.066296 0.853281 0.018366 2.574604 3.961038 12.711083
328633045.848711 10.248051 0.464251 0.012887 1.448329 3.075397 12.057844
131239901.565307 30.704463 0.687426 0.060689 4.754534 4.314001 11.970211
63282427.927970 18.122929 0.018213 3.399131 13.569193 3.196720 8.036851
265646277.867279 17.922061 0.312084 0.018100 9.505090 3.755778 12.924879
83631924.831636 16.714316 0.724725 0.055728 17.731015 4.722739 8.627158
143191236.421127 19.153772 0.172418 0.709603 2.040095 4.618752 10.714567
1346971611.901090 30.047522 0.761863 1.508257 2.975024 4.986145 25.839218
109702950.930141 11.947504 0.508588 0.033456 10.079229 4.368180 8.668427
11012319973.641146 5.967272 0.214192 1.230520 5.009355 3.879841 34.988056
13165160316.097277 2.313433 0.433584 3.379119 5.074518 3.097342 34.062959
183857631.587226 10.066595 0.873156 0.039033 2.033588 3.450320 9.895888
113429233.926099 23.756595 0.278065 0.043705 4.464766 4.762425 10.547828
110201674.860722 31.604650 0.408605 0.293310 1.689752 4.721323 11.395391
63827838.063084 25.581881 0.669697 0.199868 1.641340 3.900225 8.902210
462480285.109365 11.447606 0.581964 0.051145 6.825455 3.862131 13.861587
293190529.931744 10.864721 0.175974 1.590866 5.512021 4.661643 11.763418
245759884.401510 11.347306 0.373095 0.146889 18.130345 4.710225 11.204312
10856684731.050972 3.361506 0.427679 0.121788 1.220333 3.046086 32.486676
598977680.805063 9.472045 0.021300 0.032303 18.429874 4.848718 14.474903
300944033.860947 14.639008 0.332524 0.074992 16.724123 3.860927 12.765501
32188924.941880 38.188700 0.281210 3.353812 5.602276 3.745266 8.030622
27129451741.255505 1.464398 0.113998 0.252327 3.422710 4.991700 43.950637
518241510.757231 12.815240 0.636597 0.010296 2.722118 3.515778 14.795266
190500787.610509 39.881560 0.349035 2.077512 4.177463 3.722096 14.732147
60601747.149874 34.743128 0.525795 0.169615 1.439529 3.275322 9.619486
494143559.065150 14.761658 0.173384 1.255965 1.313111 3.367616 15.092625
31850701.530324 24.320431 0.960120 0.030224 6.512060 4.306077 6.955219
124205884.935745 47.871992 0.786508 2.143180 8.640783 4.960780 13.569715
92874099.429363 27.441124 0.250579 2.372589 1.098932 3.377464 10.304058
35433759.971042 22.518400 0.667069 0.018382 1.158954 3.426097 7.045375
531435928.700767 13.345381 0.437048 0.018327 5.959799 4.663683 15.070819
202231244.313117 10.508349 0.024674 1.540713 2.726961 4.943435 10.314462
66893354.822979 38.486063 0.644161 0.015400 12.880182 4.446911 10.273836
408997782.335329 7.772539 0.625262 0.166167 7.519492 3.767724 12.237797
11745225617.038301 1.627794 0.446438 0.043654 1.477737 4.701894 33.025728
138137760.818636 8.108780 0.933862 0.022573 1.581379 4.133603 8.593958
66339273.926016 41.093230 0.422899 0.036480 1.587694 4.608640 10.466589
49780556.854779 30.133663 0.684296 0.091164 9.334214 3.599844 8.614543
296693387.493143 47.734938 0.517213 2.270488 10.713266 3.276161 18.122111
154781112.703466 10.088817 0.418086 0.023516 1.436976 4.420908 9.348616
250090414.318402 37.458302 0.983275 0.310659 3.651350 3.942480 15.806481
36911080.972033 49.190799 0.290203 0.146455 13.765981 4.346537 9.138433
104788352.451105 12.387253 0.346079 0.029433 1.450750 3.085793 8.611941
96501186.558019 39.685476 0.822765 1.559584 10.479810 3.583116 11.725024
84029254.644385 37.784280 0.405062 0.074157 15.537892 4.418265 11.019493
747952664.878222 2.970001 0.647537 1.770335 3.801248 3.571678 13.208224
527846547.283019 15.978183 0.007011 0.051242 5.310957 3.109746 15.752315
721539612.123889 8.937440 0.601903 0.026226 1.208595 3.137726 15.211618
57523551.466471 30.297883 0.735557 0.022642 16.002202 3.064283 9.055114
67913407.966019 44.516981 0.805287 0.134878 10.742109 4.542905 10.830673
4211944320.437865 4.627203 0.752192 0.010745 1.321149 3.029503 24.480658
86479605.704415 24.032673 0.030411 0.087152 3.770741 4.353329 9.668886
204807216.110232 18.923062 0.616350 0.237068 5.693319 4.009311 12.031309
58978615.768735 48.614839 0.856857 0.094416 8.712463 3.065329 10.641390
51570400.651145 45.312733 0.198054 0.017465 1.591845 4.564570 9.939365
931148187.432096 6.392938 0.680031 0.011848 2.532145 4.958790 15.533826
90138202.859329 20.766003 0.866439 0.063802 1.574743 4.187663 9.395187
1105409486.443403 7.482002 0.957469 0.015072 11.581057 3.848944 16.922055
1587595573.451562 9.908396 0.695090 4.540429 2.476909 4.917397 20.230728
65633832.231850 33.767322 0.268070 0.042116 3.529631 4.526809 9.789655
97391180.095834 28.213392 0.662485 0.320572 3.977925 3.903564 10.557621
1262939942.271821 4.425825 0.137872 0.543663 3.962322 3.024411 16.295735
44850816.305375 31.232027 0.296476 0.010958 1.102255 4.123013 8.413534
2458006212.035410 6.928667 0.531011 0.051796 1.327906 3.196560 21.774445
40167804.785111 16.573062 0.300902 0.069909 1.494542 3.931235 6.740796
158203731.905277 14.575892 0.358482 0.081796 11.020097 4.479309 10.291142
37094049.796655 27.037273 0.860034 0.249677 2.354110 4.079092 7.554157
131482737.229497 24.625329 0.110617 0.026430 2.362259 4.741324 11.198745
83189001.765156 12.185859 0.467427 0.453666 8.015616 3.022172 7.942502
242479951.622443 28.554776 0.419110 1.573707 13.904857 4.720835 14.362186
284904485.705377 19.463058 0.290286 8.227475 18.228549 3.909491 13.536959
62811509.533995 26.026125 0.294587 0.013201 2.941763 3.306778 8.900677
7683628572.548335 3.413303 0.221831 0.133997 2.420430 4.907491 28.985522
44330606.116343 36.298644 0.526153 0.043778 13.263987 3.142937 8.789714
91011935.052822 28.034743 0.013024 0.224699 15.822478 3.658690 10.301827
63804134.701642 23.394519 0.956591 0.167789 1.353567 4.079902 8.667715
123291533.193982 16.724127 0.385746 0.144932 3.715387 4.064639 9.820271
48951555.102921 41.870380 0.523342 0.011471 12.050982 3.694750 9.516407
139516951.305763 18.214638 0.529394 0.171676 3.010894 3.681149 10.474636
60020699.128427 31.160712 0.745508 0.559753 19.527533 3.186120 9.264994
519854512.395956 16.934919 0.579968 0.077587 1.499560 4.671879 15.918729
32487591.482116 22.040983 0.165321 0.057504 6.812422 4.664188 6.801896
984404914.063595 9.284472 0.588934 1.659813 6.955678 4.353781 17.008388
45748083879.690193 2.425668 0.860494 0.028972 1.315436 3.140710 51.634421
726083616.162187 4.359447 0.357448 0.217040 8.417488 4.023288 13.525764
45231758.497066 22.306479 0.953249 0.253996 8.165873 3.209320 7.621663
42791100.480469 36.083652 0.877255 0.012986 2.620723 3.624183 8.670222
49591196.150346 38.113639 0.971612 0.086118 17.356452 4.567476 9.269123
25688528788.332840 5.764951 0.530641 4.324354 1.825434 4.100200 46.147592
437696573.143216 16.004523 0.313254 1.709228 2.820413 4.077400 14.805499
89354464.691422 19.259127 0.939628 0.991230 4.718377 4.513704 9.170129
182375545.761069 18.770582 0.418369 5.979354 18.907808 3.222608 11.548893
403724778.768134 23.968907 0.075608 0.030254 2.936380 3.204349 16.147010
35941302.829663 43.749634 0.681536 0.223854 5.816665 4.769745 8.710321
3860740872.452353 3.807723 0.572692 0.033942 17.425212 4.798786 23.267081
634965964.853230 24.198878 0.704728 7.837586 1.584428 3.773728 18.831097
60481354.639324 32.480321 0.210091 0.046175 1.159416 4.883627 9.410240
238635252.782504 9.442879 0.129500 2.504921 2.466094 4.145838 10.643887
81667280.792636 21.050583 0.325956 0.902353 4.725143 3.143228 9.126657
129633711.365392 23.481914 0.424307 2.353275 1.883360 3.110440 10.990170
42076025.623518 30.626905 0.211609 0.587713 2.025405 4.671712 8.186206
336424140.645092 32.546710 0.253602 1.824321 1.591706 4.159753 16.684061
592567090.258998 45.350065 0.910701 4.493694 15.259921 4.330042 22.434853
51190510.729562 14.666104 0.233902 0.028932 14.981448 4.248800 7.076417
300384529.774782 23.000129 0.950262 0.023693 10.118645 3.311930 14.454803
39854467.193097 14.925803 0.045278 0.032475 4.237677 4.761230 6.539627
95288772.189095 25.540389 0.120332 0.758918 1.383069 4.811926 10.169434
168265114.267981 8.484197 0.703953 0.051508 6.761534 4.869430 9.262483
571602103.136771 16.698038 0.987858 0.222297 4.703618 4.698245 16.367951
1153993400.183491 10.925515 0.673408 0.012602 2.189361 4.131041 18.597083
310637331.171095 12.620527 0.761683 0.048160 9.329569 3.315380 12.427810
58994037.522331 6.970770 0.837925 0.057342 2.780945 4.882874 6.287806
48314962.668751 19.604113 0.280693 0.012456 1.095509 3.272763 7.508123
275821179.386974 9.744986 0.565843 0.072937 7.165958 4.796923 11.247277
36118002.474915 40.577690 0.214632 0.461092 18.847075 3.577866 8.511287
36453998.243838 37.852720 0.285201 1.724004 1.952293 4.169516 8.346810
19071597384.506943 1.153440 0.753384 0.040307 4.504156 4.496088 39.992477
162321569.324742 12.938488 0.409279 1.943705 2.503962 4.588242 10.071586
113242483.910469 11.331165 0.586672 1.567407 8.004465 3.166175 8.651127
34909357.705502 25.516229 0.614318 0.080242 17.473535 3.733834 7.274561
157903189.837787 15.316941 0.425828 0.040002 5.187632 4.617168 10.418184
118394532.908219 27.205856 0.540736 1.903085 3.121998 3.458214 11.143347
83256282.751861 49.831288 0.825631 2.148104 2.210832 3.227656 12.036961
222186840.290962 26.661183 0.409341 1.714566 2.986892 4.520154 13.660888
39087899.303684 17.296566 0.205001 0.074475 1.675239 4.092783 6.757488
573802265.081837 12.559998 0.854560 0.115516 1.095380 4.315222 15.230679
48857694.980127 39.012662 0.464852 1.842500 1.627685 4.202991 9.293186
135129952.276770 42.461718 0.592563 0.695660 4.254382 4.194747 13.411310
258123642807.408813 3.123084 0.564110 0.666797 1.283501 3.460906 92.928797
225137889.453832 37.761760 0.501289 0.954041 4.077013 4.922752 15.302086
92824529.466476 22.189859 0.859496 0.075660 8.374027 3.363036 9.670764
471486909.864763 9.330915 0.788618 0.048295 1.154736 3.387588 13.321734
233147832.073690 27.108292 0.412465 0.962692 2.366222 3.394925 13.952152
42253017153.606346 1.002948 0.200856 0.064069 16.146375 3.501273 53.115927
43245839.503266 39.759004 0.819160 0.714392 1.393803 3.590840 8.977999
75890153.518305 44.914464 0.144734 0.437534 9.766398 3.377519 11.272314
61125411.696771 14.032573 0.283289 1.491520 1.083305 3.881078 7.422803
83111699.888201 24.205732 0.696551 0.073453 2.112821 4.032667 9.562013
622912573.669576 5.889229 0.569287 0.064445 13.601493 3.204937 13.402381
539949486.846375 11.876833 0.015129 4.645054 1.048130 3.159219 14.724277
39597425.921910 31.343434 0.896398 0.041082 13.726044 4.512002 8.080299
47908054.926762 37.391696 0.489737 0.011804 1.645433 4.726623 9.106600
120906018.770188 36.828390 0.241406 3.743784 6.326381 4.001334 12.338014
166815587.537284 16.750303 0.416997 0.019207 3.032853 4.033162 10.866117
1366879720.779776 26.284590 0.695438 6.819840 1.021274 3.711745 24.923819
33755257747.299774 2.548205 0.304183 1.413278 4.548818 3.876158 46.716411
47733987.555416 34.663486 0.594305 0.021671 1.204364 3.784074 8.877321
64591389.837726 42.464938 0.928929 0.140791 5.888126 4.857116 10.486318
142233058.450206 13.240366 0.017098 0.309883 11.628325 3.273557 9.693094
18815949603.809357 2.036219 0.505211 0.155329 4.021202 4.410998 38.366036
392124731.387559 11.690337 0.248858 9.160440 3.492902 4.416975 13.185088
1323836006.055134 4.264922 0.524540 0.512906 4.567704 4.688947 16.481838
127715995185.447510 2.157521 0.564053 0.040921 1.443658 3.742292 72.617557
194585109.752220 37.298315 0.523698 1.149394 1.118329 4.605297 14.517986
315796665.430241 37.269687 0.357079 7.978059 2.690702 4.066285 17.056823
895756703.370835 8.628270 0.162589 0.011741 1.259014 3.034392 16.229187
219706933.091260 15.076962 0.513935 0.042014 5.357096 3.049476 11.582848
124713567.872570 23.969861 0.858378 0.126417 1.850657 3.310719 10.915409
406847062.433829 28.119387 0.562640 0.127203 12.311207 3.612830 16.986059
37473499.225095 37.558803 0.506964 0.440808 11.003357 3.835951 8.402719
226120890.784188 11.619327 0.007871 6.468871 1.512232 3.403577 10.958711
65429548.149300 24.945580 0.166391 0.035116 10.658418 4.961355 8.908627
2414718547.979872 3.550043 0.457661 0.016356 1.763960 4.407948 19.770818
114985901.723879 16.358671 0.233201 0.028351 1.033834 4.181561 9.537835
79745388.067715 12.585827 0.517188 0.139789 5.199618 3.645654 7.893183
111512532.959004 15.707555 0.305431 0.012936 1.191035 3.090515 9.339344
314491679.344502 15.922592 0.962604 0.191932 16.260722 3.212666 13.242687
104197666833.725937 2.132258 0.494075 0.028812 1.163426 3.364079 67.855796
624286965.347047 11.637006 0.201452 0.011271 15.597078 4.117777 15.379097
2501857287.787211 4.928387 0.805924 0.047922 12.881041 3.846968 20.749499
17302416445.959953 1.874411 0.135369 1.329719 6.120042 4.010363 37.366737
40842385.359973 11.142081 0.824288 0.169834 3.155767 4.390371 6.133783
74605707.322092 36.856359 0.584892 0.015251 1.539508 4.620161 10.506532
246634764.987907 18.980569 0.245312 1.492790 1.059377 4.612803 12.811024
35568975.729043 28.826125 0.660219 0.013607 14.329541 3.283095 7.596528
96202465.299544 16.111541 0.714466 0.076614 6.676592 3.031764 8.950856
133086091.625518 22.651995 0.523082 0.134438 10.670384 3.510284 10.970482
463466910.280329 36.287553 0.723147 2.998175 3.045983 3.197656 19.217807
55304653.532178 43.715688 0.779884 0.062191 7.417339 4.217037 10.053377
52749556.232510 21.889267 0.494835 0.525707 1.009954 4.008084 7.978611
91805978.227644 30.534448 0.991201 0.103323 5.498487 4.952969 10.607654
1005818466.252556 10.926480 0.066769 4.342966 7.147605 3.010432 17.764751
55475331.172149 32.631289 0.183998 0.461898 15.136008 3.673965 9.156462
160187882.677102 15.307400 0.347327 0.026769 16.836397 3.136838 10.466480
38358823.371649 22.471632 0.174927 0.140527 2.320671 3.331070 7.229753
1031034897.905561 9.381676 0.867213 0.020308 4.195117 4.297156 17.311564
62158345.850015 33.768814 0.735141 0.012111 5.026670 4.902221 9.613851
203519952.243894 9.320824 0.275441 0.414939 7.082953 3.122571 10.065580
770867395.333644 11.073354 0.116869 4.913719 2.131455 3.059608 16.307662
1273506465.386674 11.378406 0.164543 0.191024 4.477145 4.060519 19.401185
1987675953.938985 6.668926 0.790713 0.832401 1.507496 3.767778 20.148310
110220172.818251 18.111200 0.517301 0.013827 10.640192 4.247374 9.667950
97359782.346670 37.697430 0.908059 0.256776 2.041268 3.195040 11.565251
1593329989.472162 3.202524 0.163656 0.885041 4.794068 4.458101 17.075462
172920026.097871 32.355483 0.919268 0.115797 1.562613 3.884838 13.339790
55710897.372597 26.740083 0.507511 0.102461 4.876380 3.680941 8.622006
332486286.916483 26.800743 0.951665 0.162122 8.442471 4.744452 15.650125
1368981675.145319 13.977336 0.459470 0.017500 3.786720 3.315416 20.902125
409037959.795021 11.250829 0.213477 0.042763 1.255073 3.047931 13.251518
33204176.066270 18.446100 0.919176 0.061814 1.904649 3.234312 6.513957
2017494017.020264 5.947458 0.781356 0.727687 3.456813 4.500626 19.860832
124982021.233171 13.182169 0.500242 0.018163 5.666329 3.113498 9.274011
1818175250.144042 3.158162 0.380986 0.830718 1.110859 4.867738 17.826730
53813332.403146 31.724196 0.177517 0.954073 2.227950 3.846128 8.984147
56040366.977276 47.572331 0.599504 1.604089 3.154207 4.982739 10.385885
88636072.766169 38.708288 0.920354 0.467356 3.516848 3.733240 11.305404
1569162443.602459 1.205571 0.834428 0.142336 2.367400 4.654823 17.305615
119116783.494027 36.041431 0.217402 3.011975 11.019881 3.329505 12.191964
117514830.833763 29.586607 0.519679 0.829580 4.420221 4.974868 11.405417
2284432037.226418 17.674954 0.780489 2.306852 3.754266 4.305767 26.379303
52061880.910758 20.531440 0.084858 0.126629 1.087242 3.859675 7.798905
35092110.782582 16.815735 0.487198 0.205275 12.155746 3.446261 6.469273
372692864.235072 18.051394 0.850450 0.069272 10.330960 3.892106 14.497789
174557350.544501 21.330266 0.678620 0.048719 18.556974 4.274880 11.801102
312972012.763889 41.917560 0.916040 6.805479 1.007466 3.826899 17.669057
110756145.318826 28.402242 0.448299 0.183249 5.323261 4.460528 11.042578
47703313.355940 43.345299 0.304599 0.124902 4.652762 4.509338 9.543031
45704249.237388 24.076982 0.194655 2.639222 2.314001 4.181382 7.821577
386939983.415187 10.024982 0.751509 0.265295 11.938605 3.910478 12.669935
158432926.448499 4.894809 0.772787 0.122732 1.178526 4.971713 8.262927
75949550.239188 15.673201 0.970757 0.050647 2.426355 3.574075 8.212314
85512551.101412 14.628040 0.016099 0.074114 13.296195 4.542591 8.390769
451134885.950898 36.136957 0.717752 2.804646 3.116752 3.205775 19.020423
40017254.170338 21.275438 0.526992 0.151869 15.704775 3.215247 7.217231
22447913316.354733 3.451636 0.934464 0.020298 1.563014 3.059769 41.473835
771393742.980290 11.277096 0.093932 3.031469 7.993286 3.926005 16.381005
264749546.385795 17.074119 0.007317 0.045297 11.351976 4.989705 12.740576
90520656.436323 22.317143 0.878055 0.030599 1.218755 4.285059 9.606052
59113605.770281 16.154492 0.782033 0.061854 1.386620 3.227504 7.615058
