0.010000 0.003183 -0.013210 0.016315 -0.018182 0.028663 -0.020953 0.046115
0.012068 0.003953 -0.012734 0.017005 -0.018092 0.033416 -0.021524 0.052723
0.014563 0.004635 -0.012149 0.017962 -0.017963 0.038379 -0.022128 0.060836
0.017575 0.005549 -0.011630 0.019170 -0.017817 0.043954 -0.022586 0.070754
0.021210 0.006285 -0.010953 0.020264 -0.017498 0.053117 -0.023149 0.082813
0.025595 0.007247 -0.009842 0.022978 -0.017230 0.064601 -0.023838 0.098401
0.030888 0.009063 -0.009149 0.027286 -0.017158 0.076342 -0.024679 0.117452
0.037276 0.011317 -0.007882 0.034374 -0.017017 0.090333 -0.025701 0.140547
0.044984 0.014201 -0.006597 0.043723 -0.017014 0.110329 -0.026934 0.166825
0.054287 0.017077 -0.004949 0.057045 -0.016739 0.130603 -0.030368 0.196399
0.065513 0.022476 -0.002851 0.076253 -0.017482 0.158059 -0.036152 0.231855
0.079060 0.030903 0.000484 0.099138 -0.017800 0.194186 -0.042464 0.272846
0.095410 0.041990 0.004144 0.130825 -0.019474 0.242224 -0.051081 0.310969
0.115140 0.056612 0.008941 0.175187 -0.022274 0.292379 -0.062120 0.355452
0.138950 0.077799 0.013090 0.225914 -0.024587 0.364945 -0.074535 0.416118
0.167683 0.105523 0.021798 0.280685 -0.031304 0.435671 -0.089076 0.495138
0.202359 0.140719 0.030258 0.343864 -0.038891 0.516448 -0.105588 0.609163
0.244205 0.184003 0.044146 0.421292 -0.046892 0.604312 -0.120130 0.709910
0.294705 0.232104 0.056212 0.493568 -0.056218 0.679619 -0.131658 0.790835
0.355648 0.280218 0.068779 0.566717 -0.064334 0.746952 -0.143396 0.851009
0.429193 0.334992 0.089317 0.624251 -0.077172 0.807491 -0.160148 0.893315
0.517947 0.387021 0.108664 0.678035 -0.088370 0.845983 -0.170212 0.932197
0.625055 0.442400 0.119976 0.715289 -0.100932 0.878273 -0.181161 0.956020
0.754312 0.482741 0.127763 0.760241 -0.110987 0.906235 -0.188442 0.970216
0.910298 0.516106 0.137212 0.783553 -0.122081 0.925106 -0.195077 0.978534
1.098541 0.539925 0.138845 0.807389 -0.132553 0.939019 -0.200338 0.983361
1.325711 0.560468 0.143635 0.821568 -0.135927 0.946940 -0.203869 0.986146
1.599859 0.576815 0.146218 0.842768 -0.138844 0.954339 -0.206205 0.987747
1.930698 0.586344 0.148028 0.854238 -0.141347 0.963468 -0.207734 0.988666
2.329952 0.594467 0.149485 0.862277 -0.143484 0.967206 -0.208730 0.989193
2.811769 0.599710 0.150654 0.871770 -0.144759 0.971100 -0.209182 0.989495
3.393222 0.603329 0.152076 0.876947 -0.145333 0.972648 -0.209395 0.989667
4.094915 0.606020 0.152331 0.880665 -0.145671 0.977615 -0.209528 0.989766
4.941713 0.608652 0.152922 0.886863 -0.145869 0.980433 -0.209611 0.989823
5.963623 0.610440 0.153391 0.889310 -0.145985 0.982902 -0.209663 0.989856
7.196857 0.611835 0.153763 0.891051 -0.146053 0.983095 -0.209696 0.989874
8.685114 0.612921 0.154057 0.891706 -0.146092 0.983175 -0.209716 0.989884
10.481131 0.613766 0.154289 0.892239 -0.146116 0.983224 -0.209729 0.989890
12.648552 0.614423 0.154473 0.892551 -0.146129 0.983254 -0.209737 0.989894
15.264180 0.614788 0.154618 0.892562 -0.146137 0.983273 -0.209742 0.989896
18.420700 0.615331 0.154732 0.892579 -0.146142 0.984008 -0.209745 0.989897
22.229965 0.615639 0.154823 0.893856 -0.146144 0.984637 -0.209747 0.989898
26.826958 0.615879 0.154894 0.893861 -0.146146 0.985831 -0.209748 0.989898
32.374575 0.616065 0.154950 0.893864 -0.146147 0.986288 -0.209749 0.989899
39.069399 0.616209 0.154995 0.894536 -0.146147 0.986292 -0.210270 0.989899
47.148664 0.616321 0.155029 0.894589 -0.146148 0.986295 -0.210546 0.989899
56.898660 0.616408 0.155057 0.894602 -0.146148 0.986296 -0.210547 0.989899
68.664885 0.616475 0.155079 0.894622 -0.146148 0.986311 -0.210547 0.989899
82.864277 0.616527 0.155096 0.894637 -0.146148 0.986689 -0.210547 0.989899
100.000000 0.616568 0.155109 0.894649 -0.146148 0.986689 -0.210548 0.989899
