0.010000 0.355959 0.331203 0.390379 0.313878 0.433080 0.299670 0.470168
0.012068 0.355930 0.331175 0.390342 0.313852 0.433034 0.299647 0.470116
0.014563 0.355887 0.331134 0.390288 0.313815 0.432966 0.299613 0.470040
0.017575 0.355825 0.331074 0.390209 0.313760 0.432868 0.299564 0.469930
0.021210 0.355735 0.330988 0.390094 0.313681 0.432726 0.299492 0.469770
0.025595 0.355604 0.330863 0.389927 0.313566 0.432518 0.299387 0.469536
0.030888 0.355413 0.330679 0.389684 0.313398 0.432216 0.299235 0.469196
0.037276 0.355136 0.330424 0.389331 0.313154 0.431777 0.299013 0.468702
0.044984 0.354734 0.330060 0.388818 0.312800 0.431162 0.298691 0.467985
0.054287 0.354146 0.329528 0.388071 0.312283 0.430320 0.298222 0.466941
0.065513 0.353294 0.328761 0.387021 0.311534 0.429101 0.297541 0.465427
0.079060 0.352061 0.327665 0.385551 0.310449 0.427337 0.296556 0.463240
0.095410 0.350229 0.326076 0.383422 0.308878 0.424784 0.295127 0.460077
0.115140 0.347615 0.323782 0.380351 0.306609 0.420858 0.293064 0.455526
0.138950 0.343856 0.320489 0.375800 0.303399 0.415028 0.290102 0.449028
0.167683 0.338244 0.315787 0.369139 0.298991 0.407380 0.285871 0.439815
0.202359 0.330812 0.308797 0.359936 0.292438 0.396173 0.279862 0.426872
0.244205 0.320072 0.299076 0.347630 0.283424 0.381026 0.271456 0.409039
0.294705 0.305614 0.285649 0.330344 0.270948 0.361334 0.259892 0.385025
0.355648 0.285882 0.267561 0.307624 0.254115 0.334442 0.244029 0.353644
0.429193 0.260480 0.244301 0.278430 0.231993 0.300566 0.223332 0.314402
0.517947 0.229173 0.214979 0.242765 0.205247 0.259939 0.197636 0.269986
0.625055 0.192958 0.181234 0.202638 0.173645 0.214551 0.167496 0.221408
0.754312 0.153105 0.144175 0.160606 0.138905 0.167550 0.134664 0.171242
0.910298 0.114339 0.107414 0.119666 0.103578 0.122986 0.101765 0.124663
1.098541 0.079289 0.074669 0.083526 0.071299 0.085386 0.069541 0.086131
1.325711 0.051619 0.048215 0.054441 0.045537 0.056069 0.043272 0.056918
1.599859 0.031436 0.029066 0.033355 0.027278 0.034557 0.025366 0.035174
1.930698 0.017988 0.016476 0.019227 0.015330 0.020037 0.014064 0.020416
2.329952 0.009785 0.008889 0.010540 0.008200 0.011029 0.007465 0.011249
2.811769 0.005153 0.004658 0.005575 0.004271 0.005853 0.003856 0.005977
3.393222 0.002623 0.002362 0.002852 0.002157 0.002998 0.001935 0.003065
4.094915 0.001301 0.001165 0.001418 0.001061 0.001492 0.000948 0.001526
4.941713 0.000639 0.000571 0.000699 0.000519 0.000736 0.000463 0.000753
5.963623 0.000310 0.000276 0.000340 0.000251 0.000358 0.000223 0.000367
7.196857 0.000149 0.000132 0.000163 0.000120 0.000172 0.000107 0.000176
8.685114 0.000071 0.000063 0.000078 0.000057 0.000082 0.000051 0.000084
10.481131 0.000034 0.000030 0.000037 0.000027 0.000039 0.000024 0.000040
12.648552 0.000016 0.000014 0.000018 0.000013 0.000019 0.000011 0.000019
15.264180 0.000008 0.000007 0.000008 0.000006 0.000009 0.000005 0.000009
18.420700 0.000004 0.000003 0.000004 0.000003 0.000004 0.000003 0.000004
22.229965 0.000002 0.000002 0.000002 0.000001 0.000002 0.000001 0.000002
26.826958 0.000001 0.000001 0.000001 0.000001 0.000001 0.000001 0.000001
32.374575 0.000000 0.000000 0.000000 0.000000 0.000000 0.000000 0.000000
39.069399 0.000000 0.000000 0.000000 0.000000 0.000000 0.000000 0.000000
47.148664 0.000000 0.000000 0.000000 0.000000 0.000000 0.000000 0.000000
56.898660 0.000000 0.000000 0.000000 0.000000 0.000000 0.000000 0.000000
68.664885 0.000000 0.000000 0.000000 0.000000 0.000000 0.000000 0.000000
82.864277 0.000000 0.000000 0.000000 0.000000 0.000000 0.000000 0.000000
100.000000 0.000000 0.000000 0.000000 0.000000 0.000000 0.000000 0.000000
