0.010000 14.714429 13.205847 16.357086 11.785579 18.382582 10.585603 20.278102
0.012068 14.754139 13.276529 16.375293 11.880553 18.366127 10.719701 20.323195
0.014563 14.748636 13.299312 16.370596 11.895918 18.325891 10.775006 20.312350
0.017575 14.709226 13.273560 16.314479 11.912061 18.267486 10.789492 20.274480
0.021210 14.667426 13.231748 16.258693 11.893304 18.206290 10.774290 20.226488
0.025595 14.631039 13.192026 16.213697 11.859596 18.149160 10.744010 20.176738
0.030888 14.597389 13.164068 16.176013 11.821612 18.107270 10.712932 20.126966
0.037276 14.571209 13.147262 16.144543 11.785927 18.080413 10.694588 20.074281
0.044984 14.554578 13.133175 16.115655 11.763337 18.062070 10.684718 20.013026
0.054287 14.535701 13.129045 16.099086 11.755384 18.048187 10.681657 19.935786
0.065513 14.523626 13.128204 16.081406 11.752019 18.002613 10.683448 19.834419
0.079060 14.508074 13.123944 16.042804 11.747834 17.930032 10.688875 19.738334
0.095410 14.483330 13.112407 15.993151 11.747552 17.837638 10.697460 19.653545
0.115140 14.437314 13.095605 15.937636 11.760237 17.723600 10.711721 19.534737
0.138950 14.385882 13.077491 15.859219 11.778210 17.619352 10.739608 19.371065
0.167683 14.329115 13.043242 15.743734 11.776742 17.421694 10.778893 19.149933
0.202359 14.250988 13.016184 15.623941 11.771184 17.258437 10.833860 18.816340
0.244205 14.174669 13.009202 15.482052 11.763497 16.982417 10.895986 18.345633
0.294705 14.065284 12.973936 15.313766 11.813570 16.662904 10.935944 17.786567
0.355648 13.964320 12.925155 15.138596 11.865468 16.308264 11.000298 17.211529
0.429193 13.852753 12.916029 14.919667 11.924710 15.936570 11.109110 16.845560
0.517947 13.732696 12.863393 14.665377 11.955292 15.529097 11.253438 16.193252
0.625055 13.654528 12.892080 14.454401 11.988249 15.232224 11.436869 15.909776
0.754312 13.616766 12.919980 14.337275 12.150173 14.965995 11.688840 15.642660
0.910298 13.636869 12.982993 14.311041 12.281294 14.910565 11.645120 15.453365
1.098541 13.756804 13.073489 14.401756 12.417882 15.018161 11.689493 15.562913
1.325711 13.898847 13.227299 14.599239 12.478755 15.366389 11.767573 15.785307
1.599859 14.161758 13.389568 14.980795 12.574378 15.815602 11.671968 16.305119
1.930698 14.439614 13.546354 15.395277 12.629344 16.314015 11.633714 16.982246
2.329952 14.774580 13.716668 15.868707 12.770138 17.022770 11.706642 17.991715
2.811769 15.034927 13.897998 16.348893 12.862919 17.801009 11.804095 18.999993
3.393222 15.213580 13.993228 16.753352 12.943282 18.402366 11.946099 19.911926
4.094915 15.258553 13.902726 17.015011 12.916190 18.994150 11.706028 21.070484
4.941713 15.167076 13.601043 17.239292 12.678774 19.507469 11.491500 22.255774
5.963623 14.859469 13.221595 17.295104 12.264436 20.009088 11.103630 22.722294
7.196857 14.419781 12.686930 17.172240 11.428977 20.424326 10.440467 23.741401
8.685114 13.865604 11.978465 16.855614 10.601202 20.705211 9.816475 24.984608
10.481131 13.147331 11.202669 16.349883 9.881511 20.514102 8.982237 25.523336
12.648552 12.420572 10.425911 15.686117 9.128248 20.149301 8.204855 25.660046
15.264180 11.689959 9.641660 14.910577 8.368698 19.762766 7.483298 25.613908
18.420700 10.902225 8.874073 14.056185 7.659567 18.961237 6.819323 24.496297
22.229965 10.108058 8.142670 13.071198 6.989367 17.857002 6.197891 22.929648
26.826958 9.257117 7.405261 12.011537 6.347159 16.536423 5.605904 21.288096
32.374575 8.324627 6.600454 10.876281 5.565558 15.002136 4.918881 19.879182
39.069399 7.021218 5.554014 9.286075 4.556710 12.966557 3.936814 17.549923
47.148664 2.850727 2.195469 3.836412 1.655236 5.413767 1.115053 7.473225
56.898660 0.000000 0.000000 0.000000 0.000000 0.000000 0.000000 0.000000
68.664885 0.000000 0.000000 0.000000 0.000000 0.000000 0.000000 0.000000
82.864277 0.000000 0.000000 0.000000 0.000000 0.000000 0.000000 0.000000
100.000000 0.000000 0.000000 0.000000 0.000000 0.000000 0.000000 0.000000
