0.001000 0.000000 0.000000 0.000000 0.000000 0.000000 0.000000 0.000000
0.001038 0.000000 0.000000 0.000000 0.000000 0.000000 0.000000 0.000000
0.001077 0.000000 0.000000 0.000000 0.000000 0.000000 0.000000 0.000000
0.001117 0.000000 0.000000 0.000000 0.000000 0.000000 0.000000 0.000000
0.001159 0.000000 0.000000 0.000000 0.000000 0.000000 0.000000 0.000000
0.001203 0.000000 0.000000 0.000000 0.000000 0.000000 0.000000 0.000000
0.001248 0.000000 0.000000 0.000000 0.000000 0.000000 0.000000 0.000000
0.001296 0.000000 0.000000 0.000000 0.000000 0.000000 0.000000 0.000000
0.001344 0.000000 0.000000 0.000000 0.000000 0.000000 0.000000 0.000000
0.001395 0.000000 0.000000 0.000000 0.000000 0.000000 0.000000 0.000000
0.001448 0.000000 0.000000 0.000000 0.000000 0.000000 0.000000 0.000000
0.001502 0.000000 0.000000 0.000000 0.000000 0.000000 0.000000 0.000000
0.001559 0.000000 0.000000 0.000000 0.000000 0.000000 0.000000 0.000000
0.001617 0.000000 0.000000 0.000000 0.000000 0.000000 0.000000 0.000000
0.001678 0.000000 0.000000 0.000000 0.000000 0.000000 0.000000 0.000000
0.001742 0.000000 0.000000 0.000000 0.000000 0.000000 0.000000 0.000000
0.001807 0.000000 0.000000 0.000000 0.000000 0.000000 0.000000 0.000000
0.001875 0.000000 0.000000 0.000000 0.000000 0.000000 0.000000 0.000000
0.001946 0.000000 0.000000 0.000000 0.000000 0.000000 0.000000 0.000000
0.002019 0.000000 0.000000 0.000000 0.000000 0.000000 0.000000 0.000000
0.002095 0.000000 0.000000 0.000000 0.000000 0.000000 0.000000 0.000000
0.002174 0.000000 0.000000 0.000000 0.000000 0.000000 0.000000 0.000000
0.002256 0.000000 0.000000 0.000000 0.000000 0.000000 0.000000 0.000000
0.002341 0.000000 0.000000 0.000000 0.000000 0.000000 0.000000 0.000000
0.002430 0.000000 0.000000 0.000000 0.000000 0.000000 0.000000 0.000000
0.002521 0.000000 0.000000 0.000000 0.000000 0.000000 0.000000 0.000000
0.002616 0.000000 0.000000 0.000000 0.000000 0.000000 0.000000 0.000000
0.002715 0.000000 0.000000 0.000000 0.000000 0.000000 0.000000 0.000000
0.002817 0.000000 0.000000 0.000000 0.000000 0.000000 0.000000 0.000000
0.002923 0.000000 0.000000 0.000000 0.000000 0.000000 0.000000 0.000000
0.003033 0.000000 0.000000 0.000000 0.000000 0.000000 0.000000 0.000000
0.003148 0.000000 0.000000 0.000000 0.000000 0.000000 0.000000 0.000000
0.003266 0.000000 0.000000 0.000000 0.000000 0.000000 0.000000 0.000000
0.003389 0.000000 0.000000 0.000000 0.000000 0.000000 0.000000 0.000000
0.003517 0.000000 0.000000 0.000000 0.000000 0.000000 0.000000 0.000000
0.003650 0.000000 0.000000 0.000000 0.000000 0.000000 0.000000 0.000000
0.003787 0.000000 0.000000 0.000000 0.000000 0.000000 0.000000 0.000000
0.003930 0.000000 0.000000 0.000000 0.000000 0.000000 0.000000 0.000000
0.004078 0.000000 0.000000 0.000000 0.000000 0.000000 0.000000 0.000000
0.004232 0.000000 0.000000 0.000000 0.000000 0.000000 0.000000 0.000000
0.004391 0.000000 0.000000 0.000000 0.000000 0.000000 0.000000 0.000000
0.004557 0.000000 0.000000 0.000000 0.000000 0.000000 0.000000 0.000000
0.004728 0.000000 0.000000 0.000000 0.000000 0.000000 0.000000 0.000000
0.004906 0.000000 0.000000 0.000000 0.000000 0.000000 0.000000 0.000000
0.005091 0.000000 0.000000 0.000000 0.000000 0.000000 0.000000 0.000000
0.005283 0.000000 0.000000 0.000000 0.000000 0.000000 0.000000 0.000000
0.005482 0.000000 0.000000 0.000000 0.000000 0.000000 0.000000 0.000000
0.005689 0.000000 0.000000 0.000000 0.000000 0.000000 0.000000 0.000000
0.005903 0.000000 0.000000 0.000000 0.000000 0.000000 0.000000 0.000000
0.006126 0.000000 0.000000 0.000000 0.000000 0.000000 0.000000 0.000000
0.006356 0.000000 0.000000 0.000000 0.000000 0.000000 0.000000 0.000000
0.006596 0.000000 0.000000 0.000000 0.000000 0.000000 0.000000 0.000000
0.006844 0.000000 0.000000 0.000000 0.000000 0.000000 0.000000 0.000001
0.007102 0.000000 0.000000 0.000000 0.000000 0.000001 0.000000 0.000001
0.007370 0.000000 0.000000 0.000000 0.000000 0.000001 0.000000 0.000001
0.007648 0.000000 0.000000 0.000001 0.000000 0.000001 0.000000 0.000001
0.007936 0.000001 0.000000 0.000001 0.000000 0.000001 0.000000 0.000001
0.008235 0.000001 0.000001 0.000001 0.000001 0.000001 0.000000 0.000001
0.008545 0.000001 0.000001 0.000001 0.000001 0.000001 0.000001 0.000001
0.008867 0.000001 0.000001 0.000001 0.000001 0.000001 0.000001 0.000001
0.009201 0.000001 0.000001 0.000001 0.000001 0.000001 0.000001 0.000001
0.009548 0.000001 0.000001 0.000001 0.000001 0.000001 0.000001 0.000001
0.009908 0.000001 0.000001 0.000001 0.000001 0.000001 0.000001 0.000002
0.010281 0.000001 0.000001 0.000001 0.000001 0.000002 0.000001 0.000002
0.010669 0.000001 0.000001 0.000002 0.000001 0.000002 0.000001 0.000002
0.011071 0.000001 0.000001 0.000002 0.000001 0.000002 0.000001 0.000002
0.011488 0.000002 0.000001 0.000002 0.000001 0.000002 0.000001 0.000002
0.011921 0.000002 0.000002 0.000002 0.000002 0.000002 0.000001 0.000003
0.012370 0.000002 0.000002 0.000002 0.000002 0.000003 0.000002 0.000003
0.012836 0.000002 0.000002 0.000003 0.000002 0.000003 0.000002 0.000003
0.013320 0.000003 0.000002 0.000003 0.000002 0.000003 0.000002 0.000004
0.013822 0.000003 0.000003 0.000003 0.000002 0.000004 0.000002 0.000004
0.014343 0.000003 0.000003 0.000004 0.000003 0.000004 0.000003 0.000005
0.014883 0.000004 0.000003 0.000004 0.000003 0.000005 0.000003 0.000005
0.015444 0.000004 0.000004 0.000005 0.000003 0.000005 0.000003 0.000006
0.016026 0.000004 0.000004 0.000005 0.000004 0.000006 0.000004 0.000007
0.016630 0.000005 0.000004 0.000006 0.000004 0.000007 0.000004 0.000007
0.017256 0.000006 0.000005 0.000006 0.000005 0.000007 0.000004 0.000008
0.017907 0.000006 0.000006 0.000007 0.000005 0.000008 0.000005 0.000009
0.018581 0.000007 0.000006 0.000008 0.000006 0.000009 0.000006 0.000010
0.019281 0.000008 0.000007 0.000009 0.000007 0.000010 0.000006 0.000012
0.020008 0.000009 0.000008 0.000010 0.000007 0.000011 0.000007 0.000013
0.020762 0.000010 0.000009 0.000011 0.000008 0.000013 0.000008 0.000014
0.021544 0.000011 0.000010 0.000012 0.000009 0.000014 0.000009 0.000016
0.022356 0.000012 0.000011 0.000014 0.000010 0.000016 0.000010 0.000018
0.023199 0.000013 0.000012 0.000015 0.000011 0.000018 0.000011 0.000020
0.024073 0.000015 0.000014 0.000017 0.000013 0.000020 0.000012 0.000022
0.024980 0.000017 0.000015 0.000019 0.000014 0.000022 0.000014 0.000025
0.025921 0.000019 0.000017 0.000022 0.000016 0.000025 0.000015 0.000028
0.026898 0.000021 0.000019 0.000024 0.000018 0.000028 0.000017 0.000031
0.027911 0.000023 0.000021 0.000027 0.000020 0.000031 0.000019 0.000035
0.028963 0.000026 0.000024 0.000030 0.000022 0.000035 0.000021 0.000039
0.030055 0.000029 0.000026 0.000034 0.000025 0.000039 0.000024 0.000044
0.031187 0.000033 0.000030 0.000037 0.000028 0.000043 0.000026 0.000049
0.032362 0.000036 0.000033 0.000042 0.000031 0.000049 0.000029 0.000054
0.033582 0.000041 0.000037 0.000047 0.000035 0.000054 0.000033 0.000061
0.034847 0.000046 0.000041 0.000052 0.000039 0.000061 0.000037 0.000068
0.036160 0.000051 0.000046 0.000058 0.000043 0.000068 0.000041 0.000076
0.037523 0.000057 0.000052 0.000065 0.000048 0.000076 0.000046 0.000085
0.038937 0.000063 0.000058 0.000073 0.000054 0.000084 0.000051 0.000095
0.040404 0.000071 0.000064 0.000081 0.000060 0.000094 0.000057 0.000106
0.041927 0.000079 0.000072 0.000091 0.000067 0.000105 0.000064 0.000118
0.043507 0.000088 0.000080 0.000102 0.000075 0.000118 0.000071 0.000132
0.045146 0.000099 0.000090 0.000113 0.000084 0.000131 0.000080 0.000148
0.046847 0.000110 0.000100 0.000127 0.000094 0.000147 0.000089 0.000165
0.048612 0.000123 0.000112 0.000142 0.000105 0.000164 0.000100 0.000184
0.050444 0.000138 0.000125 0.000158 0.000117 0.000183 0.000111 0.000206
0.052345 0.000154 0.000140 0.000177 0.000131 0.000205 0.000124 0.000230
0.054317 0.000172 0.000156 0.000197 0.000146 0.000229 0.000139 0.000257
0.056364 0.000192 0.000174 0.000220 0.000163 0.000255 0.000155 0.000287
0.058488 0.000215 0.000195 0.000246 0.000182 0.000285 0.000173 0.000320
0.060692 0.000240 0.000217 0.000275 0.000204 0.000319 0.000193 0.000357
0.062979 0.000268 0.000243 0.000307 0.000227 0.000356 0.000216 0.000399
0.065352 0.000299 0.000271 0.000343 0.000254 0.000397 0.000241 0.000446
0.067815 0.000334 0.000303 0.000383 0.000284 0.000444 0.000270 0.000498
0.070370 0.000373 0.000338 0.000428 0.000317 0.000495 0.000301 0.000556
0.073022 0.000416 0.000378 0.000478 0.000354 0.000553 0.000336 0.000621
0.075774 0.000465 0.000422 0.000533 0.000395 0.000618 0.000375 0.000693
0.078629 0.000519 0.000471 0.000596 0.000441 0.000690 0.000419 0.000774
0.081592 0.000580 0.000526 0.000665 0.000493 0.000770 0.000468 0.000864
0.084666 0.000647 0.000587 0.000743 0.000550 0.000860 0.000523 0.000965
0.087857 0.000723 0.000656 0.000829 0.000614 0.000960 0.000584 0.001077
0.091167 0.000807 0.000732 0.000926 0.000686 0.001071 0.000652 0.001202
0.094603 0.000901 0.000818 0.001033 0.000766 0.001196 0.000728 0.001341
0.098168 0.001006 0.000913 0.001153 0.000855 0.001335 0.000812 0.001497
0.101867 0.001123 0.001019 0.001287 0.000954 0.001490 0.000907 0.001670
0.105705 0.001253 0.001137 0.001437 0.001065 0.001662 0.001012 0.001864
0.109688 0.001399 0.001269 0.001603 0.001189 0.001855 0.001130 0.002079
0.113822 0.001561 0.001416 0.001789 0.001327 0.002069 0.001261 0.002320
0.118111 0.001741 0.001580 0.001996 0.001481 0.002308 0.001407 0.002587
0.122561 0.001942 0.001763 0.002227 0.001653 0.002575 0.001570 0.002886
0.127180 0.002167 0.001967 0.002484 0.001844 0.002872 0.001751 0.003218
0.131972 0.002418 0.002194 0.002770 0.002057 0.003202 0.001954 0.003588
0.136945 0.002696 0.002448 0.003089 0.002295 0.003570 0.002179 0.003999
0.142105 0.003006 0.002729 0.003444 0.002560 0.003980 0.002430 0.004458
0.147460 0.003351 0.003044 0.003839 0.002854 0.004436 0.002710 0.004967
0.153017 0.003735 0.003393 0.004279 0.003183 0.004943 0.003022 0.005534
0.158783 0.004163 0.003783 0.004769 0.003549 0.005507 0.003369 0.006165
0.164766 0.004638 0.004216 0.005313 0.003956 0.006134 0.003755 0.006865
0.170975 0.005168 0.004699 0.005919 0.004409 0.006831 0.004184 0.007643
0.177417 0.005757 0.005234 0.006592 0.004912 0.007606 0.004662 0.008508
0.184103 0.006413 0.005830 0.007339 0.005473 0.008466 0.005193 0.009467
0.191040 0.007141 0.006492 0.008170 0.006096 0.009420 0.005783 0.010531
0.198239 0.007951 0.007227 0.009091 0.006788 0.010479 0.006439 0.011711
0.205709 0.008849 0.008043 0.010114 0.007555 0.011650 0.007167 0.013018
0.213460 0.009846 0.008949 0.011250 0.008407 0.012949 0.007976 0.014467
0.221504 0.010951 0.009954 0.012508 0.009352 0.014386 0.008873 0.016069
0.229851 0.012178 0.011072 0.013903 0.010400 0.015976 0.009867 0.017842
0.238512 0.013534 0.012312 0.015446 0.011560 0.017733 0.010969 0.019802
0.247499 0.015038 0.013685 0.017152 0.012846 0.019675 0.012190 0.021965
0.256826 0.016691 0.015203 0.019033 0.014269 0.021819 0.013543 0.024353
0.266503 0.018531 0.016881 0.021110 0.015847 0.024194 0.015040 0.026986
0.276546 0.020555 0.018732 0.023402 0.017593 0.026816 0.016695 0.029885
0.286967 0.022793 0.020772 0.025935 0.019523 0.029705 0.018524 0.033075
0.297780 0.025261 0.023027 0.028724 0.021653 0.032886 0.020542 0.036581
0.309001 0.027976 0.025522 0.031794 0.024003 0.036379 0.022768 0.040431
0.320645 0.030955 0.028272 0.035169 0.026591 0.040174 0.025221 0.044652
0.332727 0.034243 0.031299 0.038875 0.029432 0.044329 0.027921 0.049274
0.345265 0.037864 0.034620 0.042920 0.032555 0.048873 0.030890 0.054330
0.358275 0.041816 0.038264 0.047336 0.035983 0.053835 0.034152 0.059850
0.371776 0.046147 0.042262 0.052160 0.039744 0.059244 0.037730 0.065870
0.385785 0.050906 0.046648 0.057424 0.043862 0.065131 0.041651 0.072423
0.400322 0.056086 0.051441 0.063183 0.048367 0.071578 0.045942 0.079545
0.415407 0.061738 0.056672 0.069495 0.053291 0.078591 0.050632 0.087271
0.431060 0.067887 0.062375 0.076361 0.058674 0.086195 0.055748 0.095637
0.447304 0.074587 0.068569 0.083780 0.064530 0.094425 0.061323 0.104678
0.464159 0.081854 0.075289 0.091851 0.070904 0.103410 0.067386 0.114428
0.481649 0.089730 0.082558 0.100580 0.077823 0.112973 0.073969 0.124919
0.499799 0.098278 0.090439 0.110002 0.085322 0.123191 0.081104 0.136184
0.518632 0.107460 0.099030 0.120080 0.093431 0.134243 0.088822 0.148250
0.538175 0.117339 0.108286 0.130946 0.102184 0.146213 0.097154 0.161142
0.558455 0.127948 0.118195 0.142474 0.111611 0.159068 0.106130 0.174882
0.579498 0.139394 0.128815 0.154749 0.121702 0.172789 0.115777 0.189488
0.601335 0.151577 0.140184 0.167817 0.132502 0.187396 0.126124 0.204971
0.623994 0.164702 0.152363 0.181842 0.144168 0.202904 0.137192 0.221265
0.647508 0.178564 0.165371 0.196850 0.156481 0.219325 0.149005 0.238381
0.671907 0.193173 0.179342 0.212767 0.169456 0.236363 0.161578 0.256352
0.697226 0.208781 0.193893 0.229363 0.183445 0.254396 0.174925 0.275161
0.723499 0.225271 0.209312 0.246879 0.198325 0.272925 0.189055 0.294785
0.750762 0.242427 0.225720 0.265235 0.213889 0.292616 0.203971 0.315195
0.779052 0.260465 0.242927 0.284189 0.230054 0.312853 0.219670 0.336351
0.808408 0.279484 0.260961 0.304546 0.247167 0.334186 0.236144 0.358210
0.838870 0.299453 0.279777 0.325369 0.264898 0.356559 0.253378 0.380718
0.870480 0.320018 0.299049 0.346886 0.283445 0.379668 0.271350 0.403817
0.903282 0.341514 0.319291 0.369220 0.302863 0.402629 0.290031 0.427441
0.937319 0.363272 0.339710 0.392171 0.322590 0.426874 0.309372 0.451520
0.972639 0.385922 0.360786 0.415391 0.342914 0.451017 0.329129 0.475980
1.009290 0.408962 0.383375 0.439659 0.363835 0.475859 0.349440 0.500742
1.047322 0.432684 0.405626 0.463766 0.385100 0.501872 0.370252 0.525724
1.086787 0.456886 0.428379 0.488569 0.406936 0.527300 0.391503 0.550844
1.127740 0.481411 0.451640 0.513409 0.429168 0.553451 0.413129 0.576030
1.170235 0.506285 0.474879 0.538556 0.451692 0.579281 0.435064 0.602652
1.214332 0.531245 0.498397 0.564068 0.474563 0.605813 0.457235 0.629267
1.260090 0.556486 0.521706 0.589476 0.497997 0.631402 0.479571 0.655790
1.307573 0.581355 0.545821 0.614914 0.521272 0.657481 0.501997 0.682136
1.356845 0.606519 0.569292 0.640519 0.544376 0.683781 0.524439 0.708225
1.407973 0.631723 0.592985 0.665890 0.567177 0.708748 0.546826 0.733328
1.461028 0.656411 0.616613 0.690738 0.590239 0.733851 0.569085 0.758948
1.516083 0.681137 0.639658 0.715172 0.612753 0.758751 0.591148 0.784107
1.573212 0.705385 0.662421 0.740702 0.634831 0.783381 0.612950 0.808562
1.632493 0.728415 0.685302 0.764269 0.656772 0.807605 0.634429 0.832328
1.694009 0.750912 0.706621 0.788009 0.678057 0.831242 0.655528 0.855463
1.757842 0.772950 0.727525 0.811639 0.698468 0.854245 0.676196 0.877926
1.824081 0.794753 0.748090 0.834653 0.719158 0.876311 0.696385 0.899684
1.892816 0.816274 0.768323 0.856178 0.739529 0.897518 0.716055 0.920710
1.964141 0.836620 0.787650 0.877465 0.758341 0.918280 0.735169 0.940981
2.038154 0.856594 0.806478 0.898225 0.776512 0.937887 0.753697 0.960484
2.114955 0.876060 0.824957 0.918849 0.794322 0.956959 0.771615 0.979208
2.194651 0.895102 0.842210 0.938162 0.811382 0.975619 0.788902 0.997150
2.277350 0.913127 0.858209 0.956719 0.827360 0.993487 0.805546 1.014310
2.363165 0.930272 0.874798 0.973868 0.843045 1.010576 0.821535 1.030693
2.452213 0.947260 0.890329 0.991006 0.857733 1.026393 0.836867 1.046307
2.544617 0.963151 0.904239 1.007696 0.871979 1.041671 0.851538 1.061589
2.640503 0.977835 0.918375 1.023300 0.885531 1.056542 0.865554 1.076174
2.740003 0.991835 0.931236 1.038148 0.898145 1.071184 0.878919 1.090020
2.843251 1.005216 0.944340 1.051950 0.910329 1.084469 0.891643 1.103148
2.950391 1.017852 0.956387 1.065346 0.921633 1.096785 0.903739 1.115577
3.061567 1.029285 0.966861 1.077729 0.932279 1.108962 0.915220 1.127331
3.176933 1.040767 0.977555 1.089491 0.942667 1.120949 0.926103 1.138432
3.296646 1.051558 0.987858 1.100999 0.952227 1.132097 0.936406 1.148906
3.420870 1.061522 0.997344 1.111579 0.961216 1.142084 0.946147 1.158778
3.549775 1.070783 1.006613 1.121419 0.969797 1.151533 0.955346 1.168074
3.683537 1.079664 1.015351 1.130761 0.977875 1.160405 0.964024 1.177097
3.822340 1.088314 1.023580 1.140191 0.985493 1.168747 0.972202 1.185781
3.966373 1.096271 1.031326 1.148932 0.992650 1.176885 0.979591 1.193941
4.115834 1.103527 1.038841 1.157631 0.999374 1.184840 0.986188 1.201297
4.270926 1.110198 1.045436 1.165453 1.005688 1.192326 0.992853 1.207968
4.431863 1.116702 1.051622 1.172650 1.011618 1.199176 0.999315 1.214542
4.598864 1.122610 1.057284 1.179143 1.017164 1.205581 1.005380 1.220897
4.772158 1.127550 1.063288 1.185712 1.022151 1.211525 1.011068 1.226848
4.951983 1.133149 1.068587 1.191584 1.026700 1.217560 1.016398 1.232419
5.138583 1.138343 1.073573 1.196648 1.031042 1.223390 1.020972 1.237630
5.332215 1.143211 1.077294 1.201932 1.035343 1.228846 1.025210 1.242503
5.533143 1.147696 1.080852 1.206875 1.039371 1.233972 1.029172 1.247056
5.741642 1.151844 1.085148 1.211535 1.043048 1.238850 1.032875 1.251311
5.957999 1.155828 1.088545 1.215632 1.046607 1.243180 1.036334 1.255283
6.182508 1.159357 1.091842 1.219201 1.049747 1.247059 1.039563 1.258991
6.415476 1.162621 1.095257 1.222808 1.052651 1.250392 1.042577 1.262452
6.657224 1.165954 1.098182 1.226331 1.055507 1.253829 1.045389 1.265679
6.908081 1.168723 1.100801 1.229530 1.058171 1.257169 1.048012 1.268689
7.168391 1.171455 1.103435 1.232628 1.060655 1.260285 1.050458 1.271495
7.438510 1.174064 1.106036 1.235543 1.062971 1.263131 1.052738 1.274110
7.718807 1.176402 1.108460 1.238208 1.065129 1.265578 1.054863 1.276547
8.009667 1.178471 1.110577 1.240691 1.067140 1.267858 1.056843 1.278817
8.311487 1.180507 1.112617 1.243042 1.069013 1.269981 1.058592 1.280931
8.624680 1.182402 1.114326 1.245232 1.070757 1.271959 1.060214 1.282900
8.949674 1.184167 1.116188 1.247265 1.072381 1.273799 1.061723 1.284733
9.286915 1.185734 1.117921 1.249207 1.073894 1.275513 1.063129 1.286439
9.636864 1.187219 1.119535 1.250935 1.075301 1.277108 1.064437 1.288026
10.000000 1.188573 1.121038 1.252477 1.076611 1.278633 1.065654 1.289504
