0.010000 -0.001583 -0.013500 0.013183 -0.019418 0.019003 -0.020238 0.023458
0.012068 -0.001443 -0.013437 0.013247 -0.019366 0.019035 -0.020251 0.024718
0.014563 -0.001368 -0.013205 0.013352 -0.019316 0.019138 -0.020269 0.026255
0.017575 -0.001116 -0.012930 0.013561 -0.019146 0.019438 -0.020459 0.028130
0.021210 -0.000666 -0.012815 0.014027 -0.019127 0.019713 -0.020780 0.030413
0.025595 -0.000438 -0.012638 0.014466 -0.019097 0.020256 -0.021173 0.033666
0.030888 -0.000126 -0.012377 0.015036 -0.019255 0.021584 -0.021656 0.037213
0.037276 0.000566 -0.012196 0.015370 -0.019013 0.023651 -0.022246 0.041142
0.044984 0.001685 -0.011984 0.016175 -0.019152 0.026450 -0.022965 0.045812
0.054287 0.002592 -0.011830 0.017010 -0.019046 0.030930 -0.024057 0.051378
0.065513 0.003443 -0.011306 0.018176 -0.018877 0.037698 -0.025090 0.061682
0.079060 0.004360 -0.010821 0.019290 -0.018814 0.044874 -0.026355 0.075492
0.095410 0.005589 -0.010483 0.023124 -0.018808 0.054128 -0.027899 0.087382
0.115140 0.007248 -0.009640 0.028526 -0.018724 0.065220 -0.029777 0.101157
0.138950 0.008671 -0.008520 0.034684 -0.018716 0.080457 -0.032051 0.124708
0.167683 0.010625 -0.007611 0.042305 -0.018875 0.096320 -0.034790 0.153527
0.202359 0.013407 -0.007069 0.052250 -0.020594 0.118030 -0.040361 0.186964
0.244205 0.017571 -0.006504 0.065766 -0.025275 0.142556 -0.049765 0.225110
0.294705 0.023755 -0.005308 0.083731 -0.032122 0.173596 -0.060170 0.267798
0.355648 0.031416 -0.004209 0.108082 -0.039082 0.212728 -0.076597 0.314556
0.429193 0.045141 -0.004148 0.136367 -0.047038 0.255100 -0.093910 0.363350
0.517947 0.061926 -0.004624 0.172980 -0.057583 0.299826 -0.104086 0.416459
0.625055 0.083081 -0.005156 0.211123 -0.072619 0.355663 -0.115192 0.469815
0.754312 0.108171 -0.007045 0.251321 -0.087393 0.410456 -0.132680 0.522011
0.910298 0.136428 -0.009898 0.292522 -0.102705 0.468147 -0.149878 0.578528
1.098541 0.169545 -0.013368 0.340327 -0.117497 0.528093 -0.164598 0.638677
1.325711 0.198814 -0.014288 0.401098 -0.130895 0.581060 -0.180060 0.745563
1.599859 0.226559 -0.014634 0.453849 -0.142533 0.628137 -0.191977 0.830484
1.930698 0.251887 -0.014901 0.508232 -0.155779 0.677078 -0.200714 0.864568
2.329952 0.271120 -0.015165 0.544417 -0.164101 0.717670 -0.206886 0.886523
2.811769 0.291196 -0.016173 0.573883 -0.167468 0.764619 -0.211133 0.904784
3.393222 0.301237 -0.017157 0.610921 -0.173853 0.805922 -0.214003 0.928586
4.094915 0.313635 -0.018000 0.640667 -0.178651 0.832722 -0.215919 0.944594
4.941713 0.323693 -0.018709 0.652701 -0.183866 0.853018 -0.217086 0.955204
5.963623 0.330593 -0.019294 0.663687 -0.187615 0.878011 -0.217410 0.962167
7.196857 0.337190 -0.019771 0.667938 -0.188264 0.895911 -0.218262 0.966708
8.685114 0.341540 -0.020156 0.674488 -0.188754 0.905797 -0.218929 0.971945
10.481131 0.342042 -0.020463 0.681832 -0.190079 0.916061 -0.219355 0.976914
12.648552 0.345366 -0.020707 0.692857 -0.191713 0.921757 -0.219768 0.980001
15.264180 0.347726 -0.020899 0.694569 -0.192867 0.924467 -0.220066 0.981912
18.420700 0.348757 -0.021050 0.696780 -0.193366 0.927001 -0.220280 0.984043
22.229965 0.348851 -0.021168 0.698568 -0.193506 0.933955 -0.220434 0.984105
26.826958 0.350517 -0.021260 0.703490 -0.193535 0.935805 -0.220544 0.984272
32.374575 0.351572 -0.021332 0.703548 -0.193553 0.936262 -0.220624 0.984670
39.069399 0.352190 -0.021388 0.703582 -0.193564 0.939346 -0.220681 0.985470
47.148664 0.352652 -0.021431 0.706028 -0.193571 0.942657 -0.220722 0.986312
56.898660 0.352850 -0.021465 0.707117 -0.193576 0.943247 -0.220751 0.986925
68.664885 0.353035 -0.021491 0.707448 -0.193579 0.946027 -0.220772 0.987369
82.864277 0.353084 -0.021511 0.707697 -0.193580 0.948942 -0.220787 0.987693
100.000000 0.353151 -0.021526 0.707884 -0.193581 0.950394 -0.220798 0.987927
