0.010000 -0.461612 -0.821314 -0.155708 -0.977536 -0.037901 -1.003786 -0.005002
0.012068 -0.467058 -0.839186 -0.160094 -0.980698 -0.043061 -1.004598 -0.005180
0.014563 -0.473642 -0.850421 -0.163907 -0.988015 -0.044658 -1.005574 -0.005394
0.017575 -0.478911 -0.868253 -0.168240 -1.001865 -0.047584 -1.022279 -0.005656
0.021210 -0.486587 -0.880998 -0.170961 -1.019638 -0.049520 -1.052839 -0.005978
0.025595 -0.495588 -0.892660 -0.179235 -1.027107 -0.051854 -1.061858 -0.006403
0.030888 -0.501288 -0.915403 -0.185896 -1.030930 -0.053468 -1.059552 -0.007044
0.037276 -0.523228 -0.935266 -0.192814 -1.028810 -0.057724 -1.061610 -0.007820
0.044984 -0.541349 -0.953872 -0.200413 -1.031365 -0.064145 -1.065029 -0.008759
0.054287 -0.548458 -0.981800 -0.210268 -1.038477 -0.070229 -1.064101 -0.009897
0.065513 -0.566433 -1.000025 -0.222288 -1.043161 -0.076908 -1.068616 -0.011279
0.079060 -0.588132 -1.005811 -0.233188 -1.049752 -0.081320 -1.083803 -0.012956
0.095410 -0.604645 -1.010613 -0.245389 -1.052702 -0.088581 -1.085711 -0.014996
0.115140 -0.624773 -1.013254 -0.267802 -1.066208 -0.098827 -1.108134 -0.017480
0.138950 -0.647497 -1.018089 -0.286464 -1.070219 -0.113375 -1.134097 -0.020511
0.167683 -0.677759 -1.025479 -0.310627 -1.081780 -0.128017 -1.138168 -0.024988
0.202359 -0.714489 -1.033539 -0.341312 -1.101237 -0.147678 -1.170110 -0.031177
0.244205 -0.746078 -1.042322 -0.371899 -1.116918 -0.164792 -1.222141 -0.039493
0.294705 -0.784043 -1.051977 -0.406935 -1.139410 -0.183281 -1.242310 -0.050742
0.355648 -0.826262 -1.066133 -0.440347 -1.171354 -0.203983 -1.252115 -0.066046
0.429193 -0.869612 -1.086524 -0.482577 -1.208939 -0.225303 -1.311604 -0.086949
0.517947 -0.927572 -1.114025 -0.526008 -1.246461 -0.263435 -1.350498 -0.115548
0.625055 -0.988460 -1.146562 -0.577213 -1.292438 -0.291920 -1.389999 -0.145622
0.754312 -1.037345 -1.186743 -0.633974 -1.342554 -0.333346 -1.471089 -0.179333
0.910298 -1.066453 -1.240919 -0.704892 -1.410736 -0.394451 -1.558604 -0.199933
1.098541 -1.096889 -1.295871 -0.790542 -1.478185 -0.478915 -1.648206 -0.219859
1.325711 -1.142930 -1.371953 -0.877575 -1.569490 -0.569381 -1.738733 -0.245203
1.599859 -1.204158 -1.457589 -0.967386 -1.693124 -0.644004 -1.864640 -0.277628
1.930698 -1.280249 -1.551319 -1.062942 -1.800333 -0.710097 -1.982900 -0.347817
2.329952 -1.366063 -1.676659 -1.113160 -1.921209 -0.807544 -3.104020 -0.443143
2.811769 -1.469358 -1.824635 -1.163305 -2.668129 -0.917285 -4.350669 -0.538423
3.393222 -1.604362 -2.045138 -1.240648 -3.810428 -1.054768 -4.643250 -0.637795
4.094915 -1.814440 -3.104351 -1.338506 -4.499439 -1.133877 -4.980870 -0.938353
4.941713 -2.063528 -3.617868 -1.499224 -4.609114 -1.175033 -4.980870 -1.103280
5.963623 -2.434808 -4.000707 -1.728895 -4.741461 -1.263059 -4.980870 -1.166282
7.196857 -3.092694 -4.283255 -1.958281 -4.806411 -1.369182 -4.980870 -1.224457
8.685114 -3.330604 -4.375490 -2.165165 -4.859729 -1.481838 -4.980870 -1.264729
10.481131 -3.539323 -4.475918 -2.385940 -4.911589 -1.608564 -4.996937 -1.385324
12.648552 -3.720734 -4.539706 -2.771398 -4.922587 -1.778448 -4.996937 -1.486244
15.264180 -3.865583 -4.589730 -3.139798 -4.931634 -2.332787 -4.998418 -1.698452
18.420700 -3.934406 -4.608912 -3.257842 -4.936124 -2.860216 -4.998418 -1.866184
22.229965 -3.963388 -4.620341 -3.304181 -4.944388 -3.064445 -4.998418 -3.013500
26.826958 -3.963388 -4.620341 -3.304181 -4.944388 -3.064445 -4.998418 -3.013500
32.374575 -3.963388 -4.620341 -3.304181 -4.944388 -3.064445 -4.998418 -3.013500
39.069399 -3.963388 -4.620341 -3.304181 -4.944388 -3.064445 -4.998418 -3.013500
47.148664 -3.963388 -4.620341 -3.304181 -4.944388 -3.064445 -4.998418 -3.013500
56.898660 -3.963388 -4.620341 -3.304181 -4.944388 -3.064445 -4.998418 -3.013500
68.664885 -3.963388 -4.620341 -3.304181 -4.944388 -3.064445 -4.998418 -3.013500
82.864277 -3.963388 -4.620341 -3.304181 -4.944388 -3.064445 -4.998418 -3.013500
100.000000 -3.963388 -4.620341 -3.304181 -4.944388 -3.064445 -4.998418 -3.013500
