0.010000 324527511.525784 73097032.385627 1275200031.686857 26293643.644247 1970609251.454814 14005349.499113 2742182278.468600
0.012068 300055154.379547 69306699.989903 1094560151.970264 26063127.007894 1659368149.923577 13991962.708215 2301120990.628296
0.014563 273736980.323682 67162975.735301 946944502.058751 25607009.792113 1382245691.280950 13978079.758573 1937079661.948384
0.017575 248762473.912403 64375707.625607 809369005.288815 25121533.715013 1160382821.207706 13963587.145923 1667544316.017449
0.021210 228147385.184565 61677960.999965 685665966.129028 24779251.993400 982833877.931804 13948343.649194 1423729223.228318
0.025595 205671193.927248 59250256.766410 580483742.032402 24496531.018843 832056518.503646 13932172.686775 1207637908.240705
0.030888 182366531.627714 56905397.812557 493240789.667333 24128070.997115 701195316.990823 13914852.156415 1015431657.566066
0.037276 165312039.333603 54064529.872541 415336274.562252 23767297.348859 595206749.737081 13892459.003204 847480048.389993
0.044984 152103939.913563 51225269.813258 349060125.399267 23383080.709164 498243016.112794 13745224.271909 700773013.423350
0.054287 138159480.437312 48309183.260006 294791355.637813 23098129.141753 413290303.469794 13457418.502198 575467236.449613
0.065513 123950482.010826 45849458.140339 248133055.354586 22670825.779891 343039311.090202 13066443.576447 470658955.055855
0.079060 112161456.485009 43461033.462672 210444998.785063 21852100.072254 285444855.277310 12683792.502518 384285533.457976
0.095410 100282288.831838 40593602.512703 176352261.421281 21370368.301777 240534197.024077 12308753.081133 313565793.237999
0.115140 87675809.255235 38215535.409109 148035162.678724 20728784.804740 200554326.540051 12257923.947377 256898698.222299
0.138950 78044245.269776 36026342.224908 122956538.184664 20095922.454217 164105639.257133 12214351.392128 210379105.852789
0.167683 69427404.272441 33632890.490637 103323621.216437 19468855.170902 137727217.499992 12075808.395751 171919927.717896
0.202359 59973521.634253 31507761.777617 85836560.546840 18724358.635455 112792262.541754 11778920.619210 140113229.153769
0.244205 52345625.948610 29222378.023754 71250491.224353 18090056.840030 92453771.695610 11482471.041748 113821078.930583
0.294705 44883290.522164 27285899.424281 59475122.120427 17454202.723402 77142798.363004 11185301.369927 92976247.305366
0.355648 37954828.564550 24971218.313772 49162611.744550 16761157.443329 62357205.371624 10886049.488032 74392444.939301
0.429193 32209749.938739 22813427.956323 40445195.452847 15951572.368689 49965053.591738 10583104.852717 59456141.543780
0.517947 27355482.941455 20627246.823875 33493840.480347 14978010.157811 40152069.067424 10274553.996107 47347689.824755
0.625055 22935820.310267 18229347.586756 27279411.898127 13840472.045285 32010901.222370 9958114.562704 37434964.605312
0.754312 19084666.822570 15705767.574489 22269542.791328 12792811.722735 25603487.977500 9631056.928778 29204981.824359
0.910298 15819243.020903 13551568.390935 18081569.406475 11475106.535226 20704671.782741 9290114.232876 22905852.828411
1.098541 13006782.139639 11402789.158005 14606106.504176 9876558.873517 16356312.874736 7681115.308781 18023247.213259
1.325711 10519972.212163 9326806.841192 11826453.440315 8284621.998727 13305121.234183 7076634.659192 14461224.149932
1.599859 8397749.759663 7440957.850399 9631607.639278 6631749.346486 10921493.801981 5659974.698604 12068213.633326
1.930698 6622325.557172 5739195.266838 7778398.469658 5059598.180296 9057115.872136 4297445.835062 10089078.987853
2.329952 5123863.113709 4365389.090712 6238996.908548 3707504.291963 7502687.610155 3440114.359748 8568204.941552
2.811769 3938943.531483 3241961.537196 4859953.408728 2662510.420462 6235956.364190 2378167.241624 7094284.735057
3.393222 2923670.986120 2266143.660887 3759503.996118 1802650.898392 4883179.910743 1571003.216454 6045067.434306
4.094915 2075605.951008 1500758.271480 2740431.537807 1176149.527372 3586080.112607 747207.869195 5092334.693552
4.941713 1371566.864164 897320.045134 1955795.729225 658668.500565 2642624.606922 314719.016878 3689308.493508
5.963623 854473.636480 506945.852690 1347675.923276 321191.763316 1886416.593612 132557.570213 2651353.077831
7.196857 485417.181749 263826.621790 889358.408830 146526.610699 1351763.568249 56916.710607 1825029.896891
8.685114 267996.819083 129829.160261 548317.727978 62466.928982 986687.143335 25123.673123 1410678.943703
10.481131 140012.657481 62735.837561 319405.827298 27161.471989 680288.298636 11089.870522 1063421.260442
12.648552 71673.507645 29714.965860 179541.861746 11387.346708 469806.987123 4895.192976 676547.402396
15.264180 35439.796083 13953.941027 92479.505625 4621.075882 297678.989784 2160.792971 405155.356082
18.420700 17410.205111 6074.088344 46795.864403 1920.087456 148728.272362 878.302407 233119.841873
22.229965 8616.659227 2719.991144 22553.409126 779.897154 71782.584002 344.383593 129195.731685
26.826958 4207.795416 1205.022004 10820.604685 337.440001 33488.712306 135.033285 64775.792438
32.374575 2028.054280 531.512857 5464.980521 140.468573 16437.792829 55.301699 32477.104555
39.069399 982.310219 235.660161 2759.867375 58.782575 7770.632773 23.292710 17669.664733
47.148664 474.711839 99.936128 1397.884539 24.795000 3990.997374 9.808086 9790.807960
56.898660 228.608170 42.812982 722.071697 10.097665 2089.818736 3.893698 5425.112585
68.664885 109.085318 18.424955 376.419605 4.139316 1060.565331 1.545753 3006.069231
82.864277 50.985848 8.023838 194.355591 1.740954 558.941750 0.613646 1665.670911
100.000000 24.376371 3.456447 101.723293 0.732228 296.641975 0.243611 922.952657
