0.010000 0.001733 0.000364 0.007955 0.000049 0.046462 0.000004 0.159386
0.012068 0.002098 0.000457 0.009598 0.000061 0.052967 0.000005 0.175166
0.014563 0.002538 0.000575 0.011320 0.000077 0.060759 0.000007 0.190534
0.017575 0.003077 0.000714 0.013255 0.000098 0.069728 0.000009 0.206200
0.021210 0.003707 0.000884 0.015256 0.000122 0.077242 0.000011 0.222008
0.025595 0.004528 0.001089 0.017763 0.000149 0.090195 0.000014 0.237795
0.030888 0.005451 0.001325 0.020832 0.000184 0.101018 0.000018 0.253399
0.037276 0.006614 0.001655 0.024551 0.000236 0.115017 0.000023 0.268666
0.044984 0.008019 0.002061 0.028778 0.000294 0.129674 0.000030 0.284269
0.054287 0.009424 0.002503 0.033967 0.000354 0.144505 0.000038 0.304293
0.065513 0.011343 0.003056 0.039151 0.000442 0.158891 0.000048 0.324101
0.079060 0.013843 0.003734 0.045636 0.000547 0.176810 0.000061 0.343477
0.095410 0.016236 0.004549 0.052766 0.000679 0.196399 0.000078 0.362246
0.115140 0.019200 0.005543 0.060105 0.000833 0.217526 0.000098 0.380253
0.138950 0.022763 0.006753 0.069666 0.001015 0.232874 0.000124 0.397372
0.167683 0.027357 0.008180 0.081376 0.001233 0.251166 0.000156 0.413505
0.202359 0.032308 0.010132 0.093752 0.001494 0.269839 0.000194 0.428584
0.244205 0.038647 0.012409 0.106783 0.001801 0.288404 0.000242 0.442571
0.294705 0.045813 0.014871 0.121112 0.002177 0.306672 0.000300 0.455452
0.355648 0.053392 0.017474 0.135326 0.002613 0.322727 0.000365 0.467237
0.429193 0.062178 0.020602 0.149614 0.003123 0.333682 0.000442 0.477955
0.517947 0.071909 0.024020 0.165087 0.003714 0.347081 0.000530 0.487649
0.625055 0.082717 0.027658 0.182680 0.004389 0.367036 0.000627 0.496375
0.754312 0.094853 0.030863 0.200887 0.005216 0.378173 0.000733 0.504193
0.910298 0.107253 0.034533 0.217443 0.006002 0.389345 0.000844 0.511796
1.098541 0.119477 0.038622 0.237605 0.006711 0.400716 0.000957 0.518767
1.325711 0.134913 0.043384 0.255446 0.007578 0.408955 0.001069 0.524742
1.599859 0.148115 0.048085 0.272356 0.008447 0.424717 0.001177 0.527737
1.930698 0.162489 0.051205 0.286418 0.009375 0.437259 0.001278 0.532024
2.329952 0.176948 0.057033 0.305119 0.010361 0.449320 0.001370 0.535797
2.811769 0.189681 0.061045 0.323393 0.010882 0.460355 0.001452 0.539110
3.393222 0.201333 0.064381 0.340636 0.011371 0.468192 0.001522 0.542014
4.094915 0.212198 0.069804 0.355464 0.012033 0.474101 0.001583 0.544556
4.941713 0.222366 0.072695 0.371044 0.012504 0.479245 0.001634 0.546779
5.963623 0.231982 0.075162 0.384104 0.012758 0.485217 0.001675 0.548720
7.196857 0.238372 0.077587 0.398898 0.012969 0.490953 0.001710 0.550413
8.685114 0.246170 0.080340 0.411137 0.013186 0.501045 0.001738 0.551728
10.481131 0.254398 0.082737 0.420977 0.013364 0.502868 0.001788 0.552661
12.648552 0.261195 0.083572 0.427852 0.013537 0.508710 0.001849 0.553443
15.264180 0.267318 0.084446 0.435079 0.013743 0.514163 0.001903 0.554098
18.420700 0.271639 0.086698 0.439248 0.013917 0.517435 0.001952 0.554647
22.229965 0.273518 0.087761 0.442831 0.014144 0.520683 0.001975 0.555107
26.826958 0.276960 0.087929 0.446747 0.014353 0.524285 0.001977 0.555492
32.374575 0.279716 0.088250 0.450975 0.014532 0.527633 0.001979 0.555814
39.069399 0.282603 0.089314 0.454308 0.014684 0.531076 0.001980 0.556084
47.148664 0.284354 0.090207 0.457908 0.014813 0.534163 0.001982 0.556310
56.898660 0.286940 0.090351 0.461234 0.014922 0.535513 0.001983 0.556498
68.664885 0.288152 0.090403 0.463848 0.015015 0.536695 0.001984 0.556656
82.864277 0.288904 0.090444 0.465445 0.015077 0.537170 0.001985 0.556788
100.000000 0.289581 0.090703 0.467339 0.015131 0.538306 0.001985 0.556899
