0.010000 1600.307621 324.398644 7147.452723 112.225658 11548.193949 58.759401 16578.154167
0.012068 2593.542531 550.691550 10918.494113 194.847025 17453.903370 103.176012 24168.592521
0.014563 4185.026682 938.744800 16626.900684 339.480089 25816.115930 181.162559 35418.579090
0.017575 6778.263975 1564.158830 24869.597597 591.352222 38447.694551 318.085511 53573.782313
0.021210 10879.286616 2664.638913 37641.661992 1018.141103 56471.788638 558.472565 78555.444886
0.025595 17353.746983 4494.227495 57088.336995 1759.426735 82808.471089 980.479031 116397.451441
0.030888 27882.151495 7575.297362 85607.132289 3049.974774 122139.837772 1721.267130 174676.236154
0.037276 44592.628386 12754.196340 126744.508757 5300.117804 179054.348933 3021.519725 262724.518879
0.044984 69338.230240 21510.871555 188720.231078 9162.729110 268309.040043 5303.490530 385098.160667
0.054287 110107.550319 35956.358097 280234.285827 15878.283163 398082.228955 9287.985462 567215.643510
0.065513 177068.500476 59863.090911 416912.788557 27467.681073 590928.193368 16149.809848 829432.031780
0.079060 283418.419373 99260.371831 614233.573565 47653.215099 864655.907588 27702.540674 1205952.013613
0.095410 449122.790776 165282.283673 909287.423258 81951.108047 1262694.456431 47268.666420 1746054.954025
0.115140 711856.690351 275875.378781 1350373.951686 138814.659427 1849769.996824 80633.267623 2520298.151372
0.138950 1121915.624049 451308.037783 2016996.643688 238721.185315 2709161.442000 137996.725817 3628691.819956
0.167683 1741276.970602 748126.441229 2961767.376584 406863.144905 4033787.954018 241737.447158 5234132.306641
0.202359 2672770.781338 1238223.487244 4332155.482302 693015.399856 5851931.869941 423225.981912 7538499.039617
0.244205 4195025.408111 2026341.753076 6360963.707237 1179471.272849 8443444.588316 732755.983691 10833657.487996
0.294705 6460442.637732 3333544.555479 9295520.252914 1995289.946887 12285663.755365 1255866.261026 15528884.928772
0.355648 9787435.807993 5417530.734870 13675359.482571 3377089.851987 17539616.253588 2151020.756912 22191011.727438
0.429193 14877474.472328 8944878.639006 19868176.019556 5742048.036807 25510359.059703 3681282.347721 31597448.804605
0.517947 22227835.489538 14437965.337341 28846564.167644 9660191.759151 36821798.298833 6294010.254070 44802193.689399
0.625055 32989485.164197 23055991.902167 41900627.821408 16038335.071530 52509634.114788 10748058.578626 63214980.062505
0.754312 49371909.055719 36585282.056824 60440993.637246 26414219.997171 73896863.398367 18326587.673394 88691620.812726
0.910298 72828665.391497 57359159.621104 87597461.971011 43056201.881010 103270394.897795 31190593.104499 123630321.866507
1.098541 106616452.879401 87115289.622061 125262846.777221 69826449.287265 144605637.705671 52960751.876580 171064314.633070
1.325711 155418941.584830 132051256.650666 179310756.428967 109245003.760845 202604813.815384 89663234.219655 229523467.730884
1.599859 225479098.085069 197236599.737872 253905051.886696 169008777.520157 285363850.097478 135910914.642419 310367990.131329
1.930698 322537955.439938 286909118.749817 358509999.048996 254162023.753515 401860029.719079 208662974.434790 439991932.759226
2.329952 455576061.648331 406871746.831232 510137444.160085 365005500.795268 566131898.396678 316557394.333772 616220469.019911
2.811769 634343649.949827 563190026.423297 719581954.253435 507984382.880310 815375030.089234 428497847.522501 900031086.663588
3.393222 874089518.958671 761035717.318831 1008821584.832732 670654878.201498 1188555850.764146 581966261.242383 1330523119.197500
4.094915 1181255973.478683 1006753389.555524 1391229833.085263 866438698.026225 1666462247.822895 789875365.250458 1937448847.863827
4.941713 1547666102.718838 1290797226.109863 1861834391.400362 1094498260.987271 2284696134.390639 988665265.135785 2713138943.747101
5.963623 1953188749.641235 1580899523.784561 2448739333.625258 1327053814.261443 2987918451.268163 1206170701.201893 3754741452.092103
7.196857 2401995183.905797 1858172860.581286 3137099284.492352 1577493798.934887 3940050074.746770 1365915459.737342 5212200808.040772
8.685114 2836998437.055996 2105670186.274871 3942871553.183198 1778906178.993450 5122421868.018929 1408370529.578226 6716641992.368073
10.481131 3280732212.492882 2332747548.207103 4748680667.721893 1936231889.720281 6753601167.287374 1439797974.052846 9258360278.497955
12.648552 3623204659.442287 2519758814.214798 5592128423.278856 2059128052.247122 8723259030.526260 1463062198.323517 12426031859.329588
15.264180 3949121463.886908 2681488719.613225 6341575847.572391 2136698274.520434 10733517242.143976 1480283583.643382 16123416384.494741
18.420700 4246526729.246485 2808268004.155313 7014206299.003112 2166525654.315901 13257832948.056171 1493031746.181908 18970246536.430611
22.229965 4472336634.477071 2913747185.364854 7724935522.687054 2201087758.984908 15638785852.105240 1502468597.230194 21389613213.201759
26.826958 4730118279.401024 3026152632.241870 8252339212.581312 2243381849.631083 17253648840.404274 1509454243.784228 23445701846.621048
32.374575 4910301434.799661 3104728622.375805 8587828462.921424 2257622584.495299 18766020305.595276 1514625381.648776 25193060156.985970
39.069399 5053451853.303351 3175853279.715319 8991168778.862759 2279356752.864909 19763852529.615166 1518453326.078447 26920541884.318657
47.148664 5174616622.916947 3235554525.937721 9361126055.443192 2296857869.520964 20684620989.711502 1521286969.067760 28531768408.513962
56.898660 5277953028.825813 3286689242.341744 9654561853.359076 2310950384.081453 21600337156.497025 1523384578.565078 29895886107.814278
68.664885 5366616049.026994 3335697468.051238 9991208130.204220 2322298172.370659 22302383654.887165 1524937337.899910 31251760329.022911
82.864277 5485523189.555840 3384223869.792966 10218485492.246994 2331435810.547573 22736930263.319008 1526086770.887791 33520315414.553215
100.000000 5567710251.101069 3405609359.534728 10429167028.234962 2338793758.133853 23145106471.050873 1526937640.796598 35729528014.990166
