0.010000 -0.000791 -0.006705 0.006635 -0.009616 0.009593 -0.010018 0.011868
0.012068 -0.000721 -0.006673 0.006668 -0.009590 0.009609 -0.010024 0.012513
0.014563 -0.000683 -0.006559 0.006721 -0.009565 0.009661 -0.010033 0.013302
0.017575 -0.000558 -0.006423 0.006827 -0.009482 0.009815 -0.010126 0.014266
0.021210 -0.000333 -0.006367 0.007063 -0.009473 0.009954 -0.010283 0.015441
0.025595 -0.000219 -0.006279 0.007286 -0.009458 0.010232 -0.010476 0.017121
0.030888 -0.000063 -0.006151 0.007575 -0.009536 0.010910 -0.010712 0.018959
0.037276 0.000283 -0.006061 0.007744 -0.009417 0.011967 -0.011001 0.021003
0.044984 0.000843 -0.005957 0.008154 -0.009485 0.013402 -0.011352 0.023443
0.054287 0.001298 -0.005880 0.008578 -0.009433 0.015708 -0.011885 0.026366
0.065513 0.001725 -0.005621 0.009171 -0.009350 0.019211 -0.012389 0.031822
0.079060 0.002185 -0.005381 0.009739 -0.009319 0.022952 -0.013006 0.039227
0.095410 0.002803 -0.005214 0.011697 -0.009316 0.027817 -0.013758 0.045687
0.115140 0.003637 -0.004797 0.014469 -0.009275 0.033709 -0.014670 0.053273
0.138950 0.004354 -0.004242 0.017648 -0.009271 0.041915 -0.015773 0.066501
0.167683 0.005341 -0.003791 0.021609 -0.009349 0.050597 -0.017097 0.083146
0.202359 0.006749 -0.003522 0.026826 -0.010192 0.062716 -0.019781 0.103122
0.244205 0.008863 -0.003242 0.034001 -0.012480 0.076749 -0.024278 0.126830
0.294705 0.012020 -0.002647 0.043695 -0.015807 0.095048 -0.029206 0.154600
0.355648 0.015959 -0.002100 0.057128 -0.019166 0.119024 -0.036886 0.186631
0.429193 0.023092 -0.002070 0.073173 -0.022979 0.146198 -0.044849 0.222008
0.517947 0.031952 -0.002307 0.094679 -0.027986 0.176350 -0.049468 0.262992
0.625055 0.043341 -0.002571 0.118020 -0.035037 0.216295 -0.054460 0.307032
0.754312 0.057178 -0.003510 0.143720 -0.041867 0.258222 -0.062213 0.353190
0.910298 0.073208 -0.004925 0.171318 -0.048844 0.305609 -0.069715 0.406992
1.098541 0.092625 -0.006640 0.205057 -0.055489 0.358781 -0.076041 0.469159
1.325711 0.110380 -0.007094 0.250858 -0.061427 0.409503 -0.082594 0.594341
1.599859 0.127751 -0.007264 0.293535 -0.066525 0.457872 -0.087582 0.710110
1.930698 0.144090 -0.007395 0.340691 -0.072261 0.511804 -0.091204 0.761444
2.329952 0.156818 -0.007525 0.374020 -0.075829 0.559662 -0.093746 0.796176
2.811769 0.170410 -0.008021 0.402409 -0.077264 0.618934 -0.095486 0.826124
3.393222 0.177327 -0.008506 0.439803 -0.079975 0.674933 -0.096659 0.866692
4.094915 0.185983 -0.008920 0.471310 -0.082001 0.713388 -0.097440 0.895005
4.941713 0.193099 -0.009268 0.484451 -0.084193 0.743707 -0.097915 0.914249
5.963623 0.198030 -0.009555 0.496655 -0.085762 0.782549 -0.098047 0.927093
7.196857 0.202783 -0.009789 0.501432 -0.086033 0.811449 -0.098393 0.935562
8.685114 0.205938 -0.009977 0.508851 -0.086238 0.827814 -0.098664 0.945421
10.481131 0.206303 -0.010128 0.517258 -0.086791 0.845123 -0.098837 0.954871
12.648552 0.208727 -0.010247 0.530055 -0.087472 0.854869 -0.099005 0.960787
15.264180 0.210453 -0.010342 0.532061 -0.087952 0.859544 -0.099126 0.964467
18.420700 0.211209 -0.010415 0.534660 -0.088159 0.863934 -0.099213 0.968587
22.229965 0.211277 -0.010473 0.536768 -0.088218 0.876093 -0.099275 0.968708
26.826958 0.212501 -0.010518 0.542602 -0.088230 0.879355 -0.099320 0.969031
32.374575 0.213277 -0.010553 0.542671 -0.088237 0.880162 -0.099352 0.969802
39.069399 0.213732 -0.010581 0.542712 -0.088242 0.885629 -0.099375 0.971357
47.148664 0.214073 -0.010602 0.545629 -0.088245 0.891533 -0.099392 0.972994
56.898660 0.214218 -0.010618 0.546930 -0.088247 0.892591 -0.099404 0.974187
68.664885 0.214355 -0.010631 0.547327 -0.088248 0.897582 -0.099412 0.975054
82.864277 0.214391 -0.010641 0.547625 -0.088249 0.902845 -0.099419 0.975684
100.000000 0.214440 -0.010649 0.547849 -0.088249 0.905477 -0.099423 0.976143
