0.01 2.6312135496609677 0.9057711140689849 5.938980012490611 0.5189144164675055 6.969443404265636 0.2771846431984207 7.311358596123596
0.012068 2.2933944081527478 0.8268615917909431 5.183472929091885 0.4509834046057163 6.08218332952321 0.2343570119339488 6.32203244323508
0.014563 2.0224994447856925 0.7516653882632949 4.516757164952688 0.39868960287372296 5.3015094218309065 0.20044838841986448 5.486859152775946
0.017575 1.7997926482680207 0.6808303842144845 3.9220721925441544 0.3526336212604707 4.587284972759552 0.17370365026041962 4.802707002995108
0.02121 1.601709883975325 0.6243230978515102 3.418006796982234 0.302340515417298 3.981263931187296 0.15267336720131475 4.198439105352391
0.025595 1.4482322775334948 0.5852335158004108 2.9823101017732223 0.2619852731448126 3.4817915727447 0.13627253706516113 3.672734013124976
0.030888 1.2935397410984963 0.5519817060660126 2.6049580931971468 0.24002637185016024 3.0273013644246327 0.12366266248899853 3.2193020061902016
0.037276 1.176984153512288 0.5213796051685099 2.2771326041208395 0.23689096134167312 2.6483020833674606 0.1141915779673602 2.828559606810208
0.044984 1.0853925687284722 0.4973540154919511 2.0103512478895533 0.23069189556461336 2.334098928720273 0.11288577373934668 2.4906165758666505
0.054287 1.009472907280009 0.4788458335151397 1.7647768802210833 0.22155908094622218 2.047893037521408 0.11010237194537138 2.203383188982166
0.065513 0.9378477273123172 0.4590804323212342 1.5603267935257479 0.2079445299575265 1.8137987288024753 0.1088725161180419 1.9408138238957942
0.07906 0.8597431625212584 0.4421376740971403 1.3751643761717867 0.20219897112202348 1.5986313894333801 0.1062442777394155 1.7262698659851745
0.09541 0.804523306596523 0.424903951676319 1.2172889286500488 0.20360820358282966 1.40811872060802 0.10334535554130461 1.5332939579565064
0.11514 0.74578324118171 0.4118935990043041 1.0744051174847673 0.203968839521056 1.2419212351423612 0.10241200679546661 1.3545059737545644
0.13895 0.6929278086065638 0.3954598689933181 0.9533161820944899 0.20432270734340002 1.0986056296072897 0.1060105621351942 1.2033719068193744
0.167683 0.6354429866543506 0.37769778772887536 0.8475098440938814 0.2045366107176351 0.978822005057177 0.10748732649812401 1.064117281453285
0.202359 0.5817552829802555 0.3577280346871419 0.7520368332506682 0.2049327735277058 0.8681542177630465 0.1068639922681629 0.9470147933427449
0.244205 0.5298701540930826 0.34065782210225565 0.6681097798322003 0.20337026048900053 0.7725300238507542 0.10732135333510119 0.8439282513019359
0.294705 0.487461880209928 0.3273328901435074 0.5993826163179926 0.195717866647914 0.6896118011650919 0.10803387108589387 0.7515367787894188
0.355648 0.44534565986368235 0.31134400040333293 0.539159773959589 0.1901467221200762 0.6170981124222042 0.10872612973855311 0.6718238677381996
0.429193 0.40775685583294813 0.2965509381341606 0.4874898903369527 0.19032071364088435 0.5536238957587191 0.10935062655335825 0.5974838896405479
0.517947 0.3727866970310933 0.2796965858342654 0.44065029101626235 0.18676469130263573 0.4962676223281069 0.10996061006912024 0.5310458709935942
0.625055 0.3396764806702036 0.2667554067545313 0.39906573784561117 0.18832525436001105 0.4472501635186971 0.1105390026085897 0.4748523827203744
0.754312 0.310700751109024 0.2483682090876899 0.36295262935046985 0.1817423806640567 0.4034180738738248 0.1110330914066605 0.42888205168267524
0.910298 0.28511699008278146 0.23232912909785008 0.33045322307150704 0.17557168993622238 0.36608709900914077 0.11121934173649016 0.38356066549976753
1.098541 0.2617831863255331 0.21663281368137904 0.3007014435569319 0.16779064073186872 0.33063705893729606 0.11119839831031493 0.3439224087582244
1.325711 0.24134947396815795 0.2033553497887629 0.2742679682703403 0.15927943271194958 0.3005142167620184 0.11111181694556535 0.31363610313153606
1.599859 0.22340150359592917 0.18852692923879924 0.2514069853527957 0.15084929709884357 0.2744003272232583 0.11356138232587722 0.29273234942025195
1.930698 0.20695312929918025 0.17488676555191293 0.23177472243110236 0.13962178783495172 0.25571558721006155 0.10868284277799474 0.297380282137273
2.329952 0.19196477441052542 0.16298407419651245 0.21399400036490498 0.13194092049553746 0.2511150249799172 0.10684444124682198 0.31005115626068996
2.811769 0.1777060914236155 0.1513785323330993 0.19944807982646584 0.12463695955748899 0.25145466265995076 0.10142746828303573 0.2885047976555965
3.393222 0.1639797696643102 0.1396969813490426 0.19270678708290656 0.11545475487101771 0.24057727214351274 0.09609643415535359 0.2622092540864782
4.094915 0.15139977363964144 0.1294552888220632 0.1800875782495231 0.10672533990285295 0.21377829489683617 0.09076573677685759 0.23814730860746758
4.941713 0.13926606705574873 0.12053189767460767 0.16322246691195075 0.09915534748667694 0.1868399119400442 0.08454254309615741 0.21145830090066864
5.963623 0.12437931454632294 0.11066700449474236 0.14274550965084146 0.0934902051329909 0.1646811164421145 0.07824516006225297 0.18121152953496203
7.196857 0.10912462719178095 0.10032113200378338 0.12277510038064653 0.08657983549521214 0.14225676588327194 0.07284343023686911 0.157773192244127
8.685114 0.0948980452059391 0.08754577928752476 0.10591521264119541 0.07941076453850446 0.12165528228045176 0.0675990101317182 0.13585095423451962
10.481131 0.08193793184287405 0.07538692023599478 0.09158390437839825 0.06818047805266785 0.10406890133487141 0.05997926782223322 0.11407679677614488
12.648552 0.07081093685464328 0.06377890642864688 0.07981018556534486 0.05605002171105372 0.09059296696509712 0.04905339554653953 0.1024374371654012
15.26418 0.060219469687260864 0.05326189064416581 0.06907419208853473 0.04594885513963308 0.0793195686932543 0.04018486135921993 0.08815236445826662
18.4207 0.05097376698281298 0.044534888256190557 0.058470351824507195 0.0376854923487291 0.06811289904808769 0.032935340638595725 0.0759763751393047
22.229965 0.04329969548809356 0.03685133007136586 0.04868328137126234 0.03088525302427717 0.055437555295847166 0.026720362416187166 0.06171318992940475
26.826958 0.03696676187381326 0.03072912512279545 0.04111861930817046 0.025440496483254582 0.04532939590945762 0.021496845257050458 0.04890835891088999
32.374575 0.03133907475140873 0.02543131170750206 0.03519840398999652 0.02069140346387678 0.03816379671988471 0.017299479077133455 0.040452552189669234
39.069399 0.026632444685924316 0.020945752182080522 0.030479886326317956 0.016907153580199247 0.03264783320594883 0.013921447365434016 0.034571616538204814
47.148664 0.02257912085588053 0.01717224954322962 0.026370720912732598 0.01376322866465496 0.02836993233285539 0.01120773205852401 0.030362379842815812
