0.010000 3070.865157 1004.407075 5830.164248 403.442622 7530.481469 174.826546 96833.773882
0.012068 4784.490213 1672.963587 8671.625082 696.841686 11038.805117 305.211959 147275.947509
0.014563 7523.529200 2765.385701 13171.606837 1203.432836 16169.408527 532.800306 221578.620759
0.017575 11724.515262 4578.534301 19847.092578 2077.876978 23904.087474 930.010090 329131.444651
0.021210 18436.712897 7539.022251 29717.530112 3562.638637 35247.942723 1623.154984 481927.522185
0.025595 28514.812556 12556.796872 44431.517935 5986.157498 51737.716979 2832.478834 695042.098344
0.030888 43913.502784 20563.721100 66104.461003 9861.992231 76175.842849 4941.831595 987428.061614
0.037276 67263.250664 33681.756422 98573.348262 16498.765125 111898.509798 8645.109852 1383121.295184
0.044984 104056.400199 54120.876081 145651.679459 28133.169241 166562.093045 15122.638077 1912622.180178
0.054287 158344.364986 87509.574140 213691.851001 48345.010315 243869.194830 26443.987856 2613885.145951
0.065513 240374.095617 142139.403527 314828.049414 82913.806687 355612.781320 46218.525898 3532345.281728
0.079060 366718.364490 228770.518267 464135.640454 141154.013696 517269.345370 80727.698517 4719810.394834
0.095410 559503.646606 367549.105890 680047.052785 235848.986863 759820.257012 140878.983059 6232474.023657
0.115140 840062.241623 581614.255693 993549.374290 388586.111923 1112439.300046 245554.499444 8128351.616163
0.138950 1259892.054804 930431.479384 1451712.769948 645546.401938 1623162.273955 427301.269661 10464237.093596
0.167683 1863102.832685 1460374.178506 2117296.893065 1064040.757139 2394224.626915 741884.440066 13292272.244399
0.202359 2759250.749836 2267099.162877 3088454.484381 1732881.368326 3502533.586354 1284050.700105 16656467.672495
0.244205 4064729.486656 3483403.355660 4493269.902378 2771670.979790 5095052.666212 2125741.846640 20589688.088411
0.294705 5972056.711172 5291558.064464 6563698.180765 4358176.438775 7378411.097862 3577391.748113 25150515.325489
0.355648 8790462.753266 8000228.252365 9553230.993408 6837121.419271 10647296.714766 5739273.995871 30572285.435676
0.429193 12856959.581387 11839067.134333 13942216.296817 10619041.006040 15485067.181814 9120103.539459 37281488.223978
0.517947 18786126.239822 17385027.303036 20243512.095486 16242773.873776 22949068.953201 14370376.995941 44890200.289786
0.625055 27313130.000399 25324616.620386 29466456.269926 23772104.685912 32969686.726332 22033705.912240 53373195.961579
0.754312 39502180.671199 36667083.972289 43081032.724388 34187190.189687 49066699.322167 31643946.506813 62700328.617963
0.910298 56767369.778752 52465101.967137 62684975.452309 48740649.353656 70574697.450885 45319484.317038 79946901.078907
1.098541 80821928.138577 74544449.730637 89643478.548852 69618198.174861 103259508.834802 64697128.877931 122087423.684920
1.325711 114530947.482634 104967335.840822 129652167.026090 95243061.361368 151077566.065394 80745600.589387 181984195.146919
1.599859 161409923.096799 147402337.872694 184862757.683487 132725070.113617 217886601.140310 89594956.038664 267971855.852459
1.930698 224718109.957742 203507295.159554 257887271.556075 178395772.726728 308731116.222992 98724276.680381 378492447.601296
2.329952 307269645.815487 277406645.700971 348710792.002294 212266837.392255 433677246.235579 108095805.331179 512084120.235945
2.811769 412700311.857576 356689067.332871 473433682.456750 229750535.879216 583732041.081491 117000950.840506 676361751.159064
3.393222 545316680.257614 423018713.970616 633325217.259413 241524776.915783 758663759.645513 121798913.176880 911999168.665951
4.094915 710306539.044676 468398318.665263 843594781.071398 254057462.828658 988850804.717670 125836550.555197 1247909858.717831
4.941713 868337470.365569 513435524.401872 1093787582.020594 265805132.825403 1299983635.122342 129234350.382675 1634306419.383410
5.963623 1035613784.000697 551518036.476251 1412588073.343314 270445576.691535 1726720628.036875 132093706.631360 2069999499.404197
7.196857 1159371598.187554 580562735.946754 1790012502.621301 273703860.216253 2211118278.481538 134499945.542427 2695144457.515488
8.685114 1255189466.844444 604882663.309924 2228833963.042994 275991661.089123 2869778282.601621 136524871.852254 3410620714.147848
10.481131 1356295346.875095 626092111.446584 2662198636.551692 278606850.121591 3635570657.044854 138228911.522368 4349095522.258662
12.648552 1415919002.170291 643559869.374315 3133548759.554561 280722738.649354 4514736213.101328 139662914.914605 5464915057.260727
15.264180 1468825845.636765 658009072.915981 3623243333.478233 281976934.501403 5572749796.006661 140869674.220162 6599412169.244365
18.420700 1518414918.980826 669841210.467695 4036734661.652085 293516194.936958 6520039690.506305 141885200.424236 8241431954.627979
22.229965 1560807337.506716 678908393.835812 4348705121.377431 305257533.434108 7470165942.544628 142739797.912246 9903674586.509344
26.826958 1599780767.421512 685876540.129496 4626288695.450509 315602974.490640 8283388769.216593 143458968.785023 11188186469.948860
32.374575 1645559720.322531 694570329.908915 4867445198.010050 324718472.751775 9007007222.308403 144064173.868712 12180221401.660336
39.069399 1688577680.570951 707043209.087349 5120593480.965752 330609742.445583 9683117042.693560 144573473.128718 12946374925.363514
47.148664 1716848743.840596 713165955.490984 5364492824.412921 335894952.957622 10360958566.939997 145002064.598342 13664434831.090630
56.898660 1742538920.289640 716076218.556238 5540044289.252535 341772650.171319 10981953529.111099 145362737.904313 14356292471.857162
68.664885 1765236600.407884 720228199.230547 5645966586.591782 347001133.989461 11505724941.871767 145666255.922891 15499194965.488525
82.864277 1792356214.103465 723967769.828281 5735508015.686211 350029752.662767 12009106653.351116 145921675.955581 16623318574.931866
100.000000 1809235929.185013 726929988.998444 5906158097.870386 353198697.464146 12656986372.419058 146136620.008673 17728971853.623123
