0.001000 0.027643 0.022743 0.032040 0.020801 0.033711 0.020513 0.034098
0.001038 0.030887 0.025412 0.035800 0.023242 0.037668 0.022921 0.038099
0.001077 0.034512 0.028394 0.040001 0.025969 0.042088 0.025611 0.042570
0.001117 0.038562 0.031726 0.044696 0.029017 0.047028 0.028616 0.047566
0.001159 0.043087 0.035450 0.049941 0.032422 0.052546 0.031975 0.053149
0.001203 0.048144 0.039610 0.055802 0.036227 0.058713 0.035727 0.059386
0.001248 0.053794 0.044258 0.062351 0.040479 0.065603 0.039920 0.066355
0.001296 0.060107 0.049452 0.069668 0.045229 0.073302 0.044605 0.074142
0.001344 0.067160 0.055256 0.077844 0.050537 0.081905 0.049839 0.082843
0.001395 0.075042 0.061740 0.086979 0.056468 0.091517 0.055688 0.092565
0.001448 0.083849 0.068986 0.097187 0.063095 0.102257 0.062224 0.103428
0.001502 0.093689 0.077081 0.108592 0.070499 0.114257 0.069526 0.115566
0.001559 0.104683 0.086127 0.121336 0.078772 0.127666 0.077685 0.129128
0.001617 0.116968 0.096235 0.135575 0.088016 0.142648 0.086802 0.144282
0.001678 0.130695 0.107528 0.151485 0.098346 0.159388 0.096988 0.161214
0.001742 0.146032 0.120147 0.169263 0.109887 0.178092 0.108370 0.180133
0.001807 0.163170 0.134246 0.189126 0.122782 0.198992 0.121087 0.201272
0.001875 0.182318 0.150000 0.211320 0.137191 0.222344 0.135297 0.224891
0.001946 0.203713 0.167603 0.236119 0.153290 0.248436 0.151174 0.251283
0.002019 0.227619 0.187271 0.263828 0.171279 0.277590 0.168915 0.280771
0.002095 0.254330 0.209248 0.294788 0.191379 0.310166 0.188737 0.313719
0.002174 0.284176 0.233803 0.329381 0.213837 0.346563 0.210885 0.350534
0.002256 0.317523 0.261239 0.368033 0.238930 0.387232 0.235632 0.391669
0.002341 0.354784 0.291895 0.411221 0.266968 0.432673 0.263283 0.437630
0.002430 0.396417 0.326148 0.459477 0.298296 0.483446 0.294178 0.488985
0.002521 0.442935 0.364420 0.513394 0.333300 0.540176 0.328699 0.546365
0.002616 0.494911 0.407183 0.573639 0.372411 0.603563 0.367270 0.610478
0.002715 0.552986 0.454963 0.640952 0.416111 0.674388 0.410367 0.682114
0.002817 0.617874 0.508350 0.716163 0.464939 0.753522 0.458521 0.762155
0.002923 0.690377 0.568001 0.800198 0.519495 0.841942 0.512324 0.851588
0.003033 0.771386 0.634650 0.894093 0.580453 0.940735 0.572440 0.951513
0.003148 0.861899 0.709119 0.999005 0.648562 1.051120 0.639610 1.063163
0.003266 0.963032 0.792325 1.116226 0.724663 1.174455 0.714660 1.187911
0.003389 1.076029 0.885292 1.247198 0.809691 1.312260 0.798515 1.327295
0.003517 1.202284 0.989167 1.393537 0.904695 1.466232 0.892207 1.483031
0.003650 1.343349 1.105227 1.557042 1.010845 1.638268 0.996891 1.657038
0.003787 1.500964 1.234903 1.739729 1.129447 1.830485 1.113856 1.851457
0.003930 1.677068 1.379791 1.943847 1.261962 2.045250 1.244542 2.068683
0.004078 1.873829 1.541675 2.171908 1.410021 2.285209 1.390557 2.311391
0.004232 2.093671 1.722547 2.426721 1.575448 2.553314 1.553700 2.582569
0.004391 2.339299 1.924635 2.711423 1.760278 2.852868 1.735979 2.885554
0.004557 2.613737 2.150426 3.029517 1.966787 3.187555 1.939638 3.224076
0.004728 2.920362 2.402699 3.384918 2.197517 3.561497 2.167183 3.602302
0.004906 3.262948 2.684558 3.782001 2.455306 3.979294 2.421413 4.024886
0.005091 3.645710 2.999472 4.225651 2.743327 4.446087 2.705459 4.497027
0.005283 4.073358 3.351315 4.721326 3.065124 4.967620 3.022813 5.024536
0.005482 4.551150 3.744414 5.275124 3.424654 5.550307 3.377380 5.613899
0.005689 5.084965 4.183605 5.893855 3.826340 6.201316 3.773521 6.272366
0.005903 5.681367 4.674288 6.585129 4.275120 6.928651 4.216107 7.008034
0.006126 6.347687 5.222497 7.357444 4.776513 7.741254 4.710579 7.829948
0.006356 7.092116 5.834969 8.220293 5.336682 8.649116 5.263015 8.748211
0.006596 7.923804 6.519232 9.184281 5.962512 9.663392 5.880206 9.774108
0.006844 8.852969 7.283693 10.261253 6.661690 10.796544 6.569733 10.920244
0.007102 9.891024 8.137742 11.464436 7.442807 12.062494 7.340067 12.200697
0.007370 11.050717 9.091869 12.808607 8.315454 13.476785 8.200668 13.631193
0.007648 12.346286 10.157785 14.310269 9.290345 15.056783 9.162102 15.229293
0.007936 13.793632 11.348574 15.987850 10.379445 16.821877 10.236168 17.014610
0.008235 15.410510 12.678845 17.861933 11.596115 18.793725 11.436043 19.009050
0.008545 17.216753 14.164914 19.955504 12.955279 20.996509 12.776445 21.237072
0.008867 19.234504 15.824999 22.294228 14.473598 23.457236 14.273805 23.725993
0.009201 21.488491 17.679444 24.906767 16.169680 26.206061 15.946475 26.506312
0.009548 24.006322 19.750965 27.825121 18.064299 29.276656 17.814941 29.612087
0.009908 26.818824 22.064923 31.085022 20.180654 32.706613 19.902082 33.081342
0.010281 29.960414 24.649635 34.726360 22.544640 36.537906 22.233436 36.956531
0.010669 33.469514 27.536712 38.793668 25.185171 40.817391 24.837517 41.285048
0.011071 37.389013 30.761442 43.336661 28.134520 45.597376 27.746153 46.119798
0.011488 41.766789 34.363214 48.410830 31.428712 50.936245 30.994873 51.519836
0.011921 46.656276 38.385991 54.078111 35.107958 56.899168 34.623331 57.551078
0.012370 52.117112 42.878840 60.407629 39.217133 63.558872 38.675783 64.287085
0.012836 58.215849 47.896515 67.476520 43.806316 70.996522 43.201617 71.809950
0.013320 65.026747 53.500114 75.370860 48.931387 79.302680 48.255942 80.211274
0.013822 72.632661 59.757805 84.186683 54.654692 88.578392 53.900243 89.593261
0.014343 81.126023 66.745635 94.031124 61.045785 98.936382 60.203114 100.069925
0.014883 90.609937 74.548432 105.023690 68.182249 110.502389 67.241067 111.768447
0.015444 101.199397 83.260805 117.297665 76.150616 123.416653 75.099439 124.830673
0.016026 113.022639 92.988261 131.001686 85.047380 137.835562 83.873393 139.414784
0.016630 126.222644 103.848435 146.301479 94.980132 153.933489 93.669034 155.697149
0.017256 140.958809 115.972470 163.381796 106.068816 171.904823 104.604650 173.874387
0.017907 157.408800 129.506537 182.448565 118.447120 191.966235 116.812086 194.165648
0.018581 175.770606 144.613532 203.731271 132.264029 214.359182 130.438267 216.815157
0.019281 196.264823 161.474947 227.485600 147.685537 239.352687 145.646897 242.095020
0.020008 219.137178 180.292951 253.996369 164.896547 267.246425 162.620329 270.308345
0.020762 244.661329 201.292694 283.580767 184.102984 298.374133 181.561641 301.792691
0.021544 273.141960 224.724853 316.591947 205.534116 333.107385 202.696939 336.923892
0.022356 304.918210 250.868449 353.422997 229.445138 371.859774 226.277896 376.120279
0.023199 340.367454 280.033965 394.511320 256.120018 415.091525 252.584558 419.847348
0.024073 379.909483 312.566779 440.343487 285.874641 463.314587 281.928450 468.622916
0.024980 424.011108 348.850956 491.460567 319.060273 517.098257 314.655990 523.022802
0.025921 473.191241 389.313425 548.464017 356.067384 577.075367 351.152259 583.687086
0.026898 528.026474 434.428572 612.022151 397.329852 643.949095 391.845142 651.327006
0.027911 589.157223 484.723293 682.877258 443.329575 718.500453 437.209889 726.732520
0.028963 657.294462 540.782534 761.853411 494.601547 801.596501 487.774107 810.780624
0.030055 733.227105 603.255367 849.865021 551.739414 894.199352 544.123247 904.444453
0.031187 817.830085 672.861634 947.926198 615.401542 997.376020 606.906589 1008.803246
0.032362 912.073170 750.399202 1057.160978 686.317666 1112.309177 676.843792 1125.053225
0.033582 1017.030581 836.751877 1178.814462 765.296117 1240.308876 754.732030 1254.519453
0.034847 1133.891445 932.898000 1314.264938 853.231688 1382.825305 841.453746 1398.668735
0.036160 1263.971139 1039.919785 1465.037027 951.114178 1541.462619 937.985074 1559.123602
0.037523 1408.723569 1159.013419 1632.815913 1060.037621 1717.993912 1045.404946 1737.677466
0.038937 1569.754413 1291.499956 1819.462697 1181.210259 1914.377372 1164.904927 1936.310948
0.040404 1748.835368 1438.837046 2027.030910 1315.965263 2132.773655 1297.799784 2157.209460
0.041927 1947.919425 1602.631489 2257.784212 1465.772219 2375.564509 1445.538817 2402.782039
0.043507 2169.157162 1784.652655 2514.215287 1632.249397 2645.372649 1609.717957 2675.681448
0.045146 2414.914071 1986.846727 2799.065913 1817.176784 2945.082884 1792.092621 2978.825551
0.046847 2687.788867 2211.351773 3115.348197 2022.509864 3277.864452 1994.591300 3315.419893
0.048612 2990.632745 2460.513586 3466.366889 2250.394107 3647.194497 2219.329847 3688.981460
0.050444 3326.569488 2736.902227 3855.742683 2503.180099 4056.882594 2468.626401 4103.363472
0.052345 3699.016303 3043.329169 4287.436381 2783.439225 4511.096164 2745.016852 4562.781098
0.054317 4111.705234 3382.864916 4765.773698 3093.979775 5014.386580 3051.270725 5071.837857
0.056364 4568.704923 3758.856902 5295.470497 3437.863326 5571.715711 3390.407335 5635.552470
0.058488 5074.442455 4174.947467 5881.658098 3818.421174 6188.482564 3765.711993 6259.385799
0.060692 5633.724945 4635.091617 6529.908308 4239.270581 6870.549602 4180.752029 6949.267476
0.062979 6251.760453 5143.574235 7246.257658 4704.330515 7624.268262 4639.392313 7711.621710
0.065352 6934.177741 5705.026326 8037.230303 5217.836510 8456.503040 5145.809912 8553.391642
0.067815 7687.044272 6324.439836 8909.858885 5784.354217 9374.653445 5704.507454 9482.061562
0.070370 8516.881785 7007.180463 9871.702590 6408.791120 10386.672997 6320.324679 10505.676114
0.073022 9430.678660 7758.997827 10930.861471 7096.405842 11501.084300 6998.447623 11632.855551
0.075774 10435.898190 8586.032278 12095.986041 7852.814367 12726.989133 7744.414745 12872.805930
0.078629 11540.481766 9494.817517 13376.280969 8683.992443 14074.072337 8564.119306 14235.323056
0.081592 12752.845909 10492.278155 14781.501630 9596.273340 15552.598191 9463.807150 15730.788808
0.084666 14081.871960 11585.721227 16321.942162 10596.340098 17173.397839 10450.069066 17370.158426
0.087857 15536.887201 12782.820662 18008.413583 11691.211319 18947.846269 11529.826772 19164.937226
0.091167 17127.636111 14091.593634 19852.210472 12888.219537 20887.827258 12710.311585 21127.145139
0.094603 18864.240466 15520.367734 21865.064723 14194.981195 23005.684711 13999.034810 23269.267496
0.098168 20757.146999 17077.737909 24059.084882 15619.357263 25314.158830 15403.748904 25604.190471
0.101867 22817.061441 18772.512194 26446.679690 17169.403596 27826.305675 16932.398521 28145.119710
0.105705 25054.867879 20613.645363 29040.464618 18853.310264 30555.398821 18593.060676 30905.480865
0.109688 27481.532599 22610.159820 31853.150411 20679.329187 33514.812085 20393.873380 33898.800983
0.113822 30107.991869 24771.053273 34897.413022 22655.689699 36717.882676 22342.952370 37138.570081
0.118111 32945.023477 27105.193039 38185.744712 24790.501880 40177.754533 24448.295774 40638.082691
0.122561 36003.102327 29621.197243 41730.286678 27091.647895 43907.202213 26717.676953 44410.259732
0.127180 39292.240917 32327.303568 45542.644153 29566.661958 47918.436353 29158.526119 48467.451742
0.131972 42821.816166 35231.226782 49633.685687 32222.600021 52222.892473 31777.801826 52821.225262
0.136945 46600.384728 38340.006788 54013.329082 35065.900803 56831.005752 34581.853912 57482.135027
0.142105 50635.489665 41659.849566 58690.317312 38102.240316 61751.975252 37576.280037 62459.485498
0.147460 54933.462094 45195.963979 63671.988613 41336.382604 66993.522017 40765.778482 67761.086182
0.153017 59499.222121 48952.397996 68964.045754 44772.029951 72561.646311 44154.000428 73393.006087
0.158783 64336.084044 52931.878424 74570.330258 48411.676305 78460.390053 47743.405396 79359.333442
0.164766 69445.571346 57135.658693 80492.607954 52256.468058 84691.611189 51535.123951 85661.947481
0.170975 74827.247350 61563.379531 86730.372701 56306.076619 91254.777175 55528.832039 92300.309559
0.177417 80478.567630 66212.947537 93280.675317 60558.587354 98146.784981 59722.641456 99271.281092
0.184103 86394.760160 71080.436573 100137.984670 65010.409407 105361.814935 64113.010912 106568.975732
0.191040 92568.738886 76160.016659 107294.087492 69656.210656 112891.225316 68694.681892 114184.652746
0.198239 98991.055743 81443.914493 114738.032771 74488.881613 120723.493835 73460.643046 122106.657831
0.205709 105649.895251 86922.409003 122456.125480 79499.531353 128844.211047 78402.126177 130320.416450
0.213460 112531.114624 92583.864354 130431.973076 84677.517701 137236.129269 83508.636016 138808.483308
0.221504 119618.330959 98414.801674 138646.586549 90010.512835 145879.268906 88768.014911 147550.649895
0.229851 126893.055451 104400.009479 147078.535990 95484.604281 154751.082129 94166.542436 156524.110050
0.238512 134334.872975 110522.691428 155704.158745 101084.430047 163826.671891 99689.068655 165703.681469
0.247499 141921.663690 116764.648639 164497.816264 106793.345374 173079.062172 105319.178571 175062.079062
0.256826 149629.861751 123106.492547 173432.193972 112593.617414 182479.513497 111039.384120 184570.234078
0.266503 157434.744841 129527.883108 182478.636855 118466.643094 191997.876025 116831.339022 194197.651239
0.276546 165310.747073 136007.786242 191607.512141 124393.184572 201602.971150 122676.070996 203912.794718
0.286967 173231.787037 142524.743725 200788.589523 130353.616084 211262.991563 128554.225188 213683.492779
0.297780 181171.602278 149057.148383 209991.428855 136328.175635 220945.909167 134446.312397 223477.350372
0.309001 189104.081475 155583.517382 219185.765163 142297.214952 230619.880176 140332.955572 233262.158866
0.320645 197003.585857 162082.756678 228341.881197 148241.441350 240253.637099 146195.128344 243006.292529
0.332727 204845.252098 168534.410214 237430.958502 154142.145650 249816.858129 152014.379794 252679.082150
0.345265 212605.269856 174918.888266 246425.399113 159981.411024 259280.505617 157773.040415 262251.157385
0.358275 220261.128337 181217.670300 255299.111335 165742.298528 268617.126760 163454.405088 271694.750898
0.371776 227791.827581 187413.478807 264027.754646 171409.006092 277801.111282 169042.889875 280983.958987
0.385785 235178.051614 193490.421761 272588.940391 176966.998817 286808.902591 174524.160512 290094.955168
0.400322 242402.301999 199434.102492 280962.386568 182403.109459 295619.160651 179885.231518 299006.154903
0.415407 249448.991668 205231.696896 289130.026605 187705.609050 304212.876421 185114.535827 307698.331361
0.431060 256304.500161 210871.998875 297076.073370 192864.248451 312573.439213 190201.965783 316154.683540
0.447304 262957.192404 216345.435784 304787.040940 197870.272492 320686.659594 195138.887068 324360.859434
0.464159 269397.404029 221644.056360 312251.727592 202716.408920 328540.751486 199918.127816 332304.937929
0.481649 275617.396877 226761.494111 319461.164221 207396.834918 336126.277902 204533.945588 339977.373915
0.499799 281611.288739 231692.909506 326408.532907 211907.124236 343436.065254 208981.975233 347370.911616
0.518632 287374.961613 236434.914501 333089.060578 216244.178156 350465.091477 213259.160808 354480.471427
0.538175 292905.952815 240985.482945 339499.892800 220406.143556 357210.353231 217363.674769 361303.015596
0.558455 298203.333150 245343.850353 345639.952565 224392.321233 363670.717326 221294.827569 367837.397951
0.579498 303267.576143 249510.406313 351509.788724 228203.067506 369846.761243 225052.970605 374084.202590
0.601335 308100.421971 253486.582539 357111.418275 231839.691826 375740.607199 228639.395253 380045.576045
0.623994 312704.739379 257274.739261 362448.166304 235304.352868 381355.753740 232056.230391 385725.056944
0.647508 317084.388392 260878.052278 367524.506870 238599.955227 386696.908319 235306.340519 391127.406676
0.671907 321244.086231 264300.402637 372345.907586 241730.048522 391769.823772 238393.226256 396258.443990
0.697226 325189.278361 267546.270539 376918.680150 244698.730362 396581.141058 241320.928649 401124.885930
0.723499 328926.016200 270620.634731 381249.838612 247510.554324 401138.240123 244093.938418 405734.196997
0.750762 332460.842626 273528.878299 385346.966653 250170.443797 405449.100261 246717.110990 410094.447907
0.779052 335800.686039 276276.701517 389218.094807 252683.612272 409522.170930 249195.587887 414214.184925
0.808408 338952.763464 278870.042121 392871.588147 255055.490422 413366.253577 251534.724821 418102.310339
0.838870 341924.492888 281315.003186 396316.044674 257291.660140 416990.394729 253740.026631 421767.974325
0.870480 344723.414800 283617.788576 399560.204378 259397.795502 420403.790310 255817.089069 425220.478166
0.903282 347357.122745 285784.645804 402612.868745 261379.610503 423615.700946 257771.547255 428469.188592
0.937319 349833.202538 287821.816025 405482.830301 263242.813327 426635.377839 259609.030575 431523.462797
0.972639 352159.179696 289735.490785 408178.811684 264993.066780 429471.998653 261335.123670 434392.583596
1.009290 354342.474561 291531.775095 410709.413625 266635.954529 432134.612786 262955.333127 437085.704070
1.047322 356390.364537 293216.656368 413083.071178 268176.952681 434632.095322 264475.059464 439611.800986
1.086787 358309.952852 294795.978717 415308.017517 269621.406280 436973.108926 265899.573942 441979.636260
1.127740 360108.143233 296275.422112 417392.254575 270974.510249 439166.072964 267233.999771 444197.725721
1.170235 361791.619885 297660.485919 419343.529848 272241.294324 441219.139089 268483.297260 446274.314419
1.214332 363366.832215 298956.476323 421169.318679 273426.611562 443140.172607 269652.252474 448217.357774
1.260090 364839.983725 300168.497194 422876.811390 274535.129979 444936.738931 270745.468991 450034.507878
1.307573 366217.024552 301301.443949 424472.904637 275571.326941 446616.094491 271767.362373 451733.104300
1.356845 367503.647191 302360.000032 425964.196446 276539.485940 448185.181507 272722.156982 453320.168800
1.407973 368705.284919 303348.635617 427356.984389 277443.695414 449650.626074 273613.884821 454802.403389
1.461028 369827.112537 304271.608223 428657.266451 278287.849302 451018.739067 274446.386077 456186.191249
1.516083 370874.049053 305132.964912 429870.744127 279075.649065 452295.519409 275223.311114 457477.600033
1.573212 371850.761965 305936.545825 431002.827398 279810.606904 453486.659299 275948.123655 458682.387157
1.632493 372761.672866 306685.988781 432058.641218 280496.049985 454597.551042 276624.104934 459806.006708
1.694009 373610.964087 307384.734755 433043.033224 281135.125433 455633.295158 277254.358635 460853.617645
1.757842 374402.586179 308036.034021 433960.582399 281730.805960 456598.709497 277841.816436 461830.093015
1.824081 375140.265996 308642.952813 434815.608446 282285.895954 457498.339108 278389.244013 462740.029942
1.892816 375827.515250 309208.380356 435612.181700 282803.037911 458336.466658 278899.247383 463587.760162
1.964141 376467.639344 309735.036139 436354.133372 283284.719085 459117.123219 279374.279468 464377.360931
2.038154 377063.746400 310225.477339 437045.066006 283733.278276 459844.099267 279816.646785 465112.666155
2.114955 377618.756342 310682.106292 437688.364013 284150.912673 460520.955765 280228.516189 465797.277592
2.194651 378135.409960 311107.177960 438287.204174 284539.684667 461151.035214 280611.921606 466434.576044
2.277350 378616.277886 311502.807302 438844.566043 284901.528611 461737.472601 280968.770685 467027.732415
2.363165 379063.769408 311870.976536 439363.242165 285238.257447 462283.206148 281300.851344 467579.718589
2.452213 379480.141082 312213.542223 439845.848057 285551.569192 462790.987814 281609.838157 468093.318056
2.544617 379867.505106 312532.242152 440294.831915 285843.053232 463263.393508 281897.298575 468571.136238
2.640503 380227.837419 312828.702008 440712.483999 286114.196426 463702.832965 282164.698930 469015.610480
2.740003 380562.985511 313104.441795 441100.945689 286366.388974 464111.559272 282413.410233 469429.019684
2.843251 380874.675927 313360.882009 441462.218178 286600.930067 464491.678018 282644.713740 469813.493560
2.950391 381164.521443 313599.349548 441798.170796 286819.033291 464845.156048 282859.806283 470171.021490
3.061567 381434.027935 313821.083355 442110.548965 287021.831786 465173.829836 283059.805365 470503.460989
3.176933 381684.600912 314027.239800 442400.981774 287210.383173 465479.413457 283245.754003 470812.545770
3.296646 381917.551732 314218.897789 442670.989188 287385.674223 465763.506164 283418.625349 471099.893409
3.420870 382134.103500 314397.063620 442921.988873 287548.625298 466027.599579 283579.327061 471367.012619
3.549775 382335.396649 314562.675572 443155.302679 287700.094554 466273.084508 283728.705448 471615.310139
3.683537 382522.494226 314716.608258 443372.162755 287840.881913 466501.257377 283867.549389 471846.097251
3.822340 382696.386876 314859.676720 443573.717333 287971.732815 466713.326316 283996.594036 472060.595925
3.966373 382857.997543 314992.640302 443761.036177 288093.341761 466910.416895 284116.524301 472259.944627
4.115834 383008.185906 315116.206295 443935.115715 288206.355639 467093.577521 284227.978145 472445.203778
4.270926 383147.752535 315231.033363 444096.883870 288311.376866 467263.784526 284331.549667 472617.360894
4.431863 383277.442817 315337.734763 444247.204601 288408.966330 467421.946937 284427.792014 472777.335417
4.598864 383397.950628 315436.881375 444386.882161 288499.646159 467568.910961 284517.220106 472925.983251
4.772158 383509.921781 315529.004537 444516.665097 288583.902317 467705.464196 284600.313199 473064.101016
4.951983 383613.957268 315614.598707 444637.250002 288662.187036 467832.339572 284677.517282 473192.430039
5.138583 383710.616278 315694.123955 444749.285020 288734.921099 467950.219045 284749.247329 473311.660091
5.332215 383800.419045 315768.008295 444853.373140 288802.495968 468059.737058 284815.889401 473422.432885
5.533143 383883.849493 315836.649873 444950.075265 288865.275789 468161.483777 284877.802614 473525.345345
5.741642 383961.357720 315900.419002 445039.913093 288923.599251 468256.008114 284935.320984 473620.952675
5.957999 384033.362317 315959.660074 445123.371803 288977.781338 468343.820559 284988.755145 473709.771212
6.182508 384100.252536 316014.693342 445200.902567 289028.114952 468425.395817 285038.393958 473792.281102
6.415476 384162.390310 316065.816582 445272.924892 289074.872442 468501.175282 285084.506012 473868.928793
6.657224 384220.112142 316113.306650 445339.828809 289118.307020 468571.569331 285127.341022 473940.129367
6.908081 384273.730867 316157.420926 445401.976919 289158.654087 468636.959478 285167.131142 474006.268709
7.168391 384323.537293 316198.398672 445459.706289 289196.132473 468697.700377 285204.092179 474067.705534
7.438510 384369.801736 316236.462286 445513.330237 289230.945584 468754.121689 285238.424733 474124.773281
7.718807 384412.775447 316271.818483 445563.139980 289263.282482 468806.529824 285270.315255 474177.781871
8.009667 384452.691941 316304.659385 445609.406181 289293.318883 468855.209562 285299.937035 474227.019346
8.311487 384489.768239 316335.163543 445652.380381 289321.218090 468900.425568 285327.451124 474272.753406
8.624680 384524.206021 316363.496888 445692.296344 289347.131864 468942.423800 285353.007186 474315.232824
8.949674 384556.192702 316389.813615 445729.371298 289371.201231 468981.432818 285376.744302 474354.688779
9.286915 384585.902434 316414.257003 445763.807098 289393.557238 469017.665007 285398.791708 474391.336091
9.636864 384613.497037 316436.960191 445795.791306 289414.321651 469051.317713 285419.269490 474425.374366
10.000000 384639.126867 316458.046881 445825.498194 289433.607609 469082.574301 285438.289227 474456.989069
