0.010000 0.000058 -0.013269 0.014190 -0.018683 0.022967 -0.023440 0.036558
0.012068 0.000490 -0.012997 0.014907 -0.018696 0.025041 -0.024433 0.040076
0.014563 0.001031 -0.012665 0.016143 -0.018740 0.027678 -0.025631 0.044238
0.017575 0.001785 -0.011920 0.017160 -0.019050 0.030796 -0.027068 0.049132
0.021210 0.002684 -0.011589 0.018551 -0.019158 0.036797 -0.028781 0.054852
0.025595 0.003806 -0.011340 0.019943 -0.019113 0.045223 -0.030805 0.061486
0.030888 0.005216 -0.010627 0.022341 -0.019044 0.053567 -0.033177 0.070492
0.037276 0.006975 -0.010250 0.026591 -0.019259 0.064042 -0.035927 0.087516
0.044984 0.008843 -0.009996 0.032574 -0.020160 0.078510 -0.040948 0.104032
0.054287 0.011632 -0.008777 0.041638 -0.021523 0.095334 -0.045326 0.119323
0.065513 0.014622 -0.008040 0.052954 -0.023881 0.113942 -0.053266 0.149106
0.079060 0.019954 -0.006690 0.067445 -0.027565 0.134806 -0.062897 0.185073
0.095410 0.026853 -0.004541 0.084190 -0.033049 0.164450 -0.072925 0.228967
0.115140 0.037196 -0.003053 0.109154 -0.039878 0.193403 -0.083899 0.270043
0.138950 0.052804 -0.001205 0.136732 -0.049341 0.231483 -0.097049 0.322712
0.167683 0.071880 0.000467 0.170117 -0.060181 0.275592 -0.108581 0.401390
0.202359 0.100298 0.003522 0.209474 -0.070342 0.327452 -0.120937 0.477276
0.244205 0.131222 0.006878 0.254639 -0.079864 0.384443 -0.133398 0.532725
0.294705 0.166911 0.009139 0.304283 -0.091287 0.439724 -0.145252 0.600131
0.355648 0.201833 0.012913 0.354543 -0.105290 0.498511 -0.160971 0.656299
0.429193 0.239374 0.014623 0.413426 -0.118284 0.555783 -0.172655 0.735856
0.517947 0.266497 0.016214 0.466003 -0.132301 0.621461 -0.180778 0.792284
0.625055 0.293842 0.017554 0.528857 -0.144450 0.679271 -0.186206 0.847715
0.754312 0.313789 0.018593 0.573794 -0.149672 0.732962 -0.189736 0.885729
0.910298 0.329627 0.019347 0.617253 -0.155935 0.772334 -0.193024 0.909628
1.098541 0.342765 0.019869 0.648622 -0.160250 0.813273 -0.194543 0.929171
1.325711 0.351204 0.020218 0.668814 -0.164252 0.843015 -0.199854 0.947676
1.599859 0.357220 0.020447 0.692919 -0.166081 0.864785 -0.203066 0.960719
1.930698 0.359910 0.020594 0.705918 -0.168271 0.878384 -0.205153 0.969818
2.329952 0.363614 0.020688 0.712411 -0.170287 0.888208 -0.206796 0.975032
2.811769 0.368468 0.020748 0.719869 -0.171152 0.899958 -0.208085 0.977686
3.393222 0.370621 0.020786 0.723167 -0.172266 0.908946 -0.208870 0.979241
4.094915 0.371454 0.020810 0.725938 -0.173185 0.914948 -0.209153 0.980150
4.941713 0.371998 0.020825 0.728949 -0.173836 0.916666 -0.209318 0.980681
5.963623 0.372052 0.020834 0.731762 -0.174296 0.922617 -0.209419 0.980991
7.196857 0.372086 0.020840 0.735663 -0.174621 0.923373 -0.209647 0.981979
8.685114 0.372682 0.020844 0.736159 -0.174850 0.923867 -0.209802 0.984160
10.481131 0.372713 0.020846 0.736238 -0.175011 0.927018 -0.209906 0.985743
12.648552 0.372731 0.020848 0.737096 -0.175124 0.928665 -0.209977 0.986891
15.264180 0.372743 0.020849 0.737322 -0.175204 0.931480 -0.210025 0.987722
18.420700 0.372750 0.020849 0.737483 -0.175395 0.931999 -0.210057 0.988324
22.229965 0.372754 0.020850 0.737598 -0.175396 0.932376 -0.210079 0.988760
26.826958 0.372756 0.020850 0.737821 -0.175396 0.932648 -0.210094 0.989075
32.374575 0.372758 0.020850 0.738134 -0.175396 0.932846 -0.210104 0.989303
39.069399 0.372759 0.020850 0.738368 -0.175396 0.932989 -0.210111 0.989468
47.148664 0.372759 0.020850 0.738542 -0.175396 0.933092 -0.210115 0.989587
56.898660 0.372760 0.020850 0.738673 -0.175396 0.933167 -0.210118 0.989674
68.664885 0.372760 0.020850 0.738770 -0.175396 0.933221 -0.210120 0.989736
82.864277 0.372760 0.020850 0.738842 -0.175396 0.933409 -0.210122 0.989781
100.000000 0.372760 0.020850 0.738896 -0.175396 0.933705 -0.210123 0.989814
