105.001005
105.000762
105.000910
104.999679
105.000459
104.999222
104.999445
105.000538
104.999294
104.999607
104.999110
105.001046
105.000407
104.999229
105.001035
104.999748
104.999589
105.000530
105.000865
104.999479
104.999097
104.999431
104.999969
105.000750
105.000057
105.000262
105.000502
105.000835
105.000957
104.998979
104.999785
104.999922
104.999869
105.000901
104.999271
105.001022
105.000410
105.000734
105.000253
104.999630
104.999832
105.000460
105.000270
105.000792
105.000969
104.999297
104.998950
104.999620
104.999390
105.000225
104.999539
105.000833
104.999440
105.000480
105.000764
104.999261
104.999097
104.999680
104.999779
105.000531
105.000959
104.999809
104.999179
105.000542
105.000602
104.999964
105.000963
104.999838
105.000722
105.000251
105.000753
105.000436
104.999449
104.999135
105.001046
105.000183
105.000696
105.000689
104.999117
104.999286
104.999681
104.999780
105.000844
105.000861
105.000782
104.999364
105.000730
105.000043
105.000917
104.999627
104.999090
105.001033
105.000435
105.000259
105.000146
104.999548
104.999902
105.000286
105.000908
105.000678
104.999433
104.999755
104.999623
105.000541
105.000826
105.000613
104.999251
104.999778
104.999836
105.000901
104.999413
105.000522
105.000905
104.999450
105.000394
104.999715
104.999232
104.999389
105.000233
104.999282
105.000644
105.000303
105.000825
105.000967
105.000196
105.000203
104.999539
105.000102
104.999624
104.999541
104.999498
104.999630
104.999988
105.000082
104.999828
105.000765
105.000236
104.999753
105.000482
105.001049
104.999329
105.000406
104.999003
104.998969
104.999198
105.000052
105.000154
104.999000
104.999215
105.000221
105.000672
104.999327
105.000588
105.000340
105.000196
105.000962
104.999281
104.999601
104.999177
104.998984
105.000785
105.000459
105.000698
104.999875
104.999100
104.999764
105.000408
104.999986
104.999847
105.000646
104.999660
105.000284
104.999595
104.999062
105.000715
105.000891
104.999377
105.000664
105.000376
104.999220
105.000790
104.999261
104.999694
105.000856
104.999495
104.999095
105.000673
104.999138
105.000394
105.000810
105.000018
104.999914
104.999842
105.000700
104.999900
105.000852
105.000344
104.999846
105.000481
104.999981
104.999672
105.000677
105.000643
105.001017
105.000755
105.000951
104.999444
105.000438
105.000704
105.000750
105.000884
104.999817
105.000557
104.999444
105.000565
104.999268
104.999707
105.000636
104.999510
104.999890
104.999503
105.000126
105.000160
104.999846
104.999618
104.999904
105.000526
104.999998
105.000801
104.999406
105.000748
104.999618
105.000315
104.999562
104.999745
105.000496
104.999939
105.000305
105.000387
104.999937
105.000489
105.000499
105.000853
105.000168
104.999188
104.999883
105.000646
105.000946
105.000768
104.999935
104.999495
104.999903
105.000156
105.000671
104.999622
105.000976
104.999309
104.999689
105.000676
104.999286
104.999928
104.999034
105.000498
104.999717
105.000558
105.000369
104.999808
105.000562
105.000359
105.000797
104.999694
104.999461
105.000153
105.000955
105.000035
104.999289
104.999872
104.999935
104.999761
105.001005
104.999611
105.000740
105.000525
105.000519
105.000081
104.999217
105.001023
105.000877
104.999006
104.999219
105.000519
104.999683
105.000680
104.999068
105.000680
104.999597
105.000747
104.998986
105.000650
104.999944
104.999974
105.000483
105.000189
105.000333
105.000813
104.999195
104.999272
104.999335
104.999215
104.999528
105.001045
105.000457
104.999461
105.000220
105.000106
105.000051
105.001021
105.000532
105.000177
105.000829
105.001029
104.999134
105.001008
104.999368
105.000104
105.000110
104.999386
105.000687
104.999768
105.000552
104.999545
105.000635
105.000546
105.000804
105.000504
104.999942
105.000445
105.000721
104.999788
104.998976
105.000413
105.001016
104.999323
104.999045
105.001004
105.000374
105.000923
105.000898
104.999750
105.000523
105.000045
104.999249
105.000059
105.000802
105.000585
105.000854
105.000480
104.999371
104.999242
104.999927
105.000451
104.999139
105.001038
105.000459
105.000075
104.999517
105.000178
105.000253
105.000081
105.000578
104.998960
105.000651
105.000315
105.000445
105.000039
105.000045
105.000443
104.999201
104.999081
104.999899
105.000732
104.999557
104.999803
105.000044
104.999261
104.999045
105.000755
104.999537
104.999199
104.999351
105.000974
104.999896
104.999000
104.999696
105.000418
105.000575
104.999158
104.998964
105.000320
104.999893
104.999825
105.000280
104.999498
105.000137
105.000595
104.999387
105.000704
105.000207
104.999784
104.999422
104.999018
104.999300
105.000112
104.999104
105.000471
105.000380
104.999241
104.998953
105.000294
105.000880
105.000216
104.999779
105.000686
104.999532
105.000503
105.000846
105.000493
105.000461
105.000228
104.999443
104.999214
105.000578
105.000334
104.999306
105.000127
104.999381
104.999766
104.999549
105.000137
104.999132
105.000913
105.001017
104.999199
105.000102
104.999682
104.999452
104.999554
105.000213
105.000084
104.999954
104.999268
104.999581
105.000622
105.000671
105.000861
105.000861
104.999641
105.000312
105.000326
105.000321
105.000221
104.999729
105.000300
104.999840
104.999877
105.000988
105.000466
105.000027
104.999414
105.000970
105.000192
104.999263
104.998988
105.000002
105.000027
104.999191
105.001024
105.000234
105.000545
105.000480
104.999718
104.998957
104.999290
105.000236
105.001010
104.999436
105.000043
104.999281
105.000189
104.999381
104.999249
104.999439
105.000220
104.999020
104.999071
105.000686
105.000313
104.999068
104.999650
104.999446
104.999913
104.999131
105.000082
105.000278
105.000839
105.000473
105.000351
104.999585
104.999856
105.000813
104.999613
104.999590
104.999069
104.999000
105.000791
105.000766
105.000294
104.999397
105.000698
105.000193
105.000744
104.999933
105.000018
105.000301
104.999201
105.000138
105.000430
104.999342
105.000559
104.999689
104.999315
104.998962
104.999484
104.999349
104.999433
104.999008
104.999728
105.001008
104.999990
104.999277
105.000121
105.001016
104.999454
105.000982
104.999468
105.000798
105.000663
104.999582
105.000256
104.999150
104.999321
105.001000
105.000923
104.999796
105.000868
104.999570
105.000370
105.001034
105.000844
104.999850
105.000644
104.999736
104.999331
104.999484
104.999255
104.999692
104.998976
104.999470
105.000923
104.999854
104.999590
105.000030
105.000466
104.999308
105.000765
104.999859
105.000053
104.999672
104.999331
105.000118
105.000061
105.000667
104.999684
104.999034
105.000962
105.000753
104.999575
104.999250
105.000957
104.999544
105.000965
105.000886
104.999656
105.000092
104.999462
105.000234
105.000435
104.999314
105.000637
104.999270
105.000364
105.000940
105.000966
104.999176
104.999506
104.999983
105.000841
105.000135
104.999963
104.999375
105.000635
104.999428
105.000142
104.998954
104.999145
105.000509
104.999388
104.999475
105.000948
104.999946
104.999546
105.000102
105.000332
104.999329
104.999968
104.999113
104.999165
105.000440
105.000443
104.999369
105.000370
105.000681
104.999585
104.999558
105.000236
105.000599
105.000571
105.000896
105.000122
104.999537
105.000758
104.999184
105.000645
104.999117
105.000610
104.999583
104.999411
105.000008
104.999829
104.999544
104.999798
104.999944
104.999529
104.999352
104.999904
104.999637
104.999296
104.999962
104.999849
105.000922
105.001045
105.000997
104.999451
104.999263
104.999861
104.999401
105.000153
104.999310
105.000020
105.000962
104.999303
105.000582
104.999586
105.000478
105.000214
104.999942
105.000584
105.000025
105.000444
104.999182
105.000643
104.999983
105.000125
104.999855
105.000515
104.999348
104.999486
105.000510
105.000230
104.998965
105.000037
104.999459
105.000873
105.000210
105.000854
104.999312
105.000521
105.000491
104.999772
104.999192
105.000061
104.999050
104.999755
105.000295
105.000131
104.999128
105.000606
105.000476
105.001022
104.999498
105.000622
104.999473
105.000182
104.999398
104.999412
105.000423
104.999088
104.999706
104.999185
105.000690
104.999969
104.999311
105.000388
104.999685
104.999148
104.999435
104.999399
105.000348
105.000276
104.999068
104.999801
105.000498
105.000354
104.999182
105.000993
104.999965
105.000862
105.000679
105.000241
105.000538
105.000997
105.000489
105.000350
104.999200
104.999446
104.999142
105.000690
104.999950
104.999158
104.999232
104.999294
105.001043
104.999944
105.000588
104.999857
105.001020
104.999797
105.000145
105.001042
105.000968
104.999011
105.000292
104.999043
105.000489
105.000817
104.999363
104.999966
105.000467
105.000167
105.000757
105.000897
104.999433
105.000290
105.000006
105.000028
104.999097
104.999265
105.000012
104.999317
105.000348
104.999180
105.000051
105.000349
104.999754
105.000925
104.999372
105.000270
105.000765
105.000136
105.000397
105.000336
105.000691
104.999138
104.999389
105.000435
105.000663
104.999206
105.000511
104.999510
105.000678
105.000660
104.999269
104.999362
104.999433
104.999422
104.998981
104.999394
104.999199
105.000832
104.999632
105.000977
105.000918
105.000048
105.000094
104.999969
105.000324
105.000947
105.000675
104.999732
105.000349
105.000972
105.000394
104.999769
104.999672
104.999579
104.999216
104.999586
105.000395
105.000001
105.000873
105.000101
104.999399
104.999437
105.000326
105.000347
105.000854
104.999644
105.000675
105.000203
104.998979
105.000658
105.000897
105.000081
105.000147
105.000172
105.000102
105.000932
104.999689
105.000385
104.999886
104.999594
104.999322
105.000563
104.999760
105.000391
105.001028
105.000573
104.999810
104.999308
105.001040
105.000753
104.999172
105.000910
105.000460
104.999446
105.000590
104.999459
105.000325
105.000984
105.000257
105.000367
104.999873
105.001036
104.999881
105.000761
104.999848
105.000708
104.999056
105.000681
105.000058
105.000422
105.000293
105.000296
105.000854
104.999072
104.999558
104.999216
104.999987
104.999373
105.000258
105.000135
104.999981
104.999923
105.000968
105.000198
105.000205
104.999644
105.000307
104.998966
104.999792
104.999323
104.999928
105.000287
105.000085
104.999573
104.998957
105.000790
105.000169
105.000323
104.999445
104.999960
105.000067
104.998969
104.999369
105.000550
105.000085
104.999948
105.000118
104.999657
105.000311
104.999369
104.999136
104.999416
104.999474
104.999581
104.999923
105.000401
105.000620
104.999469
104.999415
104.999982
104.999479
105.000747
105.000697
105.000990
104.999377
105.000609
105.000301
104.999022
105.000980
105.000153
105.000988
105.000333
105.000665
105.000510
104.999962
105.000257
105.000719
104.999855
104.999821
104.999924
104.999935
104.999290
104.999378
105.000014
104.999526
105.000095
104.999492
104.999258
104.999730
104.999851
105.000111
105.000620
105.000019
104.999369
104.999575
105.000137
105.000248
104.999560
105.000489
104.999985
104.999552
105.000254
105.000871
105.000290
105.000704
105.000702
105.000877
104.999262
105.000159
105.000741
104.999566
104.999938
104.999094
105.000301
104.999250
104.999447
104.999524
104.999951
105.000249
104.999170
104.999910
105.000267
104.999477
105.000001
105.000511
105.000451
104.999116
104.999191
104.999214
