50392932000.503639 7.334335 0.573678 1.324114 8.515826 3.534959 60.223442
52788136898.840088 4.900335 0.034081 8.743301 6.218987 3.274849 57.292387
32695372541.830738 5.472305 0.861637 0.058811 12.993185 3.117597 49.611781
51664572218.637238 5.158672 0.443258 0.110264 2.023047 3.170005 57.289173
21569041606.066174 6.493226 0.481939 0.020786 3.922267 3.027657 44.399411
21172556159.638786 6.589084 0.833577 0.056776 13.914736 3.718477 44.238156
38132829100.094528 5.063302 0.143173 0.325025 15.925570 4.502299 51.637694
43967970144.274185 5.580213 0.519485 0.084499 4.797679 4.450078 54.922953
80763441864.199692 5.719682 0.473610 0.579041 9.660268 3.663072 67.520781
28279435887.015808 5.757055 0.147258 0.162087 9.964740 3.791598 47.639365
99833262869.078232 5.333467 0.256368 1.699833 5.077102 3.481134 71.700736
30155918595.990879 6.049129 0.334134 0.060463 5.490796 4.944028 49.058494
65574435975.620995 5.072612 0.714186 0.098003 4.578133 3.942592 61.880918
58169053670.205299 4.912144 0.974350 0.022766 2.421683 4.089428 59.195671
64960921250.777596 5.180796 0.710346 0.020637 3.477470 3.853050 61.871460
69338191590.564026 4.369120 0.011417 0.023391 4.406569 4.659724 61.840156
83993417806.919098 4.784536 0.894244 0.015198 3.155560 3.304528 66.673072
88226785026.536865 4.922073 0.894421 0.039745 2.180867 4.143064 68.031718
25300925561.264866 6.710155 0.406736 0.095668 18.249829 4.333753 47.095000
41179497035.562210 5.463239 0.354887 0.136277 13.815486 3.313297 53.564239
33291414562.511757 7.455146 0.504091 1.062692 5.356494 4.778893 52.612961
22522235212.918289 6.604617 0.619743 0.063255 19.887805 4.482828 45.177461
26201104772.289944 6.123391 0.766163 0.188256 12.143183 4.313393 46.906687
80592529413.121277 6.116937 0.526217 1.095183 7.072824 4.583968 68.205203
45889769929.817291 6.354856 0.197452 1.678755 11.827263 4.725667 56.894273
92571577761.927231 7.026582 0.355716 3.686499 5.536199 4.048965 73.173381
21942381205.250656 6.625023 0.058345 0.054027 3.295444 4.354651 44.810579
134475604896.784393 4.506701 0.919445 0.430262 4.633313 3.637863 77.407290
99189453922.092255 4.003156 0.155602 0.405849 6.704528 3.682739 69.002807
42494230609.179131 6.007649 0.475661 0.468826 14.983300 4.757635 54.938769
31328475768.954575 5.758419 0.843587 0.144983 7.176977 4.277559 49.295239
49372843595.473770 5.480356 0.422692 0.099206 3.903318 3.970168 56.930908
36883458141.903557 5.503315 0.928790 0.019317 3.472690 3.445648 51.689579
42315415121.178436 5.091887 0.962566 0.020914 19.354852 3.808034 53.502662
99284576071.617493 5.071484 0.900170 0.532691 15.578254 4.587715 71.054621
53183691734.911690 6.111844 0.862698 0.451761 4.417654 4.189961 59.372548
34283635290.959377 5.206183 0.550401 0.095760 8.770919 3.631145 50.034814
156285126196.128510 5.181205 0.273885 1.826364 2.827465 3.938426 82.905578
14421176652.041351 7.320390 0.541127 0.029843 4.080074 4.859129 39.672306
98030308943.977554 5.109178 0.177208 2.695508 9.059895 3.840971 70.827657
22528188611.151527 6.438045 0.954472 0.097461 3.673807 4.179260 44.981839
88535512868.919266 4.296317 0.698159 0.030920 11.865201 3.134333 66.957578
57170656215.150208 4.997316 0.881072 0.064195 3.535374 4.790436 58.993224
20351416411.833702 6.342341 0.766926 0.159906 11.776691 3.160866 43.372654
37945720232.390381 5.969951 0.520906 0.042697 5.638956 4.182072 52.850125
64714231839.144440 5.407856 0.868670 0.266892 3.503292 3.230585 62.180417
33311357174.338383 6.059278 0.878809 0.044083 4.838698 3.262491 50.727101
31131208199.526558 6.211099 0.135355 0.691765 14.010552 4.055813 49.798929
55664551764.264587 5.301591 0.162936 0.504734 2.644066 4.837263 58.962670
88275771617.594696 4.442601 0.022884 7.866197 3.771283 4.443207 67.156985
34155264156.500225 5.412370 0.027763 0.609111 6.287137 3.253938 50.256642
84259596274.247375 6.494831 0.531373 1.085851 12.403445 3.354970 69.929206
57962524440.262436 4.755240 0.084164 1.542658 3.317767 3.596656 58.871051
53491243919.021614 5.155062 0.770762 0.023256 5.034908 4.431167 57.950785
27472507306.230785 6.200894 0.874602 0.022403 2.968580 3.773640 47.753094
19635215294.608597 6.952157 0.066660 0.091635 4.915716 3.967045 43.554285
27950556518.957394 6.721844 0.129805 0.777292 7.639694 3.902801 48.699739
49963691969.870178 4.909127 0.619675 0.099796 10.782007 3.501904 56.265396
41163234099.084015 5.635336 0.488681 0.126256 5.847621 4.056959 53.810531
47382183018.025414 5.982611 0.330356 0.727936 6.298225 3.269640 56.930617
45774810120.667534 5.182880 0.139852 0.116791 12.505276 3.426719 55.060492
28253331268.605278 5.712893 0.008634 2.790358 2.997828 3.724282 47.567301
30044465900.967445 5.885589 0.371511 0.020021 5.332121 3.929005 48.781084
37659272963.168510 5.791894 0.546675 0.024261 3.878412 3.482725 52.462116
33615077961.242397 5.553828 0.319966 0.015395 15.217239 4.733012 50.184814
41168013435.986763 6.171685 0.419467 0.392921 3.846490 3.374445 54.602657
113645214806.640121 4.529151 0.141529 0.707944 6.698500 4.507918 73.229032
14095620769.056784 7.555291 0.531414 0.023425 6.508279 3.979626 39.607834
35256836531.123497 5.696065 0.369512 0.239383 14.906470 4.116190 51.187825
31556027811.054901 5.385104 0.639144 0.079733 11.294088 3.949614 48.911331
27073006467.698944 5.844782 0.310537 0.236359 4.483280 4.673455 47.064471
34627117960.275040 5.800736 0.165325 0.447617 3.236942 3.480356 51.026835
100540570337.922729 5.030917 0.352057 0.539583 3.527468 4.550697 71.273292
63559755808.194633 6.440940 0.132731 7.081616 6.678255 4.671407 63.565685
42519434056.160660 6.170446 0.381987 0.577724 4.469384 3.754727 55.191874
48929629287.478111 5.313531 0.073378 0.278642 7.293446 4.891989 56.500322
47756972167.608208 5.869912 0.882771 0.269714 2.319742 3.957842 56.905861
85414925486.285339 6.385160 0.338970 1.420613 1.777237 3.346146 70.042206
31920974234.888279 6.140901 0.607927 0.185041 5.246226 3.035231 50.121661
17837173688.741245 6.659726 0.091993 0.020145 11.436018 4.029121 41.859422
84139082180.911087 5.504800 0.891382 0.463959 14.696716 4.636800 68.047068
81527061638.431442 6.049663 0.498128 0.733268 2.090958 4.091298 68.343450
44131539351.148170 5.690542 0.508804 0.178469 4.526631 4.755549 55.157302
16776951717.127426 6.694704 0.577815 0.068123 4.610296 4.994464 41.050963
59671990486.746735 4.897823 0.443937 0.073296 8.091754 4.017060 59.677637
207791339717.597748 5.854795 0.282525 6.047602 2.349603 4.007908 92.862824
29775954204.926685 5.732807 0.743923 0.015260 2.565161 4.158243 48.433231
26782484728.268566 6.124649 0.933728 0.014045 14.872190 4.017451 47.252696
29764612196.110752 7.401853 0.122712 7.982975 12.859087 3.106087 50.616500
71004663552.765854 4.882048 0.054930 0.058332 2.817325 4.329383 63.211375
26805812889.019680 5.761284 0.031364 0.556963 15.719380 3.851862 46.802477
17893875213.357533 7.058983 0.900748 0.013965 14.970141 4.123950 42.344222
55720584313.211884 5.132412 0.970063 0.021181 9.744937 4.950828 58.708273
39835086502.933907 9.151149 0.366776 4.115490 7.207293 4.360462 58.212636
10861846220.357855 7.561686 0.014857 1.802463 13.190721 4.792131 36.318222
40979651588.728638 5.280932 0.726702 0.038399 9.090379 3.066278 53.210011
45517263310.907051 8.069744 0.973130 1.036647 6.470693 3.903616 59.301190
34141663938.555943 5.785629 0.201074 0.213892 8.041021 3.156448 50.766340
37947783128.252739 6.078217 0.047694 0.034025 4.710810 4.717907 53.006257
32311752976.956619 6.643162 0.526443 0.534674 4.354408 4.142361 51.005211
34633525541.931190 6.195014 0.701277 0.075227 15.777066 3.139642 51.578129
39349887921.479111 5.690375 0.739867 0.161935 10.959257 4.645867 53.088344
57332351156.460152 4.954202 0.862991 0.039672 12.966474 3.519383 58.978721
28648836708.598625 6.421929 0.990335 0.011399 7.486817 3.484427 48.712908
30181134475.719936 6.143627 0.634408 0.185106 7.611435 4.628454 49.197594
25770915624.133430 6.123622 0.712798 0.096540 7.052767 4.803187 46.648844
69558966688.000397 5.944570 0.100693 6.041879 3.254111 3.811513 64.636377
38611689296.591164 5.178516 0.517361 0.034587 5.036893 4.336440 52.017797
30077602212.857265 5.894949 0.344275 0.155144 2.583548 3.886673 48.811433
35736412180.822319 5.610441 0.010780 2.552934 13.691155 3.467826 51.298546
18425325718.973694 6.578506 0.114509 0.481788 16.499467 3.833955 42.223657
89524618687.085739 6.162587 0.495500 1.281378 5.658731 4.330150 70.724221
26891580094.866253 6.501897 0.861247 0.025556 8.524364 3.636745 47.797577
72531660695.255661 6.144503 0.770916 0.750599 5.220843 3.451573 65.899907
58342349914.965187 5.714033 0.824043 0.452769 8.935632 3.184655 60.575005
36874568863.714371 5.481434 0.261131 0.042117 6.414105 4.278438 51.654390
19182456103.191345 6.878249 0.313489 0.015530 7.038249 3.988887 43.133545
19258053711.460640 7.019018 0.161327 0.047090 15.622192 4.988142 43.349021
87551819902.609818 4.100683 0.860799 0.076502 3.144715 3.592657 66.361279
67903268752.725960 6.988059 0.361779 2.335409 4.676394 4.253997 65.925823
32062217382.521580 6.359616 0.963232 0.212269 6.929666 3.234170 50.491285
44801656465.151382 5.551540 0.045695 0.722323 17.870672 3.708791 55.224492
126775553754.869919 8.342548 0.553214 2.882044 1.552835 3.384897 83.994570
31311219634.411572 5.492862 0.769142 0.011197 12.083665 3.770609 48.929169
24173612067.883877 6.692612 0.557067 0.094018 12.481601 3.686219 46.363428
270235115465.627899 7.348440 0.430723 7.683849 2.397039 3.742903 105.449966
26091970615.678379 8.368487 0.835169 0.763653 8.108313 3.444341 49.622887
47671965391.317711 6.558667 0.712792 0.505754 8.387196 3.108360 57.935298
41105826141.997162 8.373640 0.267006 5.250396 6.784110 3.440374 57.747767
62701179181.571915 6.097738 0.315487 2.049418 16.899362 4.403997 62.697851
61441283874.878929 6.248344 0.244426 2.551432 2.799284 3.866649 62.528258
12649317007.151522 7.608424 0.998569 0.170417 7.569081 4.695719 38.255369
34250318256.360260 6.106066 0.696769 0.152804 9.787423 3.125462 51.264097
26137879984.253288 6.335151 0.849044 0.026195 10.499504 3.662906 47.136532
94705911701.974655 5.148924 0.783671 0.332150 18.814006 3.537375 70.094512
106168726061.570831 7.269776 0.648568 1.693683 3.132331 3.695137 77.076516
33392947243.235294 5.941946 0.197650 0.021223 2.108191 4.808190 50.607312
27874121232.910320 6.352814 0.500925 0.244503 7.426986 4.974122 48.180717
22241475190.168102 6.960136 0.833484 0.105553 5.158214 4.332792 45.411295
35195318414.640320 6.017202 0.157656 0.240103 14.231001 3.417586 51.607120
16698367553.875973 7.488822 0.463567 0.046400 11.079076 4.749608 41.838746
16141105565.974197 6.692333 0.067898 0.065336 3.539838 4.062047 40.523124
38247677277.130333 5.604960 0.012437 0.192917 11.097108 4.760450 52.465187
31279237942.280067 6.859985 0.391397 0.329236 2.170043 3.674703 50.744790
35113932730.546341 5.798540 0.384975 0.016850 9.591215 3.189278 51.261780
49501942667.642021 5.276105 0.015041 1.646854 12.902476 4.346155 56.661357
29295072209.693039 6.271390 0.999404 0.112225 8.500696 3.796047 48.879104
47071874885.811447 5.323537 0.075160 0.080565 8.085295 3.260308 55.791371
46517150171.266258 6.307713 0.951581 0.372940 4.496762 3.399634 57.080258
42165062781.562439 6.674676 0.102748 6.562793 8.899380 4.918211 55.783656
65937962728.188751 4.697471 0.975530 0.033076 6.385633 4.925190 61.358726
25705296116.571907 5.623788 0.269777 0.143394 13.661216 4.323498 45.979864
39747622939.058594 5.632456 0.220320 0.093780 14.562433 3.839427 53.182277
47582254342.452400 5.443029 0.693050 0.034494 16.213029 4.800785 56.176562
27456792984.377590 6.384788 0.525067 0.094254 9.844875 3.621784 47.980067
34366415247.107010 5.702359 0.926936 0.040879 10.337474 4.687871 50.761957
62219005909.980537 5.712474 0.086863 4.038064 2.291784 3.183860 61.885372
17024003093.010853 7.463724 0.400967 0.203224 4.325247 3.933483 42.082097
29401081722.867912 6.287660 0.842058 0.013754 3.769455 4.529922 48.959364
16654614474.025259 7.353591 0.710645 0.045800 2.553001 3.455447 41.658276
49609435328.274559 5.298303 0.081713 0.088819 7.852511 3.284809 56.736999
67459266242.356178 4.778923 0.079059 0.027373 4.826943 3.675873 61.965358
55287099326.543114 5.090491 0.402837 0.017404 6.629558 4.955110 58.488042
21743054388.387192 6.509353 0.421931 0.048609 17.777040 4.133887 44.537595
15371516723.250910 7.402739 0.804064 0.086001 5.714218 4.642581 40.610727
99837655366.148148 5.791515 0.157432 8.034183 4.937349 4.042823 72.607608
17428860789.491821 7.097903 0.728409 0.097733 6.538721 4.411665 42.016571
16140169186.163153 6.832946 0.529413 0.030559 12.968067 4.939135 40.672513
101737657218.033569 5.796574 0.773312 0.873001 6.607177 3.989584 73.075391
132977309526.470840 6.371034 0.271056 6.272306 3.118672 3.731991 81.147858
60702699550.490471 5.742114 0.082735 1.220791 3.452977 3.691370 61.428220
21394934369.918442 6.495030 0.109975 0.402233 5.257487 4.902027 44.281748
46638404186.702515 7.802218 0.370414 1.790681 8.491331 4.173171 59.388192
87331844835.633820 4.689185 0.516447 0.037662 12.953625 3.644439 67.368479
184122195140.171936 4.647493 0.449471 1.245071 3.187203 4.394940 86.285674
36501718262.466225 6.268655 0.694267 0.167030 3.008923 4.247969 52.593360
152030371038.327698 5.365060 0.387794 1.782435 1.983148 4.821990 82.563120
29274698923.089176 6.223740 0.367078 0.206368 6.356477 4.237933 48.805245
40168906005.230080 5.832868 0.544413 0.244451 17.910384 3.350989 53.662403
85262733698.092728 4.469784 0.162086 0.292369 5.588555 4.671358 66.433076
22066079149.158936 6.536405 0.445791 0.017110 8.628382 3.638605 44.789262
74077724578.663834 4.381626 0.481072 0.081607 13.863757 3.869563 63.239601
68034716295.006195 5.123799 0.149886 0.147582 1.952188 3.460875 62.733746
56029194923.201637 4.853124 0.709318 0.014964 19.423562 3.582201 58.365858
29196269156.549496 6.060812 0.710449 0.028564 12.545281 3.047886 48.547821
34763847416.488518 6.400089 0.652990 0.419795 17.385703 4.505099 51.927540
11967775756.185751 7.587236 0.180221 0.381783 3.971812 3.726686 37.535478
33526938879.555286 5.630349 0.539513 0.141762 3.477909 4.008416 50.246150
90428075015.962845 6.776349 0.850845 0.900958 1.539024 3.110238 72.130786
35824809007.452446 6.283258 0.831897 0.256661 12.855281 4.875503 52.286712
43310284756.333878 5.503148 0.709592 0.028182 7.357373 3.959981 54.532341
43078422666.189156 5.991632 0.080627 1.472188 9.360729 4.461560 55.165431
22372776942.297871 6.685805 0.614786 0.188489 5.331965 3.025462 45.174182
20446432480.041794 6.943417 0.415840 0.048998 5.350227 4.523489 44.135951
12483049677.175436 7.268963 0.006547 0.015439 14.897198 3.999920 37.759049
42267640258.156998 5.626381 0.367782 0.025519 6.146506 4.751062 54.274226
20279595500.845440 6.539700 0.213239 0.359635 13.925670 4.956427 43.550179
30135022881.268414 6.142189 0.078191 0.078905 3.780194 4.368346 49.170618
31565837552.534531 5.607643 0.305651 0.068059 13.927670 3.834529 49.216104
59785033408.885292 4.836140 0.987035 0.019156 3.382776 3.430952 59.614067
39846146184.604294 5.933438 0.735019 0.198914 5.472453 4.836115 53.664877
32877026668.662178 6.498782 0.948505 0.256985 6.881124 3.332975 51.104832
21416410511.056133 6.776511 0.692836 0.119302 18.661291 4.791169 44.627612
19300155260.178501 7.488718 0.054722 2.993078 5.223435 4.809283 43.907608
17400216335.795815 6.639992 0.332687 0.016246 18.844691 3.290085 41.493129
125160133634.632080 5.179088 0.131050 7.143244 3.869942 3.093729 76.985313
33451693933.646790 7.388008 0.301912 2.087104 7.648833 4.849814 52.607124
48589421529.591454 4.977722 0.350068 0.032734 19.737887 3.851009 55.850100
30132191794.734070 5.789490 0.430687 0.015828 4.903059 3.829529 48.700893
36900657309.018097 5.456120 0.543162 0.138944 17.535209 3.646352 51.630663
66636119818.897171 4.944059 0.080364 0.062047 12.456808 3.870108 61.993199
160859227486.949707 6.882080 0.384481 6.667970 2.635246 3.401636 87.640721
28090727240.452938 6.111127 0.039074 0.133957 10.116872 4.928860 47.992362
22570347505.141918 6.743767 0.924954 0.148887 5.652957 3.406370 45.376051
33332503209.712482 6.103733 0.230656 0.567254 5.885441 4.858544 50.798831
23952779401.320797 6.654143 0.737609 0.091866 15.459633 4.255884 46.174879
74207129836.749039 5.297990 0.969181 0.250472 11.461352 4.048575 64.886807
11496764348.743969 8.694223 0.403982 0.310192 5.949379 3.909897 38.057764
19046929735.978596 7.837517 0.466444 0.797238 2.928758 3.885491 44.100510
26345063900.995972 6.387172 0.600461 0.111817 3.149306 3.725119 47.326567
51650873267.280769 5.397736 0.094531 0.021671 3.598231 4.065016 57.662318
26223845643.855263 5.991742 0.038866 0.011361 11.859917 4.751984 46.753470
16165668661.949587 7.178174 0.045618 2.633688 6.393822 3.330906 41.061059
14963429358.021734 7.396459 0.078093 0.193723 4.859808 4.889321 40.241666
46110225497.321739 5.363631 0.551867 0.014536 7.437798 3.313811 55.469978
58847391377.833054 5.073685 0.968761 0.024479 2.490928 3.300068 59.689847
35016498059.063408 6.245799 0.701852 0.017480 5.173488 3.917396 51.838303
45642322898.486336 5.742718 0.523705 0.337290 2.100776 3.157688 55.859237
39024686832.190979 6.329744 0.600674 0.066548 4.986457 3.601437 53.866376
43615856673.107315 5.178796 0.784127 0.036672 3.208117 4.646204 54.174782
60407614907.817719 4.581932 0.607138 0.074414 9.631180 3.854706 59.404879
37728344163.194099 5.677725 0.747442 0.016177 4.657801 3.525627 52.330761
140017506466.509552 5.914152 0.539878 1.787182 4.913541 3.961840 81.544488
29971210066.905434 6.433486 0.952150 0.154396 1.971670 3.708640 49.466411
97883427304.932159 4.370850 0.056184 6.453619 15.931594 3.024174 69.375017
53647555402.773689 4.739612 0.681797 0.014140 11.166625 3.593886 57.347753
107043176398.228821 8.299245 0.453318 2.966058 1.519935 3.840455 79.305132
42415692439.069298 5.697276 0.436887 0.097538 13.172875 3.811088 54.443010
45990684038.280281 4.861079 0.430437 0.079612 9.148322 3.788193 54.660347
53350790136.240540 5.518230 0.013665 0.691876 10.165130 4.224387 58.481319
35711263044.447388 5.746041 0.855002 0.086573 10.422816 3.273773 51.477039
17466302366.740616 6.932324 0.567444 0.032238 5.202874 4.696609 41.865977
40617129151.717949 5.349193 0.107322 0.380722 15.832072 3.467275 53.152395
49868053442.651451 5.181593 0.323093 0.439470 7.401960 3.305901 56.653052
48743549897.341568 5.076447 0.533335 0.094726 2.995741 3.630559 56.061344
43585077974.223862 5.565366 0.575092 0.156890 5.492345 3.226846 54.740774
159500824681.863434 5.757971 0.266021 3.011703 2.061711 4.708864 84.802284
69756154730.072784 5.788021 0.709767 0.460249 4.824258 3.815689 64.422384
44304964282.872734 5.641542 0.091727 0.088864 6.924528 3.194978 55.155482
42675275044.981918 6.138768 0.529105 0.336204 2.843160 3.864762 55.212049
94912396643.330032 4.319532 0.256408 0.371295 3.622001 4.279904 68.570862
31922201237.426537 5.795551 0.447159 0.111486 4.812765 4.383944 49.654972
26060741851.993637 5.683409 0.560137 0.024300 13.024274 4.513321 46.266241
90291956066.514633 4.667655 0.501507 0.474994 5.431065 4.561293 68.081022
31630521114.181271 5.947795 0.675122 0.012222 4.338420 4.000876 49.708741
55860843512.839256 5.509556 0.886433 0.214465 2.514257 4.083395 59.370314
46059657907.380753 5.183251 0.604260 0.090730 9.758890 4.395465 55.175030
27040799353.989410 6.034060 0.610854 0.050747 5.152107 4.711000 47.288197
118843418664.825409 4.195719 0.863733 0.120063 11.349716 3.927941 73.662807
45901791182.051987 6.463849 0.215745 3.142150 3.287842 3.021671 57.065077
48147219129.709023 4.890410 0.920966 0.011465 4.394548 3.665271 55.546486
70408572375.807327 5.191537 0.843784 0.332038 16.976162 3.774450 63.573577
313441893724.079346 5.963045 0.832194 1.378602 1.391561 3.323320 106.814301
223116690429.334869 7.590108 0.426954 9.710139 4.392786 3.691744 99.535887
42882058085.953453 4.961950 0.260278 0.070741 8.219238 3.854036 53.548415
54806424906.868988 5.267177 0.030703 0.090282 4.840177 3.188107 58.602566
36764931336.925156 7.104399 0.682438 0.726477 7.910457 3.192789 53.895015
47706175068.793243 5.319620 0.472618 0.052822 3.810596 4.150033 56.034812
34461502388.415031 6.696362 0.632921 0.469914 2.502403 3.853144 52.185446
33270708548.912094 5.905089 0.264974 0.512687 9.117237 3.680599 50.494904
19863032188.371033 10.135924 0.318340 2.851289 9.625884 4.688034 47.203649
26749713616.813755 8.578382 0.991538 0.602713 1.929551 3.142199 50.290618
50345103950.419624 5.320102 0.454935 0.016057 5.215300 4.574849 57.050296
23882895911.341316 7.621441 0.381887 0.968449 4.400325 4.440370 47.297892
48175361035.885864 5.536732 0.470320 0.013669 2.726393 4.187810 56.554303
43020613307.045319 7.771693 0.719435 0.707283 1.691198 3.615222 57.766926
41670859162.288193 5.751067 0.636560 0.427029 5.537700 4.705019 54.202031
35982261642.740021 6.141801 0.750101 0.187453 7.508887 3.406076 52.164306
47515491111.861191 5.447357 0.352283 0.152573 4.723630 3.275334 56.156953
37166002527.013657 5.771858 0.344217 0.023650 4.808760 3.886528 52.203517
51169969629.370186 5.484567 0.130196 0.538817 16.631211 4.538899 57.620098
29856251527.258480 5.538635 0.099926 0.024802 3.192695 4.187230 48.219764
21395353602.893600 6.998812 0.293897 0.504320 4.461106 3.155517 44.873167
42107513009.675461 5.247311 0.819374 0.076162 7.627870 4.800395 53.644077
39811228964.946846 7.196877 0.526708 0.951721 2.375478 4.566743 55.476657
51529276775.558052 4.935880 0.998340 0.040995 10.125917 4.366375 56.888923
55415241540.347862 7.075023 0.740124 0.956121 10.903510 4.833047 61.747088
30760382921.634449 5.890629 0.013031 3.635538 6.151755 4.157796 49.172247
168237774833.619812 5.136460 0.505974 1.300544 5.937487 4.752254 84.862735
74704902625.710663 4.476780 0.012096 1.608634 9.135281 4.921260 63.581421
31104214497.167664 5.669989 0.795157 0.072352 8.717613 3.543321 49.058657
32952745410.545792 5.473095 0.087673 0.010372 16.000561 3.684466 49.742699
22893677778.164028 8.189824 0.266787 1.678539 2.954209 4.907061 47.299743
30725201586.087723 7.750561 0.278117 1.433100 5.120143 4.925120 51.608584
38298994131.909538 5.763834 0.510929 0.098902 3.728379 4.699072 52.717142
17022316441.898058 6.932875 0.391053 0.053098 4.054812 4.208370 41.508788
85840895529.201706 4.595735 0.395096 0.054759 6.929611 3.073778 66.811831
22312616391.041599 6.749440 0.499174 0.298527 4.891316 3.951441 45.209425
27148047715.298191 5.819126 0.505781 0.121163 4.695153 4.121170 47.075007
55118083104.602074 6.065645 0.108255 4.293317 3.040534 3.741086 60.008866
9510974937.065643 8.019566 0.271035 0.030271 12.305691 3.726778 35.145912
52456203081.990395 5.036864 0.473116 0.016634 17.434333 4.508894 57.387389
33864191357.742397 5.527677 0.765831 0.057239 8.618313 4.610298 50.272408
19391369632.796165 6.891314 0.342727 0.021965 2.841188 4.013158 43.304366
18920494593.708546 7.174131 0.518051 0.207890 16.979888 3.749120 43.267763
52601074978.297905 5.382905 0.046915 2.071111 8.856300 3.259071 57.990117
72590357733.414322 4.453249 0.117650 0.011075 9.079491 4.594679 62.935526
51015233375.921021 7.493460 0.652429 1.250565 3.618317 4.843354 60.716275
74332289038.789017 5.624093 0.160265 2.788456 8.621769 4.704676 65.507285
76128698050.264053 6.725615 0.435450 1.518049 2.291704 3.260357 68.017779
56090695980.769485 5.653360 0.081843 9.494365 8.925923 3.293594 59.686386
38080225244.150902 6.277620 0.567913 0.342069 2.550006 3.164068 53.353654
24631714216.684921 6.705862 0.801521 0.010732 6.009296 4.924967 46.670778
285095620997.702148 6.153159 0.586882 2.312567 1.748870 3.513241 104.025662
39567587467.184769 5.970976 0.369947 0.312049 3.907072 3.449476 53.594105
262858183962.793793 7.570131 0.646362 3.290931 2.085211 3.220938 105.072735
33090701603.870411 6.054622 0.330426 0.016119 6.510293 4.910650 50.608472
20866860520.358280 6.913406 0.863722 0.017740 7.065525 3.773542 44.401609
16905576227.408140 6.559317 0.162203 0.103833 5.506919 3.016268 41.008421
20173780195.253262 6.922254 0.291038 0.344963 19.751185 4.893612 43.914622
41995742924.076363 5.828986 0.203204 0.041112 1.627464 3.134840 54.458116
37691073585.242020 5.358989 0.362823 0.027383 6.676960 4.482692 51.858063
122125440916.421036 4.393487 0.955846 0.208089 16.974134 3.141015 74.731091
31815360755.764294 6.279352 0.243825 0.199431 5.591253 3.840454 50.253170
34047536643.571430 6.165883 0.824523 0.015913 17.792036 3.082764 51.245352
64547183199.575096 6.154628 0.425302 1.156058 4.920732 3.485525 63.404477
67729343547.806694 4.843333 0.489933 0.521598 3.257298 4.705847 62.157867
26598860559.506687 6.643560 0.485736 0.472733 13.728447 4.540338 47.802796
26925358306.954922 6.180061 0.799700 0.070815 6.037024 4.810808 47.407345
51092631815.425529 5.138763 0.720957 0.014382 3.860031 3.599864 57.045689
54006684854.945274 4.947805 0.079324 0.029740 9.469979 3.434738 57.805360
37146952686.767021 5.690905 0.182905 0.308157 17.658828 4.654430 52.079327
17643575469.434547 7.209592 0.717887 0.032914 14.799727 4.865076 42.310317
54015745447.810913 5.683700 0.908893 0.309812 4.894154 4.541294 58.990065
28992962945.253189 7.158723 0.843603 0.370692 3.623284 3.378545 49.862997
28224146943.753078 5.838734 0.463755 0.071296 4.202248 3.212862 47.714433
94903744467.174957 3.820299 0.084904 0.010516 9.884197 4.260514 67.673514
27891625853.424778 6.421173 0.829149 0.141103 4.361745 3.137787 48.278923
30774795161.641567 6.099230 0.303734 0.020191 2.315922 3.939601 49.458770
43912289421.430420 5.543512 0.248070 0.090582 19.974576 4.651048 54.844546
31262583560.825150 6.101701 0.955202 0.010428 4.481333 4.217775 49.722031
42770132229.415230 5.792569 0.692261 0.124375 4.483183 4.639289 54.736457
37127865973.257942 6.112056 0.468777 0.581972 4.502983 3.768852 52.669842
46474180508.421860 5.330370 0.752040 0.090179 13.426486 3.101553 55.564673
125570473521.182434 6.035000 0.430321 1.786483 4.218137 4.871581 78.895665
206877007638.184631 7.776333 0.389103 9.893409 5.148367 3.646404 97.515787
43754833623.714455 5.506305 0.484555 0.270016 9.475178 4.520833 54.723027
33360966800.045597 6.462915 0.252763 0.332725 6.586664 3.652425 51.305343
25015190282.285645 5.810666 0.999799 0.018715 3.898858 4.169041 45.797876
44543544071.803101 5.272436 0.781408 0.010401 9.253495 4.119141 54.697054
21820462903.097454 7.475218 0.070974 0.919672 10.255024 4.688619 45.725498
39935851123.305031 6.145578 0.607838 0.388523 13.757361 4.241502 54.014352
60572453426.148636 5.449717 0.551796 0.266455 3.922073 3.875380 60.894538
85281642105.422546 5.944870 0.094358 6.833516 7.649790 4.880925 69.180126
66161730172.864143 6.692298 0.362224 1.994008 5.468253 4.339572 64.852548
53423743559.596634 5.091890 0.186925 0.062927 11.311169 4.479533 57.825669
275038490772.807129 6.148754 0.737105 1.672132 1.664707 3.632306 102.775565
53352139534.481155 5.144362 0.498490 0.057483 5.013553 4.250458 57.883442
27904881974.880489 6.032871 0.626198 0.065497 4.070006 3.232226 47.785081
40897773022.458649 4.916129 0.493574 0.019481 14.738073 4.993508 52.642939
83883445956.564194 6.956563 0.242627 7.247090 7.914093 4.991929 70.679639
178719814767.768066 5.782425 0.241478 4.860099 3.001774 4.186254 88.138821
23174044389.191738 9.511280 0.184465 6.807091 2.899467 4.503386 49.000696
240015204578.024841 5.879773 0.599934 1.839085 2.131238 3.833801 97.500647
188851424642.378265 7.141062 0.988000 1.449341 3.249306 4.554932 93.079933
80605012569.318665 4.542735 0.183780 0.054392 9.564789 4.661842 65.330262
14471600183.335478 7.067929 0.556008 0.077201 10.594611 4.521164 39.460781
79463207847.330353 5.568249 0.501451 0.437177 1.723893 3.328395 66.878729
24195195251.182312 6.321094 0.109917 1.039918 4.042193 3.665095 45.921249
199963485443.045288 5.315756 0.427291 2.122295 1.897148 3.989195 90.337994
28325566112.752701 6.345249 0.330729 0.073748 19.667067 3.209912 48.429627
40274194493.849098 5.260883 0.152269 0.027949 3.447247 3.288663 52.873716
23414245919.591877 6.752450 0.683120 0.068137 19.063212 4.650095 45.945178
27206987525.519176 6.542313 0.750294 0.020334 18.968035 3.808032 48.035297
26856697021.040436 6.541088 0.795568 0.070088 4.854736 3.117212 47.826698
22052532858.212570 7.887216 0.576407 0.664579 6.315145 3.914914 46.365285
58033466491.063248 5.208502 0.742487 0.141536 14.276184 3.418994 59.634454
29666397634.252151 6.297617 0.484630 0.081565 11.897881 4.611919 49.119311
58690366034.618187 5.142223 0.267785 0.134351 7.031443 4.915121 59.749428
60244298837.526711 5.301402 0.519399 0.216405 2.229797 3.902635 60.536962
33026298905.474667 5.682819 0.889496 0.012117 4.784643 4.637750 50.066618
44179584426.568062 5.231059 0.051604 0.253237 2.988941 4.771260 54.485561
38811799375.672684 5.660702 0.980756 0.041167 5.708588 4.501849 52.802381
314714968190.593445 7.554414 0.484123 7.105555 1.592450 3.157640 111.527640
48583140372.444633 5.753553 0.607398 0.028626 3.687757 4.371329 57.050931
73379194544.656555 4.960689 0.824500 0.047412 4.251590 4.204386 64.046782
12678865089.016369 7.463799 0.795349 0.011218 5.182029 3.246215 38.145013
28819528995.146709 5.806010 0.061887 0.046330 4.351576 3.802203 48.004791
58981834988.619957 6.189438 0.428530 0.770549 4.025072 3.713084 61.584900
49521758657.002861 6.317992 0.088188 5.460903 3.272756 3.204554 58.299732
46023563066.335335 9.852166 0.544061 3.229410 4.495091 3.989026 62.069501
18082432942.816029 6.908159 0.115131 0.025531 18.128741 4.704210 42.325855
45749202286.365364 5.594005 0.054298 0.048008 4.130558 3.056156 55.675875
33918376615.000648 9.056432 0.833791 0.961596 3.656900 3.357864 55.052901
213659112598.225250 8.255104 0.462789 6.500690 2.277148 4.800131 99.744221
15977287887.817772 7.243307 0.312761 0.217736 16.779257 4.402273 40.969631
141996184976.490417 6.383647 0.290625 6.208113 4.167435 4.512876 82.970408
33877031335.357689 5.612757 0.887172 0.228396 9.756205 4.718001 50.396154
17913237926.387836 6.587527 0.006712 0.464112 10.721787 4.473470 41.838814
58533146479.665001 5.245652 0.099292 0.023094 5.762841 4.010410 59.866339
24762103266.640411 6.197534 0.724642 0.365206 7.433494 3.827316 46.123825
71449156814.767776 4.939300 0.147352 0.020215 2.932830 4.049957 63.442889
34079772267.369911 5.575149 0.941295 0.022341 6.391035 3.104926 50.444485
44469404265.559799 5.608264 0.971853 0.011308 2.883237 3.612107 55.173341
51908782300.471466 5.157369 0.858639 0.044824 3.929368 4.685703 57.377238
23739082117.330219 6.875175 0.034073 0.322115 4.946640 4.938757 46.305592
41408789046.121971 6.623854 0.169066 3.102529 7.910931 4.696757 55.373679
22920576706.947376 6.215125 0.253037 0.027595 17.760737 3.318845 44.972141
150952386570.257935 4.792683 0.208561 1.446360 11.533165 4.367428 81.079781
191787204710.827087 9.261615 0.740101 2.974647 1.649209 4.979794 98.548234
34133599278.445953 5.976332 0.841173 0.078288 5.894325 3.744867 51.026325
26808584418.586823 5.783887 0.604446 0.043361 3.645148 3.446310 46.832961
91054020006.294785 4.412832 0.197360 0.097305 4.736611 3.977056 67.799500
39305870647.001808 5.548448 0.923287 0.036035 14.683462 3.904494 52.862700
46259727999.431610 6.209803 0.146385 1.759324 10.623613 3.761041 56.825145
57762261122.537727 7.244585 0.209235 5.402441 18.304152 3.632058 62.881570
90841724722.149887 5.089453 0.137428 1.589635 2.283245 4.024492 69.014740
41786517847.960304 6.877588 0.886796 0.634984 16.927794 3.358761 55.913707
36173491786.937820 5.317690 0.602968 0.038823 17.579773 4.775317 51.094419
37490973607.857193 5.284634 0.347247 0.039204 8.775556 4.751196 51.660321
23493157006.476265 6.559045 0.346999 0.068125 11.385928 4.701165 45.762215
71011096289.218140 4.440212 0.756307 0.014460 15.596796 4.478041 62.453667
39071341679.671890 5.525572 0.484431 0.102917 19.585410 4.625239 52.724259
31398265507.194092 6.012628 0.001238 0.094552 3.033692 3.452576 49.674031
24603628076.973156 6.615719 0.818042 0.010776 2.304704 3.150001 46.542039
19164839279.783875 7.073219 0.724281 0.226852 1.657707 3.138785 43.339924
45798963989.928368 5.055707 0.138138 0.015569 11.707349 4.622692 54.877566
38044836637.651100 5.826554 0.705303 0.020151 3.126220 4.353097 52.690299
30446738463.192127 5.567270 0.694306 0.040629 5.265075 3.569053 48.573708
35619742612.296486 5.833864 0.183944 0.019816 2.681499 4.555262 51.556348
53032602354.948288 7.975060 0.199156 9.885643 14.512652 4.103640 62.254236
25185458213.739738 7.467881 0.296194 1.322191 5.960492 4.627726 47.955603
90124129441.799179 4.423105 0.522389 0.310083 8.104103 3.587633 67.586723
61397442669.642403 4.657762 0.753221 0.049219 5.159796 4.778374 59.851562
96365975366.316040 4.706803 0.909525 0.389903 10.012747 3.760559 69.649312
29321069713.222778 5.828493 0.269548 0.086456 8.259089 3.448658 48.311252
43479416444.132652 5.793659 0.408293 0.012198 4.012575 4.841889 55.039012
29873757798.276825 6.017897 0.685056 0.104957 14.335951 3.937675 48.863675
14109900781.710123 6.929642 0.547331 0.013358 13.522674 3.241845 38.988676
38000487946.203362 5.858441 0.396267 0.417191 3.216200 3.851059 52.715569
81560305787.492813 4.486447 0.095974 2.973169 10.641251 4.212889 65.486880
58974418017.470558 6.183071 0.130193 2.986088 2.484035 3.320136 61.571761
17847243161.881554 6.900070 0.092506 0.022566 18.756435 3.218178 42.132640
33606481348.454334 6.107677 0.264353 0.225300 3.388683 3.067981 50.943059
20745399630.916565 6.683419 0.507721 0.013011 8.904307 3.566619 44.048412
48531965963.856171 5.697940 0.543600 0.067711 16.170075 3.415968 56.944325
114560601994.676285 4.371241 0.086650 2.243973 3.386649 4.466065 73.111058
39293368038.597015 5.535245 0.862620 0.057600 4.667412 4.172021 52.837958
51298612360.402122 4.640962 0.413904 0.132041 18.626859 3.415749 56.345715
27134851198.287277 7.189845 0.383972 0.551166 8.280424 4.572070 48.813374
58595408127.396149 6.394408 0.338490 1.761435 2.864082 4.485477 61.788893
205055442680.358093 6.988572 0.654009 2.687290 2.338591 3.600077 95.291660
24203706190.838730 6.647345 0.698319 0.029679 10.440679 4.789649 46.327235
17874636341.121662 6.276711 0.043671 0.014851 5.478746 4.468009 41.463518
42601156881.388969 5.011288 0.740901 0.035533 8.873198 4.606426 53.503887
23341925956.104275 6.658286 0.019233 2.322383 4.393175 3.239105 45.783983
50834249499.489410 5.589884 0.536821 0.285143 2.499801 4.040381 57.660132
79564646756.681702 4.550787 0.798238 0.017648 3.408432 3.502743 65.062258
39728072711.375237 5.824599 0.308112 0.027882 4.915714 4.890390 53.453332
34606497318.174461 6.240524 0.510099 0.012804 6.363608 4.399320 51.627868
24626023406.540321 6.698836 0.188197 0.132853 10.198689 3.668945 46.658536
78779418589.863602 6.084982 0.264602 1.987813 2.535600 3.293033 67.631445
35371476922.545547 5.645917 0.744159 0.160699 12.320515 4.719029 51.173008
11746811035.436073 7.909155 0.558836 0.019676 6.667494 3.830233 37.605430
28299473030.027138 5.619519 0.514898 0.052209 7.457231 3.904311 47.471778
54717337308.113037 5.573279 0.150955 0.624776 10.071085 4.450022 59.065541
19255053824.259693 6.479421 0.032669 0.171699 4.743998 4.943726 42.735512
68245866661.543945 5.686064 0.418126 1.027272 18.286140 4.425054 63.776245
29112258514.860802 7.159483 0.843128 0.372206 3.616505 3.379106 49.932272
43139446495.103806 9.136425 0.289929 7.829699 10.725299 4.765937 59.759175
40735380512.590240 5.387721 0.773061 0.046745 17.519624 3.282459 53.260333
50323040968.805481 5.702813 0.092489 1.998185 2.648416 4.226894 57.644068
35323896673.275818 6.790791 0.175208 1.578176 16.855953 4.239615 52.748156
19209749790.349358 6.606622 0.130706 0.860159 7.642000 4.217473 42.846462
20256722840.054184 7.207051 0.776946 0.212424 11.515957 3.450466 44.300849
40739292410.431664 5.412860 0.310917 0.331313 2.809036 3.049801 53.298860
23170530181.241901 5.842135 0.269927 0.068579 11.044661 4.885527 44.681564
23878978474.747288 7.227300 0.307220 0.260284 3.379572 4.567506 46.822442
52865494092.825066 5.141039 0.928343 0.059143 6.517858 4.786099 57.701629
33955114776.210323 5.581576 0.644629 0.103618 8.843695 4.786829 50.391779
25852485109.686020 6.253771 0.821749 0.087992 2.420329 3.730329 46.861946
55080078613.676331 5.216526 0.836130 0.058268 3.196949 4.086003 58.618122
50144957053.331306 4.786554 0.617885 0.107163 2.983548 4.057223 56.143809
103387468322.747940 7.160141 0.409729 4.120733 1.788165 3.732583 76.182059
35792668968.919281 8.346900 0.501051 1.182511 10.071183 3.757964 55.108258
92610728862.209442 4.582235 0.628786 0.195831 6.071632 3.045323 68.498686
54485735148.209991 4.992066 0.122327 0.010160 3.368819 3.799141 58.046479
36332573815.778084 5.898104 0.181913 0.022874 6.797880 4.999985 51.988799
61161373295.868172 5.997000 0.401005 1.124703 13.890041 4.289969 62.011088
91521263861.898438 4.232540 0.123244 0.256747 3.086148 4.228897 67.586193
26153579377.133915 5.501714 0.398788 0.013582 11.743204 3.212722 46.091101
41507687829.068268 5.474798 0.357265 0.023355 6.806403 4.854705 53.723211
66770904358.238617 4.808330 0.139980 0.082857 16.578325 4.786496 61.803779
33694953801.102871 6.045589 0.969016 0.029995 2.925885 3.718025 50.902219
42082739070.872093 6.236666 0.297996 1.180211 5.137137 4.736623 55.100383
207779997973.288788 6.572603 0.370232 6.226199 1.820509 4.063009 94.671090
71570775814.514328 4.488259 0.998232 0.060943 3.691353 3.147371 62.699103
19717823025.538712 7.868539 0.626579 0.637667 7.849057 4.077524 44.646870
15095756446.566631 7.124421 0.809087 0.024814 5.238815 3.289185 40.078738
20481573525.675831 6.654664 0.554444 0.167868 10.288335 3.760210 43.827586
12624306116.523319 7.593992 0.186888 0.021115 3.969199 4.521928 38.216199
59510624433.136894 5.008085 0.367551 0.014036 4.934241 4.398270 59.805079
21128837531.874023 6.620112 0.061958 0.372171 5.447170 4.174991 44.244035
47819606905.481186 5.016170 0.688124 0.190819 5.663386 3.375038 55.612439
47756575727.918884 5.443929 0.115245 0.020023 16.258633 3.920723 56.246472
26426160154.032841 5.891191 0.341360 0.143109 8.297342 4.813573 46.745606
22247369724.863716 6.627360 0.566061 0.048293 8.991323 3.366685 45.020024
49806040307.573097 5.385982 0.207364 0.029329 19.212534 3.758834 56.949055
20439144161.416481 7.081031 0.540681 0.013435 3.779675 3.594398 44.288941
32462658181.450653 5.520875 0.741446 0.197302 16.317643 4.156949 49.559825
39601370194.546074 5.802324 0.898538 0.147007 2.695318 3.401375 53.364042
58229323023.899765 5.447479 0.305170 0.277188 1.921091 3.495574 60.095298
81064816602.986496 4.823341 0.934711 0.016538 5.626847 3.606982 65.959283
264150741669.228546 7.320991 0.740734 2.322217 1.716922 3.300109 104.579009
107558460402.319946 6.329426 0.694748 0.845787 2.091945 3.366233 75.523558
93203098364.840149 4.587520 0.616954 0.249901 5.262644 4.782290 68.654332
29461475321.028320 6.141805 0.707063 0.042164 16.204688 3.737817 48.801012
69092934954.682755 5.089591 0.925384 0.023827 6.186185 4.475117 62.997928
94460611007.032486 6.047795 0.278963 4.287137 4.761186 4.323469 71.777985
106910955956.702118 8.051075 0.838312 1.393414 1.129536 3.345027 78.791376
30873721034.755386 5.890303 0.186369 0.017119 8.778713 4.328517 49.232128
35719907736.919243 6.107368 0.715796 0.158118 12.464721 4.373812 51.988882
28222427496.835449 5.655736 0.957770 0.027798 8.773920 3.159796 47.475698
82197100947.090363 4.776581 0.577175 0.241217 3.714015 3.917461 66.179883
25844417272.429684 6.114840 0.295402 0.092638 3.704807 4.304191 46.682084
33056353253.791183 6.912330 0.155034 1.584238 7.592835 4.367161 51.758988
33672303560.022663 5.757823 0.689820 0.099573 14.389524 4.354126 50.494309
19430479362.308601 6.724956 0.569326 0.131713 10.881426 4.922690 43.144616
47917291775.896469 6.076556 0.900991 0.586353 12.476413 4.807662 57.289662
51710230552.825363 5.746622 0.283578 0.578400 4.126992 3.284472 58.238591
32070093503.758766 5.365856 0.328520 0.133422 17.653291 4.756561 49.149477
56822011042.686676 5.205751 0.869562 0.024000 3.665114 4.028845 59.212087
44179584426.568062 5.231059 0.051604 0.253237 2.988941 4.771260 54.485561
36194021384.022568 5.822549 0.756732 0.137390 9.012869 3.732947 51.815971
71522427225.972458 4.800994 0.631871 0.110325 10.564345 4.475522 63.223591
32095855470.136005 6.319144 0.962788 0.050082 7.465100 4.103318 50.454232
34682356984.737892 6.024201 0.903993 0.167828 17.216512 4.834468 51.364908
27844759782.553047 6.353931 0.518451 0.093793 9.570016 3.616585 48.165234
70719793671.668564 5.187763 0.653230 0.328303 5.689900 4.133939 63.660491
81676257467.682266 5.691493 0.556107 0.880742 12.088661 4.501718 67.722019
18478128213.112991 6.455402 0.435961 0.047159 19.345136 3.879347 42.125859
39906426467.658539 5.352466 0.501970 0.285221 19.908859 3.601994 52.845313
62202945404.680534 4.779524 0.004652 6.127099 3.144624 4.287447 60.313229
77404184574.132965 4.836508 0.098149 1.014570 7.766360 4.946848 64.974628
25594811897.343643 6.568060 0.031881 6.049858 6.476984 3.246549 47.099299
35881312224.860733 5.920554 0.087873 0.931845 11.265736 4.535617 51.804260
40932677135.591072 5.539782 0.312523 0.050023 6.254382 3.807304 53.569432
54691434013.344170 4.830601 0.658869 0.015833 8.813613 4.775911 57.861749
23375187507.827972 6.034058 0.729146 0.010464 4.112514 3.823571 45.046867
33288287130.099438 6.168652 0.326333 0.416645 11.189114 4.929001 50.865362
22207498701.331440 6.881385 0.570566 0.366085 5.933429 4.720585 45.294895
42901665420.584824 5.804488 0.381239 0.029382 3.663695 3.829114 54.810318
47904207066.942978 5.342488 0.266845 0.011322 3.497858 4.252345 56.147558
40501189706.920364 5.606824 0.838604 0.239884 12.390777 3.208988 53.478716
94849300326.769165 4.370409 0.349551 0.423162 4.432746 3.898064 68.649848
69702626223.594452 5.396421 0.476001 0.358476 4.000949 3.551289 63.718696
26277339383.278824 10.460504 0.352858 4.879835 4.563377 4.932868 52.188381
68037561723.885178 8.323448 0.266464 6.699624 1.831704 3.251823 68.226619
37195341333.034637 5.553356 0.755249 0.113531 5.141019 4.678160 51.906073
39026762850.417389 6.837053 0.149330 1.456090 1.818740 4.724522 54.596641
21069026770.254967 6.937499 0.512542 0.224899 16.825853 4.746552 44.572576
32435463370.573494 6.091122 0.137922 0.066334 5.956275 3.828563 50.321838
38807531478.314308 10.047810 0.381490 5.017186 3.904371 4.634476 58.895933
33641212262.171227 6.086284 0.707542 0.139336 10.433312 3.051752 50.931160
42930555678.074203 5.163267 0.045964 4.386328 6.152542 3.155342 53.866499
46989327748.747864 5.414398 0.019498 0.104191 14.066037 4.220507 55.898248
75692383198.566498 4.650711 0.539962 0.019398 5.300766 4.973766 64.164128
183918736564.338104 9.837664 0.796047 2.942027 1.400325 3.274934 98.465835
26299589870.271557 5.882365 0.198965 0.520913 8.902159 3.984088 46.659655
39387667755.709450 5.426220 0.187835 0.011558 7.352824 4.687145 52.722135
35931734550.155289 5.509126 0.048329 0.083020 17.303147 3.910839 51.249282
42250097172.567253 5.233854 0.164883 0.093044 9.667271 3.855634 53.684661
164268841710.651855 7.454730 0.402628 4.586669 1.879634 3.330983 89.569978
60356183381.390770 7.021967 0.255275 2.721985 3.451509 3.577488 63.442807
15417272623.135328 7.826092 0.244815 0.017709 7.562123 3.342062 41.087895
138613415827.174072 5.385767 0.922152 0.626189 4.737150 4.608481 80.104770
129763834957.369629 5.472632 0.464243 1.398336 2.759160 4.334536 78.549697
35815750037.929619 5.795187 0.459557 0.100336 2.966793 4.399306 51.596333
128756885908.329193 5.772061 0.338100 2.642989 3.868087 3.940832 78.990897
61506185454.305260 4.839501 0.727426 0.052325 3.328292 3.061092 60.186301
45780733439.186966 5.452083 0.825937 0.168710 2.262899 4.001503 55.472247
50622809389.913727 7.058318 0.746631 0.791258 14.597586 4.542026 59.887191
43529834051.591515 5.428556 0.067211 0.455961 15.861603 3.939463 54.512543
61115488118.958145 6.091529 0.451952 0.606534 4.788819 3.818087 62.154370
48611108524.861496 5.003026 0.526344 0.130094 8.865782 4.079156 55.897350
44014577090.779716 5.999674 0.878198 0.224090 5.144155 4.546192 55.574291
26312380279.926357 6.382168 0.715423 0.128980 14.040742 3.426713 47.300661
112918030192.043564 5.866882 0.656754 1.383833 17.107693 3.228173 75.804799
84130909570.632523 4.407672 0.984554 0.037613 5.364492 3.164299 66.026448
50146085705.785065 5.245034 0.035639 0.015956 2.482062 3.724359 56.857404
56657475925.084511 5.407990 0.923393 0.331193 3.454818 3.609467 59.485032
47284825906.048973 5.162230 0.077351 0.374963 6.324027 4.700805 55.627744
41077355069.520241 5.867082 0.885267 0.015235 3.813849 4.607875 54.114310
65427719159.664658 5.824561 0.475693 0.397886 5.079319 4.869457 63.124183
33168216837.079357 6.903154 0.062769 6.449715 3.256225 3.358376 51.804882
37908440376.852386 6.364402 0.627626 0.442561 2.317605 3.556077 53.397322
33275645256.797035 6.025843 0.314994 0.022611 7.491186 4.660975 50.663104
37972148692.707092 5.571859 0.922939 0.050435 7.286971 3.940788 52.291451
126971962621.458893 10.281352 0.487445 7.249300 2.111824 3.467751 87.885872
48880540368.002518 5.104610 0.197452 0.037350 9.039328 3.311474 56.157369
84849813405.081024 5.999565 0.105130 8.075417 2.081883 4.363571 69.165699
44930575707.879822 5.720588 0.037967 6.146256 14.838296 3.317983 55.533784
57545398025.426781 4.775900 0.210671 0.163936 6.796475 4.138564 58.762813
33185793596.640068 6.088289 0.245563 0.117698 3.543287 3.979144 50.703034
40121270528.925095 5.642561 0.402716 0.048329 3.568079 4.282962 53.363161
38490049780.844337 5.650081 0.684248 0.357077 5.407628 4.059384 52.640766
39497365339.047653 5.690271 0.504378 0.011599 4.186530 3.433766 53.154432
34374870191.208717 5.493075 0.746674 0.142826 12.193111 4.126532 50.475900
25883774047.848671 8.165190 0.384945 1.229662 5.266679 4.747795 49.245560
25667552746.410286 6.412348 0.554549 0.025458 2.676006 3.644362 46.948905
17727075512.511055 6.409202 0.104205 0.022981 6.887385 3.643908 41.496028
54198134998.263924 4.972714 0.288223 0.041589 13.756206 4.732115 57.913293
78628412028.865509 5.456458 0.997469 0.218478 2.043397 3.319327 66.439579
50903119460.653412 4.787709 0.534959 0.017510 5.395572 4.213563 56.427139
32860692767.970097 6.233481 0.631408 0.116211 11.601275 3.270193 50.735078
51824846859.675262 4.862341 0.626533 0.040925 17.237253 3.599061 56.882260
27539264066.089508 6.084602 0.803273 0.166646 5.990646 3.735101 47.642081
38595596327.836739 6.209783 0.960843 0.119156 17.577921 3.168909 53.495661
64545660849.155418 5.342318 0.148560 0.018976 1.816017 4.805452 62.014509
19034782777.354843 6.937242 0.099090 0.033912 16.219071 4.900243 43.088956
28474752445.860256 6.364814 0.834032 0.129785 13.677584 4.026597 48.539908
42612485147.625069 5.596389 0.319018 0.014689 6.447220 3.369210 54.376742
45324539643.020592 5.570082 0.984682 0.172889 9.446149 4.390477 55.466693
86495186687.567932 7.632730 0.515322 2.321235 3.604418 3.574682 72.655278
20382865921.391151 7.110133 0.344702 0.092753 18.592030 3.774981 44.281628
46342774897.977081 4.725040 0.279852 0.016344 3.856874 4.185680 54.595077
17864797560.645832 6.871911 0.404600 0.030085 14.178445 4.097210 42.115413
171114296762.157654 4.465622 0.303399 1.243465 2.044006 3.287610 83.787186
45276908532.608826 5.714837 0.425470 0.012683 4.071047 4.848652 55.667359
79931053188.392792 4.570997 0.754049 0.184913 15.525588 4.115355 65.197920
10211169014.090487 8.119772 0.928464 0.025646 6.783043 3.441304 36.077107
23723258725.736427 6.448221 0.254691 0.887195 3.008127 4.775434 45.775991
26249217187.591599 6.124204 0.046766 1.664646 10.395549 3.087503 46.936411
35923503944.273605 5.616946 0.069648 0.025865 18.665156 4.193750 51.397067
25365381534.337418 6.364655 0.149858 0.060914 8.717788 4.933531 46.704377
40803009825.632668 7.784932 0.230630 3.897261 2.764292 3.973983 56.775604
45071205692.812813 5.641614 0.545768 0.223625 2.442861 3.035818 55.471741
39469367302.703583 5.506954 0.446436 0.054246 4.924429 3.965623 52.875671
9513061709.520163 8.747541 0.239857 0.034168 3.669012 3.456543 35.774745
32935900628.080578 6.046684 0.497032 0.567785 12.318914 3.847496 50.518581
44654573882.749634 5.197282 0.051575 0.250025 2.974498 4.769301 54.629284
31115485008.924694 5.722302 0.547323 0.093795 6.434284 3.877946 49.134793
44722222120.495758 5.160298 0.271206 0.200861 12.775601 3.704376 54.601201
35914639813.161751 7.051972 0.850986 0.405373 3.131722 3.963209 53.403637
102879163896.953018 4.621997 0.418145 0.206181 6.618450 4.484225 71.019269
21020573245.267555 6.910426 0.578111 0.021515 2.944866 3.475730 44.506902
21143002329.184776 5.993320 0.922130 0.093764 9.885859 3.948192 43.516689
60350357293.602798 4.514885 0.272189 0.017262 7.363819 4.599586 59.277619
45710086865.449356 5.268883 0.313537 0.018911 5.378018 4.099133 55.165034
41712759536.612099 5.710865 0.902608 0.272801 7.257597 3.759175 54.160692
46529346565.802971 4.969588 0.311300 0.029865 12.884211 3.807689 55.037042
79307190117.881607 4.656846 0.591304 0.050688 13.628863 4.048189 65.180651
32647783037.813656 5.727704 0.546415 0.056875 4.334897 4.712191 49.935827
34615140340.201942 6.275457 0.338611 0.614913 3.521720 3.184010 51.680632
61424499943.798615 5.774629 0.045122 5.617356 2.240578 3.108159 61.725487
29639941929.276112 9.437713 0.901231 0.820535 1.670173 3.154726 53.100230
30400199015.977684 6.220656 0.031619 1.286363 6.037337 3.237966 49.418755
126033746424.721573 6.078793 0.319995 1.827249 1.860897 3.711448 79.086200
25662922592.618885 6.618895 0.722562 0.021364 5.583240 4.766292 47.204591
38643942627.960922 7.609703 0.427932 1.416725 1.977899 3.046228 55.510849
111696570674.469131 4.877011 0.158373 2.448562 4.188059 3.293851 73.505421
18432242735.634457 7.129093 0.925558 0.179062 19.886149 4.594856 42.842450
75258181912.505524 6.075825 0.110470 5.703033 2.377371 4.249212 66.591913
45255758483.837242 4.942776 0.696672 0.033953 7.116217 3.692461 54.489993
34966065208.569229 6.520993 0.335509 0.486774 3.110504 4.657060 52.195922
51335059483.602943 5.837080 0.226637 0.754293 4.476349 3.977764 58.240884
46635871368.703270 5.698761 0.235845 0.643275 9.400119 3.353791 56.194127
32064739760.965546 5.902640 0.238602 0.265033 15.045000 3.905429 49.873961
44815857818.394470 6.545431 0.225972 1.279047 12.658746 4.302255 56.734452
19612707570.076012 6.486274 0.020791 0.041580 19.671216 3.850844 43.006333
47985800792.137398 8.041043 0.211344 8.386738 3.068459 3.737455 60.311658
28561399053.623154 6.675621 0.207496 1.611611 4.100601 3.064981 48.992176
55990594442.245384 5.383501 0.396319 0.175793 2.283941 3.236329 59.210844
53902631375.950661 5.025001 0.544475 0.279020 8.281526 4.368604 57.891158
32641550461.134563 5.496383 0.187680 0.030570 4.809773 3.562758 49.617332
67969604578.322273 5.697241 0.404357 0.664881 3.640025 4.399400 63.709536
67543867376.544167 5.169750 0.111055 4.438200 18.882241 4.354219 62.661790
11890043978.470671 8.125640 0.308614 0.044016 16.193621 4.302917 37.960366
30571600319.534435 5.511782 0.495164 0.107278 3.753532 3.215630 48.566048
27151110374.377331 6.330276 0.534582 0.079469 15.586672 4.574270 47.731674
178159723016.548615 6.867882 0.364466 7.348681 3.293716 3.673402 90.642608
56703224804.385490 5.143484 0.980204 0.033070 2.821536 3.316424 59.069389
33325301152.212612 5.736096 0.837653 0.107490 12.715397 3.131161 50.290419
56487244371.457489 5.074009 0.620054 0.065339 3.077836 4.329277 58.881483
35522154955.719917 5.959503 0.492991 0.244352 1.639550 4.022565 51.685464
19264471149.720554 6.966387 0.200678 0.010025 2.515912 3.381554 43.294477
167658071467.766937 6.369211 0.478111 2.534582 2.845356 4.790534 87.660685
21702115065.062916 7.182672 0.648960 0.178456 15.434472 4.733705 45.301927
36035238007.271584 7.996596 0.420367 1.806145 2.202554 3.331205 54.759831
28827456357.666912 6.067650 0.472014 0.032715 2.430722 3.621784 48.351472
34392249821.891510 5.596226 0.237103 0.062931 7.194686 3.479391 50.627424
47984242315.953979 5.704330 0.617927 0.558647 9.118663 3.176665 56.739201
45909558857.755371 5.258411 0.975963 0.037068 14.103329 3.657531 55.229235
78743735755.525665 4.830219 0.059352 3.344916 9.749910 4.160820 65.336004
35893926389.535522 5.433579 0.051761 0.515305 19.472519 4.129268 51.125125
19841864382.814350 6.253116 0.892545 0.044537 13.804301 4.064536 42.904819
54224786155.220520 5.210575 0.855780 0.286724 5.043716 3.762732 58.303571
33266657181.014465 6.034723 0.651451 0.083185 4.327595 4.264108 50.670721
46043656849.286629 5.763584 0.055093 0.509627 16.193195 3.669424 56.054400
21040832669.581360 7.057271 0.679237 0.166944 12.581000 3.226970 44.691785
43805060840.448555 5.851412 0.103527 1.368476 6.956001 3.799312 55.262964
33879986536.367146 6.286841 0.171910 0.650076 4.866213 3.847022 51.327826
36319647182.620956 6.023943 0.476988 0.379604 15.431012 3.730007 52.160429
58639759504.450722 6.785862 0.639547 0.843712 9.541962 4.254317 62.449010
22570347505.141918 6.743767 0.924954 0.148887 5.652957 3.406370 45.376051
48795883857.534660 6.226947 0.927018 0.411469 4.080106 3.375252 57.871872
43397671579.659882 5.108974 0.128989 0.011793 2.127441 4.417271 53.980361
244993056538.402557 6.096100 0.364904 5.842153 2.782973 3.670708 98.747503
54395448882.729576 4.879598 0.771152 0.199436 13.640068 3.715912 57.835060
24946480939.436737 6.903015 0.237884 0.437338 9.744423 4.710363 47.111995
56704105419.170410 6.650217 0.140004 6.895376 2.926631 3.306737 61.533775
21419721018.744118 7.023094 0.554149 0.021073 2.181533 3.534677 44.918557
86932039478.663193 4.607159 0.164651 0.012027 2.015003 3.151934 67.114676
76006122277.531693 5.539528 0.643607 0.402880 18.681749 4.946241 65.842578
35680840143.547531 5.735707 0.502730 0.281618 12.440004 3.248552 51.447898
36411688509.364792 5.391084 0.781431 0.018485 2.079594 3.968207 51.309808
45843136162.356819 5.532928 0.765803 0.315010 8.115503 4.757780 55.620743
46041927621.712631 5.270454 0.556165 0.015238 6.861494 3.139791 55.300598
25128810603.493290 5.752854 0.459900 0.060184 8.591452 3.203790 45.794843
47441347939.697998 5.249064 0.657946 0.039329 3.518802 4.311142 55.822406
28233275028.834732 6.405341 0.343427 0.050900 6.935704 4.118776 48.454763
29027062110.934669 6.297652 0.456332 0.021956 4.330233 3.539142 48.763937
79495877983.791214 4.886774 0.821850 0.124190 5.647221 4.290703 65.645397
50843233639.011108 5.110355 0.789003 0.019800 2.619139 3.351964 56.908161
30560360284.616673 6.038128 0.813300 0.053726 5.168704 4.666609 49.262172
33347975598.810249 5.523610 0.935221 0.026539 4.707005 3.627210 50.010072
22751713018.289062 6.401627 0.642947 0.042932 16.447523 4.155298 45.086273
42893914101.269943 5.320353 0.975785 0.081659 11.303733 4.966561 54.084610
33827888978.328876 5.822690 0.048550 3.940649 5.379992 4.670351 50.661494
28447371910.846355 5.862535 0.896381 0.071088 5.622248 3.841374 47.870902
68383065632.777153 5.634260 0.729005 0.401386 7.465340 4.182328 63.728571
32311752976.956619 6.643162 0.526443 0.534674 4.354408 4.142361 51.005211
16980840043.250004 7.309605 0.019539 9.748166 17.388049 4.950346 41.881306
43635077708.322624 4.986545 0.028357 0.035612 6.941900 3.764054 53.896531
39747622939.058594 5.632456 0.220320 0.093780 14.562433 3.839427 53.182277
15485924896.707516 7.011259 0.556526 0.029394 15.854405 4.338471 40.302617
55994299131.224976 4.605457 0.538093 0.046926 19.419183 4.690982 57.958697
11894546564.646364 8.140493 0.638332 0.019549 12.682388 4.509325 37.979021
31327982109.204437 7.083244 0.950187 0.332948 3.561721 3.422513 51.067365
229042185518.076050 7.294179 0.376174 9.207932 4.642652 3.653517 99.655317
32409219506.422588 6.098769 0.483468 0.207416 2.249599 3.425678 50.318657
34566929074.939430 5.692323 0.448966 0.046382 6.829309 4.115460 50.846539
26346076656.501385 5.908581 0.970597 0.066027 9.282122 4.316131 46.720420
24268880210.912479 9.368104 0.540855 1.171444 10.781300 4.037906 49.597467
73873991006.908661 5.135962 0.097754 2.610113 4.037784 3.921753 64.501094
145949066512.345001 4.091438 0.738462 0.186857 3.394409 4.161730 78.666041
35751439602.052063 7.187496 0.879018 0.536753 9.787559 3.715395 53.509950
17868685496.149784 7.280041 0.832072 0.099806 18.733458 3.841393 42.566562
71053223471.421066 4.799211 0.384513 0.317794 5.716368 3.877515 63.081942
20410685696.179173 6.696266 0.714971 0.072583 9.334560 3.927309 43.825085
64854741617.598297 4.574090 0.594470 0.011623 2.760979 4.789827 60.815247
31873628122.706318 5.211970 0.220011 0.013300 19.806034 3.581194 48.841582
24318083205.939709 6.395514 0.066277 0.016696 13.243492 4.355209 46.090545
34234250716.705578 5.911081 0.916690 0.035387 2.068355 3.624747 50.986030
20873480984.961334 6.215336 0.744541 0.071002 12.154581 3.639602 43.591566
31370057105.700970 6.570452 0.458970 0.140866 5.103941 4.533308 50.407651
55304269460.640160 5.651278 0.348635 0.534937 12.313775 3.591389 59.402742
40014333726.572067 5.944785 0.657100 0.205036 5.032736 4.705685 53.756835
30467224851.859840 5.673226 0.762391 0.023239 18.948189 4.755527 48.725765
26475969980.371220 6.015156 0.632760 0.024666 3.570865 3.333083 46.932594
76833736514.469254 4.062463 0.105753 0.157993 5.368367 4.763118 63.470522
20974176689.030205 6.575374 0.147367 0.046223 14.900008 3.596743 44.083530
37164414221.196465 5.988881 0.326087 0.013198 3.328277 3.708838 52.511828
28580870500.607143 5.594072 0.038038 0.019343 5.353906 3.155218 47.595418
40036725067.189705 5.525373 0.793650 0.158851 4.475089 4.810903 53.154681
107511622702.463074 5.181297 0.375046 1.260964 3.126515 4.403426 73.186465
52800419128.156631 5.553551 0.459315 0.095977 18.408960 3.420595 58.336017
43576010556.457932 5.333023 0.962238 0.085852 11.432399 3.657112 54.388745
44236096061.283554 6.115170 0.950553 0.010173 2.452586 4.023987 55.841549
196302137291.100098 8.160699 0.469637 5.867656 2.320939 4.736836 96.742730
19458513580.577808 6.621746 0.778962 0.093490 17.912902 4.487553 43.047857
50977992695.646332 4.843512 0.636976 0.024473 3.766238 4.366645 56.541441
33651361499.348633 6.944582 0.858840 0.372373 9.780090 4.319490 52.111559
34399450270.943703 5.509318 0.612702 0.015959 5.529646 3.625014 50.510442
27360056726.725811 5.792999 0.087339 0.022959 6.537257 3.113043 47.163631
31018888045.161560 5.706805 0.229733 0.032293 11.225848 4.472549 49.063116
79291226174.267883 4.224695 0.608600 0.106546 12.914729 3.185325 64.417103
68359961788.784912 7.529791 0.838173 1.178117 1.759402 3.203234 66.999714
29571479948.149471 6.742485 0.240666 1.013346 6.637095 3.364247 49.650501
82673680120.072845 4.873085 0.882007 0.121056 6.201496 3.141033 66.483663
28943440463.112259 6.236522 0.250565 0.892392 5.790767 4.049066 48.637172
78816014896.210480 4.457318 0.514088 0.119137 6.285421 3.442828 64.692762
31785551577.611389 5.733867 0.999252 0.014237 1.994278 3.012678 49.500628
83161436700.932983 4.200250 0.128693 0.157753 12.236763 4.903294 65.405821
66773883361.949089 4.751572 0.281797 0.358198 8.932260 4.439773 61.708432
99367009979.932877 4.284779 0.353080 0.018821 2.778098 4.930719 69.562191
147381293426.389648 3.862503 0.671056 0.102345 15.985862 3.914107 78.452675
42070326768.895111 5.289084 0.971482 0.030679 1.781493 3.726737 53.689994
14692585589.291729 7.553736 0.355482 0.070449 16.912070 3.194078 40.157685
170092343781.764954 5.368494 0.441448 1.752791 2.105199 3.027427 85.719294
28811121598.316509 5.936819 0.031330 0.529096 4.566815 3.377981 48.171254
31665043150.268814 6.555206 0.028702 2.538347 3.361418 3.508723 50.544708
24912717228.693214 7.318561 0.817670 0.431236 10.043153 4.453737 47.600030
56592118575.427986 5.323271 0.296440 0.244259 8.224376 4.755913 59.323760
35745028797.752388 5.552056 0.049050 0.101708 5.266550 3.551689 51.220648
33697290183.913879 5.853947 0.127644 0.051634 7.108475 4.107488 50.639301
22437587254.933311 6.165191 0.133340 0.190728 14.148592 3.856321 44.594010
13479064564.604887 7.886054 0.082601 0.043595 7.694871 3.919807 39.347227
18461807015.628338 7.523878 0.687156 0.219293 5.262655 4.396029 43.301068
34236099590.879997 5.602562 0.538929 0.057367 19.074694 4.701164 50.559462
60171412894.104782 4.693346 0.953705 0.037511 7.476591 3.517287 59.508471
69783291363.239456 6.404301 0.332397 1.373032 4.260965 4.981554 65.512043
29552931834.214973 5.569933 0.084114 0.022518 16.868390 4.658306 48.097174
30321620238.730354 6.459789 0.635707 0.041841 1.925719 3.054714 49.693283
47983909240.989342 5.232264 0.826168 0.033239 2.691824 3.637399 56.008486
22751532673.318493 7.009087 0.114254 0.548211 9.219713 4.496611 45.814177
272698796330.742859 5.300495 0.631572 1.802721 2.178016 4.466267 100.137990
30709537548.112019 6.081990 0.417827 0.021488 3.594743 3.473264 49.400769
27208922125.667797 6.314119 0.308266 0.223933 5.612966 4.591366 47.744854
28787914613.918037 6.052561 0.298759 0.022441 3.120327 4.712930 48.309635
63133871027.907661 6.165236 0.725589 0.415636 2.922801 4.619398 62.956293
38576319435.939056 6.194151 0.488469 0.339540 2.584232 3.304322 53.464254
51411404853.305656 5.043461 0.783165 0.023856 3.980537 3.975098 57.014186
40369144157.080666 6.129449 0.554752 0.023969 2.394122 4.650841 54.185416
73379566790.922012 5.397178 0.839140 0.383956 12.569346 4.154411 64.821329
48867508120.998154 4.992837 0.963702 0.055439 7.648715 4.086168 55.979743
32582358868.686359 5.915443 0.013489 0.099602 17.566038 3.879957 50.158350
57967962090.967445 5.605999 0.146581 0.611123 4.060979 3.436978 60.266770
23465057152.347591 7.081618 0.744332 0.219288 10.281836 3.445901 46.375458
33502864269.363670 6.154763 0.175325 0.748788 6.111636 3.543073 50.955343
19084906148.000206 6.689741 0.135716 0.018247 2.588252 3.024116 42.847497
31350414585.730831 6.786130 0.946456 0.369585 5.095168 4.811715 50.684946
17305841345.790066 6.640404 0.496190 0.226340 17.943535 3.993569 41.418427
28603156968.737282 6.415899 0.985488 0.021961 1.994063 3.452758 48.679167
46338912054.001930 6.864315 0.128774 8.341179 4.152471 3.676329 57.854516
69206329242.078690 4.733704 0.189242 0.069861 17.234748 4.744382 62.418208
24785946751.919189 6.060576 0.790396 0.018214 3.559426 3.345560 45.968431
34425463582.240318 6.214614 0.529801 0.148862 4.541115 3.832148 51.501792
24725178353.734932 6.613325 0.050288 2.451681 5.581674 4.925538 46.615602
134539120355.445938 4.067037 0.344994 0.745977 11.118178 3.041871 76.510900
27751176585.441326 6.286256 0.665395 0.106326 19.150364 3.541625 48.024049
71389137248.425842 4.756200 0.638559 0.136534 15.467526 3.047150 63.106609
11303225514.265638 7.566837 0.638551 0.075841 6.868676 4.027213 36.808444
24339367801.351849 6.353855 0.957390 0.023912 4.741578 3.701162 46.052660
33417437433.975876 5.628467 0.959917 0.061978 3.466712 4.101807 50.188801
31259799255.990276 6.569939 0.768436 0.178217 17.550763 4.951082 50.347840
57168017342.263855 4.773982 0.438945 0.151990 9.418890 4.545584 58.630988
32840772849.950802 6.036715 0.493008 0.501191 9.770421 3.060124 50.456282
42848764701.211044 5.607654 0.383858 0.102068 3.712556 4.967332 54.493875
19070930164.919682 7.788510 0.112302 1.778399 13.327619 4.858653 44.065011
40774894201.065979 5.905787 0.560434 0.240133 2.375677 3.559003 54.038015
51424405964.065895 5.385970 0.968766 0.225961 12.896403 4.740926 57.559297
32999619338.908932 7.556375 0.278311 2.614814 10.544302 4.344129 52.593806
29603627400.511665 10.419179 0.431062 3.529049 2.967658 3.945507 54.254822
36820599461.078865 6.117481 0.526324 0.402669 18.976710 3.385511 52.531835
82632477778.355682 4.426929 0.188993 0.282248 13.728306 4.785048 65.666367
51807528662.154465 5.189525 0.271139 0.257557 3.697983 4.460411 57.390722
29298517687.821335 6.729454 0.954941 0.029725 17.128456 4.807837 49.480276
51538730691.611656 5.282883 0.214256 0.055472 2.927578 4.224491 57.438774
57032742215.116844 5.215030 0.849670 0.061248 19.744732 3.522763 59.300349
24126411191.506733 6.083120 0.254951 0.016855 19.196695 3.942431 45.584808
31509597950.389294 6.263346 0.130095 0.947265 3.291577 3.888973 50.070147
25460233492.053204 6.050763 0.256969 0.017197 8.413428 3.948083 46.369245
16636034419.123260 7.247924 0.317200 0.014004 4.465799 4.642186 41.530059
13939750903.712675 7.424117 0.121016 1.701257 8.010871 4.590434 39.329978
30797250000.997372 5.947461 0.749993 0.047248 5.378875 4.928808 49.267897
47071874885.811447 5.323537 0.075160 0.080565 8.085295 3.260308 55.791371
68930850609.909286 5.534980 0.476613 0.785088 3.041618 4.498704 63.724681
34727975758.264389 7.553961 0.543917 1.057110 2.822566 4.179449 53.493156
113050551670.658081 4.602993 0.820957 0.254042 9.803562 3.980459 73.248542
46014695267.945572 5.744060 0.641483 0.023457 7.590021 4.925654 56.012786
23819338897.409542 6.541461 0.680950 0.292825 4.643118 4.232494 45.951575
33650034076.665665 5.922659 0.275298 0.033012 6.241334 4.375413 50.710285
30136727553.680920 8.306167 0.260339 2.512086 4.820509 4.568083 51.986060
36137418191.390015 6.182354 0.096656 1.004379 3.609052 3.320017 52.296304
117315139613.332352 3.942295 0.927123 0.010281 6.788093 3.973038 72.857398
48156252538.088913 4.868061 0.730501 0.138288 4.550819 3.969141 55.515816
22965089765.239895 6.049890 0.465433 0.124104 6.419548 4.569370 44.801067
43303792458.275063 4.855467 0.767372 0.039727 11.003200 3.524999 53.566184
24157062136.443161 8.291212 0.509907 0.884293 4.591568 4.169234 48.273779
45649927481.651649 8.255729 0.203756 8.936810 3.116589 3.860698 59.630337
40660633222.210236 5.686176 0.435062 0.054177 4.588129 4.582192 53.665213
42931500443.002914 7.629403 0.207612 2.788646 11.220135 4.135687 57.520866
71473032221.917114 5.918244 0.288759 2.140681 3.344674 3.252868 65.177273
45187384786.980301 5.222330 0.209022 0.072358 11.114340 3.378691 54.883552
34619262180.310928 5.698594 0.181761 0.132733 11.497675 3.240206 50.880908
41908444769.395164 5.543335 0.648382 0.180601 19.049804 3.377678 53.997024
74716980764.093643 5.511006 0.102960 0.814022 2.896016 3.226450 65.416991
37442270527.820488 10.456231 0.400114 4.275058 3.496093 4.727873 58.721048
53697949345.512283 5.041773 0.555459 0.021195 4.534968 4.261518 57.844509
59898403388.201195 4.571032 0.887335 0.019787 7.552417 3.293182 59.219862
73765418638.782013 4.537009 0.757319 0.143280 2.244726 3.973038 63.417658
53701019200.272415 4.967839 0.482770 0.069083 2.838485 3.215780 57.727935
132707333509.280502 6.469346 0.312891 6.543817 3.122628 4.098678 81.305969
99304306110.809204 6.631655 0.193748 7.893607 5.641728 3.989414 74.134133
229212532278.486359 7.138329 0.639142 2.838274 2.194190 3.267051 99.280682
81511125916.287552 6.881312 0.298049 4.686649 2.409126 4.025246 69.869482
29360420151.334518 6.297408 0.950245 0.037754 5.122278 3.157906 48.949581
127666154249.964706 5.262855 0.508872 1.147371 13.850303 3.546570 77.674725
42678867277.958824 5.772098 0.238170 0.138517 3.604915 3.338358 54.666964
32711688006.171352 5.965958 0.809981 0.026455 4.743979 4.703670 50.293559
73105597555.475266 5.689496 0.887497 0.466731 9.072453 3.678109 65.261611
63663500128.247238 5.065684 0.930079 0.017157 5.875331 3.915500 61.262187
109659530770.638748 7.008742 0.572996 1.964926 17.286196 3.864330 77.388169
33333838740.566410 5.965776 0.638592 0.048966 18.623569 3.559455 50.610156
68774066157.772644 5.501358 0.225572 1.001759 3.774907 3.856245 63.617611
21129783283.476204 6.626524 0.348613 0.123824 7.763768 3.705306 44.252205
13874293641.092930 7.097099 0.899811 0.028601 2.884934 3.288512 38.939663
78722527249.770676 4.375433 0.573363 0.086658 2.711917 4.399960 64.523838
21640274702.094193 7.214229 0.149812 0.804535 14.246515 3.936227 45.295691
32527210318.349583 6.189902 0.071744 1.089920 6.711844 3.254804 50.503620
17703636214.440945 6.607591 0.350587 0.203066 11.417244 4.180251 41.697149
110420400990.017059 4.681058 0.389004 0.235656 17.862001 3.466949 72.831445
43419532003.401115 5.378459 0.904880 0.040798 1.997345 3.803666 54.391503
51214644152.927711 4.929050 0.031291 0.143319 10.620254 3.211802 56.762227
14812023380.045570 6.980618 0.531770 0.059423 2.976711 3.586452 39.677652
82501125806.145859 7.424711 0.429569 2.884751 6.862317 4.821730 71.142954
76006122277.531693 5.539528 0.643607 0.402880 18.681749 4.946241 65.842578
76453811468.795502 5.361865 0.654679 0.444096 3.649778 3.143219 65.650423
36270575983.086861 5.522598 0.452404 0.012241 12.073861 4.671046 51.428882
22054212139.118904 6.067393 0.041684 0.039364 8.174410 4.367557 44.221665
19238948592.714211 7.016023 0.172851 0.048029 14.471884 3.502725 43.331307
23721858190.405643 6.464920 0.804155 0.152052 10.119741 3.608409 45.795467
18676847404.409061 7.045166 0.412744 0.030024 4.022813 4.596495 42.937633
42334093723.590347 5.674341 0.683433 0.217135 6.218810 3.219364 54.373967
124001041101.395340 5.203037 0.177833 5.034922 4.791933 3.350060 76.797570
35851299904.599602 6.915183 0.131701 1.684499 1.965600 3.648372 53.182424
28456617542.052422 5.592291 0.510214 0.089665 6.645809 3.842645 47.524027
23372853827.060257 6.592606 0.048611 1.190801 3.941757 3.251428 45.724648
62168598743.087807 4.713781 0.361458 0.057395 5.816180 4.995857 60.193424
41213884818.530540 5.501969 0.172182 0.130772 9.269669 4.644603 53.636150
16874590970.602890 6.651253 0.354017 0.014761 19.229871 3.497413 41.083273
95372420574.238052 5.838265 0.710247 0.790622 15.652109 3.167145 71.599757
42407645792.609383 7.405546 0.205637 2.780323 2.568602 4.281649 56.961448
44192762327.390289 5.791140 0.148499 0.010099 9.277193 4.977523 55.334578
28091050613.203575 5.885936 0.017158 0.093676 3.887679 4.579881 47.700548
51715358428.628899 5.252551 0.871533 0.062006 5.010518 3.880047 57.456313
33879986536.367146 6.286841 0.171910 0.650076 4.866213 3.847022 51.327826
63108169231.554787 7.120382 0.270499 2.935488 2.220866 3.103905 64.557329
17206257958.194939 7.118505 0.138929 0.013558 3.098403 3.547666 41.859247
22147842712.841309 6.766691 0.178126 0.013200 5.532556 3.428344 45.118337
47831903089.432526 4.828890 0.895663 0.022740 10.184849 4.871650 55.331263
60487943961.029633 6.442193 0.325747 1.480111 10.224293 4.057659 62.526787
18608998455.190403 7.279910 0.587154 0.035353 10.220818 4.006310 43.146336
23144428444.365856 6.356456 0.238052 0.083854 7.788134 3.108640 45.289480
44683278939.067863 5.465530 0.870504 0.031092 3.472887 3.709182 55.045724
25839337157.032490 6.035472 0.906920 0.048558 6.210516 3.640891 46.578980
89324153770.951614 5.728613 0.385989 0.918186 5.065091 3.924153 69.843840
52051111193.110802 5.863791 0.375584 0.622915 2.776819 4.486463 58.552990
35214467110.414116 5.982550 0.397274 0.597073 12.326611 4.989792 51.568029
34744308920.198898 6.098750 0.172299 0.421128 6.079340 3.527434 51.499204
51077569245.616051 8.113691 0.227972 9.026094 14.656305 3.950363 61.690504
58192035535.471382 7.854699 0.414070 2.297601 9.731711 3.439775 64.019068
18615638804.717983 6.461403 0.315250 0.024615 15.499002 4.683239 42.236852
15220239849.603676 7.036341 0.035862 0.205221 5.643457 3.120907 40.096936
21851708877.368710 7.453077 0.329985 1.019689 3.476214 3.181539 45.721548
32526703618.814396 5.519095 0.425569 0.011819 6.064226 4.750778 49.589973
44487420252.434662 5.361842 0.081741 0.323830 14.123792 3.969842 54.808755
43835814885.382332 5.042742 0.939584 0.026377 17.038020 3.758972 54.062675
74801450043.790192 4.870391 0.729341 0.311334 2.841201 4.009237 64.297932
27725649251.290085 8.217351 0.984276 0.584630 2.066129 3.157116 50.451447
64920449344.991631 5.670227 0.805591 0.377718 3.013073 3.984781 62.695915
25124582506.606693 6.447707 0.920422 0.016734 2.559037 3.383607 46.659488
9030374195.883059 8.829702 0.850335 0.023145 4.109933 4.187979 35.227794
78729467677.577606 4.759349 0.877176 0.062246 18.494372 3.640997 65.204983
111093917207.288406 4.538712 0.428187 0.364754 4.327449 3.631997 72.695833
42715252093.061829 5.590751 0.905442 0.019667 5.402036 4.819811 54.412015
20570335242.309772 6.493887 0.230672 0.010622 9.997890 3.505910 43.704050
43850552434.297279 5.424604 0.701408 0.024585 3.051282 3.400417 54.640161
64395829976.677612 7.196494 0.423760 2.038894 4.379724 4.259073 65.121349
35733781612.777969 5.701565 0.050699 0.025569 17.654130 4.184227 51.425341
41935474180.048340 5.200725 0.750181 0.063918 8.630914 4.918366 53.502232
33536486149.888683 6.082230 0.748153 0.098634 15.703094 3.193794 50.872680
33304545379.439606 5.968365 0.919156 0.039784 8.967037 4.251074 50.598881
75947163785.236328 5.554413 0.434978 0.816710 6.133074 3.560533 65.852423
33602891214.644028 6.713092 0.102621 3.350074 13.225521 4.228130 51.771232
34288000768.252094 6.097912 0.907508 0.087976 5.305441 3.300869 51.271598
41073387162.966988 5.659012 0.239674 0.131803 4.099408 4.684559 53.806201
81527705329.739273 4.637482 0.837228 0.016870 2.280919 4.235927 65.748534
35120331728.665390 6.061820 0.710904 0.059545 9.784281 3.730138 51.632758
75694647865.843491 4.856779 0.170424 0.071851 13.944142 3.719697 64.528681
78628406180.231339 5.841740 0.587848 0.957602 7.183753 4.210478 67.143639
33396281636.331642 5.852731 0.073148 0.030328 5.414084 4.635341 50.486396
36876538546.504280 7.151554 0.353316 0.996866 2.804091 4.666492 54.015341
21715983914.871742 7.433322 0.623391 0.281658 2.488589 3.244057 45.603736
95259869286.841949 8.070565 0.560634 2.128276 1.786412 4.299169 75.854872
23853985293.809456 6.378476 0.887025 0.015481 3.555143 3.537316 45.774606
20753237883.084389 7.179225 0.194760 0.246110 10.218361 4.782686 44.627852
38482701638.500580 5.783029 0.219187 0.023660 8.204247 3.986331 52.828954
57756579493.578300 6.349390 0.839895 0.635782 10.319218 4.930104 61.418643
52393779787.887756 4.548331 0.275031 0.014522 13.589397 3.651866 56.600452
21641534050.577980 6.790972 0.251357 0.361092 3.481669 4.007569 44.800463
38428013717.862366 5.889552 0.103075 8.475391 14.090436 4.873060 52.957327
59733031868.358261 6.456029 0.155479 4.607831 4.219905 4.304909 62.288549
34018861799.916759 6.204228 0.798494 0.116235 3.719936 3.801724 51.283892
62646084742.303215 4.902314 0.225727 0.395049 2.885483 3.838936 60.660562
29858533801.738743 7.730798 0.228889 1.207265 5.059686 4.772487 51.093365
29318529430.887802 6.088162 0.931574 0.031956 2.945451 3.309191 48.651450
65414894499.304276 7.237459 0.260137 5.239415 8.702637 4.605984 65.532175
103445854320.087433 4.267726 0.655518 0.199356 5.375366 4.955347 70.468978
41486044219.528839 6.554986 0.093761 6.330036 2.142558 3.058160 55.307046
47257779259.324081 5.101201 0.349721 0.191895 11.932853 4.127945 55.523700
28210692579.427799 6.191680 0.465664 0.470770 8.473393 4.599423 48.165080
32201781099.077335 5.989738 0.832722 0.083175 4.594504 3.917354 50.063140
104580021019.446182 7.098636 0.263342 5.679916 2.153938 4.113779 76.352295
180610405633.439301 8.835748 0.646643 4.322645 2.069364 3.262857 95.637155
67337531344.817566 5.287015 0.938961 0.276152 6.782127 4.395427 62.800396
71196545923.902084 5.582358 0.439218 0.796073 2.664252 4.787397 64.499087
84832742967.787933 4.941316 0.023880 0.011613 8.231044 3.794570 67.183483
32409967567.729870 5.424908 0.684979 0.010652 6.278458 3.463758 49.402634
