0.010000 0.000189 0.000090 0.000471 0.000052 0.000791 0.000039 0.000931
0.012068 0.000215 0.000102 0.000507 0.000064 0.000809 0.000050 0.000942
0.014563 0.000235 0.000110 0.000551 0.000077 0.000840 0.000061 0.000956
0.017575 0.000252 0.000118 0.000583 0.000086 0.000860 0.000071 0.000965
0.021210 0.000265 0.000122 0.000609 0.000093 0.000877 0.000080 0.000972
0.025595 0.000277 0.000127 0.000626 0.000098 0.000888 0.000086 0.000978
0.030888 0.000282 0.000129 0.000637 0.000100 0.000890 0.000091 0.000983
0.037276 0.000285 0.000133 0.000647 0.000102 0.000904 0.000094 0.000987
0.044984 0.000289 0.000134 0.000655 0.000103 0.000917 0.000097 0.000989
0.054287 0.000293 0.000134 0.000661 0.000104 0.000923 0.000099 0.000991
0.065513 0.000295 0.000135 0.000662 0.000104 0.000931 0.000100 0.000992
0.079060 0.000296 0.000136 0.000664 0.000105 0.000933 0.000100 0.000993
0.095410 0.000296 0.000136 0.000665 0.000105 0.000933 0.000100 0.000993
0.115140 0.000297 0.000136 0.000666 0.000105 0.000934 0.000100 0.000994
0.138950 0.000298 0.000136 0.000667 0.000106 0.000934 0.000100 0.000994
0.167683 0.000298 0.000136 0.000668 0.000106 0.000935 0.000100 0.000994
0.202359 0.000298 0.000137 0.000668 0.000106 0.000935 0.000100 0.000994
0.244205 0.000298 0.000137 0.000668 0.000106 0.000935 0.000100 0.000994
0.294705 0.000298 0.000137 0.000668 0.000106 0.000935 0.000100 0.000994
0.355648 0.000298 0.000137 0.000669 0.000106 0.000935 0.000100 0.000994
0.429193 0.000299 0.000137 0.000669 0.000106 0.000935 0.000100 0.000994
0.517947 0.000299 0.000137 0.000669 0.000106 0.000935 0.000100 0.000994
0.625055 0.000299 0.000137 0.000669 0.000106 0.000935 0.000100 0.000994
0.754312 0.000299 0.000137 0.000669 0.000106 0.000935 0.000100 0.000994
0.910298 0.000299 0.000137 0.000669 0.000106 0.000935 0.000100 0.000994
1.098541 0.000299 0.000137 0.000669 0.000106 0.000935 0.000100 0.000994
1.325711 0.000299 0.000137 0.000669 0.000106 0.000935 0.000100 0.000994
1.599859 0.000299 0.000137 0.000669 0.000106 0.000935 0.000100 0.000994
1.930698 0.000299 0.000137 0.000669 0.000106 0.000935 0.000100 0.000994
2.329952 0.000299 0.000137 0.000669 0.000106 0.000935 0.000100 0.000994
2.811769 0.000299 0.000137 0.000669 0.000106 0.000935 0.000100 0.000994
3.393222 0.000299 0.000137 0.000669 0.000106 0.000935 0.000100 0.000994
4.094915 0.000299 0.000137 0.000669 0.000106 0.000935 0.000100 0.000994
4.941713 0.000299 0.000137 0.000669 0.000106 0.000935 0.000100 0.000994
5.963623 0.000299 0.000137 0.000669 0.000106 0.000935 0.000100 0.000994
7.196857 0.000299 0.000137 0.000669 0.000106 0.000935 0.000100 0.000994
8.685114 0.000299 0.000137 0.000669 0.000106 0.000935 0.000100 0.000994
10.481131 0.000299 0.000137 0.000669 0.000106 0.000935 0.000100 0.000994
12.648552 0.000299 0.000137 0.000669 0.000106 0.000935 0.000100 0.000994
15.264180 0.000299 0.000137 0.000669 0.000106 0.000935 0.000100 0.000994
18.420700 0.000299 0.000137 0.000669 0.000106 0.000935 0.000100 0.000994
22.229965 0.000299 0.000137 0.000669 0.000106 0.000935 0.000100 0.000994
26.826958 0.000299 0.000137 0.000669 0.000106 0.000935 0.000100 0.000994
32.374575 0.000299 0.000137 0.000669 0.000106 0.000935 0.000100 0.000994
39.069399 0.000299 0.000137 0.000669 0.000106 0.000935 0.000100 0.000994
47.148664 0.000299 0.000137 0.000669 0.000106 0.000935 0.000100 0.000994
56.898660 0.000299 0.000137 0.000669 0.000106 0.000935 0.000100 0.000994
68.664885 0.000299 0.000137 0.000669 0.000106 0.000935 0.000100 0.000994
82.864277 0.000299 0.000137 0.000669 0.000106 0.000935 0.000100 0.000994
100.000000 0.000299 0.000137 0.000669 0.000106 0.000935 0.000100 0.000994
