0.001000 392.128743 85.774566 1666.451421 17.748201 3027.936654 8.658375 3963.122264
0.001038 384.463343 85.305397 1616.339735 17.732319 2935.916900 8.658508 3823.978995
0.001077 376.976803 84.897634 1567.855461 17.717813 2844.521060 8.659306 3690.003937
0.001117 368.628180 84.498778 1520.951275 17.704780 2747.316416 8.660820 3561.016469
0.001159 363.806109 83.484276 1483.072509 17.693328 2653.669282 8.663103 3436.842524
0.001203 361.308692 82.297544 1448.427522 17.683570 2563.459065 8.666215 3317.314639
0.001248 357.797844 81.606527 1414.730105 17.675631 2476.569426 8.670216 3202.271671
0.001296 349.054524 80.959661 1381.961681 17.669643 2392.888853 8.675175 3091.558518
0.001344 343.460124 80.327436 1344.209625 17.665747 2312.309488 8.681165 2985.025884
0.001395 338.902827 80.085671 1306.863444 17.664098 2234.727832 8.688264 2882.530241
0.001448 335.295757 80.094841 1267.496444 17.657912 2160.044126 8.696555 2783.933555
0.001502 329.012862 78.908602 1227.972840 17.635442 2088.162545 8.706132 2689.103000
0.001559 322.935083 78.030877 1189.869043 17.615774 2018.990769 8.717090 2597.910927
0.001617 316.477416 77.526509 1153.142439 17.599101 1952.440138 8.729536 2510.234645
0.001678 310.732547 77.118249 1122.536369 17.585630 1888.425313 8.743585 2425.956221
0.001742 305.262297 76.825438 1097.390905 17.575587 1828.134552 8.759357 2344.962396
0.001807 302.729461 76.331107 1073.027259 17.569210 1767.867370 8.776987 2267.552052
0.001875 296.770265 75.380719 1042.120315 17.566761 1710.792233 8.796617 2193.372203
0.001946 293.900122 74.925512 1011.222263 17.568516 1659.479918 8.818401 2122.126942
0.002019 291.350674 74.354004 981.492008 17.579366 1607.014390 8.842505 2053.722426
0.002095 288.908861 73.889320 951.480264 17.629740 1556.770115 8.869109 1988.068520
0.002174 284.788392 73.508449 925.407861 17.685454 1514.872597 8.898407 1925.078946
0.002256 282.856385 73.152511 898.993839 17.746921 1474.561690 8.930606 1864.671077
0.002341 280.174315 72.810700 873.863946 17.814586 1435.801305 8.965934 1806.765763
0.002430 278.052419 72.547941 860.410539 17.888931 1396.520162 9.004633 1751.287400
0.002521 273.719693 72.247151 836.881385 17.970476 1357.512947 9.046968 1698.163683
0.002616 270.806103 72.004301 819.445292 18.059784 1320.135447 9.093223 1647.325626
0.002715 267.845242 71.793586 799.775595 18.157462 1284.347662 9.143705 1598.707442
0.002817 263.291069 71.616791 783.324397 18.264167 1250.111659 9.198747 1552.246494
0.002923 259.733897 71.262032 761.971424 18.273169 1217.391518 9.258709 1507.883169
0.003033 255.260929 70.920655 741.729185 18.266610 1185.552512 9.323980 1465.560911
0.003148 251.844940 71.001189 723.023809 18.270306 1152.837101 9.394980 1425.226069
0.003266 249.785534 71.289434 707.354764 18.353693 1121.692894 9.472166 1386.827909
0.003389 248.061663 71.294045 696.517071 18.513232 1095.077364 9.556030 1350.318551
0.003517 244.601830 71.032072 682.280405 18.686688 1071.730649 9.647108 1315.652918
0.003650 244.567598 71.028981 668.766596 18.875177 1046.256428 9.745977 1282.788694
0.003787 243.696903 71.237756 654.063689 19.079903 1022.156256 9.853265 1251.686316
0.003930 243.976310 71.059583 641.478311 19.302176 999.405230 9.969652 1222.308922
0.004078 243.706420 70.780866 629.662974 19.543412 977.980494 10.095875 1194.622342
0.004232 242.697935 70.565564 618.611760 19.805149 957.861281 10.232733 1168.595068
0.004391 242.096610 70.630410 612.806192 20.089052 939.028862 10.381092 1144.198240
0.004557 241.539025 70.834783 603.766111 20.396930 921.466563 10.541894 1121.405625
0.004728 240.696799 71.271149 597.894649 20.730744 905.159780 10.716157 1100.193607
0.004906 239.534814 71.949879 588.385113 21.054189 890.095963 10.904990 1080.541177
0.005091 238.787186 72.716439 579.804364 21.331415 876.812354 11.109594 1062.429901
0.005283 238.487553 73.425830 575.649980 21.637570 863.657324 11.331271 1045.843921
0.005482 238.399435 74.289563 569.444949 21.974833 853.151792 11.571436 1030.769916
0.005689 238.529917 74.955839 565.470695 22.345558 844.482902 11.831624 1017.197088
0.005903 239.529414 76.321607 563.869378 22.752285 836.987995 12.113497 1005.117107
0.006126 242.638746 77.912485 560.175706 23.197754 832.610569 12.418860 994.524076
0.006356 245.305506 78.815077 558.643332 23.795737 830.230653 12.749666 985.414453
0.006596 249.273048 79.809309 560.340043 24.445134 826.110791 13.108033 977.786964
0.006844 252.885416 80.792268 559.571028 25.149101 822.364948 13.496249 971.642496
0.007102 257.224793 82.188609 559.996751 25.912114 819.861297 13.916789 966.983951
0.007370 261.530575 84.497256 560.564924 26.738999 818.610336 14.372326 963.816066
0.007648 266.141492 86.819191 562.718599 27.634958 818.623964 14.865740 962.145191
0.007936 270.456880 89.478704 568.281100 28.605581 820.355627 15.400132 961.979011
0.008235 275.674984 91.062716 574.399318 29.656868 822.789887 15.978833 963.326211
0.008545 281.431732 92.820949 580.254164 30.634441 826.387134 16.605412 966.196076
0.008867 286.584851 96.405090 586.663428 31.609491 831.596879 17.283687 970.597998
0.009201 292.733812 98.925354 593.378810 32.666480 838.199681 18.017724 976.540913
0.009548 297.477029 101.576414 602.873286 33.842074 847.512709 18.811844 984.032622
0.009908 303.981145 104.493977 613.951407 35.302916 863.528354 19.670615 993.345992
0.010281 313.709073 108.084405 622.454747 36.728085 878.850335 20.598848 1007.090549
0.010669 323.667812 111.634410 633.822371 38.187443 891.542954 21.601577 1022.386827
0.011071 333.598670 115.845131 646.721174 39.759038 903.785384 22.684043 1039.235769
0.011488 341.154767 121.298341 663.685095 41.449071 918.304120 23.851658 1057.630929
0.011921 354.104913 125.446881 679.109279 43.416428 941.074315 25.109961 1077.556928
0.012370 363.546049 130.610427 701.239208 45.680613 961.494689 26.464571 1098.987788
0.012836 376.019002 135.350321 720.717911 48.112560 982.058501 27.921110 1121.885154
0.013320 390.403852 141.999898 737.353091 50.720927 1002.576781 29.485127 1146.637500
0.013822 408.309621 149.520044 758.636734 53.422083 1028.036269 31.161997 1173.130644
0.014343 423.967924 155.871746 781.838107 56.014915 1055.637327 32.956806 1200.881112
0.014883 440.082211 162.062623 803.777724 58.766034 1078.299190 34.874224 1229.781841
0.015444 458.424892 168.568648 828.814391 61.712708 1106.832253 36.918357 1259.704094
0.016026 479.224620 176.676436 852.825005 65.262425 1142.300968 39.092590 1290.496197
0.016630 496.022308 185.085940 880.149528 69.023633 1177.141660 41.399420 1321.982688
0.017256 513.818173 193.122001 906.732431 72.782182 1209.599700 43.840282 1353.964005
0.017907 529.955216 202.309304 931.349537 76.485298 1242.528134 46.415377 1386.216823
0.018581 550.135734 211.848728 954.148965 80.347107 1275.702669 49.123512 1418.495177
0.019281 569.247701 222.481625 974.248952 84.359001 1308.875845 51.961944 1450.532451
0.020008 588.082217 231.950522 1001.437350 88.509884 1338.839863 54.926270 1482.044308
0.020762 608.446334 240.761294 1024.550815 92.786136 1365.954153 58.010330 1512.732586
0.021544 626.449612 249.756504 1049.727328 96.860172 1392.021380 61.206176 1542.290148
0.022356 646.043373 259.467362 1075.482656 100.897738 1421.534192 64.504078 1570.406585
0.023199 665.030008 269.099512 1102.683102 104.969250 1447.922129 67.809513 1596.774633
0.024073 681.000170 278.170941 1128.437207 109.454214 1481.322846 71.082157 1621.097091
0.024980 700.969131 287.543058 1156.301343 114.597504 1512.461704 74.399738 1643.093968
0.025921 721.854359 297.069876 1179.383107 119.788557 1532.533279 77.746483 1667.716234
0.026898 735.559065 305.994908 1199.779665 124.611924 1547.508997 81.106006 1694.813429
0.027911 748.035863 314.349418 1218.149901 129.918241 1561.952006 84.461666 1718.230471
0.028963 766.014253 325.397914 1228.865888 134.725962 1570.575963 87.796956 1737.768614
0.030055 778.864179 332.567495 1240.391230 138.994319 1580.299123 91.095885 1753.287242
0.031187 791.960599 340.894622 1245.934551 143.132031 1589.458879 94.343360 1764.706782
0.032362 799.406281 346.287039 1257.112446 147.624110 1590.080826 97.525524 1772.009485
0.033582 809.080270 354.676202 1263.417957 152.241517 1596.579615 100.630065 1775.238093
0.034847 818.610918 361.708959 1264.689730 156.720617 1596.648498 103.646454 1774.492538
0.036160 821.310271 364.914159 1270.882570 161.048701 1588.880952 106.566136 1769.924940
0.037523 822.607938 368.711435 1265.263584 165.216240 1580.814783 109.382636 1761.733238
0.038937 825.920256 374.253039 1260.393879 168.804031 1572.112702 112.091620 1748.768098
0.040404 825.084631 376.543961 1250.965239 171.146660 1560.648421 114.664363 1730.957322
0.041927 820.617103 378.534337 1240.282028 173.271125 1546.636794 116.889169 1710.855938
0.043507 824.423097 379.924616 1225.814487 175.185448 1531.836188 118.996494 1688.712261
0.045146 820.511624 380.358125 1210.546773 177.492937 1511.919661 120.990779 1664.782101
0.046847 813.438829 383.478728 1194.088336 180.142679 1490.997793 122.878059 1639.323527
0.048612 805.598981 385.439856 1179.513082 182.766884 1469.953319 124.665771 1618.704010
0.050444 795.900377 385.432012 1163.990091 185.761947 1447.915686 126.362557 1598.557785
0.052345 788.004813 386.287022 1145.342544 188.645928 1424.548095 127.978081 1570.494610
0.054317 779.964470 388.721748 1134.866490 190.432915 1400.970157 129.522850 1541.666966
0.056364 771.914168 389.289537 1120.138519 192.784311 1378.902443 131.006344 1512.343147
0.058488 766.942320 387.652267 1101.150815 195.326272 1352.395494 132.433593 1482.753188
0.060692 760.263050 388.849798 1083.064067 197.823447 1325.784540 133.825825 1453.107208
0.062979 750.037788 387.754544 1062.322145 198.596025 1299.241722 135.195665 1423.595522
0.065352 739.734003 388.286942 1042.224654 199.165524 1272.923806 136.556038 1394.389192
0.067815 729.432518 388.066288 1023.245953 200.761821 1246.972484 137.920120 1365.640929
0.070370 720.882899 387.929444 1003.784230 201.394058 1221.514950 139.301326 1337.486244
0.073022 714.633948 387.787037 983.353671 202.041201 1196.664687 140.713310 1310.044765
0.075774 702.735901 386.237755 964.213803 202.733314 1172.522414 142.169985 1283.421648
0.078629 692.586553 385.801704 946.676183 203.489423 1149.177123 143.685558 1257.709035
0.081592 683.806311 387.645043 933.491536 204.328510 1130.961096 145.274584 1232.987501
0.084666 677.812019 388.465548 920.396836 206.202233 1109.437273 146.952031 1209.327479
0.087857 668.632608 388.677656 905.815275 209.003493 1090.129374 148.733362 1186.790615
0.091167 660.531285 387.942470 890.452908 211.969925 1071.068690 150.634625 1165.431059
0.094603 653.231908 388.049933 876.026281 215.124541 1054.719465 152.672557 1145.296682
0.098168 645.406007 390.198952 864.374171 218.491452 1039.163358 154.864706 1126.430197
0.101867 638.417881 389.276256 853.112892 221.429484 1024.488295 157.229556 1108.870216
0.105705 632.360276 390.493590 841.752797 224.174907 1009.543938 159.786671 1092.652214
0.109688 626.411007 392.572770 831.560505 228.481285 996.044068 162.556853 1077.809433
0.113822 622.088238 393.678998 822.358703 233.797294 984.529264 165.562313 1064.373716
0.118111 617.757948 397.648672 817.867615 239.452766 973.811971 168.826857 1052.376278
0.122561 614.893000 401.110348 811.307748 244.683489 966.320885 172.364975 1041.848439
0.127180 611.316792 405.128847 805.733244 249.376532 958.851767 176.204288 1032.822299
0.131972 613.110598 409.437113 801.186794 253.988884 951.970353 180.382003 1025.331387
0.136945 612.916974 413.558703 797.880850 259.234825 947.218042 184.930081 1019.411275
0.142105 613.881912 419.164793 797.290460 263.015231 943.377091 189.883240 1015.100177
0.147460 614.655927 423.955878 796.363580 267.117837 941.167023 195.279275 1013.247242
0.153017 615.324802 429.954030 795.774677 271.740018 940.421111 201.159398 1014.471361
0.158783 619.656743 435.207290 796.465114 280.343380 940.960541 207.568615 1017.189688
0.164766 624.470977 445.877582 799.156033 289.752787 942.986053 214.556141 1021.486774
0.170975 631.163977 453.461191 803.098645 299.970836 946.932489 222.175856 1027.450739
0.177417 638.215145 462.923134 809.293162 311.069161 952.876577 230.486802 1035.173872
0.184103 646.975739 473.433361 817.174252 322.901415 960.626909 239.553734 1044.753263
0.191040 655.348458 484.990355 826.590624 332.407581 970.271747 249.447721 1056.291471
0.198239 665.462776 499.389514 837.559864 342.859562 981.894884 260.246810 1069.897229
0.205709 677.289355 514.939146 850.748934 354.335031 995.587404 272.996242 1085.686189
0.213460 692.276477 529.859881 865.461634 368.958940 1011.448322 286.037947 1103.781703
0.221504 706.748119 543.746061 881.918381 385.955710 1030.993715 300.293707 1124.315646
0.229851 726.380873 563.980058 899.617557 404.496635 1052.477665 314.342009 1147.429286
0.238512 744.520854 585.955086 920.616675 424.722311 1075.848165 331.136453 1175.088563
0.247499 766.265034 606.699515 944.423038 446.786384 1101.915576 349.496742 1207.745770
0.256826 788.641637 629.826965 973.988740 472.324533 1130.832151 369.574483 1243.326733
0.266503 812.770456 653.906591 1010.338457 497.116573 1163.180086 391.536416 1282.025832
0.276546 839.739999 677.821344 1042.560614 521.743638 1200.832980 415.565890 1324.052335
0.286967 871.871901 706.780792 1078.759490 547.533601 1241.377434 441.864481 1369.631517
0.297780 904.320267 740.129511 1120.052951 575.218437 1284.555421 470.653746 1419.005847
0.309001 938.738462 773.201888 1163.902349 606.287603 1330.001666 502.177123 1472.436241
0.320645 979.600608 807.797566 1216.148236 639.667455 1379.460594 535.651727 1530.125658
0.332727 1021.645428 845.520932 1267.164063 676.208049 1434.669692 565.850877 1590.696475
0.345265 1069.295745 886.166561 1323.321949 715.615517 1498.162240 598.754798 1656.424502
0.358275 1119.525379 931.423364 1385.240215 758.720937 1567.824849 634.600815 1727.655139
0.371776 1171.608014 977.259239 1447.413024 807.761798 1636.850873 673.647965 1804.760587
0.385785 1228.453917 1026.138674 1514.198611 858.957050 1711.742275 716.178937 1888.141658
0.400322 1293.113934 1083.445729 1592.710745 914.727704 1798.469390 762.502184 1978.229707
0.415407 1361.113824 1144.661298 1672.350717 978.111691 1893.480739 813.740834 2075.488676
0.431060 1435.737187 1206.384009 1759.161805 1051.064017 1996.095661 874.936522 2180.417286
0.447304 1513.669477 1275.602437 1854.061658 1125.149731 2112.827524 941.837075 2295.140661
0.464159 1599.516794 1349.563671 1954.947569 1192.347442 2236.039530 1014.973820 2425.298109
0.481649 1693.155641 1431.216189 2069.109033 1270.605467 2362.988503 1094.925876 2582.584980
0.499799 1795.129258 1516.431575 2185.411123 1360.896926 2506.001606 1182.323994 2751.814551
0.518632 1900.562196 1610.573840 2327.122939 1446.048361 2658.245331 1277.854631 2933.311687
0.538175 2017.194735 1716.608294 2465.677562 1538.720250 2821.585038 1382.264253 3127.907605
0.558455 2140.923743 1822.854506 2626.464020 1635.315303 3001.450378 1494.101611 3336.492123
0.579498 2275.392169 1938.695858 2790.482391 1740.605010 3195.795938 1588.714169 3560.018790
0.601335 2429.112459 2063.202369 2979.809263 1855.551022 3401.749851 1690.674779 3799.510457
0.623994 2580.563935 2204.784741 3171.060473 1973.715708 3630.196238 1800.531744 4056.065253
0.647508 2751.812287 2352.178631 3374.882335 2098.492951 3874.670886 1918.873521 4330.862994
0.671907 2932.289507 2504.713904 3585.671528 2232.982689 4126.966840 2046.331430 4625.171983
0.697226 3133.360734 2670.398336 3825.806922 2378.629019 4420.826970 2183.582535 4940.356212
0.723499 3336.338133 2847.644008 4071.607479 2526.028970 4717.071682 2331.352691 5277.882929
0.750762 3559.396793 3044.022921 4343.265149 2690.394513 5024.838936 2490.419776 5639.330567
0.779052 3800.524957 3246.788649 4638.033278 2863.600368 5355.446670 2661.617105 6026.397011
0.808408 4063.271687 3473.002663 4961.458083 3056.416328 5736.480430 2845.837043 6468.815378
0.838870 4343.237938 3710.755542 5316.575792 3259.866173 6140.191292 3044.034815 7029.590653
0.870480 4637.841257 3958.165215 5668.862005 3478.241037 6609.921262 3257.232530 7705.350860
0.903282 4955.360436 4226.661850 6047.653965 3710.428242 7072.378745 3486.523421 8398.835067
0.937319 5293.718432 4509.347044 6469.523134 3959.602732 7562.364633 3730.513391 9194.540304
0.972639 5655.877196 4815.951032 6914.480500 4229.685215 8098.536418 3976.949650 10067.218719
1.009290 6053.661310 5143.150599 7393.996495 4509.209773 8680.361376 4231.085708 11024.046396
1.047322 6487.745495 5487.323588 7930.722028 4806.055538 9348.909028 4502.001752 12072.813888
1.086787 6936.769636 5865.013146 8474.706810 5126.090527 10089.974684 4790.700390 13221.969718
1.127740 7418.986789 6261.553013 9060.123026 5465.733684 10911.216301 5098.234740 14480.665491
1.170235 7939.760299 6689.963605 9722.519619 5829.906182 11676.277756 5425.710031 15858.802409
1.214332 8518.766964 7150.445614 10434.924186 6233.357631 12489.064223 5774.285164 17367.078941
1.260090 9102.036756 7638.759558 11170.555492 6663.659509 13459.670086 6145.174226 19017.039334
1.307573 9731.062634 8163.249912 11956.313032 7110.531272 14502.386659 6539.647943 20821.122601
1.356845 10429.014171 8717.575422 12805.040239 7579.478336 15584.135748 6959.035061 22792.711526
1.407973 11138.856109 9313.553499 13736.116658 8101.852518 16802.791812 7433.485631 24946.181175
1.461028 11924.205575 9940.671221 14684.134804 8651.269507 18088.264552 7943.794548 27296.946326
1.516083 12744.439821 10632.955506 15724.416638 9210.521422 19521.411608 8489.139532 29861.507147
1.573212 13642.344450 11362.584827 16792.619919 9828.826980 21062.694731 9071.770814 32335.140980
1.632493 14575.705447 12137.882480 17991.240349 10511.652864 22691.006566 9694.067599 34537.772687
1.694009 15584.234884 12976.464549 19270.707175 11241.642430 24455.061641 10358.543866 36713.721716
1.757842 16657.043410 13844.973236 20699.530861 12021.857078 26349.181051 11067.854269 38863.910478
1.824081 17796.186671 14808.840411 22200.911142 12819.569695 28332.579320 11824.800125 40989.177522
1.892816 19000.096527 15830.540723 23776.613334 13673.419933 30486.196367 12632.335472 43090.286066
1.964141 20282.934609 16882.590616 25459.140074 14606.505670 32747.290950 13493.573171 45167.931695
2.038154 21631.565220 18016.964366 27206.148798 15568.719680 35378.423548 14411.791041 47685.196349
2.114955 23061.367679 19201.377594 29075.970595 16584.629207 37591.610009 15390.437985 51616.230410
2.194651 24619.844299 20503.707436 31072.679932 17642.528347 40298.359629 16406.101116 55564.664948
2.277350 26290.589714 21855.452684 33247.327409 18774.258600 43314.053103 17439.691040 58216.727749
2.363165 28004.291479 23267.633700 35450.996833 20008.702630 46224.104978 18533.318659 62269.183987
2.452213 29891.102446 24729.647786 37767.756378 21382.125759 48933.912005 19686.048156 66284.886291
2.544617 31895.900227 26359.496621 40177.091910 22773.444690 52320.155889 20394.458337 70264.691490
2.640503 33936.809756 28020.524433 42816.101030 24225.396384 55563.566810 21099.211429 75161.674025
2.740003 36108.248701 29673.179022 45734.202887 25617.814749 58960.580109 21882.738948 81085.285266
2.843251 38376.369672 31541.846194 48701.239870 27187.013548 62387.317392 23175.483432 87426.187534
2.950391 40753.836242 33468.826201 51693.226934 28711.007789 66508.576806 24535.381105 93784.323744
3.061567 43297.844133 35551.374597 54960.875671 30356.191702 70536.625199 25965.061921 99728.408297
3.176933 46038.288359 37738.102835 58299.401141 31969.022334 75408.974399 26793.139195 105285.745586
3.296646 48808.497557 40016.171753 61888.733216 33937.217085 79559.942714 27172.046007 110481.929531
3.420870 51731.507176 42434.050111 65803.063953 35650.883646 84432.694913 27526.215352 115340.804417
3.549775 54843.905881 44623.293317 69720.208985 37553.095930 88347.512199 27857.286015 119884.591625
3.683537 58047.883390 47047.999746 73889.397077 38903.162245 93856.719232 28166.785085 125268.974157
3.822340 61295.955626 49533.212310 78503.136212 40491.246435 100344.472667 28456.135975 134757.444209
3.966373 64846.486955 51953.208656 82972.938901 41680.957737 106797.904744 28726.665811 144906.350293
4.115834 68588.616692 54625.718180 88003.052848 42481.611991 113688.211796 29288.527064 155754.435012
4.270926 72446.127495 57497.238777 93399.933109 43258.900287 120803.900559 29949.647666 167033.679351
4.431863 76336.603295 59932.546317 99310.648994 44699.371947 127378.949598 30607.591005 176940.345775
4.598864 80564.825531 62696.344347 104919.017091 46289.021040 134715.571073 31262.372452 181935.817417
4.772158 84994.017425 65202.958970 110490.124834 46976.307608 143667.319750 31914.006307 186650.446073
4.951983 89613.789804 67906.574541 117142.338597 47632.873700 152429.481239 32562.505951 191100.184776
5.138583 94040.232735 70612.424988 123879.225134 48260.109270 161623.753241 33207.883986 196934.772807
5.332215 99075.483503 73722.981139 130188.319499 48859.339065 168590.508784 33622.514946 209432.497302
5.533143 104219.858554 76273.297419 137662.906924 49431.825968 179429.397394 33800.029292 222569.499152
5.741642 109638.451019 79219.287382 145526.115707 49978.774139 190902.662449 33966.572244 236368.845099
5.957999 115202.079659 81726.714842 153155.180549 50501.331971 200492.682788 34122.825538 248497.931032
6.182508 120775.740926 84348.309665 161194.012853 51300.420630 212940.820492 34269.428046 261336.839916
6.415476 126586.178048 86339.556619 169293.564491 52117.771301 225536.331996 34406.978541 273870.739111
6.657224 131870.649054 88699.157446 178510.432186 52530.500420 239432.978474 34536.038267 286107.108711
6.908081 137067.632442 90621.078775 187700.745646 52983.483084 252671.898417 34657.133344 302801.634227
7.168391 142799.403704 91865.171494 197096.664949 53768.460038 259430.071873 34770.757012 320609.609279
7.438510 148817.546489 92857.098395 206308.772426 54343.141915 270920.512315 34877.371716 340529.916817
7.718807 153804.158044 94658.134254 217026.706593 54998.971089 280952.868988 34977.411073 362081.088741
8.009667 159515.270150 96129.481954 226834.363558 55162.110676 292750.261042 35071.281685 379474.268062
8.311487 165185.307036 97585.219548 238509.689348 55693.527723 309194.272838 35159.364858 401022.851011
8.624680 171261.163278 99106.964547 249630.546585 56511.431463 325596.814187 35242.018191 423592.253393
8.949674 176699.100744 100121.696511 261941.609475 57325.424556 344307.585168 35319.577070 447217.026993
9.286915 181713.265566 101043.371943 274434.828366 58135.519348 363526.539103 35392.356063 471931.718689
9.636864 187685.150447 102040.930841 285753.252830 58729.183550 383313.955333 35460.650231 498326.301738
10.000000 194407.897439 102728.848780 298896.930059 59198.618963 401558.380305 35524.736342 527073.313185
