0.010000 18.483351 16.475130 20.800149 14.618838 23.244543 11.978649 27.217887
0.012068 18.452682 16.448396 20.730696 14.622843 23.143840 11.967895 27.152195
0.014563 18.394704 16.420016 20.680694 14.628470 23.101273 11.953647 27.061196
0.017575 18.326756 16.397438 20.612443 14.635685 23.047917 11.935194 26.934330
0.021210 18.258123 16.332121 20.502607 14.650105 22.812313 11.912336 26.756267
0.025595 18.161592 16.257475 20.351761 14.662520 22.690508 11.885743 26.427824
0.030888 18.036434 16.201643 20.204907 14.632166 22.476197 11.880752 25.721217
0.037276 17.904326 16.117130 19.970746 14.554997 21.960019 11.913026 24.912254
0.044984 17.752833 16.042080 19.775903 14.538917 21.625796 11.972683 24.017331
0.054287 17.605845 15.956946 19.483865 14.479604 21.137236 12.072939 23.060149
0.065513 17.438112 15.870678 19.224660 14.516199 20.731138 12.129551 22.084580
0.079060 17.280714 15.777512 18.858442 14.543624 20.394479 12.117893 21.639913
0.095410 17.188680 15.674750 18.652836 14.504447 20.179243 12.175725 21.354519
0.115140 17.021592 15.550632 18.512856 14.460485 20.008120 12.312545 21.209708
0.138950 16.953269 15.461793 18.466966 14.365235 20.149148 12.551954 21.342796
0.167683 16.998013 15.450347 18.635562 14.150058 20.438763 12.408174 21.501046
0.202359 17.119861 15.411053 18.915451 13.906576 20.830292 12.215107 22.175730
0.244205 17.287080 15.412048 19.341307 13.770133 21.586709 12.212324 23.533591
0.294705 17.528461 15.393789 19.846317 13.602820 22.292508 12.380180 24.999706
0.355648 17.927759 15.473183 20.575265 13.709308 23.230442 12.684694 26.428924
0.429193 18.350072 15.588134 21.335723 13.852505 24.333602 12.893024 27.906178
0.517947 18.761487 15.744590 22.063069 13.884320 25.475624 13.111520 29.502020
0.625055 19.200974 15.927584 22.983387 14.030658 26.587013 13.142305 30.963095
0.754312 19.465427 16.077777 23.822297 14.049016 27.773975 13.174084 33.149991
0.910298 19.790428 16.071077 24.519687 13.993490 28.962684 13.141928 35.377007
1.098541 20.052932 15.994885 25.175338 13.883582 30.079991 12.902074 37.347802
1.325711 20.114839 15.869020 25.438465 13.651678 30.771825 12.709486 38.907860
1.599859 19.950976 15.579259 25.545688 13.306354 31.325914 12.379265 39.849761
1.930698 19.663958 15.203647 25.434114 12.836823 31.710533 11.598258 41.740365
2.329952 19.088905 14.579079 25.188369 12.130360 31.726163 10.787645 43.426178
2.811769 18.418647 13.911323 24.548929 11.445193 31.480909 9.962961 44.815442
3.393222 17.472157 13.123654 23.806961 10.665112 30.788843 9.107770 45.726387
4.094915 16.566687 12.122141 22.652958 9.766734 30.308666 8.208139 45.889023
4.941713 15.265956 10.887259 20.929648 8.493302 28.920704 7.123494 44.690417
5.963623 13.002683 9.057542 18.431185 7.017265 25.918451 5.586617 41.065835
7.196857 8.004790 5.150850 12.224694 3.327322 17.388682 2.686884 29.061260
8.685114 0.000000 0.000000 0.000000 0.000000 0.000000 0.000000 0.000000
10.481131 0.000000 0.000000 0.000000 0.000000 0.000000 0.000000 0.000000
12.648552 0.000000 0.000000 0.000000 0.000000 0.000000 0.000000 0.000000
15.264180 0.000000 0.000000 0.000000 0.000000 0.000000 0.000000 0.000000
18.420700 0.000000 0.000000 0.000000 0.000000 0.000000 0.000000 0.000000
22.229965 0.000000 0.000000 0.000000 0.000000 0.000000 0.000000 0.000000
26.826958 0.000000 0.000000 0.000000 0.000000 0.000000 0.000000 0.000000
32.374575 0.000000 0.000000 0.000000 0.000000 0.000000 0.000000 0.000000
39.069399 0.000000 0.000000 0.000000 0.000000 0.000000 0.000000 0.000000
47.148664 0.000000 0.000000 0.000000 0.000000 0.000000 0.000000 0.000000
56.898660 0.000000 0.000000 0.000000 0.000000 0.000000 0.000000 0.000000
68.664885 0.000000 0.000000 0.000000 0.000000 0.000000 0.000000 0.000000
82.864277 0.000000 0.000000 0.000000 0.000000 0.000000 0.000000 0.000000
100.000000 0.000000 0.000000 0.000000 0.000000 0.000000 0.000000 0.000000
