0.010000 0.004638 -0.009531 0.018332 -0.017634 0.045372 -0.020473 0.080605
0.012068 0.005807 -0.008809 0.020420 -0.017264 0.052913 -0.020971 0.094758
0.014563 0.006926 -0.007936 0.023404 -0.016538 0.065319 -0.021632 0.111771
0.017575 0.008654 -0.006295 0.030728 -0.016105 0.078786 -0.022582 0.132055
0.021210 0.011269 -0.004792 0.038930 -0.015266 0.096745 -0.023936 0.156005
0.025595 0.015421 -0.002907 0.049909 -0.014341 0.116130 -0.025414 0.183963
0.030888 0.020623 0.000269 0.064386 -0.013212 0.138727 -0.028498 0.216503
0.037276 0.028731 0.003576 0.086353 -0.013430 0.171382 -0.032096 0.256458
0.044984 0.040225 0.007551 0.114298 -0.014348 0.212073 -0.036832 0.300182
0.054287 0.058382 0.013237 0.150449 -0.015388 0.249631 -0.049667 0.347079
0.065513 0.083712 0.021655 0.187692 -0.019147 0.312626 -0.061100 0.396308
0.079060 0.117443 0.032987 0.247098 -0.025171 0.388958 -0.070516 0.475368
0.095410 0.159542 0.048403 0.306169 -0.031492 0.470831 -0.080283 0.582740
0.115140 0.207952 0.067620 0.370114 -0.038826 0.548532 -0.090175 0.669856
0.138950 0.266430 0.094060 0.450050 -0.044681 0.626297 -0.108547 0.747603
0.167683 0.324329 0.120131 0.527365 -0.057033 0.704526 -0.124046 0.815211
0.202359 0.382711 0.144884 0.611468 -0.064338 0.776081 -0.139375 0.868010
0.244205 0.441595 0.166511 0.667332 -0.073785 0.831421 -0.160203 0.908785
0.294705 0.503807 0.189971 0.724753 -0.086846 0.871329 -0.176925 0.936738
0.355648 0.560484 0.209821 0.769549 -0.096300 0.903264 -0.189515 0.955416
0.429193 0.601229 0.225235 0.804960 -0.105775 0.923083 -0.196646 0.967685
0.517947 0.632959 0.236104 0.838618 -0.108892 0.941767 -0.199385 0.975652
0.625055 0.654681 0.248560 0.861937 -0.112996 0.949224 -0.207745 0.979658
0.754312 0.672308 0.253550 0.879387 -0.115494 0.958522 -0.211808 0.981928
0.910298 0.684575 0.261997 0.891785 -0.116642 0.963589 -0.213649 0.985090
1.098541 0.691865 0.262289 0.901598 -0.117490 0.967946 -0.214849 0.987132
1.325711 0.701398 0.262468 0.913521 -0.119772 0.972252 -0.215627 0.988309
1.599859 0.705521 0.263939 0.917756 -0.120186 0.975962 -0.216131 0.988942
1.930698 0.709729 0.265910 0.921859 -0.120424 0.977973 -0.216457 0.989290
2.329952 0.712474 0.267654 0.923593 -0.120560 0.980842 -0.216666 0.989541
2.811769 0.714623 0.269058 0.926383 -0.121702 0.982909 -0.216802 0.989692
3.393222 0.718908 0.270187 0.928486 -0.123165 0.984343 -0.216889 0.989779
4.094915 0.718995 0.271093 0.930138 -0.124390 0.985317 -0.218024 0.989830
4.941713 0.720776 0.271818 0.931483 -0.125410 0.985737 -0.219028 0.989859
5.963623 0.722064 0.272399 0.932490 -0.126257 0.986306 -0.219794 0.989876
7.196857 0.723190 0.272863 0.933493 -0.126958 0.986929 -0.220377 0.989886
8.685114 0.723963 0.273234 0.933877 -0.127412 0.987225 -0.220821 0.989891
10.481131 0.725729 0.273530 0.934187 -0.127414 0.987767 -0.221158 0.989895
12.648552 0.726018 0.273767 0.934194 -0.127415 0.988341 -0.221413 0.989896
15.264180 0.726025 0.273955 0.934198 -0.127416 0.988761 -0.221607 0.989898
18.420700 0.726029 0.274106 0.935124 -0.127416 0.989068 -0.221733 0.989898
22.229965 0.726131 0.274226 0.935127 -0.127416 0.989292 -0.221733 0.989898
26.826958 0.726364 0.274321 0.935127 -0.127417 0.989455 -0.221734 0.989899
32.374575 0.726823 0.274398 0.935128 -0.127417 0.989575 -0.221734 0.989899
39.069399 0.727201 0.274458 0.935165 -0.127417 0.989662 -0.221734 0.989899
47.148664 0.727502 0.274507 0.935192 -0.127417 0.989726 -0.221734 0.989899
56.898660 0.727740 0.274545 0.935211 -0.127417 0.989773 -0.221734 0.989899
68.664885 0.727928 0.274576 0.935225 -0.127417 0.989807 -0.221734 0.989899
82.864277 0.728078 0.274601 0.935236 -0.127417 0.989832 -0.221734 0.989899
100.000000 0.728197 0.274620 0.935243 -0.127417 0.989850 -0.221734 0.989899
