0.010000 0.001323 0.000309 0.006682 0.000036 0.031617 0.000003 0.209651
0.012068 0.001612 0.000385 0.007932 0.000046 0.036167 0.000003 0.221676
0.014563 0.001983 0.000477 0.009397 0.000059 0.040825 0.000004 0.233304
0.017575 0.002396 0.000593 0.011161 0.000072 0.047123 0.000005 0.244447
0.021210 0.002906 0.000741 0.013262 0.000086 0.054013 0.000006 0.255031
0.025595 0.003501 0.000915 0.015652 0.000107 0.062258 0.000008 0.265002
0.030888 0.004239 0.001124 0.018172 0.000135 0.073714 0.000010 0.276484
0.037276 0.005148 0.001379 0.021142 0.000170 0.082730 0.000012 0.298482
0.044984 0.006228 0.001713 0.024797 0.000215 0.095462 0.000015 0.320151
0.054287 0.007589 0.002100 0.029135 0.000258 0.111364 0.000019 0.341223
0.065513 0.009180 0.002628 0.035401 0.000316 0.129114 0.000023 0.361461
0.079060 0.011138 0.003265 0.041366 0.000392 0.141704 0.000029 0.380667
0.095410 0.013309 0.004004 0.048640 0.000467 0.165060 0.000036 0.398687
0.115140 0.016162 0.004786 0.055685 0.000592 0.180329 0.000045 0.415415
0.138950 0.019586 0.005735 0.063943 0.000740 0.198943 0.000056 0.430792
0.167683 0.023537 0.006973 0.072850 0.000898 0.221688 0.000069 0.444797
0.202359 0.027527 0.008455 0.085235 0.001014 0.239205 0.000086 0.454277
0.244205 0.032860 0.010177 0.097966 0.001284 0.249578 0.000106 0.458983
0.294705 0.038899 0.012292 0.111753 0.001626 0.269029 0.000129 0.463122
0.355648 0.045851 0.014717 0.124647 0.002023 0.288495 0.000145 0.466754
0.429193 0.052779 0.017439 0.138561 0.002488 0.304853 0.000162 0.469934
0.517947 0.061862 0.020597 0.152649 0.002936 0.322716 0.000181 0.472713
0.625055 0.071832 0.023651 0.168593 0.003161 0.342704 0.000218 0.475137
0.754312 0.082260 0.026860 0.184260 0.003656 0.355666 0.000264 0.484227
0.910298 0.094555 0.031694 0.201561 0.004405 0.372615 0.000317 0.496477
1.098541 0.107239 0.035180 0.220561 0.005241 0.385522 0.000377 0.506559
1.325711 0.119375 0.038766 0.235123 0.006073 0.399937 0.000442 0.514782
1.599859 0.131271 0.042435 0.252352 0.006860 0.415680 0.000514 0.521441
1.930698 0.143695 0.046975 0.273056 0.007409 0.427397 0.000589 0.526802
2.329952 0.156315 0.051261 0.292689 0.007957 0.437855 0.000666 0.531097
2.811769 0.165947 0.054939 0.311113 0.008994 0.447126 0.000743 0.534525
3.393222 0.176090 0.058335 0.326923 0.009948 0.453128 0.000819 0.536716
4.094915 0.185441 0.060594 0.341838 0.010308 0.462080 0.000890 0.538066
4.941713 0.196182 0.063357 0.356250 0.010686 0.464455 0.000956 0.539220
5.963623 0.206306 0.065974 0.371101 0.011177 0.474129 0.001016 0.540205
7.196857 0.212026 0.067247 0.386926 0.011233 0.480972 0.001069 0.541046
8.685114 0.218726 0.067986 0.398540 0.011426 0.486033 0.001115 0.543666
10.481131 0.226607 0.069072 0.406600 0.011708 0.492583 0.001154 0.545709
12.648552 0.229690 0.070924 0.413940 0.012051 0.498097 0.001187 0.548583
15.264180 0.235181 0.072487 0.420520 0.012362 0.505188 0.001215 0.550944
18.420700 0.240395 0.073382 0.426705 0.012644 0.511091 0.001238 0.552879
22.229965 0.244383 0.074991 0.432061 0.012897 0.515082 0.001256 0.554279
26.826958 0.246934 0.076204 0.437816 0.013123 0.517450 0.001272 0.555225
32.374575 0.248189 0.076956 0.440786 0.013324 0.520341 0.001284 0.555961
39.069399 0.250096 0.077226 0.442748 0.013503 0.523804 0.001294 0.556533
47.148664 0.251275 0.077932 0.444997 0.013660 0.526094 0.001302 0.556976
56.898660 0.251815 0.078284 0.447206 0.013799 0.527858 0.001308 0.557321
68.664885 0.254410 0.078575 0.449572 0.013921 0.529248 0.001314 0.557588
82.864277 0.255099 0.078817 0.450911 0.014028 0.532164 0.001318 0.557795
100.000000 0.256389 0.079018 0.452147 0.014121 0.534339 0.001321 0.557956
