0.001000 0.000000 0.000000 0.000001 0.000000 0.000001 0.000000 0.000001
0.001038 0.000000 0.000000 0.000001 0.000000 0.000001 0.000000 0.000001
0.001077 0.000001 0.000000 0.000001 0.000000 0.000001 0.000000 0.000001
0.001117 0.000001 0.000001 0.000001 0.000000 0.000001 0.000000 0.000001
0.001159 0.000001 0.000001 0.000001 0.000001 0.000001 0.000000 0.000001
0.001203 0.000001 0.000001 0.000001 0.000001 0.000001 0.000001 0.000001
0.001248 0.000001 0.000001 0.000001 0.000001 0.000001 0.000001 0.000001
0.001296 0.000001 0.000001 0.000001 0.000001 0.000001 0.000001 0.000001
0.001344 0.000001 0.000001 0.000001 0.000001 0.000001 0.000001 0.000001
0.001395 0.000001 0.000001 0.000001 0.000001 0.000002 0.000001 0.000002
0.001448 0.000001 0.000001 0.000002 0.000001 0.000002 0.000001 0.000002
0.001502 0.000001 0.000001 0.000002 0.000001 0.000002 0.000001 0.000002
0.001559 0.000002 0.000001 0.000002 0.000001 0.000002 0.000001 0.000002
0.001617 0.000002 0.000002 0.000002 0.000001 0.000002 0.000001 0.000003
0.001678 0.000002 0.000002 0.000002 0.000002 0.000003 0.000001 0.000003
0.001742 0.000002 0.000002 0.000003 0.000002 0.000003 0.000002 0.000003
0.001807 0.000003 0.000002 0.000003 0.000002 0.000003 0.000002 0.000004
0.001875 0.000003 0.000002 0.000003 0.000002 0.000004 0.000002 0.000004
0.001946 0.000003 0.000003 0.000004 0.000002 0.000004 0.000002 0.000004
0.002019 0.000004 0.000003 0.000004 0.000003 0.000005 0.000002 0.000005
0.002095 0.000004 0.000003 0.000005 0.000003 0.000005 0.000003 0.000006
0.002174 0.000004 0.000004 0.000005 0.000003 0.000006 0.000003 0.000006
0.002256 0.000005 0.000004 0.000006 0.000004 0.000006 0.000003 0.000007
0.002341 0.000006 0.000005 0.000007 0.000004 0.000007 0.000004 0.000008
0.002430 0.000006 0.000005 0.000007 0.000005 0.000008 0.000004 0.000009
0.002521 0.000007 0.000006 0.000008 0.000005 0.000009 0.000005 0.000010
0.002616 0.000008 0.000006 0.000009 0.000006 0.000010 0.000005 0.000011
0.002715 0.000009 0.000007 0.000010 0.000006 0.000011 0.000006 0.000012
0.002817 0.000010 0.000008 0.000011 0.000007 0.000013 0.000007 0.000014
0.002923 0.000011 0.000009 0.000013 0.000008 0.000014 0.000007 0.000015
0.003033 0.000012 0.000010 0.000014 0.000009 0.000016 0.000008 0.000017
0.003148 0.000013 0.000011 0.000016 0.000010 0.000018 0.000009 0.000019
0.003266 0.000015 0.000013 0.000018 0.000011 0.000020 0.000010 0.000021
0.003389 0.000017 0.000014 0.000020 0.000013 0.000022 0.000012 0.000024
0.003517 0.000019 0.000016 0.000022 0.000014 0.000025 0.000013 0.000027
0.003650 0.000021 0.000018 0.000025 0.000016 0.000027 0.000014 0.000030
0.003787 0.000023 0.000020 0.000028 0.000017 0.000031 0.000016 0.000033
0.003930 0.000026 0.000022 0.000031 0.000019 0.000034 0.000018 0.000037
0.004078 0.000029 0.000025 0.000034 0.000022 0.000038 0.000020 0.000041
0.004232 0.000033 0.000027 0.000038 0.000024 0.000043 0.000022 0.000046
0.004391 0.000036 0.000031 0.000043 0.000027 0.000048 0.000025 0.000052
0.004557 0.000041 0.000034 0.000048 0.000030 0.000053 0.000028 0.000058
0.004728 0.000045 0.000038 0.000054 0.000034 0.000060 0.000031 0.000064
0.004906 0.000051 0.000043 0.000060 0.000038 0.000067 0.000035 0.000072
0.005091 0.000057 0.000048 0.000067 0.000042 0.000074 0.000039 0.000080
0.005283 0.000063 0.000053 0.000075 0.000047 0.000083 0.000044 0.000090
0.005482 0.000071 0.000060 0.000084 0.000053 0.000093 0.000049 0.000100
0.005689 0.000079 0.000067 0.000093 0.000059 0.000104 0.000054 0.000112
0.005903 0.000088 0.000074 0.000104 0.000066 0.000116 0.000061 0.000125
0.006126 0.000099 0.000083 0.000116 0.000074 0.000129 0.000068 0.000140
0.006356 0.000110 0.000093 0.000130 0.000082 0.000144 0.000076 0.000156
0.006596 0.000123 0.000104 0.000145 0.000092 0.000161 0.000085 0.000174
0.006844 0.000137 0.000116 0.000162 0.000103 0.000180 0.000095 0.000195
0.007102 0.000154 0.000130 0.000181 0.000115 0.000201 0.000106 0.000218
0.007370 0.000172 0.000145 0.000202 0.000128 0.000225 0.000118 0.000243
0.007648 0.000192 0.000162 0.000226 0.000143 0.000251 0.000132 0.000271
0.007936 0.000214 0.000180 0.000253 0.000160 0.000281 0.000147 0.000303
0.008235 0.000239 0.000202 0.000282 0.000179 0.000313 0.000165 0.000338
0.008545 0.000267 0.000225 0.000315 0.000199 0.000350 0.000184 0.000378
0.008867 0.000298 0.000251 0.000352 0.000223 0.000391 0.000205 0.000422
0.009201 0.000333 0.000281 0.000393 0.000249 0.000436 0.000229 0.000471
0.009548 0.000372 0.000314 0.000439 0.000278 0.000487 0.000256 0.000526
0.009908 0.000415 0.000350 0.000490 0.000310 0.000544 0.000286 0.000588
0.010281 0.000464 0.000391 0.000547 0.000347 0.000608 0.000319 0.000656
0.010669 0.000518 0.000437 0.000611 0.000387 0.000678 0.000357 0.000733
0.011071 0.000578 0.000488 0.000682 0.000432 0.000757 0.000398 0.000818
0.011488 0.000645 0.000545 0.000761 0.000483 0.000845 0.000445 0.000913
0.011921 0.000721 0.000608 0.000850 0.000539 0.000944 0.000497 0.001019
0.012370 0.000804 0.000679 0.000949 0.000601 0.001053 0.000555 0.001137
0.012836 0.000898 0.000758 0.001059 0.000671 0.001176 0.000619 0.001269
0.013320 0.001002 0.000846 0.001182 0.000750 0.001312 0.000691 0.001416
0.013822 0.001118 0.000945 0.001319 0.000837 0.001464 0.000772 0.001580
0.014343 0.001248 0.001054 0.001472 0.000934 0.001634 0.000861 0.001763
0.014883 0.001393 0.001177 0.001643 0.001042 0.001823 0.000961 0.001967
0.015444 0.001554 0.001313 0.001833 0.001163 0.002033 0.001073 0.002194
0.016026 0.001734 0.001465 0.002044 0.001298 0.002268 0.001197 0.002447
0.016630 0.001934 0.001635 0.002280 0.001448 0.002529 0.001336 0.002729
0.017256 0.002157 0.001823 0.002542 0.001616 0.002820 0.001490 0.003043
0.017907 0.002406 0.002034 0.002834 0.001802 0.003144 0.001662 0.003392
0.018581 0.002683 0.002269 0.003159 0.002010 0.003505 0.001854 0.003781
0.019281 0.002992 0.002530 0.003520 0.002242 0.003907 0.002068 0.004213
0.020008 0.003335 0.002821 0.003922 0.002499 0.004353 0.002306 0.004694
0.020762 0.003717 0.003145 0.004371 0.002786 0.004850 0.002571 0.005229
0.021544 0.004143 0.003506 0.004868 0.003106 0.005402 0.002867 0.005824
0.022356 0.004615 0.003907 0.005421 0.003462 0.006016 0.003195 0.006484
0.023199 0.005141 0.004353 0.006034 0.003857 0.006698 0.003560 0.007218
0.024073 0.005726 0.004849 0.006716 0.004297 0.007455 0.003967 0.008032
0.024980 0.006375 0.005400 0.007473 0.004786 0.008295 0.004419 0.008935
0.025921 0.007096 0.006012 0.008314 0.005329 0.009227 0.004921 0.009937
0.026898 0.007896 0.006692 0.009247 0.005932 0.010260 0.005479 0.011048
0.027911 0.008784 0.007448 0.010282 0.006602 0.011405 0.006099 0.012278
0.028963 0.009769 0.008285 0.011429 0.007346 0.012672 0.006787 0.013639
0.030055 0.010859 0.009211 0.012699 0.008170 0.014074 0.007550 0.015145
0.031187 0.012064 0.010237 0.014105 0.009084 0.015624 0.008397 0.016810
0.032362 0.013396 0.011373 0.015660 0.010097 0.017339 0.009335 0.018649
0.033582 0.014872 0.012634 0.017375 0.011218 0.019234 0.010374 0.020679
0.034847 0.016501 0.014032 0.019265 0.012458 0.021322 0.011524 0.022916
0.036160 0.018296 0.015577 0.021349 0.013830 0.023624 0.012796 0.025382
0.037523 0.020276 0.017283 0.023646 0.015345 0.026161 0.014202 0.028095
0.038937 0.022458 0.019168 0.026178 0.017018 0.028952 0.015755 0.031078
0.040404 0.024860 0.021246 0.028963 0.018864 0.032020 0.017469 0.034354
0.041927 0.027501 0.023520 0.032022 0.020897 0.035387 0.019359 0.037946
0.043507 0.030402 0.026019 0.035367 0.023136 0.039080 0.021441 0.041882
0.045146 0.033587 0.028765 0.039031 0.025598 0.043123 0.023732 0.046187
0.046847 0.037092 0.031792 0.043014 0.028303 0.047544 0.026251 0.050890
0.048612 0.040929 0.035120 0.047393 0.031271 0.052372 0.029017 0.056020
0.050444 0.045077 0.038770 0.052147 0.034524 0.057636 0.032050 0.061607
0.052345 0.049653 0.042742 0.057373 0.038084 0.063366 0.035372 0.067680
0.054317 0.054614 0.047079 0.063027 0.041976 0.069588 0.039006 0.074272
0.056364 0.060056 0.051841 0.069160 0.046222 0.076337 0.042976 0.081412
0.058488 0.065975 0.056994 0.075837 0.050850 0.083643 0.047306 0.089131
0.060692 0.072333 0.062596 0.083056 0.055884 0.091536 0.052020 0.097459
0.062979 0.079241 0.068731 0.090774 0.061364 0.100047 0.057146 0.106426
0.065352 0.086712 0.075384 0.099221 0.067293 0.109176 0.062707 0.116057
0.067815 0.094759 0.082538 0.108159 0.073694 0.118931 0.068731 0.126379
0.070370 0.103399 0.090218 0.117778 0.080611 0.129354 0.075243 0.137414
0.073022 0.112623 0.098481 0.128035 0.088071 0.140474 0.082269 0.149181
0.075774 0.122455 0.107351 0.138858 0.096118 0.152308 0.089832 0.161696
0.078629 0.133048 0.116907 0.150505 0.104803 0.164867 0.097954 0.174971
0.081592 0.144305 0.127001 0.162877 0.114109 0.178158 0.106659 0.189012
0.084666 0.156321 0.137694 0.175919 0.124056 0.192184 0.115963 0.203819
0.087857 0.168909 0.149034 0.189792 0.134662 0.206942 0.125884 0.219390
0.091167 0.182089 0.161306 0.204365 0.145939 0.222562 0.136434 0.235713
0.094603 0.196222 0.174289 0.219632 0.157734 0.239102 0.147623 0.252772
0.098168 0.211067 0.187897 0.235541 0.170168 0.256181 0.159457 0.270542
0.101867 0.226396 0.202202 0.252297 0.183280 0.273840 0.171936 0.288994
0.105705 0.242608 0.217192 0.269875 0.196981 0.292136 0.185056 0.308090
0.109688 0.259272 0.232851 0.287890 0.211382 0.311031 0.198809 0.327788
0.113822 0.276754 0.249243 0.306165 0.226518 0.330479 0.213179 0.348038
0.118111 0.294557 0.266323 0.324913 0.242268 0.350428 0.228148 0.368785
0.122561 0.313135 0.283826 0.344017 0.258520 0.370821 0.243688 0.389969
0.127180 0.332058 0.301723 0.364186 0.275411 0.391809 0.259770 0.411526
0.131972 0.351799 0.320070 0.384580 0.292812 0.413471 0.276357 0.433387
0.136945 0.371280 0.339001 0.405792 0.310680 0.434677 0.293407 0.455481
0.142105 0.391577 0.358104 0.426918 0.328966 0.456167 0.310874 0.477736
0.147460 0.411756 0.377853 0.448479 0.347613 0.478449 0.328706 0.500078
0.153017 0.432086 0.397454 0.469297 0.366566 0.500567 0.346851 0.522433
0.158783 0.452507 0.416801 0.490692 0.385764 0.522351 0.365249 0.544728
0.164766 0.473008 0.436131 0.512061 0.405127 0.543554 0.383843 0.566893
0.170975 0.493627 0.456954 0.533122 0.424604 0.564710 0.402569 0.588859
0.177417 0.514166 0.476501 0.554370 0.444133 0.586830 0.421368 0.610560
0.184103 0.534330 0.496592 0.575263 0.462965 0.607828 0.440175 0.631936
0.191040 0.554450 0.516383 0.596037 0.481605 0.628468 0.458931 0.653061
0.198239 0.574017 0.535652 0.616915 0.500071 0.648704 0.477575 0.673764
0.205709 0.593147 0.554626 0.637075 0.518704 0.668971 0.496050 0.693992
0.213460 0.612757 0.573258 0.656798 0.537422 0.689355 0.514302 0.713702
0.221504 0.631280 0.591567 0.675494 0.556086 0.709232 0.532278 0.732860
0.229851 0.649706 0.609266 0.694068 0.574410 0.728562 0.549932 0.751433
0.238512 0.667028 0.626766 0.712407 0.591807 0.747315 0.567221 0.769398
0.247499 0.685105 0.642883 0.730257 0.607884 0.764641 0.584105 0.786734
0.256826 0.701405 0.659064 0.747756 0.623478 0.781890 0.600549 0.803426
0.266503 0.717603 0.674235 0.763928 0.639171 0.798753 0.616526 0.819466
0.276546 0.732736 0.688700 0.780455 0.654527 0.814678 0.632008 0.834847
0.286967 0.747125 0.702649 0.796419 0.669347 0.830119 0.646978 0.849569
0.297780 0.761079 0.716155 0.811319 0.683618 0.845420 0.661417 0.863634
0.309001 0.774988 0.729790 0.824764 0.697332 0.858940 0.675315 0.877012
0.320645 0.788101 0.741943 0.838536 0.710145 0.872387 0.688665 0.889524
0.332727 0.801320 0.754106 0.851470 0.722743 0.885193 0.701462 0.901413
0.345265 0.813402 0.765703 0.864145 0.734959 0.897369 0.713706 0.912693
0.358275 0.824483 0.776337 0.876226 0.746010 0.908929 0.725400 0.923382
0.371776 0.835553 0.786659 0.887364 0.756023 0.919740 0.736550 0.933497
0.385785 0.846275 0.796181 0.898026 0.766662 0.930088 0.747163 0.943057
0.400322 0.855950 0.805093 0.908072 0.776770 0.940109 0.757251 0.952121
0.415407 0.865522 0.813234 0.917562 0.785979 0.949432 0.766824 0.961308
0.431060 0.873975 0.821556 0.926813 0.794074 0.958097 0.775824 0.969974
0.447304 0.882052 0.829165 0.935352 0.801717 0.966250 0.784335 0.978139
0.464159 0.889868 0.836277 0.943779 0.808926 0.973642 0.792381 0.985747
0.481649 0.897345 0.842868 0.951146 0.815572 0.981228 0.799977 0.992588
0.499799 0.904295 0.848892 0.958408 0.821940 0.988278 0.807141 0.999194
0.518632 0.910821 0.854828 0.965272 0.828069 0.994999 0.813891 1.005868
0.538175 0.916977 0.860187 0.971777 0.833779 1.000815 0.820263 1.012134
0.558455 0.922594 0.865358 0.977978 0.839094 1.006823 0.826299 1.017823
0.579498 0.928154 0.869795 0.983869 0.844065 1.012657 0.831970 1.023082
0.601335 0.932794 0.874339 0.989048 0.848734 1.018088 0.837296 1.028007
0.623994 0.937066 0.878638 0.993913 0.853109 1.022830 0.842294 1.032616
0.647508 0.941369 0.882707 0.998736 0.856780 1.027025 0.846980 1.036928
0.671907 0.945375 0.886640 1.003117 0.860050 1.031101 0.851371 1.040960
0.697226 0.949358 0.890493 1.006933 0.863596 1.035159 0.855484 1.044728
0.723499 0.952875 0.893785 1.011116 0.867291 1.038697 0.859333 1.048248
0.750762 0.956116 0.897004 1.014771 0.870717 1.042323 0.862934 1.051534
0.779052 0.959236 0.899735 1.018017 0.873692 1.045753 0.866301 1.054602
0.808408 0.962149 0.902437 1.021129 0.876489 1.048664 0.869448 1.057465
0.838870 0.964768 0.905081 1.024033 0.878882 1.051380 0.872250 1.060231
0.870480 0.967295 0.907322 1.026669 0.881077 1.053811 0.874865 1.062903
0.903282 0.969692 0.909586 1.028962 0.882986 1.055963 0.877306 1.065394
0.937319 0.971757 0.911651 1.031071 0.884765 1.058148 0.879440 1.067716
0.972639 0.973788 0.913534 1.033333 0.886423 1.060526 0.881365 1.069880
1.009290 0.975913 0.915289 1.035459 0.887968 1.062437 0.882913 1.071897
1.047322 0.977731 0.916923 1.037440 0.889777 1.064217 0.884354 1.073776
1.086787 0.979394 0.918446 1.039163 0.891475 1.065991 0.885696 1.075526
1.127740 0.980942 0.919864 1.040711 0.892935 1.067705 0.886946 1.077155
1.170235 0.982384 0.921184 1.042152 0.894295 1.069301 0.888109 1.078672
1.214332 0.983726 0.922413 1.043493 0.895361 1.070787 0.889192 1.080085
1.260090 0.984975 0.923557 1.044742 0.896575 1.072170 0.890200 1.081399
1.307573 0.986137 0.924581 1.045907 0.897784 1.073457 0.891137 1.082622
1.356845 0.987219 0.925494 1.047118 0.898829 1.074702 0.892009 1.083760
1.407973 0.988248 0.926424 1.048245 0.899723 1.075768 0.892820 1.084819
1.461028 0.989164 0.927391 1.049293 0.900488 1.076738 0.893575 1.085803
1.516083 0.990032 0.928188 1.050268 0.901195 1.077718 0.894277 1.086719
1.573212 0.990842 0.928930 1.051175 0.901853 1.078666 0.894929 1.087571
1.632493 0.991595 0.929619 1.051890 0.902465 1.079499 0.895536 1.088363
1.694009 0.992295 0.930260 1.052549 0.903056 1.080275 0.896100 1.089100
1.757842 0.992947 0.930857 1.053251 0.903586 1.080996 0.896624 1.089785
1.824081 0.993497 0.931368 1.053947 0.904197 1.081652 0.897112 1.090421
1.892816 0.994011 0.931892 1.054595 0.904789 1.082289 0.897565 1.091013
1.964141 0.994570 0.932379 1.055196 0.905339 1.082868 0.897986 1.091563
2.038154 0.995124 0.932832 1.055713 0.905852 1.083364 0.898378 1.092074
2.114955 0.995576 0.933253 1.056175 0.906326 1.083805 0.898742 1.092550
2.194651 0.995996 0.933644 1.056605 0.906751 1.084214 0.899080 1.092991
2.277350 0.996386 0.934005 1.057004 0.907134 1.084595 0.899394 1.093402
2.363165 0.996749 0.934338 1.057375 0.907530 1.084948 0.899686 1.093783
2.452213 0.997086 0.934646 1.057720 0.907899 1.085277 0.899957 1.094138
2.544617 0.997393 0.934933 1.058075 0.908242 1.085582 0.900209 1.094467
2.640503 0.997664 0.935199 1.058408 0.908552 1.085865 0.900443 1.094773
2.740003 0.997915 0.935466 1.058717 0.908837 1.086129 0.900661 1.095057
2.843251 0.998149 0.935708 1.059005 0.909102 1.086405 0.900863 1.095321
2.950391 0.998366 0.935925 1.059272 0.909348 1.086688 0.901051 1.095567
3.061567 0.998567 0.936127 1.059520 0.909576 1.086951 0.901225 1.095795
3.176933 0.998755 0.936315 1.059751 0.909788 1.087163 0.901388 1.096007
3.296646 0.998936 0.936489 1.059965 0.909963 1.087335 0.901538 1.096203
3.420870 0.999131 0.936651 1.060164 0.910120 1.087494 0.901678 1.096386
3.549775 0.999312 0.936801 1.060349 0.910266 1.087642 0.901808 1.096556
3.683537 0.999480 0.936941 1.060521 0.910402 1.087780 0.901929 1.096714
3.822340 0.999636 0.937071 1.060680 0.910528 1.087907 0.902041 1.096860
3.966373 0.999781 0.937191 1.060824 0.910645 1.088026 0.902145 1.096997
4.115834 0.999916 0.937303 1.060929 0.910754 1.088136 0.902242 1.097123
4.270926 1.000041 0.937407 1.061027 0.910855 1.088239 0.902332 1.097240
4.431863 1.000157 0.937504 1.061118 0.910949 1.088334 0.902415 1.097349
4.598864 1.000265 0.937594 1.061202 0.911036 1.088422 0.902493 1.097451
4.772158 1.000355 0.937677 1.061281 0.911117 1.088504 0.902565 1.097545
4.951983 1.000429 0.937755 1.061353 0.911192 1.088580 0.902632 1.097632
5.138583 1.000504 0.937826 1.061421 0.911262 1.088651 0.902694 1.097714
5.332215 1.000587 0.937893 1.061484 0.911327 1.088717 0.902751 1.097789
5.533143 1.000664 0.937955 1.061542 0.911387 1.088778 0.902805 1.097859
5.741642 1.000736 0.938013 1.061596 0.911443 1.088834 0.902855 1.097924
5.957999 1.000802 0.938066 1.061647 0.911495 1.088887 0.902901 1.097985
6.182508 1.000859 0.938116 1.061693 0.911543 1.088936 0.902944 1.098041
6.415476 1.000907 0.938162 1.061737 0.911588 1.088981 0.902984 1.098093
6.657224 1.000952 0.938205 1.061777 0.911630 1.089023 0.903021 1.098141
6.908081 1.000994 0.938245 1.061815 0.911668 1.089063 0.903055 1.098186
7.168391 1.001032 0.938282 1.061849 0.911704 1.089099 0.903087 1.098228
7.438510 1.001068 0.938316 1.061882 0.911743 1.089133 0.903117 1.098267
7.718807 1.001101 0.938348 1.061912 0.911780 1.089164 0.903145 1.098303
8.009667 1.001132 0.938378 1.061939 0.911815 1.089193 0.903172 1.098336
8.311487 1.001161 0.938406 1.061965 0.911847 1.089220 0.903196 1.098367
8.624680 1.001188 0.938431 1.061989 0.911877 1.089246 0.903218 1.098396
8.949674 1.001213 0.938455 1.062012 0.911905 1.089269 0.903239 1.098423
9.286915 1.001236 0.938477 1.062032 0.911931 1.089291 0.903259 1.098448
9.636864 1.001257 0.938497 1.062052 0.911955 1.089311 0.903277 1.098471
10.000000 1.001277 0.938516 1.062070 0.911978 1.089329 0.903294 1.098492
