0.01 3.95933022143733 2.2028731173033598 5.156750494119801 1.0618302629623424 5.702764447138859 0.5271648084222909 6.153085544287102
0.012068 3.61832148951212 2.1133370809831105 4.5934752323579815 1.0385461613836864 5.0630193616807935 0.5200592567736074 5.42758491351707
0.014563 3.2599545216501356 1.980556519091959 4.086563103921698 0.9835436076301217 4.518243593868655 0.4968079578929555 4.845563047865592
0.017575 2.96434004781416 1.856676478778564 3.6488996078131426 0.9544960000036823 4.020520160996919 0.4807072901583295 4.304873044801416
0.02121 2.6960087183044132 1.7569053178104672 3.2570209614419587 0.9325164215918816 3.6218327050455965 0.4754115580366818 3.825415111105112
0.025595 2.427083674507508 1.6321010756495578 2.911684436158138 0.8976274842506341 3.2337337034939995 0.47371958859571384 3.4561287840763195
0.030888 2.180980156590441 1.5171740059991246 2.5970730320408273 0.8586342834651212 2.866205734335919 0.4748092674748624 3.069877797294789
0.037276 1.9673068823072062 1.4053077543793253 2.3154195910903392 0.828673430076075 2.5546049083869233 0.46598733354079414 2.7112169992148067
0.044984 1.7749788865229459 1.3016136234446123 2.06367656958702 0.7935568609694159 2.265874965007198 0.46006818449272513 2.419762145121663
0.054287 1.5924871751159424 1.1895849680490989 1.8454032693711544 0.7596594030454933 2.0150441896009808 0.4563781288549467 2.157402621992215
0.065513 1.4243968994454572 1.0933814594846571 1.6438337100491436 0.7270804076498526 1.7899073552509521 0.4506375795390605 1.9221727430793492
0.07906 1.2749426649470714 1.0042478482447443 1.4685805671751293 0.6782598070663954 1.5944640332617825 0.4310576112489007 1.7055212465252971
0.09541 1.1414807747681852 0.9235217874926356 1.3135116298170961 0.6501717503522895 1.4323551219964978 0.42895212998115395 1.5118714708813408
0.11514 1.029844246763475 0.8404106846660692 1.1757514264482125 0.6106278352944841 1.2820878193384673 0.42650479666717833 1.34224860155376
0.13895 0.9243531256668286 0.7646220284750677 1.0527565543119084 0.5781148225365262 1.1439130647916393 0.4137747592721623 1.19457620391225
0.167683 0.8320313799789981 0.6974348909457605 0.9444324043856159 0.5344735573456375 1.0238836242425726 0.3784920833586127 1.0656843139615597
0.202359 0.7484458294090921 0.6314895013177186 0.8448585854397961 0.4961420741171015 0.9175426802341942 0.35244470255668653 0.951884438009858
0.244205 0.6732662268233142 0.5707444162554439 0.7567832703258934 0.4503543937070514 0.8175673695988273 0.32671212542092687 0.8505183235006014
0.294705 0.6038890278260894 0.5157930966662966 0.6781557557828023 0.40502736509181314 0.7306826436370484 0.30285934870029707 0.7598581425198305
0.355648 0.5437250374829363 0.46782798048412816 0.6100676699777051 0.3732882846051055 0.6527095394752583 0.280602385455064 0.678494036294454
0.429193 0.4913560388862284 0.42400886983462244 0.547193017498305 0.3358542210173751 0.5821150171143495 0.26155000992460364 0.6103950504642449
0.517947 0.4439942175408447 0.3848377635582541 0.49032241761533946 0.30511959086645624 0.5207098093385375 0.2418897638617386 0.5468638361943144
0.625055 0.4003535412444588 0.3488083849062342 0.4412197384907591 0.2762956525971822 0.46905761460305473 0.22154705730622548 0.4971679386255379
0.754312 0.36199574833647835 0.31542287918626283 0.39834916978711843 0.250718746324357 0.43451851897447147 0.2067199867516359 0.4640205347854152
0.910298 0.3267886649759607 0.2838312443879371 0.36402448886727645 0.22655286971004876 0.4249992449722783 0.18694573383950838 0.4646729856495234
1.098541 0.29362483697623043 0.25656813983341353 0.3369222046582669 0.20868133385378465 0.42700984259172226 0.1719864996245143 0.4880231318761448
1.325711 0.2642882782433053 0.2329340561446799 0.3184387061708701 0.18909658864545406 0.37029524358468285 0.15814401407874984 0.4051584912601997
1.599859 0.2379240155600484 0.21048798813967973 0.27836693451574585 0.1714328795321515 0.32353121548570885 0.14512220310908858 0.35304261121439867
1.930698 0.21202245242317305 0.18891862961744646 0.24337344547982445 0.15490001216746616 0.2785157120734112 0.13274581564990365 0.314331479410963
2.329952 0.1867293158871307 0.16853659824352435 0.2114575953729252 0.14112617810019842 0.24663532943096136 0.12087511750080071 0.2664244444621249
2.811769 0.16351116185024112 0.14828414072972432 0.18282842914200884 0.127736173879835 0.2137211303005877 0.1092569515071258 0.23886876624053957
3.393222 0.14321059719271084 0.12813607360637239 0.15947284436506953 0.11168720948622353 0.18965975572411195 0.09869365189983481 0.20933432851958528
4.094915 0.1251123010477697 0.11069567207885393 0.13976044139447422 0.09327686833802923 0.1605467243820305 0.08336139895369642 0.17938462452239967
4.941713 0.1096602992540674 0.09441480105238216 0.12307780022787791 0.07731326810111556 0.14024696675122053 0.0672427039422916 0.15537907196752573
5.963623 0.0959700546634552 0.07968396254615974 0.1081410152725007 0.0627851961654642 0.12368429079554227 0.05430190097799004 0.138121484500911
7.196857 0.08366743606180577 0.0666156457518134 0.09615680576955396 0.05103470846768764 0.10830924158233171 0.04387448040734499 0.11865131698152481
