0.010000 11227403138.690805 4590245369.998766 17650089764.424637 2133903794.711343 23165313317.107014 1180585809.877660 28358533440.859306
0.012068 9793689584.564676 4361539058.572947 14965225281.524693 2051582475.096828 19577722364.558022 1145763044.503523 23849938585.379898
0.014563 8558885580.520453 4067359265.944943 12676014197.497128 1974130615.614826 16432351244.986645 1111602138.976918 19850926536.517838
0.017575 7362853603.527995 3791992092.063494 10761131815.310333 1902659058.781693 13644375155.169365 1084021702.433458 16667045769.970789
0.021210 6451189379.091613 3448573209.304099 9154823681.172983 1812074322.472720 11434341268.811375 1056712457.697983 13830005575.062681
0.025595 5594363506.154457 3211161498.880008 7733019968.594996 1741057389.079506 9491350258.722481 1029085359.078776 11548333987.665737
0.030888 4767707873.936072 2931635472.162100 6504885553.642411 1653782002.557416 8108314701.781530 1000978549.160524 9454513175.687805
0.037276 4071781364.655896 2675769163.707187 5440915734.348282 1547570233.831396 6647347050.090531 972200303.511142 7717808129.240146
0.044984 3462061989.332247 2414950179.408284 4519955955.119417 1456380362.039010 5548994310.808486 942522964.324888 6284527106.629893
0.054287 2918395369.074302 2133021459.409219 3754027955.149415 1380359595.435627 4576962427.180419 911675889.025101 5151376736.012619
0.065513 2446253167.212749 1895562274.572958 3076721909.126501 1288280589.534173 3743645535.117621 870480465.519781 4281660134.674518
0.079060 2048511393.569656 1637634367.505095 2550695632.268842 1184941446.743178 3097478706.157875 819135441.195541 3583759663.344480
0.095410 1701931701.472079 1391221017.151507 2089126511.248454 1059245693.936301 2531580600.537503 766382549.029133 2918571552.494216
0.115140 1408948073.567559 1163463196.725293 1710311178.415795 895822002.759701 2047066661.198199 706391242.962735 2377251069.508099
0.138950 1156193835.695168 960356350.601615 1394461820.534807 781118381.223264 1652601500.542744 650091745.735795 1877188981.603940
0.167683 941317063.343666 784614779.753027 1140926725.278482 652899033.108183 1350577965.419208 559153948.358098 1512492740.506451
0.202359 754717992.779751 634092865.426444 929706233.505479 535730176.035689 1107720130.815215 446666980.123657 1270617378.482502
0.244205 604878549.557629 505487311.224946 744329777.810637 423552565.562833 898483870.719924 355181900.345171 1066754783.484150
0.294705 476845863.520977 391886730.459862 594370710.902060 327541372.985839 728338853.371949 274901818.871276 960856026.715348
0.355648 371763508.565669 300735616.472639 471237815.164812 248461606.601906 598013053.669995 215840248.193514 859074156.281169
0.429193 285620075.518097 227343184.906665 369498460.374844 183033190.023830 482457151.923312 158115006.677229 745408135.226505
0.517947 216313260.849448 169011547.531884 287056437.118269 133229893.329641 387634696.521629 113585669.522427 623844447.327523
0.625055 161809418.698936 123242140.032539 221513632.399082 93701073.497091 308246128.490928 78339034.270457 500935826.955806
0.754312 120323215.464398 87446186.525675 168407792.079133 64905702.956969 239990714.948137 53085542.289956 384857609.910184
0.910298 88234029.431913 60960198.066234 127840104.019828 44353216.926952 181093537.480920 35352303.180250 283288029.796653
1.098541 62792141.096573 41417929.676521 94207247.039927 29821987.782500 132970773.089071 23148849.629355 210714684.424479
1.325711 42818375.810708 26798652.948211 66910053.064215 18842078.903532 99842552.489489 14435351.296529 163441187.839899
1.599859 27433372.485935 16280527.737256 47259965.653194 10832896.052356 72564907.594977 6893319.670597 124529791.922131
1.930698 17091984.796333 9213289.692839 32307450.993411 4839175.347562 51946978.058675 2994360.095921 93635253.513751
2.329952 10519754.741673 5131584.941747 21369497.712732 2145854.610840 35905482.422295 1218184.795288 65751376.048252
2.811769 6238560.757037 2620549.778878 13563164.386962 893332.658641 24556688.061996 495589.758056 45698600.213744
3.393222 3691099.629371 1267160.599150 8539366.625698 394751.097469 16552592.464558 201619.006607 30906310.877347
4.094915 2066960.417750 589090.422785 5133637.526126 167602.793925 10812628.004512 82147.647702 20554047.675730
4.941713 1155333.207153 266047.961798 3072935.693228 69524.287622 6447346.127610 33871.035539 13442952.905860
5.963623 603868.593265 112979.856672 1775262.717569 29269.786257 4277746.053693 13965.671331 9210255.073562
7.196857 313870.149002 51315.682004 1004265.105366 12496.461878 2546961.771494 5527.791094 5485925.435430
8.685114 155685.344002 23137.388982 558878.624309 5172.271203 1427633.052210 2246.866198 3430305.805812
10.481131 76085.268547 10505.251323 302578.259493 2153.373898 839152.494819 914.084529 2117982.795600
12.648552 35747.211443 4517.507222 164472.239561 894.531776 438235.981721 371.873736 1292917.584673
15.264180 16960.052978 2035.660617 82670.364262 356.602406 232997.478935 148.962603 655509.554438
18.420700 8065.449217 883.084485 42598.301801 150.831732 120171.850449 58.598350 397601.220776
22.229965 3761.226959 389.883670 20333.723476 64.250577 55072.052638 23.051199 212345.027878
26.826958 1783.790644 177.060236 9905.872646 26.756219 30018.302712 9.067794 108478.553463
32.374575 809.742081 78.430630 5002.030513 11.227121 16312.124951 3.567055 55417.339785
39.069399 383.779015 35.577811 2420.313893 4.563223 8383.109837 1.403195 28310.495031
47.148664 182.696415 15.742471 1189.644629 1.885354 4252.490538 0.551983 14876.737335
56.898660 84.604739 6.891044 585.049620 0.780418 2301.838929 0.217137 8375.146305
68.664885 38.071439 2.971917 302.661744 0.316204 1246.605436 0.085417 4722.438495
82.864277 17.640058 1.262910 156.961444 0.131484 681.781245 0.033601 2662.810239
100.000000 8.145894 0.539816 82.041486 0.053543 377.704162 0.013218 1501.461243
