0.010000 0.000199 0.000101 0.000446 0.000054 0.000827 0.000039 0.000955
0.012068 0.000218 0.000114 0.000487 0.000067 0.000841 0.000050 0.000956
0.014563 0.000233 0.000124 0.000519 0.000079 0.000862 0.000060 0.000956
0.017575 0.000250 0.000130 0.000543 0.000089 0.000879 0.000070 0.000967
0.021210 0.000259 0.000135 0.000570 0.000095 0.000890 0.000078 0.000973
0.025595 0.000267 0.000141 0.000590 0.000100 0.000903 0.000085 0.000974
0.030888 0.000272 0.000145 0.000597 0.000103 0.000919 0.000090 0.000978
0.037276 0.000277 0.000148 0.000599 0.000104 0.000924 0.000093 0.000983
0.044984 0.000280 0.000149 0.000607 0.000106 0.000931 0.000096 0.000987
0.054287 0.000282 0.000150 0.000609 0.000107 0.000932 0.000098 0.000989
0.065513 0.000282 0.000151 0.000614 0.000107 0.000935 0.000099 0.000991
0.079060 0.000282 0.000151 0.000615 0.000107 0.000935 0.000100 0.000992
0.095410 0.000282 0.000152 0.000618 0.000107 0.000935 0.000100 0.000992
0.115140 0.000283 0.000153 0.000618 0.000107 0.000936 0.000100 0.000992
0.138950 0.000283 0.000153 0.000618 0.000108 0.000937 0.000100 0.000993
0.167683 0.000283 0.000153 0.000618 0.000108 0.000939 0.000100 0.000993
0.202359 0.000284 0.000153 0.000618 0.000108 0.000940 0.000100 0.000994
0.244205 0.000284 0.000153 0.000618 0.000108 0.000940 0.000100 0.000994
0.294705 0.000284 0.000153 0.000618 0.000108 0.000941 0.000100 0.000994
0.355648 0.000284 0.000153 0.000618 0.000108 0.000941 0.000100 0.000994
0.429193 0.000284 0.000153 0.000618 0.000108 0.000941 0.000100 0.000995
0.517947 0.000284 0.000153 0.000619 0.000108 0.000941 0.000100 0.000995
0.625055 0.000284 0.000153 0.000619 0.000108 0.000941 0.000100 0.000995
0.754312 0.000284 0.000153 0.000619 0.000108 0.000941 0.000100 0.000995
0.910298 0.000284 0.000153 0.000619 0.000108 0.000941 0.000100 0.000995
1.098541 0.000284 0.000153 0.000619 0.000108 0.000941 0.000100 0.000995
1.325711 0.000284 0.000153 0.000619 0.000108 0.000941 0.000100 0.000995
1.599859 0.000284 0.000153 0.000619 0.000108 0.000941 0.000100 0.000995
1.930698 0.000284 0.000153 0.000619 0.000108 0.000941 0.000100 0.000995
2.329952 0.000284 0.000153 0.000619 0.000108 0.000941 0.000100 0.000995
2.811769 0.000284 0.000153 0.000619 0.000108 0.000941 0.000100 0.000995
3.393222 0.000284 0.000153 0.000619 0.000108 0.000941 0.000100 0.000995
4.094915 0.000284 0.000153 0.000619 0.000108 0.000941 0.000100 0.000995
4.941713 0.000284 0.000153 0.000619 0.000108 0.000941 0.000100 0.000995
5.963623 0.000284 0.000153 0.000619 0.000108 0.000941 0.000100 0.000995
7.196857 0.000284 0.000153 0.000619 0.000108 0.000941 0.000100 0.000995
8.685114 0.000284 0.000153 0.000619 0.000108 0.000941 0.000100 0.000995
10.481131 0.000284 0.000153 0.000619 0.000108 0.000941 0.000100 0.000995
12.648552 0.000284 0.000153 0.000619 0.000108 0.000941 0.000100 0.000995
15.264180 0.000284 0.000153 0.000619 0.000108 0.000941 0.000100 0.000995
18.420700 0.000284 0.000153 0.000619 0.000108 0.000941 0.000100 0.000995
22.229965 0.000284 0.000153 0.000619 0.000108 0.000941 0.000100 0.000995
26.826958 0.000284 0.000153 0.000619 0.000108 0.000941 0.000100 0.000995
32.374575 0.000284 0.000153 0.000619 0.000108 0.000941 0.000100 0.000995
39.069399 0.000284 0.000153 0.000619 0.000108 0.000941 0.000100 0.000995
47.148664 0.000284 0.000153 0.000619 0.000108 0.000941 0.000100 0.000995
56.898660 0.000284 0.000153 0.000619 0.000108 0.000941 0.000100 0.000995
68.664885 0.000284 0.000153 0.000619 0.000108 0.000941 0.000100 0.000995
82.864277 0.000284 0.000153 0.000619 0.000108 0.000941 0.000100 0.000995
100.000000 0.000284 0.000153 0.000619 0.000108 0.000941 0.000100 0.000995
