0.001000 394823.347667 87058.364996 1501719.922223 26392.563374 2626841.310617 13183.617239 3984848.073702
0.001038 388266.722266 86649.762547 1455779.593042 26380.386538 2537142.667658 13150.080021 3844637.949682
0.001077 381817.905733 86242.908245 1405771.835585 26368.199226 2447331.670795 13116.612192 3709354.095951
0.001117 375475.078858 85350.508955 1361716.584302 26355.072139 2360697.360282 13083.213316 3578823.490923
0.001159 368709.293701 84732.204508 1316452.385924 26214.518739 2277359.307754 13049.882957 3452879.192307
0.001203 362393.678805 83901.022468 1273291.812174 26074.702968 2197856.302882 13016.620684 3331360.124858
0.001248 356603.728264 82872.374210 1234456.121626 25935.621180 2121125.918024 12983.426093 3214110.871325
0.001296 349839.693185 81856.293778 1196804.877512 25797.269789 2047071.508416 12950.298792 3100981.479286
0.001344 345289.051740 81524.519560 1159671.513823 25659.645182 1975599.801531 12917.238398 2991827.263654
0.001395 339545.496218 80418.303197 1124912.454634 25522.743932 1906620.777196 12884.244551 2886508.624224
0.001448 333231.947510 79413.399734 1086460.407124 25386.562628 1840047.556425 12851.316913 2784890.867202
0.001502 328661.137916 78677.310122 1050375.784858 25251.097938 1775796.290660 12818.455177 2686844.032087
0.001559 323248.653130 77884.024158 1018706.007340 25116.346672 1713786.054888 12756.266564 2592242.726320
0.001617 317103.929496 76834.655341 987987.587834 24982.305652 1654899.710558 12685.052466 2500965.964262
0.001678 312206.093298 76617.949738 958191.882764 24848.971878 1599253.774639 12614.235425 2412897.012637
0.001742 308602.481906 75449.456946 928968.308654 24716.342386 1545475.554261 12543.813825 2327923.241165
0.001807 301884.515894 74270.397917 904056.111612 24584.414382 1493502.416305 12473.786081 2245935.978749
0.001875 296849.312233 73797.154057 874067.367716 24453.185142 1443273.830757 12404.150687 2166830.374287
0.001946 291895.886893 73487.028488 847692.905801 24322.652118 1394260.628870 12334.906214 2090505.262570
0.002019 286073.059142 73177.821837 822590.695603 24192.812852 1343627.889959 12266.051331 2016863.034940
0.002095 282228.656504 72764.240740 797295.807801 24063.665074 1294834.526945 12197.584751 1945809.514340
0.002174 277418.853438 72562.072120 775199.767717 23935.206640 1247813.813131 12129.505315 1877253.835149
0.002256 271064.039350 71974.639950 750888.300644 23807.435574 1205201.965605 12061.811945 1811108.326533
0.002341 266354.987859 71524.193765 728783.393675 23680.350093 1164185.219349 11994.503666 1747288.400665
0.002430 260103.127947 70229.229339 705265.578257 23564.602619 1123452.160920 11927.579612 1685712.444410
0.002521 254330.898496 69372.244857 683957.730479 23532.835332 1085461.114707 11861.039034 1626301.714910
0.002616 249905.751061 68525.576802 662484.961343 23501.121249 1051739.298900 11794.881316 1568980.238887
0.002715 245991.455102 67689.104497 641086.410129 23469.462773 1016528.911430 11729.105963 1513674.715593
0.002817 240774.019728 67067.759961 622670.822450 23437.862540 982497.112987 11663.712636 1460314.422845
0.002923 237041.039495 66486.127136 603221.707511 23406.323441 953908.356035 11598.701135 1408831.126745
0.003033 232369.414759 65974.225247 584380.231723 23368.023689 921571.960946 11534.071439 1359158.994278
0.003148 229663.257114 65402.032435 566127.498260 23204.886714 888440.385963 11469.823685 1311234.509321
0.003266 225687.499624 65168.119869 548239.661153 23042.843938 857388.792317 11405.958214 1264996.391096
0.003389 222539.614372 64285.018307 530451.864143 22881.890676 828685.751637 11342.475548 1220385.516085
0.003517 220137.136239 63934.147396 514234.340377 22722.022607 800944.251693 11279.376439 1177344.842229
0.003650 215980.966274 63084.960484 496133.833193 22563.235804 774132.241924 11216.661863 1137483.658326
0.003787 211836.682863 62023.694457 481052.924042 22405.526760 748589.639016 11154.333039 1101023.589295
0.003930 207995.046413 61244.729954 467221.826035 22248.892418 723173.831509 11092.391449 1063648.351146
0.004078 204699.958034 60055.380854 452501.189432 22217.103025 698968.563939 11030.838856 1025293.117823
0.004232 199916.603623 59045.702685 438477.122904 22185.642401 675574.984839 10969.677327 988321.033455
0.004391 196842.021345 58096.403826 425507.277698 22154.165038 652966.073617 10908.909250 952682.505996
0.004557 192969.363375 57579.106718 412224.204434 22122.675134 631115.717577 10848.537357 918329.732150
0.004728 190266.688447 57375.668589 399675.952592 22087.801969 609998.681734 10788.564750 885216.633484
0.004906 186006.041668 56948.189678 387624.420637 21977.419088 589590.579661 10728.994928 853298.794350
0.005091 181840.591460 56128.337961 376554.332721 21867.661625 569867.845277 10669.831815 822533.402472
0.005283 178671.752794 55726.497471 364183.498143 21758.537792 550807.705736 10611.079789 793093.487857
0.005482 174914.382087 55287.434266 353614.968602 21630.034037 532388.155029 10552.743714 765111.317967
0.005689 172228.526014 54562.870655 342568.451338 21404.070508 514587.928560 10494.828978 738117.276714
0.005903 168164.522683 53742.068380 332481.904964 21180.732590 497386.478716 10437.341528 712076.857780
0.006126 165008.140482 52934.229765 322695.380594 20960.008889 482434.813154 10380.287908 686956.774787
0.006356 161348.257825 51945.411475 313200.161864 20774.455883 466189.025112 10323.675307 662724.918735
0.006596 159259.289702 50948.111857 304675.048842 20767.580815 453126.898872 10267.511603 639350.316915
0.006844 156215.020097 50586.905572 295050.083155 20487.047495 437827.087665 10211.805407 616803.093320
0.007102 152229.872794 49829.354723 285440.221252 20190.145609 423049.960302 10156.566125 595054.430412
0.007370 148227.342138 49307.028113 276602.137610 20085.352246 408778.004030 10101.804008 574076.532266
0.007648 144212.420487 48597.756050 267912.119533 19981.425715 394994.306869 10047.530215 553842.589022
0.007936 141886.841077 48316.380856 259226.957917 19878.387649 381906.311843 9993.756878 534326.742583
0.008235 139446.486133 47480.222094 251902.793683 19776.261559 370345.972724 9940.497174 515504.053561
0.008545 136760.049192 46978.445468 244643.956539 19675.072970 359048.797480 9887.765396 497350.469358
0.008867 133571.236607 46645.851626 237981.900962 19574.849565 347161.530196 9835.577036 479842.793413
0.009201 131117.827766 46210.493924 231702.043249 19475.621339 337703.837778 9783.948872 462958.655530
0.009548 127795.721861 45534.905071 225197.795194 19377.420770 327469.481815 9732.899058 446676.483272
0.009908 124937.846708 44770.078622 218721.339905 19353.654113 316714.845073 9682.447227 430975.474369
0.010281 121270.812284 44651.938675 212280.358213 19346.588002 305421.132569 9632.614593 415835.570112
0.010669 118274.416426 44274.249601 206555.240218 19340.079590 294531.830978 9583.424072 401237.429711
0.011071 115332.320135 43805.957203 201395.836019 19334.179433 284663.298362 9534.900397 387162.405559
0.011488 113181.721412 43231.165847 194833.422424 19328.942221 274648.750329 9487.070258 373592.519396
0.011921 110984.415402 42879.741447 188993.827496 19253.629504 265735.371120 9439.962437 360510.439326
0.012370 108709.425382 42257.848028 183744.109377 19141.833651 260304.161200 9393.607965 349785.598581
0.012836 106101.862972 41648.660741 178446.519607 19041.036819 251865.327329 9348.040284 339308.578473
0.013320 103926.811184 41305.779304 172759.418321 18923.396097 242892.401149 9303.295421 329059.406670
0.013822 101405.058955 40814.838094 168070.667695 18816.884629 235805.758637 9259.412183 319037.445966
0.014343 98769.229599 40224.838429 163330.472432 18744.947509 229113.349410 9216.432353 309242.296219
0.014883 97139.670261 39756.869207 158454.850465 18704.884082 223089.419631 9174.400914 299673.755939
0.015444 94491.943162 38972.372517 153620.037221 18666.118670 215488.883474 9133.366282 290331.781022
0.016026 91911.653232 38531.211898 149279.215318 18628.738931 209842.084356 9093.380563 281216.441294
0.016630 89485.952805 38284.356670 145298.003265 18568.630457 203751.031827 9054.499822 272327.875594
0.017256 87024.006311 37959.680055 141006.286214 18414.240401 196974.487229 9016.784379 263666.246238
0.017907 84930.193715 37559.784341 137031.725563 18262.819340 191512.080448 8980.299128 255231.693727
0.018581 83040.209014 36851.480485 133319.984213 18114.464179 186175.893968 8945.113875 247024.292637
0.019281 81595.636848 36447.732919 129637.521904 17969.279637 181255.672326 8911.303713 239044.009575
0.020008 79686.147750 35955.353579 125948.325527 17871.424154 175138.243777 8878.949417 231290.664084
0.020762 77786.462726 35643.197962 122104.794225 17791.279726 169822.320023 8848.137876 223763.893311
0.021544 75796.753760 35220.193527 118587.064060 17714.311788 164667.580073 8818.962559 216463.121141
0.022356 73890.869391 34877.346490 115434.411711 17640.694661 159595.902278 8791.524017 209387.532411
0.023199 72038.767904 34432.591786 112219.098608 17570.615600 154685.438868 8765.930432 202536.052636
0.024073 70618.482417 34168.534127 109046.522105 17504.275744 149910.203230 8742.298205 195907.333587
0.024980 69264.211216 33462.618751 106173.645438 17441.891128 145956.088528 8720.752599 189499.744842
0.025921 67215.080999 33291.687190 103541.066044 17383.693790 142302.837275 8701.428431 183311.371322
0.026898 65587.085345 33008.766610 100416.595038 17329.932945 138561.340546 8687.155363 177340.016634
0.027911 64151.160013 32628.012805 97830.480229 17273.609183 134457.718248 8682.133834 171583.211926
0.028963 62629.143197 32302.411202 95233.287141 17238.294676 130493.962932 8679.658787 166038.229820
0.030055 61691.973991 32189.766123 92551.285470 17198.046757 126667.232798 8679.915028 160702.102894
0.031187 60292.944279 31884.845338 89791.461008 17164.914490 122974.841292 8683.101711 155571.646091
0.032362 58820.866973 31621.964301 87345.477958 17137.770854 119414.252200 8689.433510 150643.482382
0.033582 57246.715768 31293.850372 84998.753950 17084.974163 115983.074546 8699.141886 145914.070981
0.034847 56037.240292 31068.369772 82890.995193 16945.622163 112381.139806 8712.476472 141379.737397
0.036160 54922.912404 30821.259254 80518.260218 16815.482824 108869.481464 8729.706582 137036.704622
0.037523 54035.369247 30500.251020 78444.849799 16761.074697 106233.614492 8751.122858 132881.124795
0.038937 52856.638034 30284.445523 76661.080489 16834.374112 103223.468528 8777.039073 128909.110734
0.040404 51869.098978 29973.922960 74904.606049 16922.326081 100353.093878 8807.794095 125116.766800
0.041927 50808.381948 29791.124659 73022.098865 17018.065927 97917.494918 8843.754045 121500.218624
0.043507 49842.646963 29476.667365 71310.383493 16967.994076 95415.569265 8885.314651 118055.641339
0.045146 48960.772513 29436.299397 69850.920370 16929.669981 93230.681998 8932.903833 114779.286021
0.046847 47998.807947 29276.580746 68558.556850 16903.722171 91060.924549 8986.984532 111667.504160
0.048612 47085.643550 28992.437125 66910.258715 16899.803073 88987.280695 9048.057821 108716.770045
0.050444 46190.943130 28630.541569 65401.799288 16777.834426 87053.701300 9116.666310 105923.701057
0.052345 45366.301423 28672.900758 63913.654318 16684.752931 85363.008847 9193.397893 103285.075896
0.054317 44743.717570 28512.723356 62531.821894 16864.450205 83609.807741 9278.889855 100797.850878
0.056364 44013.422912 28505.764149 61613.158284 16985.463601 81903.717002 9373.833398 98798.478591
0.058488 43417.129924 28382.935885 60447.105335 17069.952234 80387.602851 9478.978603 96920.476113
0.060692 42816.568251 28249.609066 59496.841708 17152.603509 79386.067498 9595.139891 95143.746523
0.062979 42368.545076 28269.446356 58561.786802 17310.251864 78039.646331 9723.202030 93472.049400
0.065352 41874.747653 28204.361681 57639.743295 17457.722819 76850.885738 9864.126731 91908.860640
0.067815 41523.384182 28161.657206 56760.846847 17625.054879 75431.489029 10018.959906 90457.398928
0.070370 41400.083549 28153.161993 56023.550079 17794.568548 74628.202822 10188.839648 89120.657489
0.073022 41086.028158 28180.355044 55507.676503 17997.347325 73623.743335 10375.004988 87901.440312
0.075774 40644.301598 28343.393666 55262.818879 18260.207706 72715.127136 10578.805525 86802.402011
0.078629 40370.195338 28423.449148 54743.687229 18521.496039 71904.104419 10801.711992 85826.090531
0.081592 40326.742542 28709.421361 54330.496168 18810.448836 71331.720772 11045.327850 84974.991906
0.084666 40323.167330 29010.215274 53987.715698 19083.805316 70900.940805 11311.401999 84251.576377
0.087857 40318.462052 29300.847283 53799.625013 19348.415575 70559.944340 11548.571153 83658.345213
0.091167 40401.890511 29424.233188 53647.902796 19598.733109 70313.404604 11726.875427 83197.877696
0.094603 40376.164527 29601.254803 53754.499864 19823.323764 70165.982061 11991.842389 82872.877790
0.098168 40369.042106 29907.351780 53664.446946 20162.962592 70122.352798 12361.993532 82790.567530
0.101867 40683.753975 30315.482718 53830.419522 20626.376248 70187.240314 12766.398256 82857.385310
0.105705 40982.389627 30577.759736 54156.737625 21088.039052 70365.450178 13208.124606 83213.199141
0.109688 41466.357730 30991.405045 54570.120185 21497.634446 70661.907069 13690.540102 83945.312663
0.113822 41834.996375 31375.416878 55076.207189 22281.108969 71081.693720 14217.342182 84799.498422
0.118111 42508.149211 31913.701376 55483.833506 22976.537960 71630.091337 14792.591690 85782.251926
0.122561 43211.460368 32458.418619 56277.747594 23440.360033 72481.706705 15420.749662 86900.485846
0.127180 44028.616184 33255.029032 56891.723439 23959.870855 73460.769283 16106.717724 88161.554308
0.131972 44839.263372 34002.659277 57765.714818 24651.371282 74560.081345 16831.245542 89234.671352
0.136945 45846.111835 34879.857075 58835.853040 25497.863403 75480.628563 17534.400748 90369.302483
0.142105 46812.826431 35718.328168 59860.397017 26191.180826 76956.471306 18300.742213 91687.071476
0.147460 48000.269915 36627.954707 61072.959371 27170.518012 78344.636896 19135.639160 93194.358833
0.153017 49243.099244 37667.335301 62470.775198 28018.928108 80030.319327 20044.931057 94898.105051
0.158783 50357.791037 38751.463763 63891.672353 28924.433936 82136.510425 21023.033187 97111.743425
0.164766 51674.392518 40071.613398 65742.284345 30125.709215 84128.302765 21911.919082 100262.828856
0.170975 53446.544782 41446.791735 67673.847485 31351.629872 86314.434694 22881.021420 103700.911308
0.177417 55157.542681 42699.172241 69721.880778 33064.018447 88665.161403 23936.729302 107404.678055
0.184103 56980.985755 44092.460767 71774.380114 34130.944339 91315.593009 25085.984207 110614.798469
0.191040 59071.765095 45769.789722 74379.977809 35997.529563 94668.773746 26336.324782 114085.539034
0.198239 61104.813884 47501.363802 77064.880651 37675.384612 98071.520275 27695.934912 117831.702029
0.205709 63596.965510 49426.496593 80117.662281 39239.086748 101720.132492 29173.695288 121868.894216
0.213460 66281.200431 51582.515280 83256.742725 41068.930963 105178.433547 30779.238669 126213.552991
0.221504 68855.220182 53787.451287 86787.476542 43262.334858 108904.380823 32523.009089 130882.971579
0.229851 71664.538064 56250.393991 90505.439772 45356.506184 113978.201761 34416.325229 135895.323163
0.238512 74842.034291 58996.575547 94824.754638 47426.859895 118667.363035 36471.448194 141269.683901
0.247499 78317.084868 61868.327134 99233.477649 49661.828144 123944.306371 38371.115914 147026.054758
0.256826 82033.784252 64878.674231 103830.165476 51889.542958 128832.902990 40145.925708 153361.549469
0.266503 85715.915632 67878.610894 108806.488905 54714.079809 134272.556515 42052.573711 160589.147337
0.276546 90009.290753 71388.712657 114242.862381 58200.765034 140066.869440 44099.110029 168635.645172
0.286967 94491.324125 75067.415504 120264.683841 61426.819221 146218.595200 46294.070132 177730.157774
0.297780 99339.570588 79186.273802 126729.331460 64555.068250 154497.766162 48646.494973 187504.600526
0.309001 104804.267665 82975.035044 133457.395425 68038.234076 164446.058504 51165.951417 198004.082203
0.320645 110232.584327 87313.544391 140848.056360 71487.318195 175551.294501 53862.552946 210372.425608
0.332727 115949.748379 91795.559371 148160.349549 75168.214538 187026.570724 56746.980576 225757.221475
0.345265 122118.902460 96750.293959 155877.457510 79299.270352 199426.951127 59830.503944 242376.775507
0.358275 128795.008661 101755.178420 164622.096690 83277.701190 210411.997272 63125.002481 260318.365844
0.371776 135659.299910 106985.036468 173578.387538 87730.164076 221884.896224 66642.986624 279673.618497
0.385785 142571.745017 112661.999322 183361.095131 92436.483979 233602.059384 70397.618964 300538.470040
0.400322 150825.626724 118787.646333 193490.560595 96827.447001 246008.324608 74402.735267 323013.093992
0.415407 158999.891832 125380.682975 204943.746888 101700.868931 259314.352198 78672.865245 344718.051384
0.431060 167678.592997 132515.037424 216395.302604 107135.126966 274292.465228 83223.253001 365884.603943
0.447304 177597.893554 139734.351448 229029.678593 112728.851533 291325.337452 88069.876993 388445.233958
0.464159 187915.971331 147123.593746 242716.400814 118489.415898 308730.539703 93229.469428 412476.134648
0.481649 198559.776228 155333.063979 257090.185848 124286.468900 327546.512493 98719.534906 438056.131327
0.499799 209513.512597 164597.999496 272104.386829 130343.661093 347900.828448 104558.368187 465266.601102
0.518632 221032.023421 174168.886446 287742.021400 137861.605588 371547.205094 110765.070896 499112.918609
0.538175 234474.393641 184324.159982 305026.829996 145538.665893 399284.928097 117359.566986 539382.650440
0.558455 247922.397926 194508.701110 322651.970309 152758.374219 423463.757541 123005.945203 582510.109458
0.579498 261604.479016 204865.125813 342396.255104 159584.771268 448406.453592 128439.267233 628627.983283
0.601335 277079.233023 216334.282242 362659.023695 166933.453617 473613.163880 136881.411615 677867.108592
0.623994 293677.297265 228304.884805 384537.346433 176234.640455 502904.435578 145892.771961 730355.692151
0.647508 310422.900149 241139.760091 407468.619462 186701.906466 536865.828425 155510.132632 786218.575565
0.671907 327780.465856 254392.732605 431119.714975 195790.671370 571589.055513 165772.369942 845576.568249
0.697226 347045.786357 267611.693675 456789.720955 205281.220369 608977.294325 176231.199706 908545.873326
0.723499 366335.466583 282472.996613 485120.826362 215184.038443 648498.599823 186747.746172 975237.630120
0.750762 386541.106257 297240.455259 513388.771817 225509.458572 690228.467847 197870.069754 1045757.594831
0.779052 408132.006788 312826.980042 542807.590928 236267.634159 744416.077103 207728.851948 1120205.977582
0.808408 431906.644872 329160.017678 573848.175054 247468.511557 794508.509051 217411.719741 1200050.088437
0.838870 454799.775938 346099.863765 606834.176996 259121.802868 844485.157369 227461.115436 1286916.337006
0.870480 480770.815688 362622.945628 643244.447939 271239.130048 893333.835023 237882.160662 1377081.739878
0.903282 506782.985761 381585.637289 681877.569218 283567.865550 950371.379905 248679.544556 1465767.330056
0.937319 534869.503629 401635.592919 722287.816086 296061.128592 1012070.882773 259857.506428 1558937.158887
0.972639 564814.208824 422120.927472 765546.543909 310602.106380 1075204.568463 271419.821549 1656717.891062
1.009290 596705.029644 442882.769033 811477.195216 324538.810291 1144389.916484 283369.790356 1759236.932386
1.047322 629215.881685 465221.900795 857874.928187 339049.987764 1218013.033308 295710.231327 1867578.799274
1.086787 660601.178351 488865.666969 907050.013985 354116.983378 1300121.990790 308443.477714 1981117.468247
1.127740 696170.069451 512150.193172 959835.155890 369702.595899 1381545.209992 321571.378266 2099365.864299
1.170235 728919.498686 535199.261125 1013992.525906 386143.777503 1467040.046125 334963.868434 2222397.961342
1.214332 769741.474142 557506.269435 1074705.458025 401426.668922 1526523.902701 347807.252287 2350290.950729
1.260090 807211.628508 585205.743866 1136362.297342 417138.038021 1616673.492047 360992.518587 2483126.071665
1.307573 849288.471342 608779.730698 1204812.230801 435292.628027 1715813.563248 374519.985959 2620989.283393
1.356845 889967.404049 635811.330956 1270061.397305 451634.417265 1826241.259916 388389.655692 2763971.749481
1.407973 930823.909410 664721.022954 1336644.285811 467888.004189 1920260.863154 402601.215597 2912170.111593
1.461028 971923.638934 693467.517328 1404047.770199 484521.050448 2039733.784103 417154.044883 3065686.538366
1.516083 1013289.262147 721064.128790 1479682.385669 502221.277799 2165554.633127 432047.219974 3266259.148503
1.573212 1059958.099754 748500.480168 1555448.776417 522872.339049 2297966.141093 447279.521232 3489370.504002
1.632493 1110798.920769 777471.507647 1624294.062775 544946.602508 2432140.873587 462849.440520 3725386.940518
1.694009 1161924.839783 804960.269707 1701104.083521 568631.434957 2561949.372666 478755.189526 3974931.944428
1.757842 1210246.645595 839495.497585 1783320.727279 591500.688001 2696321.554406 494994.708806 4238658.183238
1.824081 1257246.386112 867233.814344 1876714.370420 612464.712706 2835238.346403 511565.677458 4517248.340170
1.892816 1310984.847995 893549.970226 1962808.239158 633764.407005 2978321.525921 528465.523367 4811415.717413
1.964141 1354006.405950 924250.524318 2056449.280006 655772.395683 3143740.775846 545691.433946 5121904.581915
2.038154 1410804.084816 957469.529142 2154564.108604 677252.942119 3337802.742790 563240.367311 5407121.437069
2.114955 1459464.569232 993139.770911 2239566.541291 693799.451307 3506233.131324 581109.063806 5780324.526004
2.194651 1510011.909288 1020773.718598 2334696.617270 714934.265905 3674639.285177 599294.057823 6104757.239503
2.277350 1562504.489786 1044328.287263 2441094.219972 736414.546795 3857804.039407 617791.689851 6409694.729740
2.363165 1612547.206413 1070048.485337 2549604.721848 758235.610423 4037001.420052 631518.661731 6700198.078001
2.452213 1659777.633175 1098790.153997 2653284.520187 781230.961934 4243275.308166 642633.882474 6976966.721145
2.544617 1721474.993496 1129639.006391 2768482.762901 802880.533202 4457920.068322 653590.114715 7285043.316595
2.640503 1774554.444820 1161019.076058 2888123.114653 825126.251487 4666816.761072 664389.642710 7643062.595750
2.740003 1829122.205630 1189006.305037 2996626.820981 848828.485499 4867572.467091 675034.696037 8014478.449967
2.843251 1895723.955776 1209390.150087 3138148.393946 866899.238654 5071893.912470 685527.454060 8399558.247442
2.950391 1955463.112393 1240874.734502 3253556.988245 887049.906756 5274189.527494 695870.049882 8798557.264675
3.061567 2014208.071690 1268264.130838 3386974.511033 901723.915226 5498487.272618 706064.573842 9211717.975084
3.176933 2075550.801319 1284413.082362 3531072.529132 916446.229505 5731514.010707 711760.040211 9639269.459393
3.296646 2134190.058744 1315844.654505 3682140.280769 927625.291563 5975454.244985 715782.386992 10081426.925653
3.420870 2195506.207136 1347789.087162 3811302.978761 948839.178077 6200509.659917 719616.793732 10538391.325059
3.549775 2244930.380007 1373568.447068 3956700.346442 966285.690891 6501988.780124 723272.076354 11010349.049310
3.683537 2297299.859440 1404826.489354 4111534.444448 982680.694276 6815611.990981 726756.629326 11497471.695894
3.822340 2354424.979125 1430429.075670 4220416.919916 994585.587867 7174029.934708 740013.136065 11999915.889124
3.966373 2418108.691601 1450617.401487 4355620.155439 1000590.523574 7427305.098767 747733.434474 12517823.146795
4.115834 2475932.959198 1479717.923666 4528237.633255 1009669.827015 7808452.008025 750793.990535 13051319.784746
4.270926 2535315.892387 1505650.580960 4657200.614885 1018130.718019 8219439.141316 753638.753125 13600516.854001
4.431863 2593122.114793 1536670.188280 4833547.023418 1032328.156690 8558035.550854 756282.982781 14165510.107446
4.598864 2658257.789091 1565487.892877 5030872.066169 1057138.628865 8827231.205888 758740.854653 14746379.994929
4.772158 2721027.728117 1594395.710936 5201178.373658 1065578.755861 9214769.907140 761025.536540 15343191.687151
4.951983 2767130.932973 1609765.233021 5364401.395616 1070560.507403 9634829.687857 763149.261205 15955995.129715
5.138583 2813861.172908 1627367.377069 5535154.377469 1078149.630088 9939111.639418 765123.393399 16584825.129243
5.332215 2875360.010127 1646971.173670 5717797.937558 1079969.806975 10239640.736512 766958.491996 17229701.473546
5.533143 2920398.357285 1674537.443797 5887226.684378 1083966.295137 10536465.042064 768664.367607 17890629.087644
5.741642 2964478.543647 1692088.082524 6065016.103484 1088497.462639 10784222.385571 770250.136012 18567598.226927
5.957999 3025190.553604 1704006.300508 6245059.997739 1091358.775197 11154718.536130 771724.267717 19260584.708158
6.182508 3095206.975877 1713722.804401 6377031.707076 1093925.153447 11545542.403328 773094.633938 19969550.178342
6.415476 3157827.603110 1730132.060377 6499245.487077 1096359.699724 11944368.081213 774368.549258 20694442.420808
6.657224 3220998.608631 1741559.270212 6577164.019508 1098669.183019 12351139.403956 775552.811219 21435195.697253
6.908081 3284466.298940 1755972.212931 6658457.899571 1100860.023977 12765794.270544 776653.737061 22191731.123961
7.168391 3347604.751553 1772157.908558 6856248.684688 1105920.871691 13188264.899713 777677.197829 22963957.079975
7.438510 3410086.416493 1793321.451697 6991636.133807 1111782.096019 13409234.495409 778628.650035 23751769.644687
7.718807 3458837.397841 1800772.112766 7151126.659968 1117475.875431 13781380.309804 779513.165049 24555053.062029
8.009667 3507641.310809 1813142.340829 7315748.012504 1119044.380719 14260111.214448 780335.456395 25373680.228339
8.311487 3577405.725921 1823986.569775 7383179.658333 1120478.448748 14748465.670499 781099.905092 26207513.200828
8.624680 3633696.415263 1836919.484873 7491830.200853 1121829.889116 15124394.786204 781810.583195 27056403.723580
8.949674 3677459.153202 1855306.801665 7658825.018209 1127004.379993 15443947.590276 782471.275646 27920193.767996
9.286915 3732312.240760 1881899.123483 7756871.785069 1131535.461639 15770361.609350 783085.500587 28798716.084645
9.636864 3758117.431933 1893725.149007 7871738.485701 1136938.473207 16293899.794859 783656.528213 29691794.763562
10.000000 3800531.502840 1903368.519017 7985468.904534 1138163.763066 16662394.172563 784187.398292 30599245.800131
