0.001000 0.000479 0.000396 0.000559 0.000366 0.000592 0.000361 0.000598
0.001038 0.000536 0.000442 0.000625 0.000409 0.000662 0.000403 0.000668
0.001077 0.000598 0.000494 0.000698 0.000457 0.000739 0.000450 0.000746
0.001117 0.000669 0.000552 0.000780 0.000510 0.000826 0.000503 0.000834
0.001159 0.000747 0.000617 0.000871 0.000570 0.000923 0.000562 0.000932
0.001203 0.000835 0.000689 0.000973 0.000637 0.001031 0.000628 0.001041
0.001248 0.000933 0.000770 0.001088 0.000712 0.001152 0.000702 0.001163
0.001296 0.001042 0.000860 0.001215 0.000795 0.001288 0.000784 0.001300
0.001344 0.001165 0.000961 0.001358 0.000888 0.001439 0.000876 0.001452
0.001395 0.001301 0.001074 0.001517 0.000993 0.001608 0.000979 0.001623
0.001448 0.001454 0.001200 0.001695 0.001109 0.001796 0.001094 0.001813
0.001502 0.001624 0.001341 0.001894 0.001239 0.002007 0.001222 0.002026
0.001559 0.001815 0.001498 0.002117 0.001385 0.002243 0.001365 0.002264
0.001617 0.002028 0.001674 0.002365 0.001547 0.002506 0.001525 0.002529
0.001678 0.002266 0.001871 0.002643 0.001729 0.002800 0.001704 0.002826
0.001742 0.002532 0.002090 0.002953 0.001931 0.003128 0.001904 0.003158
0.001807 0.002829 0.002336 0.003299 0.002158 0.003495 0.002128 0.003528
0.001875 0.003161 0.002610 0.003686 0.002411 0.003905 0.002377 0.003942
0.001946 0.003532 0.002916 0.004119 0.002694 0.004364 0.002656 0.004405
0.002019 0.003946 0.003258 0.004602 0.003010 0.004876 0.002968 0.004922
0.002095 0.004409 0.003640 0.005142 0.003364 0.005448 0.003316 0.005499
0.002174 0.004927 0.004067 0.005745 0.003758 0.006087 0.003705 0.006145
0.002256 0.005505 0.004544 0.006419 0.004199 0.006801 0.004140 0.006866
0.002341 0.006150 0.005077 0.007172 0.004692 0.007599 0.004626 0.007671
0.002430 0.006872 0.005673 0.008014 0.005242 0.008490 0.005169 0.008571
0.002521 0.007678 0.006339 0.008954 0.005857 0.009486 0.005775 0.009577
0.002616 0.008579 0.007082 0.010004 0.006544 0.010599 0.006453 0.010700
0.002715 0.009585 0.007913 0.011178 0.007312 0.011843 0.007209 0.011955
0.002817 0.010710 0.008841 0.012489 0.008170 0.013232 0.008055 0.013358
0.002923 0.011966 0.009879 0.013954 0.009128 0.014784 0.009000 0.014925
0.003033 0.013370 0.011037 0.015591 0.010199 0.016518 0.010056 0.016675
0.003148 0.014938 0.012332 0.017420 0.011395 0.018456 0.011235 0.018631
0.003266 0.016690 0.013778 0.019463 0.012732 0.020620 0.012553 0.020816
0.003389 0.018647 0.015394 0.021745 0.014225 0.023039 0.014025 0.023258
0.003517 0.020834 0.017200 0.024296 0.015893 0.025740 0.015670 0.025985
0.003650 0.023277 0.019217 0.027145 0.017757 0.028759 0.017508 0.029032
0.003787 0.026007 0.021470 0.030328 0.019839 0.032131 0.019561 0.032437
0.003930 0.029056 0.023987 0.033884 0.022165 0.035899 0.021854 0.036240
0.004078 0.032463 0.026800 0.037857 0.024764 0.040108 0.024417 0.040489
0.004232 0.036269 0.029942 0.042295 0.027667 0.044810 0.027279 0.045236
0.004391 0.040521 0.033452 0.047253 0.030911 0.050063 0.030477 0.050539
0.004557 0.045270 0.037373 0.052792 0.034534 0.055932 0.034050 0.056463
0.004728 0.050576 0.041754 0.058980 0.038582 0.062488 0.038041 0.063081
0.004906 0.056504 0.046647 0.065892 0.043104 0.069811 0.042499 0.070474
0.005091 0.063125 0.052113 0.073614 0.048155 0.077992 0.047479 0.078733
0.005283 0.070522 0.058220 0.082239 0.053797 0.087130 0.053042 0.087958
0.005482 0.078784 0.065040 0.091874 0.060100 0.097338 0.059257 0.098263
0.005689 0.088013 0.072659 0.102636 0.067140 0.108741 0.066198 0.109774
0.005903 0.098321 0.081170 0.114658 0.075004 0.121477 0.073952 0.122631
0.006126 0.109836 0.090675 0.128085 0.083787 0.135703 0.082612 0.136992
0.006356 0.122696 0.101292 0.143082 0.093598 0.151592 0.092285 0.153033
0.006596 0.137060 0.113150 0.159833 0.104555 0.169338 0.103089 0.170948
0.006844 0.153102 0.126394 0.178540 0.116793 0.189159 0.115155 0.190957
0.007102 0.171018 0.141185 0.199433 0.130460 0.211294 0.128630 0.213303
0.007370 0.191027 0.157703 0.222766 0.145724 0.236015 0.143679 0.238258
0.007648 0.213371 0.176149 0.248823 0.162768 0.263621 0.160485 0.266126
0.007936 0.238322 0.196748 0.277919 0.181802 0.294448 0.179252 0.297247
0.008235 0.266183 0.219748 0.310410 0.203056 0.328871 0.200207 0.331996
0.008545 0.297292 0.245431 0.346687 0.226787 0.367306 0.223606 0.370797
0.008867 0.332025 0.274105 0.387192 0.253284 0.410220 0.249730 0.414119
0.009201 0.370804 0.306119 0.432414 0.282865 0.458131 0.278897 0.462485
0.009548 0.414095 0.341858 0.482898 0.315890 0.511617 0.311458 0.516480
0.009908 0.462421 0.381754 0.539254 0.352755 0.571325 0.347807 0.576755
0.010281 0.516364 0.426287 0.602159 0.393905 0.637972 0.388380 0.644035
0.010669 0.576572 0.475992 0.672371 0.439835 0.712359 0.433665 0.719130
0.011071 0.643767 0.531465 0.750730 0.491094 0.795379 0.484205 0.802938
0.011488 0.718753 0.593370 0.838175 0.548296 0.888024 0.540604 0.896464
0.011921 0.802424 0.662445 0.935749 0.612125 0.991401 0.603538 1.000824
0.012370 0.895779 0.739514 1.044615 0.683339 1.106741 0.673753 1.117260
0.012836 0.999925 0.825492 1.166065 0.762787 1.235414 0.752086 1.247156
0.013320 1.116095 0.921398 1.301537 0.851407 1.378944 0.839463 1.392050
0.013822 1.245663 1.028363 1.452633 0.950247 1.539026 0.936916 1.553653
0.014343 1.390152 1.147646 1.621129 1.060469 1.717543 1.045593 1.733867
0.014883 1.551257 1.280647 1.809002 1.183367 1.916590 1.166767 1.934805
0.015444 1.730860 1.428919 2.018446 1.320376 2.138490 1.301853 2.158815
0.016026 1.931050 1.594187 2.251899 1.473090 2.385827 1.452425 2.408502
0.016630 2.154146 1.778365 2.512062 1.643277 2.661463 1.620225 2.686758
0.017256 2.402719 1.983576 2.801936 1.832900 2.968577 1.807187 2.996791
0.017907 2.679619 2.212172 3.124844 2.044131 3.310689 2.015456 3.342155
0.018581 2.988004 2.466761 3.484468 2.279381 3.691701 2.247405 3.726788
0.019281 3.331369 2.750227 3.884884 2.541315 4.115931 2.505664 4.155049
0.020008 3.713579 3.065763 4.330600 2.832882 4.588155 2.793141 4.631762
0.020762 4.138910 3.416897 4.826601 3.157343 5.113655 3.113051 5.162256
0.021544 4.612081 3.807525 5.378390 3.518299 5.698261 3.468943 5.752419
0.022356 5.138301 4.241949 5.992043 3.919723 6.348410 3.864736 6.408746
0.023199 5.723312 4.724907 6.674254 4.365994 7.071194 4.304747 7.138401
0.024073 6.373436 5.261620 7.432398 4.861938 7.874428 4.793733 7.949268
0.024980 7.095629 5.857830 8.274586 5.412859 8.766703 5.336925 8.850024
0.025921 7.897534 6.519846 9.209729 6.024587 9.757462 5.940072 9.850199
0.026898 8.787535 7.254590 10.247605 6.703519 10.857065 6.609480 10.960253
0.027911 9.774819 8.069648 11.398929 7.456663 12.076862 7.352058 12.191643
0.028963 10.869438 8.973316 12.675422 8.291687 13.429272 8.175368 13.556907
0.030055 12.082371 9.974658 14.089887 9.216965 14.927860 9.087666 15.069737
0.031187 13.425587 11.083556 15.656281 10.241629 16.587413 10.097957 16.745063
0.032362 14.912113 12.310764 17.389797 11.375617 18.424027 11.216036 18.599133
0.033582 16.556094 13.667961 19.306930 12.629718 20.455178 12.452544 20.649588
0.034847 18.372859 15.167800 21.425555 14.015627 22.699805 13.819011 22.915548
0.036160 20.378976 16.823959 23.764993 15.545981 25.178377 15.327897 25.417678
0.037523 22.592309 18.651186 26.346077 17.234409 27.912966 16.992639 28.178257
0.038937 25.032060 20.665335 29.191199 19.095559 30.927298 18.827680 31.221238
0.040404 27.718813 22.883396 32.324362 21.145132 34.246801 20.848501 34.572289
0.041927 30.674551 25.323519 35.771203 23.399899 37.898637 23.071638 38.258834
0.043507 33.922673 28.005022 39.559009 25.877710 41.911717 25.514689 42.310054
0.045146 37.487985 30.948381 43.716706 28.597487 46.316685 28.196312 46.756889
0.046847 41.396666 34.175211 48.274825 31.579202 51.145891 31.136198 51.631992
0.048612 45.676223 37.708219 53.265440 34.843836 56.433315 34.355035 56.969669
0.050444 50.355398 41.571134 58.722072 38.413317 62.214471 37.874442 62.805771
0.052345 55.464060 45.788614 64.679551 42.310429 68.526261 41.716885 69.177549
0.054317 61.033047 50.386117 71.173839 46.558698 75.406786 45.905557 76.123468
0.056364 67.093977 55.389746 78.241807 51.182243 82.895110 50.464241 83.682963
0.058488 73.679010 60.826051 85.920960 56.205596 91.030968 55.417125 91.896146
0.060692 80.820569 66.721798 94.249106 61.653492 99.854417 60.788596 100.803455
0.062979 88.551007 73.103698 103.263976 67.550611 109.405432 66.602989 110.445244
0.065352 96.902235 79.998093 113.002782 73.921296 119.723437 72.884304 120.861314
0.067815 105.905295 87.430611 123.501722 80.789227 130.846784 79.655889 132.090380
0.070370 115.589889 95.425773 134.795435 88.177062 142.812173 86.940085 144.169490
0.073022 125.983874 104.006576 146.916407 96.106052 155.654019 94.757844 157.133388
0.075774 137.112715 113.194042 159.894331 104.595622 169.403784 103.128320 171.013834
0.078629 148.998912 123.006748 173.755450 113.662937 184.089270 112.068436 185.838894
0.081592 161.661421 133.460342 188.521866 123.322457 199.733895 121.592449 201.632208
0.084666 175.115059 144.567055 204.210859 133.585485 216.355964 131.711503 218.412258
0.087857 189.369928 156.335229 220.834210 144.459728 233.967962 142.433199 236.191644
0.091167 204.430870 168.768860 238.397564 155.948878 252.575868 153.761175 254.976403
0.094603 220.296956 181.867182 256.899840 168.052227 272.178536 165.694735 274.765379
0.098168 236.961051 195.624304 276.332716 180.764334 292.767151 178.228512 295.549672
0.101867 254.409453 210.028913 296.680213 194.074744 314.324782 191.352199 317.312192
0.105705 272.621628 225.064060 317.918386 207.967794 336.826061 205.050353 340.027327
0.109688 291.570066 240.707031 340.015153 222.422497 360.236997 219.302280 363.660766
0.113822 311.220250 256.929333 362.930265 237.412524 384.514947 234.082022 388.169459
0.118111 331.530776 273.696782 386.615434 252.906288 409.608753 249.358435 413.501762
0.122561 352.453593 290.969711 411.014629 268.867135 435.459050 265.095377 439.597745
0.127180 373.934397 308.703289 436.064521 285.253639 461.998743 281.252006 466.389678
0.131972 395.913151 326.847953 461.695100 302.020001 489.153659 297.783164 493.802679
0.136945 418.324737 345.349942 487.830427 319.116547 516.843341 314.639874 521.755531
0.142105 441.099712 364.151929 514.389520 336.490301 544.981992 331.769904 550.161617
0.147460 464.165156 383.193714 541.287345 354.085639 573.479522 349.118408 578.929993
0.153017 487.445602 402.412995 568.435894 371.844989 602.242686 366.628624 607.966529
0.158783 510.863996 421.746160 595.745312 389.709572 631.176287 384.242597 637.175121
0.164766 534.342689 441.129104 623.125048 407.620154 660.184388 401.901923 666.458921
0.170975 557.804420 460.498046 650.485004 425.517797 689.171532 419.548492 695.721565
0.177417 581.173271 479.790310 677.736647 443.344586 718.043922 437.125201 724.868364
0.184103 604.375560 498.945069 704.794054 461.044315 746.710524 454.576632 753.807420
0.191040 627.340676 517.904028 731.574881 478.563118 775.084097 471.849675 782.450661
0.198239 650.001806 536.612029 758.001213 495.850026 803.082092 488.894077 810.714755
0.205709 672.296570 555.017576 784.000308 512.857455 830.627440 505.662920 838.521900
0.213460 694.167541 573.073258 809.505195 529.541596 857.649188 522.113010 865.800469
0.221504 715.562644 590.736086 834.455147 545.862723 884.082998 538.205179 892.485511
0.229851 736.435443 607.967722 858.796013 561.785414 909.871497 553.904501 918.519109
0.238512 756.745309 624.734627 882.480414 577.278675 934.964489 569.180418 943.850590
0.247499 776.457485 641.008107 905.467817 592.315992 959.319030 584.006786 968.436602
0.256826 795.543046 656.764280 927.724491 606.875299 982.899383 598.361851 992.241068
0.266503 813.978772 671.983980 949.223358 620.938883 1005.676860 612.228146 1015.235027
0.276546 831.746945 686.652578 969.943757 634.493229 1027.629571 625.592347 1037.396381
0.286967 848.835083 700.759771 989.871131 647.528814 1048.742093 638.445064 1058.709561
0.297780 865.235619 714.299309 1008.996656 660.039865 1069.005077 650.780606 1079.165129
0.309001 880.945541 727.268709 1027.316821 672.024086 1088.414803 662.596709 1098.759329
0.320645 895.966010 739.668928 1044.832978 683.482362 1106.972706 673.894244 1117.493610
0.332727 910.301957 751.504036 1061.550878 694.418454 1124.684875 684.676921 1135.374120
0.345265 923.961673 762.780878 1077.480190 704.838687 1141.561556 694.950976 1152.411200
0.358275 936.956405 773.508739 1092.634028 714.751641 1157.616644 704.724868 1168.618879
0.371776 949.299956 783.699016 1107.028491 724.167846 1172.867194 714.008979 1184.014373
0.385785 961.008305 793.364898 1120.682211 733.099491 1187.332947 722.815328 1198.617612
0.400322 972.099244 802.521075 1133.615937 741.560148 1201.035886 731.157296 1212.450786
0.415407 982.592036 811.183448 1145.852133 749.564513 1213.999809 739.049372 1225.537921
0.431060 992.507101 819.368877 1157.414610 757.128161 1226.249946 746.506916 1237.904486
0.447304 1001.865729 827.094935 1168.328197 764.267335 1237.812600 753.545938 1249.577034
0.464159 1010.689815 834.379701 1178.618427 770.998737 1248.714825 760.182910 1260.582876
0.481649 1019.001633 841.241561 1188.311274 777.339358 1258.984138 766.434583 1270.949791
0.499799 1026.823621 847.699040 1197.432905 783.306315 1268.648263 772.317834 1280.705766
0.518632 1034.178205 853.770652 1206.009472 788.916716 1277.734906 777.849530 1289.878771
0.538175 1041.087641 859.474768 1214.066927 794.187538 1286.271565 783.046411 1298.496564
0.558455 1047.573878 864.829512 1221.630868 799.135526 1294.285360 787.924987 1306.586524
0.579498 1053.658451 869.852660 1228.726409 803.777106 1301.802896 792.501454 1314.175508
0.601335 1059.362384 874.561568 1235.378064 808.128318 1308.850148 796.791625 1321.289738
0.623994 1064.706115 878.973110 1241.609668 812.204751 1315.452367 800.810873 1327.954706
0.647508 1069.709433 883.103623 1247.444301 816.021503 1321.634004 804.574082 1334.195095
0.671907 1074.391441 886.968876 1252.904235 819.593144 1327.418659 808.095619 1340.034729
0.697226 1078.770511 890.584038 1258.010899 822.933692 1332.829034 811.389305 1345.496525
0.723499 1082.864272 893.963661 1262.784849 826.056594 1337.886906 814.468397 1350.602468
0.750762 1086.689589 897.121670 1267.245752 828.974714 1342.613114 817.345581 1355.373595
0.779052 1090.262564 900.071356 1271.412385 831.700337 1347.027551 820.032968 1359.829987
0.808408 1093.598533 902.825381 1275.302633 834.245161 1351.149165 822.542092 1363.990774
0.838870 1096.712077 905.395782 1278.933500 836.620309 1354.995972 824.883922 1367.874142
0.870480 1099.617034 907.793982 1282.321123 838.836339 1358.585068 827.068864 1371.497350
0.903282 1102.326514 910.030806 1285.480790 840.903249 1361.932651 829.106779 1374.876749
0.937319 1104.852919 912.116492 1288.426964 842.830503 1365.054044 831.006996 1378.027808
0.972639 1107.207968 914.060713 1291.173310 844.627038 1367.963724 832.778329 1380.965142
1.009290 1109.402714 915.872597 1293.732719 846.301287 1370.675350 834.429091 1383.702540
1.047322 1111.447578 917.560743 1296.117341 847.861199 1373.201794 835.967120 1386.252996
1.086787 1113.352365 919.133249 1298.338614 849.314255 1375.555173 837.399792 1388.628742
1.127740 1115.126302 920.597731 1300.407294 850.667492 1377.746885 838.734045 1390.841284
1.170235 1116.778054 921.961342 1302.333489 851.927521 1379.787637 839.976398 1392.901432
1.214332 1118.315757 923.230801 1304.126686 853.100549 1381.687481 841.132971 1394.819333
1.260090 1119.747045 924.412407 1305.795785 854.192398 1383.455848 842.209503 1396.604506
1.307573 1121.079071 925.512068 1307.349131 855.208527 1385.101576 843.211377 1398.265876
1.356845 1122.318538 926.535315 1308.794538 856.154046 1386.632946 844.143633 1399.811801
1.407973 1123.471719 927.487329 1310.139323 857.033744 1388.057710 845.010989 1401.250106
1.461028 1124.544484 928.372955 1311.390331 857.852096 1389.383120 845.817862 1402.588113
1.516083 1125.542323 929.196726 1312.553964 858.613292 1390.615958 846.568380 1403.832668
1.573212 1126.470367 929.962877 1313.636204 859.321245 1391.762563 847.266401 1404.990170
1.632493 1127.333409 930.675365 1314.642643 859.979611 1392.828857 847.915531 1406.066599
1.694009 1128.135925 931.337886 1315.578498 860.591806 1393.820371 848.519138 1407.067537
1.757842 1128.882093 931.953888 1316.448644 861.161015 1394.742267 849.080362 1407.998195
1.824081 1129.575812 932.526591 1317.257626 861.690215 1395.599362 849.602138 1408.863436
1.892816 1130.220719 933.058998 1318.009686 862.182179 1396.396150 850.087200 1409.667797
1.964141 1130.820206 933.553907 1318.708780 862.639494 1397.136821 850.538100 1410.415507
2.038154 1131.377435 934.013930 1319.358593 863.064572 1397.825281 850.957216 1411.110510
2.114955 1131.895352 934.441498 1319.962563 863.459662 1398.465171 851.346763 1411.756482
2.194651 1132.376702 934.838880 1320.523891 863.826858 1399.059884 851.708807 1412.356846
2.277350 1132.824044 935.208185 1321.045560 864.168110 1399.612578 852.045272 1412.914794
2.363165 1133.239760 935.551381 1321.530348 864.485236 1400.126198 852.357950 1413.433295
2.452213 1133.626067 935.870299 1321.980841 864.779928 1400.603483 852.648508 1413.915117
2.544617 1133.985031 936.166643 1322.399447 865.053761 1401.046985 852.918500 1414.362834
2.640503 1134.318573 936.442000 1322.788408 865.308202 1401.459079 853.169371 1414.778844
2.740003 1134.628482 936.697847 1323.149810 865.544614 1401.841974 853.402467 1415.165379
2.843251 1134.916423 936.935558 1323.485593 865.764269 1402.197728 853.619040 1415.524513
2.950391 1135.183945 937.156412 1323.797564 865.968346 1402.528252 853.820254 1415.858180
3.061567 1135.432487 937.361597 1324.087402 866.157945 1402.835329 854.007193 1416.168174
3.176933 1135.663391 937.552221 1324.356671 866.334088 1403.120612 854.180866 1416.456169
3.296646 1135.877901 937.729311 1324.606823 866.497727 1403.385641 854.342208 1416.723717
3.420870 1136.077178 937.893825 1324.839211 866.649744 1403.631850 854.492093 1416.972265
3.549775 1136.262300 938.046653 1325.055090 866.790962 1403.860568 854.631331 1417.203158
3.683537 1136.434267 938.188621 1325.255630 866.922147 1404.073035 854.760674 1417.417644
3.822340 1136.594011 938.320499 1325.441917 867.044007 1404.270401 854.880825 1417.616885
3.966373 1136.742400 938.443002 1325.614960 867.157204 1404.453735 854.992434 1417.801963
4.115834 1136.880237 938.556794 1325.775699 867.262352 1404.624034 855.096108 1417.973880
4.270926 1137.008271 938.662493 1325.925006 867.360022 1404.782221 855.192407 1418.133570
4.431863 1137.127197 938.760673 1326.063693 867.450744 1404.929155 855.281857 1418.281901
4.598864 1137.237662 938.851868 1326.192512 867.535012 1405.065636 855.364943 1418.419679
4.772158 1137.340267 938.936574 1326.312165 867.613284 1405.192405 855.442116 1418.547653
4.951983 1137.435570 939.015251 1326.423302 867.685985 1405.310152 855.513797 1418.666519
5.138583 1137.524089 939.088329 1326.526529 867.753511 1405.419518 855.580376 1418.776924
5.332215 1137.606306 939.156204 1326.622407 867.816230 1405.521098 855.642215 1418.879470
5.533143 1137.682670 939.219246 1326.711459 867.874484 1405.615447 855.699652 1418.974715
5.741642 1137.753597 939.277800 1326.794170 867.928590 1405.703077 855.752999 1419.063178
5.957999 1137.819472 939.332184 1326.870991 867.978842 1405.784467 855.802547 1419.145342
6.182508 1137.880656 939.382695 1326.942341 868.025516 1405.860060 855.848566 1419.221653
6.415476 1137.937483 939.429608 1327.008609 868.068866 1405.930270 855.891307 1419.292530
6.657224 1137.990261 939.473180 1327.070157 868.109128 1405.995478 855.931004 1419.358358
6.908081 1138.039280 939.513647 1327.127320 868.146521 1406.056041 855.967873 1419.419497
7.168391 1138.084807 939.551232 1327.180411 868.181251 1406.112289 856.002116 1419.476280
7.438510 1138.127090 939.586139 1327.229720 868.213506 1406.164530 856.033919 1419.529017
7.718807 1138.166360 939.618559 1327.275515 868.243464 1406.213049 856.063456 1419.577997
8.009667 1138.202832 939.648668 1327.318047 868.271286 1406.258110 856.090888 1419.623487
8.311487 1138.236705 939.676632 1327.357548 868.297126 1406.299961 856.116365 1419.665735
8.624680 1138.268164 939.702604 1327.394234 868.321124 1406.338829 856.140027 1419.704972
8.949674 1138.297381 939.726724 1327.428306 868.343413 1406.374927 856.162003 1419.741414
9.286915 1138.324516 939.749126 1327.459950 868.364112 1406.408453 856.182412 1419.775258
9.636864 1138.349718 939.769930 1327.489338 868.383337 1406.439589 856.201367 1419.806690
10.000000 1138.373122 939.789252 1327.516632 868.401191 1406.468506 856.218971 1419.835882
