0.010000 -0.625077 -0.901973 -0.288070 -1.002248 -0.081404 -1.019045 -0.013234
0.012068 -0.651588 -0.915843 -0.297814 -1.005819 -0.087908 -1.024224 -0.015625
0.014563 -0.673588 -0.937942 -0.310366 -1.010631 -0.102236 -1.034294 -0.018539
0.017575 -0.700763 -0.963967 -0.334942 -1.026258 -0.114422 -1.059865 -0.022098
0.021210 -0.736990 -0.991577 -0.355421 -1.058328 -0.135073 -1.109414 -0.026453
0.025595 -0.779196 -1.016608 -0.390908 -1.080341 -0.159065 -1.129529 -0.031797
0.030888 -0.816306 -1.032629 -0.419408 -1.098836 -0.183408 -1.132890 -0.038376
0.037276 -0.847867 -1.051392 -0.455844 -1.113479 -0.203341 -1.145176 -0.046504
0.044984 -0.885830 -1.067847 -0.494802 -1.125549 -0.230561 -1.176449 -0.056587
0.054287 -0.924898 -1.086816 -0.548614 -1.145991 -0.260781 -1.205448 -0.069155
0.065513 -0.963858 -1.113094 -0.618393 -1.173851 -0.303275 -1.219058 -0.084906
0.079060 -1.009257 -1.136903 -0.656139 -1.206400 -0.337625 -1.249356 -0.104757
0.095410 -1.043842 -1.164887 -0.712638 -1.239327 -0.390876 -1.290110 -0.129929
0.115140 -1.075466 -1.200610 -0.781080 -1.285653 -0.445887 -1.359165 -0.162043
0.138950 -1.107116 -1.249201 -0.863553 -1.330349 -0.502341 -1.412726 -0.203246
0.167683 -1.146577 -1.302838 -0.933280 -1.387238 -0.570899 -1.466627 -0.256349
0.202359 -1.190680 -1.356412 -1.015591 -1.461190 -0.624956 -1.527775 -0.324945
0.244205 -1.244273 -1.415148 -1.063550 -1.536264 -0.709053 -1.586022 -0.413435
0.294705 -1.299341 -1.482281 -1.109170 -1.614509 -0.796472 -1.675911 -0.511652
0.355648 -1.363122 -1.560574 -1.147328 -1.697281 -0.911726 -1.743459 -0.549697
0.429193 -1.431138 -1.642666 -1.200534 -1.784924 -0.994599 -1.836952 -0.591672
0.517947 -1.513491 -1.731782 -1.252767 -1.868911 -1.083543 -1.929584 -0.646096
0.625055 -1.592736 -1.821729 -1.315851 -1.956355 -1.137085 -2.023446 -0.763205
0.754312 -1.680480 -1.914000 -1.390163 -2.049990 -1.177280 -2.116896 -0.912688
0.910298 -1.771223 -2.011408 -1.471966 -2.140704 -1.214818 -2.196640 -1.068994
1.098541 -1.884195 -2.137740 -1.553427 -4.061269 -1.258428 -4.916971 -1.147230
1.325711 -2.019268 -2.303052 -1.669974 -4.667890 -1.316826 -4.973675 -1.218196
1.599859 -2.153249 -3.626793 -1.790320 -4.736783 -1.409751 -4.973675 -1.280527
1.930698 -2.274853 -4.082640 -1.923722 -4.828389 -1.524603 -4.996009 -1.330074
2.329952 -2.380255 -4.195381 -2.044843 -4.851345 -1.648022 -4.996009 -1.440953
2.811769 -2.508252 -4.283777 -2.171293 -4.886979 -1.764583 -4.996009 -1.508918
3.393222 -2.611762 -4.365808 -2.304987 -4.916623 -1.866355 -4.997520 -1.583456
4.094915 -2.719182 -4.454323 -2.418262 -4.930950 -2.018143 -4.999900 -1.664050
4.941713 -3.328452 -4.545323 -2.532123 -4.941634 -2.181319 -4.999900 -1.749884
5.963623 -3.584977 -4.614839 -2.629688 -4.953180 -2.349994 -4.999900 -1.839837
7.196857 -3.740327 -4.647511 -2.708043 -4.957639 -2.460365 -4.999900 -1.932532
8.685114 -3.814061 -4.668078 -2.778597 -4.960532 -2.545382 -4.999900 -2.230620
10.481131 -3.892647 -4.700580 -2.838717 -4.963600 -2.631189 -4.999900 -2.317467
12.648552 -3.997311 -4.714042 -3.074374 -4.963890 -2.725125 -4.999900 -2.444313
15.264180 -4.059716 -4.731838 -3.227461 -4.963934 -2.807410 -4.999900 -2.558305
18.420700 -4.120472 -4.746755 -3.323819 -4.966176 -2.907275 -4.999900 -2.754118
22.229965 -4.144492 -4.748036 -3.423510 -4.968112 -3.075853 -4.999900 -3.012100
26.826958 -4.144492 -4.748036 -3.423510 -4.968112 -3.075853 -4.999900 -3.012100
32.374575 -4.144492 -4.748036 -3.423510 -4.968112 -3.075853 -4.999900 -3.012100
39.069399 -4.144492 -4.748036 -3.423510 -4.968112 -3.075853 -4.999900 -3.012100
47.148664 -4.144492 -4.748036 -3.423510 -4.968112 -3.075853 -4.999900 -3.012100
56.898660 -4.144492 -4.748036 -3.423510 -4.968112 -3.075853 -4.999900 -3.012100
68.664885 -4.144492 -4.748036 -3.423510 -4.968112 -3.075853 -4.999900 -3.012100
82.864277 -4.144492 -4.748036 -3.423510 -4.968112 -3.075853 -4.999900 -3.012100
100.000000 -4.144492 -4.748036 -3.423510 -4.968112 -3.075853 -4.999900 -3.012100
