12076151126.852364 43.407709 0.158241 1.106251 1.002661 3.055791 60.397559
5328855065.764346 49.649556 0.614976 0.219702 1.048126 4.306514 48.089974
9018304349.039280 35.724370 0.264920 0.158592 1.300425 4.648449 51.431382
4713296475.447803 49.642126 0.954542 0.116543 1.540284 4.566474 46.159695
11565678962.381041 44.165028 0.290382 0.338671 2.410887 3.291367 59.875836
11231691598.083986 44.259835 0.788853 0.198903 6.610190 3.193828 59.335977
14947144624.489906 41.962068 0.369447 0.974679 12.605908 4.999900 64.128204
20028789487.743668 37.079548 0.880618 0.141077 16.034354 4.924593 67.909611
185779868671.432770 15.519371 0.122595 0.034462 1.001938 4.765726 110.363812
8800961022.208794 40.104228 0.539301 0.058128 12.740280 3.141607 52.958114
79009550362.568695 17.694875 0.763218 0.017420 4.911870 4.887886 85.973466
8040594617.517586 48.786280 0.926520 0.211995 14.171980 4.786863 54.833146
47211134202.151566 23.564087 0.679936 0.165643 3.361189 3.789159 78.564606
6707183075.311069 37.677299 0.673746 0.017480 11.457042 3.540019 47.402396
67534947134.681198 29.763619 0.104664 0.620286 1.011610 4.916971 95.000276
9734331446.684713 34.714212 0.232372 0.152163 9.969446 3.655308 52.276962
5941692789.168428 43.582584 0.071276 0.090937 1.443246 3.041222 47.744527
16740489321.894995 31.006505 0.554201 0.012566 17.253000 4.018807 60.440510
5581815693.364716 45.575651 0.155510 0.533779 1.026397 3.988544 47.459085
7779065755.129899 44.582860 0.105846 0.820161 15.039435 3.010155 52.625037
3728456261.662717 42.259839 0.435364 0.049657 6.060643 3.720671 40.462167
56791095893.130112 25.272076 0.401938 0.508760 2.534426 4.058936 85.310287
8726406689.318630 35.240856 0.326656 0.121313 1.194357 3.744564 50.649203
44903239019.339981 31.584145 0.241825 0.054265 15.753682 3.191810 84.463833
14723223583.878536 41.306430 0.874676 0.160316 4.226956 3.277393 63.477390
19661651034.394585 44.165368 0.290958 0.811912 7.406768 4.398113 71.460983
177452918944.133026 21.166884 0.129441 7.918934 1.471667 4.689483 118.397849
14788869411.043806 45.411966 0.865716 0.271553 7.259380 4.469965 65.592277
15457525115.292135 36.594225 0.661771 0.047144 1.556839 4.271919 62.027596
17286993927.808365 40.196391 0.125590 3.457754 3.346443 4.117927 66.372423
8881542078.850811 27.368387 0.210239 0.177841 5.984747 3.083549 47.082022
9002810263.766254 37.468686 0.330753 0.059409 9.151875 4.461804 52.195659
5363246549.519161 44.048681 0.453324 0.041240 9.286398 3.614863 46.304633
45986431483.515091 27.854228 0.000288 0.054727 10.805348 3.074374 81.890487
26296388665.188969 29.982149 0.470172 0.369972 1.628203 4.714944 69.528875
8108988360.074962 45.310909 0.148398 0.217043 6.657020 3.610116 53.646519
14473431945.905598 43.130302 0.575992 0.070610 3.530400 3.740327 64.019806
12767155222.277712 43.945705 0.177616 0.027486 2.354278 4.641817 61.779364
24470694186.517418 31.544102 0.145593 0.152245 1.196356 4.038545 68.963792
9457810746.705627 38.294666 0.353959 0.044429 11.436683 4.422121 53.435960
14025148038.904785 31.629109 0.001027 8.708660 7.555175 3.236987 57.333382
6950959508.282076 39.997638 0.872737 0.020226 16.374609 3.205624 48.909548
6299002523.271904 46.694274 0.026245 0.026790 1.625548 4.203542 49.811364
219203675035.485474 16.479738 0.463445 0.029962 1.282456 3.643113 118.497491
24908135091.001915 26.213182 0.936860 0.043944 1.589480 4.765924 65.533230
17164889404.228115 30.380258 0.567416 0.013574 17.879371 3.179330 60.560884
70124681484.349457 21.590766 0.618526 0.075834 6.650026 4.524338 87.381606
55817903871.195412 48.956596 0.998031 0.591099 13.455082 3.827745 104.724180
25459755824.804966 25.550547 0.052857 0.012277 12.231894 4.434941 65.506757
22141034341.305790 29.004406 0.735379 0.254201 5.121710 4.437281 64.985306
10740236740.726479 38.185434 0.174459 0.018266 7.843054 3.913367 55.698005
20972958978.651257 38.652943 0.110802 1.079927 11.096967 4.781240 69.893088
5704887388.356988 39.191530 0.679477 0.041516 1.402829 4.195381 45.489902
89529898737.239349 20.599115 0.448631 0.099483 1.321907 3.516084 93.524214
16390499402.311028 48.341514 0.481791 0.795251 1.348322 4.953180 69.312071
14673244647.244539 43.670165 0.194176 0.182877 12.179480 4.350661 64.577886
6698197510.571325 32.420336 0.532539 0.096098 6.531269 4.661150 45.164114
7516855759.263876 40.234880 0.158790 0.020955 6.213694 4.692320 50.299339
14142311094.529314 39.140935 0.466524 0.371911 11.212956 4.300726 61.539938
9950238306.296930 30.403367 0.888888 0.036587 4.421204 3.278120 50.507867
86626301852.353851 22.477014 0.113899 0.092902 2.923301 4.959504 94.859750
16295077409.708014 32.266032 0.694114 0.010050 1.338621 4.296938 60.651459
9297188184.736145 34.914094 0.418029 0.043018 5.660785 4.914430 51.576700
9870673875.162796 38.011401 0.368929 0.244251 14.128838 4.472573 54.072354
11431240820.885376 42.458253 0.876444 0.057603 1.166853 3.626793 58.871726
48331921744.067390 21.256345 0.464949 0.148975 4.938186 3.302958 76.839999
10091566303.457813 43.674052 0.391950 0.034115 2.179204 3.636655 57.004272
5526092397.174299 35.861482 0.527518 0.012545 11.646716 4.208744 43.737981
13062463711.564039 38.682644 0.361248 0.023572 6.003200 4.972812 59.703195
85984478866.936325 23.392768 0.315286 0.587843 1.095352 3.807936 95.738244
4111100886.594728 41.395982 0.005673 0.408022 15.441032 4.464481 41.518903
8996454626.690598 39.584557 0.054463 0.084463 1.161078 3.591264 53.121030
10441420729.937180 42.620199 0.403891 0.079579 4.266396 4.816452 57.192622
19499483488.888222 27.974024 0.381476 0.039457 4.448007 3.798680 61.602891
6988373852.955826 38.596568 0.949177 0.013851 1.283748 4.614747 48.432190
12485637053.222546 33.399068 0.019308 0.013123 7.189638 3.518552 56.107405
35451206031.281288 27.351215 0.196780 0.058619 3.429330 4.763053 74.671175
205096313648.077209 20.533460 0.925045 0.172234 1.672780 4.111768 123.175735
6324777289.942642 49.005643 0.033183 0.395942 2.040558 3.585224 50.693282
8830640566.555696 45.278395 0.173540 2.533356 3.052289 4.832382 55.179753
16535621380.599850 38.822925 0.079293 0.014415 3.998448 4.926568 64.660576
19745593512.326302 45.845984 0.800204 0.548536 13.614596 3.208643 72.455707
10019248668.152924 30.508968 0.276128 0.025884 17.601824 3.094308 50.678990
7337513509.652101 32.282814 0.189975 0.258397 7.027246 4.058301 46.495375
16296421480.298157 34.522260 0.000151 5.369305 2.274602 4.476917 61.963932
54559376526.738113 23.698813 0.353133 0.336554 5.161252 4.037227 82.584571
15672440848.046146 25.977324 0.407672 0.011235 2.757288 4.902938 56.002826
4412552004.382192 45.060285 0.053984 0.164555 11.435337 3.947895 43.716838
131292680345.547455 39.690923 0.814612 0.601414 13.381305 4.420393 129.927906
21101966754.703979 29.118177 0.756778 0.010809 3.133839 4.396178 64.029612
12797348134.424744 36.581695 0.475767 0.025067 2.370928 4.748036 58.236753
73924567656.069931 19.079039 0.369644 0.073809 1.800956 4.933766 85.859867
14759319997.662033 32.234656 0.331218 0.141022 3.279205 4.374073 58.664908
32615877305.431797 37.383041 0.477915 1.059317 1.193048 4.973675 80.105812
34849093862.921600 28.706947 0.632828 0.135844 6.022003 3.012100 75.353212
233919482487.535889 16.425877 0.930167 0.083792 1.495453 4.154174 120.985704
18177691473.033314 42.618418 0.861349 0.024091 7.938792 3.242050 68.800840
18400120289.508713 36.337431 0.224674 0.165057 5.255681 4.814476 65.588744
4444742318.160616 38.553736 0.427887 0.027583 3.265736 3.599611 41.635893
17091309354.235197 36.369861 0.735743 0.157874 4.826413 4.873956 64.013554
25232175849.947594 33.452974 0.590776 0.043928 1.521992 3.700746 70.972451
10267945409.974911 44.025887 0.821035 0.040976 1.252154 3.169986 57.486864
10010937934.983284 32.289689 0.499520 0.096514 15.041697 3.574439 51.572017
10750164464.201864 46.626967 0.259325 0.081582 1.101171 4.310225 59.497726
55653317298.715599 27.745298 0.148814 5.275381 4.763821 4.358087 87.163377
35079748182.680283 22.095146 0.473134 0.013970 10.774134 4.454028 69.831659
3886115672.768294 47.560666 0.129604 0.132369 2.020539 3.436655 42.665755
40162739727.824532 26.760485 0.515948 0.030803 2.353245 3.915790 77.327937
12352449823.490128 34.688785 0.734794 0.083294 6.744158 3.206092 56.583694
275550373920.194946 14.695841 0.559566 0.012970 2.127372 3.182676 124.082770
13763567856.622728 43.665086 0.259647 0.622176 5.046545 4.453665 63.212370
6489615515.647595 49.756800 0.371362 0.519160 4.207491 4.387194 51.392363
21825689860.526608 49.264143 0.866151 0.538473 1.147718 3.409130 76.740832
3201116993.615963 48.861534 0.674707 0.010724 9.859651 4.316286 40.358892
21940907802.277622 40.066054 0.590567 0.323334 9.901294 4.568053 71.785885
11429286226.345736 34.857076 0.127741 4.917375 3.260599 4.231803 55.222543
19315808879.015003 44.035511 0.211311 3.316700 3.284201 4.773177 70.970277
45212137059.797798 47.326276 0.922932 0.757025 6.776097 3.538460 96.517878
23606678988.309978 42.109031 0.448927 0.434702 14.690184 3.093167 74.766508
5325508187.985479 47.468356 0.201311 0.067359 15.190210 4.891796 47.360044
5670129505.724806 45.861880 0.354034 0.015250 1.575312 3.866003 47.807607
16096706670.363394 32.344497 0.668714 0.016263 18.715373 4.918083 60.450493
42343164326.283791 28.587020 0.544153 0.172695 7.745215 4.746755 80.304571
3409258647.212533 48.778292 0.146424 0.063172 12.132608 4.490604 41.191714
9903681711.643492 46.071268 0.335390 0.249880 2.175823 3.354186 57.662130
97499881502.192459 27.994986 0.828397 0.346151 2.779967 4.649643 105.364489
9487149367.824965 35.855752 0.082950 0.029972 12.558204 4.782741 52.369171
10575176235.971418 43.016999 0.849644 0.085324 11.828593 4.784396 57.611535
117519684038.653168 20.810853 0.694456 0.034525 13.617362 3.549991 102.700841
7019018546.101803 40.578040 0.670521 0.161740 12.125759 3.480908 49.300048
11778183537.779848 37.501344 0.814089 0.030792 1.317396 3.914744 57.102691
251747608800.225800 12.059305 0.427261 0.031263 1.907135 4.131742 114.594117
28220373911.973713 29.662816 0.273906 0.474647 12.543960 4.631653 70.949093
9609490207.570465 41.141609 0.318893 0.037346 1.619907 3.836995 54.989841
28627526078.598450 22.895849 0.889611 0.053889 1.847109 4.363268 65.938046
66110243617.680862 20.232062 0.221397 0.018475 3.610376 4.999917 84.100975
151589676890.517059 14.615581 0.368768 0.054569 1.986936 4.178998 101.528064
4032945552.579283 46.939813 0.238923 0.023599 17.053695 4.544639 43.007035
11937894489.607533 40.227069 0.110300 0.205370 4.488464 3.861988 58.681146
12760679497.281532 28.765431 0.481173 0.016698 10.587121 4.404733 53.942909
17620032430.520554 32.917374 0.720229 0.142859 2.247854 4.531598 62.645803
70194023719.777451 22.738181 0.843204 0.012981 1.387929 4.955281 88.735379
11038743568.726044 47.140694 0.634140 0.328982 10.216688 4.419086 60.245585
32380364826.623444 43.495794 0.156384 8.954513 6.599681 3.906149 83.964299
10867058202.861605 31.671753 0.467974 0.139306 5.344076 4.586708 52.681613
4685453350.768142 48.310455 0.762351 0.261989 1.640834 3.075853 45.649394
36259968437.945915 23.304430 0.591243 0.022042 8.861520 3.575669 71.714105
8344058954.941439 46.951178 0.915105 0.083647 15.229559 4.219417 54.805773
16133236264.460703 29.146424 0.546377 0.013775 8.249465 3.685516 58.565731
14175536151.731358 33.352696 0.583003 0.013595 1.468130 4.210945 58.506694
8812965202.380333 36.729473 0.073134 0.046410 1.266406 3.789974 51.494498
7344846578.767014 39.283780 0.891807 0.069759 15.369209 4.798545 49.525124
26227759167.543358 35.031228 0.395522 0.206272 5.512380 4.720731 72.954829
23114212774.257874 38.022857 0.585167 0.167981 19.575652 4.172418 71.811674
17558554630.372868 29.659493 0.772760 0.180884 2.558407 4.354243 60.567613
15234311248.760166 39.577170 0.651154 0.025052 4.256443 4.596315 63.312661
11297252501.542152 35.216550 0.338999 0.012486 4.498435 4.968112 55.189447
19020548855.323051 37.078582 0.627771 0.143260 15.341675 4.288354 66.749864
21906713718.752846 35.676042 0.055561 4.781667 3.190906 4.079918 69.107330
13026091453.219784 34.191962 0.940156 0.040584 1.079194 4.540042 57.330443
9504894325.440746 34.795469 0.017448 4.327061 2.708189 4.543516 51.901621
25554868604.593685 34.837186 0.620808 0.049267 1.607166 4.082640 72.197511
6063630723.207788 49.355845 0.414328 0.761548 6.333853 3.887206 50.105633
16736293423.586597 33.611594 0.275768 0.412114 2.705504 4.706176 61.988116
9836459505.593460 39.103715 0.352170 0.260618 6.747092 4.465421 54.508250
17926614281.751038 34.510541 0.705150 0.031973 2.242622 4.916733 63.957879
12956130657.014103 38.621654 0.011826 3.300601 1.909697 4.493361 59.510284
9182707354.791237 46.936671 0.729129 0.013813 1.038262 3.328452 56.577782
6423202839.831651 34.997134 0.417991 0.130256 3.042601 4.468508 45.629875
7578230725.399896 36.852722 0.446768 0.013420 6.801428 4.470542 49.020476
12143758815.654741 39.659065 0.484478 0.564722 19.682710 4.151792 58.743486
5282814416.853864 38.185809 0.764404 0.021305 19.491944 3.203547 43.966800
23520106270.555054 26.452762 0.636016 0.014864 1.620635 4.251789 64.469528
11382734138.198858 27.699094 0.414888 0.106486 5.244880 4.013203 51.329248
66196121095.713951 19.331371 0.465880 0.045668 17.263741 3.048120 83.062269
17594087253.023422 37.558736 0.002808 4.539493 1.049856 4.736783 65.308110
6412373808.463681 45.632395 0.361671 0.026346 19.814451 4.585536 49.725630
32023725225.574104 43.606879 0.213795 0.834028 1.043379 4.270748 83.725450
7335357726.147960 42.528629 0.396010 0.236401 2.991710 3.253091 50.806535
48265644123.625664 47.746652 0.759268 1.284732 1.762181 4.265346 98.936047
18298363631.636536 30.376644 0.203087 0.128811 6.190106 4.732321 61.863320
5687453342.892084 41.210956 0.219316 0.033403 18.617253 4.094198 46.194964
22463670254.831913 26.973061 0.408547 0.577201 1.434029 3.206584 63.865245
4426046982.685615 40.941741 0.584287 0.072128 7.423653 3.325251 42.399593
8465537418.808586 45.167005 0.191467 0.899349 1.781976 4.532981 54.364030
8910058817.584585 44.138610 0.009887 4.299419 10.513596 4.345477 54.878472
8757054327.211189 38.230279 0.005102 0.092520 16.280397 4.764901 52.053837
5542078133.525130 41.301885 0.023442 0.590990 19.762105 3.180882 45.831068
9831915582.189089 38.312149 0.005265 0.609883 9.812190 4.748828 54.139428
30283223745.779675 33.697452 0.404405 0.457265 1.660228 4.724963 75.597436
13302654974.055685 40.446278 0.725952 0.120753 6.968988 4.771797 60.945221
6126815530.312843 46.581356 0.028763 5.091818 3.946269 3.508372 49.313411
13542528781.110088 28.830694 0.158811 0.090263 12.575459 3.760837 55.061218
6714615744.922593 48.107245 0.339415 0.447426 3.657892 3.686825 51.393805
17228299140.894833 37.325560 0.610173 0.109884 13.750370 4.856813 64.722145
13418623326.375872 44.617628 0.519481 0.272531 1.568662 3.206629 63.129384
6656401702.302381 49.490795 0.398290 0.150855 14.036066 3.363321 51.735422
10313285296.860184 46.908508 0.064738 8.174216 7.946685 3.199715 58.798680
9337199889.609272 33.014625 0.347616 0.040151 1.228584 4.660696 50.741858
290434066253.688049 19.214370 0.675284 0.029758 1.598750 4.732363 135.748786
3222646292.890895 48.705627 0.776325 0.024251 2.985474 4.891434 40.405755
40543645335.793541 25.195019 0.212525 0.147966 5.193420 3.362299 76.176080
33013234349.784138 43.508464 0.790418 0.443807 13.426048 4.632409 84.515931
18269270138.468590 41.170641 0.032815 1.964153 1.026794 4.851243 68.138064
285904520793.653992 17.480022 0.553849 0.215345 1.526778 4.292526 131.550928
18098583134.845428 32.911207 0.121930 2.053466 4.547532 4.872814 63.204150
43206993182.185936 26.851620 0.385219 0.032269 2.699763 4.963934 79.316038
6809837652.044569 49.363123 0.809002 0.145633 4.421488 4.268660 52.084613
6751856309.111556 41.282894 0.040261 0.056043 13.726500 3.852008 48.941583
23693363013.448952 47.141459 0.249402 3.288912 1.396636 3.034995 77.713525
184529341513.432953 16.690631 0.655403 0.364228 1.276929 4.663031 112.270664
22029171473.041317 43.145914 0.130954 6.969831 1.710471 4.553495 73.650400
46072035868.693787 26.422873 0.871322 0.121549 1.145215 4.743481 80.637817
11010321792.445940 37.150545 0.120422 3.876405 10.762978 3.452268 55.664806
7679745849.719947 40.789725 0.211556 0.018190 4.781190 3.798271 50.887356
6223964950.788554 42.410020 0.224272 0.014620 3.227903 3.629658 48.054660
19852694869.126087 30.973324 0.357195 0.036505 6.343894 3.957765 63.953864
9326338550.232634 33.427107 0.679079 0.022671 1.541206 4.424798 50.921632
7479928472.726875 46.172868 0.160587 1.275388 14.328917 3.274891 52.550456
7846925780.779531 45.928066 0.813630 0.338550 2.647726 3.960635 53.301710
16135768420.071766 36.363940 0.673560 0.048632 1.489067 4.252814 62.794365
6908866685.732707 42.845724 0.152280 0.260398 5.229220 3.836917 49.924199
71231987978.624466 21.725744 0.114743 0.014094 1.371562 4.021317 87.997465
10463029996.378117 35.390915 0.788642 0.024720 16.404651 3.226219 53.881072
4075171450.250553 49.941603 0.244491 0.042412 1.065657 4.047615 44.063960
10020403616.667452 42.145023 0.598456 0.086419 4.411300 4.655056 56.205552
72655276924.428223 26.932585 0.630993 0.072283 4.331292 4.902450 94.405094
6109010501.553041 46.850883 0.172474 0.246908 1.811940 3.776126 49.360607
33770522905.837452 40.263035 0.306666 0.985940 1.166613 4.266366 83.016036
3755784365.961399 48.368819 0.027706 0.015601 3.334659 3.292159 42.422279
128491531569.208801 22.310819 0.714195 0.049524 4.966183 4.041671 107.948852
20302234632.650066 33.467523 0.168209 0.344848 10.120935 4.472476 66.020572
20252705235.281960 26.817875 0.531325 0.034234 1.166921 4.094381 61.589269
3941395140.336896 49.657270 0.028844 0.028405 3.638475 3.119271 43.492659
89047608162.426712 17.802593 0.987249 0.011694 2.170790 4.142057 89.619268
16831173190.209375 37.406868 0.270579 0.268071 2.603203 4.375882 64.266070
18064355722.958752 27.495233 0.166945 0.186445 3.670511 3.900094 59.737211
107423306353.752930 47.777471 0.570927 2.763170 1.318568 3.093652 129.201802
15409495692.618601 35.251307 0.696613 0.180834 2.101536 4.636489 61.225368
8141079831.427733 39.967855 0.143498 0.081017 8.986376 4.280925 51.542707
60734475758.183731 17.994363 0.018173 0.189249 3.721030 4.889184 79.119712
8866107357.127398 40.522047 0.103274 4.904380 6.095350 3.861507 53.268464
76896419306.059341 22.815308 0.641189 0.062439 1.708008 3.226823 91.564872
9260094953.103525 36.690484 0.146624 0.103596 2.149305 4.613945 52.333158
10015876021.984119 41.602130 0.268482 0.018160 4.599016 4.101948 55.958223
10202216715.092487 44.779826 0.579202 0.061314 5.791188 4.195681 57.687710
10472546195.142990 43.495736 0.953692 0.072628 15.444630 4.253235 57.634783
136452999725.960541 21.103514 0.801203 0.224258 5.460633 4.910078 108.376833
12712839906.994272 35.609844 0.351500 0.073878 8.779164 3.914323 57.608660
61327735675.227959 23.793881 0.813967 0.011715 14.234997 4.359034 85.968929
49004631953.686577 48.121080 0.232352 6.624232 1.007183 4.668078 99.699116
34232972198.655403 23.792693 0.608347 0.053329 13.356249 3.064586 70.783331
7886534955.242118 45.905697 0.886446 0.051969 1.376366 3.463079 53.382580
70758156684.672379 17.693218 0.664521 0.063412 5.515853 3.213153 82.867761
4333628266.914776 45.676060 0.605269 0.015818 16.079731 4.465427 43.651197
16963610687.114534 43.966697 0.609826 0.257290 1.306607 4.202232 67.928726
3549398729.977072 47.426955 0.339197 0.032760 6.943628 3.594370 41.357078
12592583231.841240 31.841710 0.053405 0.345710 16.988849 4.371631 55.427077
51142538813.508873 38.152203 0.184208 6.389140 3.558173 3.239772 93.678527
46213315080.284218 27.383190 0.521183 0.015736 6.606467 4.513990 81.599256
10763196417.298716 33.458160 0.064783 0.193148 1.639314 4.218155 53.428539
14412906166.806950 36.593162 0.398053 0.172698 3.614029 4.482989 60.597043
48459849844.885117 31.557470 0.997721 0.073819 2.999449 3.807048 86.614514
16818175125.155508 33.423051 0.049806 0.103774 3.558781 4.027115 61.978568
34796553473.107452 30.652534 0.013406 2.386451 2.203594 4.886979 76.859275
27758418359.253151 23.539472 0.001551 0.024394 5.044519 3.863661 65.797579
9344863960.268682 35.406170 0.081440 0.026939 13.100609 4.812656 51.896080
26431924910.866425 48.265572 0.357154 1.539816 1.567202 4.415870 81.237889
179026167273.049957 31.117498 0.205278 5.589270 1.976458 3.691097 133.309795
7243871195.539024 48.089122 0.664881 0.093161 7.322929 4.498554 52.703455
8640219757.249409 47.215403 0.321382 0.689657 13.275211 3.884004 55.550794
4358873531.140170 44.156045 0.966349 0.175784 10.597370 3.952894 43.247072
18706031131.035027 38.054237 0.195876 1.033677 19.801739 3.898714 66.938886
5590516439.243078 41.494980 0.637274 0.090027 6.305773 4.726523 46.034567
8883481626.522440 33.824703 0.885647 0.082715 10.033830 4.651703 50.290545
21801165918.400372 34.076361 0.327454 0.051784 1.113923 4.701924 67.994430
8833335980.625841 40.052618 0.856768 0.019747 12.785889 3.650306 53.000698
88923200679.552475 18.679707 0.361433 0.010013 4.351360 4.045351 90.775762
28009532980.491302 29.587830 0.041939 0.203862 9.803517 3.227461 70.716560
69773618627.034088 20.646854 0.753445 0.019026 11.683035 3.065035 86.122925
21620579521.190842 32.845132 0.731757 0.013270 11.896681 3.119921 67.021038
7008206816.212485 35.107941 0.910987 0.084228 2.075057 3.555779 47.022507
29712844284.154003 40.957292 0.306883 4.660832 4.297890 3.315081 79.994185
10325722987.546139 44.915245 0.734115 0.104749 3.223539 3.511511 57.977649
12297137194.933659 34.318268 0.023665 0.103367 10.862113 4.278761 56.306369
24149316423.001873 38.208055 0.457225 0.492987 1.888993 4.997520 72.982697
8339276926.678287 38.457972 0.117039 0.613727 12.455824 4.924094 51.311141
22665743100.940704 24.164754 0.387311 0.171439 1.293377 4.630569 61.977456
24308727511.993259 39.556604 0.110982 5.011606 4.470031 4.457313 73.971347
11097608000.041443 32.136332 0.323111 0.027887 2.046021 4.554907 53.294508
9665129603.710918 42.576966 0.546081 0.206717 10.171398 3.599995 55.719967
17196603910.602741 31.124780 0.120071 0.199937 2.028621 4.808936 61.057055
106425402888.097977 18.892669 0.575265 0.105583 1.792825 4.894496 96.683287
4058905015.094881 48.833272 0.625871 0.047049 3.148180 4.279754 43.674094
9030622552.205238 36.587859 0.919616 0.060045 2.373907 3.592484 51.850535
6607299059.667033 38.140701 0.579511 0.060241 10.555424 3.015914 47.352716
11950217445.055420 31.575891 0.029480 3.314699 5.614538 4.848532 54.325194
37414653014.892258 19.357605 0.766879 0.018087 5.451409 4.776275 68.702448
131335204141.930252 15.177120 0.466971 0.089031 1.097779 3.910835 97.741509
4533363631.209459 47.663900 0.728903 0.073048 4.835505 3.994174 44.946550
15688402862.656776 30.948817 0.441014 0.100253 1.712831 4.798151 59.112494
65481382374.380600 26.098805 0.616426 0.168753 1.635815 4.818792 90.326310
9440829439.765705 32.659758 0.226880 0.050512 16.222816 4.244767 50.755581
217447338060.516357 16.453270 0.336890 0.057011 2.635962 4.751998 118.129215
37363086551.978043 23.580551 0.269278 0.120074 5.057260 4.821945 72.685725
17463214443.324749 32.067995 0.427322 0.162659 7.385529 3.319125 61.947482
12171821605.302439 46.036627 0.464352 1.191329 1.683956 3.016813 61.749690
48774738813.706329 31.082887 0.342801 0.183181 3.889266 3.611039 86.391420
6728479026.891771 41.188267 0.226772 0.012899 1.290378 3.070438 48.848280
10713964807.032797 41.193603 0.905394 0.244953 3.449099 3.106271 57.044286
13920867882.542965 41.962469 0.228487 0.834560 2.562742 3.812604 62.625778
41866435993.748688 28.610750 0.016025 0.024321 8.099461 4.242916 80.022456
7185888427.113274 34.588973 0.940929 0.016358 1.902667 4.506943 47.192022
11347681498.713526 36.026058 0.170782 0.269788 8.163315 4.865692 55.674844
8333741969.640925 43.343378 0.015120 0.097935 15.534024 4.830595 53.347058
50124442782.943039 21.554753 0.953492 0.011269 10.520838 4.705975 78.091473
13100764448.860666 32.077717 0.124311 0.016123 9.635162 4.063196 56.293185
33360954085.095474 30.457247 0.799846 0.022881 1.033413 4.061269 75.636801
293738671511.836304 14.728008 0.991908 0.024845 16.157532 3.280188 126.826695
6545179671.028561 47.457411 0.755082 0.343648 6.668595 4.375177 50.726171
11018456934.329668 37.792541 0.279233 0.081330 2.330123 3.448013 55.987239
5858949990.209749 37.061294 0.822492 0.043081 12.627801 3.352311 45.073095
282035262490.052063 13.827004 0.735046 0.046172 2.020400 4.585054 123.111804
19760353749.203434 43.774449 0.303243 1.100756 1.648187 3.573463 71.370034
71581187187.980988 27.147168 0.375102 0.151989 1.887958 4.625194 94.164285
5890430335.542450 47.205387 0.089081 0.078678 11.022382 4.448040 48.887766
54691536102.104187 41.390041 0.653930 0.586017 1.294931 3.275696 98.373793
4758212382.256739 46.947567 0.085713 0.144948 10.414575 4.998880 45.446868
29058896377.572838 37.477421 0.225132 2.750687 1.252472 4.218303 77.143746
24142342914.018112 31.706136 0.988106 0.136371 1.262669 3.308098 68.764222
7087227460.057557 47.516882 0.439175 0.461890 2.955656 3.103421 52.111360
14975652388.921053 27.996436 0.516873 0.069388 1.092242 4.435629 56.428049
18613601742.179276 44.951414 0.213173 2.358520 18.114021 3.106853 70.579731
7464964023.020177 37.861886 0.883552 0.013127 6.606715 4.078378 49.201920
10091312326.756947 41.199622 0.843558 0.032913 3.490194 4.925825 55.919775
8668711972.004568 44.019888 0.906631 0.087543 3.427244 3.755590 54.329958
14576251442.949644 22.789597 0.665078 0.069014 8.548216 3.165150 52.581409
142424300280.769226 17.389871 0.011126 0.038522 2.160285 4.340788 104.136342
12843258574.096464 27.569734 0.502603 0.036656 4.327920 4.352267 53.360614
25551346503.113689 27.753236 0.899666 0.022502 1.845149 3.999984 67.248029
18251385078.392578 34.305498 0.342744 0.054003 9.316283 3.136945 64.219967
7254080918.083192 44.776337 0.852566 0.090997 4.436681 4.250378 51.487446
22810417428.979481 40.307742 0.138635 1.936460 12.177058 4.624227 72.864813
5900247655.754292 46.458793 0.750094 0.012808 2.597185 4.818869 48.655094
16214771942.833677 30.225509 0.548667 0.022036 12.382928 3.199794 59.327994
86123862273.462616 17.585940 0.247058 0.031072 1.184747 4.865514 88.330693
27625347677.131958 26.694453 0.982991 0.031117 8.931172 4.897108 68.208648
36017251651.109581 26.905023 0.009040 2.512516 1.012722 4.568146 74.692149
9743466903.283665 34.839196 0.006412 0.261365 1.238429 4.440727 52.353232
8702339935.745159 41.385305 0.727874 0.097933 9.539235 4.950523 53.305059
13595141073.935858 34.042862 0.632898 0.033551 15.475924 4.239134 58.072749
31980900768.001480 23.265839 0.666079 0.012441 2.400293 4.863553 68.740722
8589177610.336390 45.376874 0.697558 0.308801 1.275632 3.058195 54.711665
18194636685.751556 31.053543 0.267110 1.115855 1.219400 4.089361 62.171598
49692106919.778160 24.907979 0.863955 0.091974 6.751042 3.789977 81.243084
18030528558.204483 31.476062 0.425199 0.050535 11.216303 4.946105 62.246504
8301796495.464573 40.566263 0.141249 0.855045 6.028997 3.259442 52.132037
9540735042.509996 39.647529 0.355483 0.334810 6.697836 4.543748 54.199439
4516998599.111219 44.848901 0.192166 0.029281 10.045382 3.876453 43.990338
5904834360.244781 42.895760 0.740588 0.054417 6.308699 4.040822 47.396384
142931323887.014954 16.991588 0.440330 0.070871 3.002904 4.929833 103.605525
79912154425.894638 19.912758 0.792238 0.020181 1.905575 4.318598 89.184727
7444727866.720533 49.205473 0.157984 0.796174 10.671369 3.986114 53.597681
4863600545.266340 37.506912 0.013844 3.751748 5.114269 3.203608 42.524307
20431239550.458897 45.405724 0.720553 0.375065 13.047782 4.523233 73.049868
309591722972.646606 21.719913 0.600802 1.269449 5.465545 4.461278 143.595626
5659686561.417323 41.111013 0.302743 0.015744 1.283869 3.694297 46.082987
25555076771.369202 23.140357 0.663365 0.027644 4.664531 4.647511 63.687332
14989748451.563667 48.245126 0.468623 0.895502 1.562667 3.297214 67.233453
40273062240.104149 27.662771 0.740440 0.116573 7.926308 3.228428 78.183236
4331534922.222634 43.434563 0.006382 0.348568 13.005090 4.278937 42.921927
11310328267.756092 39.306360 0.065791 8.091275 5.601280 3.528507 57.201081
12225275221.346869 35.400509 0.038787 0.221953 6.340565 3.814061 56.755451
9502545974.953815 37.909289 0.328900 0.040677 1.346981 4.210128 53.345177
21388153423.009926 28.295479 0.745390 0.016176 4.982799 3.429572 63.753498
13499642831.871220 34.791802 0.613625 0.019994 16.514182 3.345323 58.338867
26902106079.748985 27.526997 0.647610 0.140217 3.535361 4.862440 68.242103
6930269533.570891 35.597907 0.992982 0.083265 1.683884 4.135578 47.055497
18201675417.020462 28.864406 0.957039 0.038598 15.457074 3.965842 60.786324
41805071859.827499 25.158307 0.451347 0.036056 2.503116 4.776978 76.924478
3691049193.706850 48.717448 0.206111 0.036394 3.859395 3.278479 42.278967
18484567428.681839 41.270703 0.550797 0.370950 10.106070 3.173543 68.459123
43103238405.186752 20.248029 0.053458 0.030393 1.828895 4.068182 72.942181
37229003503.384239 24.043258 0.621469 0.031572 8.236330 3.868006 73.016715
8628382013.635038 35.863791 0.650422 0.077901 19.407212 3.784843 50.742450
25898539811.905865 45.757506 0.940841 0.437268 18.193310 3.474719 79.261375
67184376038.647606 16.117225 0.584064 0.025028 5.889333 3.956004 79.420524
261539801492.979065 19.496448 0.472766 0.506812 2.959894 4.298958 131.626502
250592629941.908142 17.607578 0.493217 0.097883 3.640220 4.871813 126.145756
183500086660.216675 17.705335 0.945217 0.031606 5.156795 3.935514 113.872883
52574327622.565300 32.764218 0.430725 0.637874 1.100477 4.565308 90.055200
20032862315.287247 24.129850 0.408839 0.066810 12.164486 3.204027 59.452760
90689005681.486160 22.738999 0.396726 0.043306 15.510876 4.129315 96.646517
86631181482.530029 18.969888 0.348664 0.010672 4.358019 4.063472 90.376506
9935103351.917921 37.006862 0.964422 0.113535 4.032157 3.475563 53.723295
106346415073.662552 28.535152 0.193959 0.988628 19.373489 3.573303 109.096596
15653037035.788815 41.775135 0.845722 0.116496 1.222735 4.215266 65.026770
17431835119.222786 36.392704 0.254587 0.186989 5.580996 4.801619 64.448889
11818331679.947563 42.799487 0.913078 0.106370 1.346261 3.295089 59.686068
97702945289.333038 28.736806 0.809583 0.423198 2.727337 4.700580 106.286798
10793269531.792171 36.924944 0.874067 0.042822 3.202726 4.065164 55.188207
197556072177.479340 16.647790 0.062000 3.122075 1.079032 3.304873 114.773271
7347875948.012500 36.548131 0.959713 0.089723 19.466855 3.886398 48.389333
9097086957.400974 39.522420 0.369332 0.013838 11.480315 3.931605 53.291097
3732696787.911260 49.797077 0.726895 0.241776 1.179573 3.401996 42.751522
3966966756.445966 43.197201 0.364795 0.020729 5.753744 4.632651 41.606917
29930967915.764542 26.267735 0.585949 0.010835 3.600456 4.346117 69.715170
55483431123.940193 27.671651 0.150399 0.030381 15.653235 3.488124 87.003970
27585025188.201443 24.569089 0.969946 0.010593 1.645486 4.297832 66.498018
8240305885.696794 47.493952 0.519147 0.042435 1.015498 3.668012 54.787888
16514321062.834330 35.525444 0.122262 3.473138 2.418648 4.366740 62.810291
11032760842.999317 36.949505 0.002231 0.105696 16.348109 4.609005 55.605317
30344166732.866516 27.267653 0.983949 0.027080 1.494962 3.804661 70.832067
12785652489.068501 49.789883 0.394210 1.429077 4.805243 3.685800 64.441232
5502089118.699905 49.112613 0.707078 0.119059 1.717622 4.155580 48.427975
15178469798.330933 27.904692 0.516136 0.071928 1.464949 4.145254 56.624776
12834507672.990030 44.336851 0.696161 0.340562 1.389178 3.754204 62.069699
10315933364.598825 44.344417 0.069692 3.338010 4.249529 4.936999 57.713928
6026322208.379579 41.355013 0.940210 0.076880 7.171338 4.464885 47.148685
9502545974.953815 37.909289 0.328900 0.040677 1.346981 4.210128 53.345177
10141104820.465382 46.056652 0.128936 0.096130 1.378716 4.301224 58.113132
19453678585.369724 49.957446 0.213024 3.518867 12.229427 3.972865 74.201938
26201010203.545513 30.290219 0.068569 0.076379 2.718728 3.711354 69.665419
14938889384.034988 35.519286 0.128805 8.389909 9.512974 4.748577 60.742490
15565583379.686174 32.599935 0.787298 0.110860 1.117564 3.662096 59.926378
24738607124.085243 28.493282 0.983649 0.046928 1.645340 4.741853 67.065554
45278816362.595940 27.368621 0.069551 0.794190 8.479203 4.123344 81.032355
4185888715.921537 47.980411 0.817380 0.131494 1.619979 4.971081 43.864703
6238822790.459359 42.955359 0.690093 0.033686 1.092808 3.088923 48.295764
9708019918.262163 40.495552 0.822044 0.132832 7.032484 3.084018 54.892106
35748339441.363060 22.993239 0.865314 0.033358 1.164263 4.149796 71.094085
32698763269.027012 27.622904 0.070618 0.030563 3.706879 3.801716 72.905689
29372436562.618877 20.956786 0.490684 0.107548 5.017115 3.213681 64.821566
11004279675.883137 36.741055 0.054085 1.686805 1.068123 4.828389 55.456365
5101846594.710733 43.190437 0.772496 0.011502 2.458223 4.931895 45.244525
9844787084.776886 47.486213 0.126425 0.016447 12.436266 3.149067 58.131991
279927706201.532837 17.661210 0.738502 0.068707 1.065132 4.473427 130.996597
4531230423.454846 46.401137 0.767189 0.184339 2.999262 4.742971 44.537963
7359638576.658691 45.610272 0.258859 0.519642 3.212826 4.478772 52.054238
14532604322.238377 49.447162 0.257338 0.832191 2.354726 3.971095 67.095543
6789947540.903440 39.656731 0.066563 0.223162 2.390078 3.242680 48.393736
28807481782.138454 47.208547 0.227799 6.916294 1.417723 4.941634 82.984314
33624175559.548462 26.119167 0.861742 0.010264 8.932297 4.193585 72.348189
5647560526.147054 44.098160 0.483056 0.035048 1.931873 3.235964 47.126327
12256233384.175827 44.092775 0.430674 0.304762 8.811710 3.678292 61.011458
12178205942.638515 37.063088 0.628120 0.036551 3.695463 4.135249 57.523504
4273362621.480902 43.016786 0.049874 0.050716 10.241329 4.746802 42.592793
9157527896.078026 44.774249 0.830660 0.155515 9.273249 4.796465 55.645056
82495772525.965881 23.139688 0.617353 0.184581 7.975990 4.382946 94.124107
22139881989.842861 25.104709 0.494162 0.060775 1.898448 3.361984 62.197035
124485844492.303894 19.012677 0.833508 0.035950 12.263368 3.296859 102.049491
5577182104.613895 45.109160 0.095902 0.959402 19.555357 3.502309 47.283921
7336189995.176147 42.691226 0.379702 0.029378 4.984100 4.202932 50.872365
24700778701.659943 28.178394 0.758037 0.118663 6.807577 3.205717 66.803304
35399400962.294930 34.681473 0.484820 1.168789 3.883988 4.963890 80.366750
14250731367.203869 36.397521 0.405444 0.069584 1.522592 4.768338 60.265011
22356604347.302490 27.928197 0.744328 0.016672 4.341149 3.425077 64.443272
7102251030.572718 44.115363 0.362507 0.217033 1.382713 4.645527 50.874254
34118940435.923271 33.641063 0.271422 2.718508 1.259746 4.599891 78.621457
7285348045.883857 39.774305 0.112128 0.187720 2.004869 3.839515 49.590978
24359347415.506985 28.937790 0.855970 0.191812 3.176184 3.466961 67.039405
4125612566.666430 48.069216 0.047559 3.203073 14.699014 3.031274 43.680208
35252999938.869041 33.191707 0.548302 0.174130 2.487338 3.229502 79.145586
22296037215.255386 38.218881 0.138769 2.513544 3.439417 4.435146 71.072353
18234132806.643883 38.229253 0.445241 0.029914 4.857756 4.883747 66.469845
14479698502.536650 34.803937 0.503262 0.236536 14.106741 3.914283 59.724429
9944158621.358150 43.089344 0.086840 0.600000 18.580026 4.505355 56.473370
12445981918.404669 34.055643 0.635584 0.126700 15.765703 3.881251 56.394830
13103529684.463980 35.100104 0.049017 1.104806 12.353237 3.036738 57.925346
9461015228.391315 29.913213 0.685413 0.217195 6.780751 4.987488 49.416177
7300221190.106153 48.737076 0.013011 6.364176 1.812370 3.029541 53.077672
15191170396.426203 27.841359 0.188547 0.034747 2.372545 3.865167 56.601242
60783225073.943687 22.903512 0.376091 0.202245 5.428682 4.030738 84.757591
3506466274.593634 49.136354 0.566661 0.080043 7.205693 3.993784 41.681908
9675527027.082804 39.342192 0.950026 0.043129 6.120454 4.573008 54.316624
13270363563.054338 44.741617 0.856169 0.074283 3.125604 3.466546 62.953956
46569743971.693222 19.620578 0.234114 0.010490 4.989505 4.876264 74.183643
4835207125.140856 46.708341 0.295377 0.038842 16.152854 3.658101 45.612781
18929638464.029758 45.134124 0.243322 1.215301 7.801989 4.337166 71.072645
11410542450.655684 47.097524 0.128576 6.440972 5.035857 4.271809 60.895855
4283009810.857779 45.163495 0.934482 0.091173 1.546553 3.771438 43.317689
38701202576.779129 28.922886 0.940365 0.028189 14.164856 3.820685 78.213344
7206921378.903728 43.017309 0.935205 0.097006 1.525030 3.310821 50.698822
187488807996.445068 17.237182 0.717693 0.049448 1.475634 4.576107 113.856187
32234765837.691612 34.672885 0.460345 0.658118 10.550150 3.625678 77.890595
7753460262.029716 43.459487 0.700727 0.050267 7.750688 4.933822 52.125005
26324880129.995728 34.715837 0.666990 0.477499 4.463887 3.178547 72.834460
30276871394.870983 24.362250 0.066355 0.319117 1.092548 4.054775 68.422097
6555089610.307734 47.429910 0.569063 0.117027 6.251254 4.334153 50.741914
55353142885.013382 23.150478 0.836048 0.033745 6.893589 3.551063 82.413274
13154012124.961300 35.422559 0.877530 0.106072 2.666177 3.766463 58.169306
308233106935.715881 23.647567 0.657360 0.756138 2.055415 4.295994 146.991243
11340015299.036102 36.823116 0.072733 0.070453 8.189356 3.644114 56.054929
6395532182.600010 43.254615 0.306794 0.031549 5.772843 4.762529 48.808488
9192196604.892307 37.058120 0.999103 0.074665 2.969779 3.428877 52.372733
5550161741.611149 43.352220 0.456557 0.040293 1.671480 3.218019 46.590237
8787859134.375008 36.567266 0.543572 0.054751 4.791071 4.879753 51.372391
21725023781.855419 30.328440 0.475715 0.035823 3.127981 4.916623 65.473894
43034975442.414276 37.220349 0.587410 0.730860 2.183048 3.887829 87.737246
36090588970.435539 26.943650 0.914139 0.016909 1.575030 4.002195 74.775359
24730948216.421040 46.164022 0.731165 0.455038 5.250367 3.271093 78.282231
4605230159.505961 48.941815 0.002826 0.148533 6.013114 4.935104 45.585720
13956431068.674639 33.329187 0.729198 0.074929 1.672081 3.843750 58.190711
82575440029.262207 19.614939 0.720043 0.027120 2.313043 4.568895 89.781873
24376368059.864578 22.519059 0.974028 0.042763 4.898090 4.984006 62.195418
15189596407.978584 34.476767 0.097855 0.167746 6.280581 4.019080 60.502696
22403536368.533699 33.529561 0.007604 0.028872 5.790449 4.998481 68.263958
6382386669.710750 47.829811 0.188215 0.052051 2.223929 4.060733 50.433924
18059323764.029915 33.677033 0.691253 0.020779 2.652277 4.122194 63.619479
12328259083.412251 42.957160 0.932189 0.410521 2.620296 4.563460 60.605878
11652349982.451035 48.081784 0.064850 8.677468 1.496199 4.405654 61.749170
4576552165.879536 36.608052 0.030160 0.024253 13.238234 3.151086 41.346350
31321701871.885719 21.996283 0.055284 0.189122 3.250147 4.526208 67.155791
57067819057.563141 29.920403 0.591400 0.435562 3.806228 4.997993 89.960669
5395869161.343447 46.206663 0.257452 0.064003 1.028043 3.950181 47.141539
27299535000.017315 28.991768 0.369275 0.356535 15.434652 3.697112 69.674838
34019966388.469669 31.277136 0.160430 3.798181 1.613424 4.770552 76.764815
6547030303.927015 39.938720 0.090145 0.051619 1.955474 3.665048 47.920137
3986291948.090775 47.792260 0.977215 0.057032 15.310008 3.223022 43.099325
69210902669.494690 23.610483 0.162840 0.060883 1.014655 4.579878 89.300829
59968490913.363640 24.267178 0.175547 0.011991 2.623764 3.627704 85.828125
10780169346.127577 32.895179 0.012210 8.761164 5.403353 4.750623 53.170716
4456070802.401733 37.346821 0.103823 0.107836 16.813003 4.765093 41.244802
12014017044.074692 42.088167 0.402159 0.245442 10.147742 3.650803 59.683476
17346470196.885784 44.066838 0.663265 0.450791 13.073653 3.090559 68.487527
28829768133.589531 29.296898 0.161809 0.213218 1.393138 4.177568 71.182540
6565340757.684663 39.820524 0.346695 0.151254 1.269808 3.398474 47.918444
5473315447.471334 43.653770 0.752182 0.017326 2.485477 3.578881 46.480559
8075964372.346134 39.071439 0.290078 0.035654 7.571880 4.610511 51.026709
7154686705.714568 43.013596 0.769044 0.031036 5.912030 3.362410 50.574599
74133351744.897293 36.022863 0.352606 3.886344 2.413225 4.269839 104.075576
8959664342.856510 43.963318 0.425926 0.475019 1.018526 4.784738 54.907740
25828203452.181862 27.183785 0.959564 0.036666 1.393518 4.759931 67.065006
39885082166.779404 26.862050 0.773250 0.087866 5.076248 4.871260 77.237993
26330366711.660809 30.516087 0.457676 0.033670 13.732855 4.990242 69.941251
14944042099.596037 36.340601 0.013130 3.087516 5.670261 4.430382 61.196129
7707624083.969838 42.398076 0.314441 0.060869 2.858535 4.191975 51.599604
40015171945.859543 26.777633 0.826084 0.197826 4.841319 4.916979 77.248111
54023854026.851234 30.797905 0.200320 2.470604 14.769835 4.839783 89.129110
23156568670.573090 39.487211 0.957749 0.071049 1.478774 4.885357 72.742118
125416708678.004547 14.694577 0.916571 0.020635 4.324659 3.791117 95.445021
14789436456.521793 35.752950 0.091744 4.798532 3.533012 4.160166 60.666411
17747614837.779324 33.515819 0.332260 0.064880 3.687284 4.731838 63.155267
6334199134.485764 40.300327 0.832660 0.010216 12.329090 3.278671 47.534755
9147175246.839380 40.906007 0.267827 0.195474 3.159389 3.820504 53.991808
5452727042.016569 42.506178 0.902416 0.047497 6.852769 4.255800 46.015931
28840542545.077137 33.920670 0.594570 0.257350 2.641227 4.767378 74.533243
25754990993.995842 44.560982 0.145526 5.984658 1.388664 4.661908 78.421119
21568027782.857788 25.583998 0.328368 0.018557 8.659226 4.193920 62.007192
16706336883.693098 32.800501 0.483194 0.062040 19.183377 3.064738 61.474669
10628459489.943371 34.632345 0.072788 0.557468 18.213080 3.098167 53.790447
19667044676.005508 37.010054 0.901760 0.104710 1.071304 4.210701 67.457506
45777633568.167305 40.045946 0.306582 2.604972 12.900448 4.889520 91.713692
89481907030.383621 21.508474 0.460521 0.014666 1.481582 4.811305 94.673733
21359318591.918198 34.866746 0.542980 0.268543 1.076242 4.886706 68.026412
10482431761.932587 42.677609 0.406777 0.078403 4.284900 4.822307 57.292807
4904895830.290523 46.362077 0.243289 0.010268 10.048682 4.677140 45.717192
27180624672.311527 32.528303 0.631466 0.208485 10.711157 3.587307 72.113266
7282780437.857121 45.009027 0.045871 2.667931 1.636302 3.594573 51.644056
89627348867.088577 23.347297 0.826298 0.012554 3.636994 3.335544 97.016069
53809737918.817711 27.250971 0.073492 7.898388 1.715138 3.844264 85.719100
11426190565.779556 31.594019 0.163486 0.171873 3.799796 3.727013 53.528848
73260616620.933731 22.662760 0.632680 0.011833 1.769952 4.989842 89.921862
7588858567.557778 46.758685 0.301451 0.011662 5.420599 3.940728 53.026943
37963530581.571953 22.189980 0.333248 0.533626 1.167968 3.978013 71.784291
109905381844.169235 19.402872 0.414791 0.013482 1.550593 4.893814 98.457674
7467341929.623353 49.914233 0.819479 0.297395 7.761331 3.879440 53.910909
21677100315.766541 34.493619 0.317643 0.318074 4.966159 3.086949 68.128251
3543248824.969147 42.612044 0.038035 0.013228 4.643111 3.449162 39.889628
31114051417.061390 32.078629 0.652414 0.049514 2.752754 4.424806 75.106871
25052595160.714455 23.483899 0.944300 0.139952 3.056170 3.586341 63.541893
17749308723.357147 45.851239 0.201110 2.679684 11.239896 4.319968 69.929367
14043068599.514555 29.518948 0.585900 0.080706 17.525296 3.345491 56.138417
48026038923.304184 15.460640 0.590286 0.184922 3.933876 3.407309 70.234843
16225627126.676777 32.649612 0.835342 0.025897 4.265393 3.316441 60.790875
14719257779.959087 29.035283 0.646468 0.037654 10.561171 4.451918 56.735325
33051859377.116364 25.697303 0.887601 0.236260 18.855674 3.995986 71.583617
3157808582.024718 49.635656 0.941713 0.060132 3.135846 3.807387 40.389104
11171464351.479290 31.252195 0.127929 0.069745 11.465135 3.441971 52.947565
15526582994.220947 28.132954 0.509763 0.033653 3.199915 4.248477 57.196794
31376425487.486145 41.508252 0.430120 1.092708 4.461843 3.558373 81.817614
6067407767.020485 35.424492 0.447737 0.075954 12.931543 4.674454 44.945178
11998609412.138636 31.180822 0.168381 0.082834 1.179540 3.893584 54.184612
22399710974.719368 32.237477 0.099091 0.099561 3.416343 4.069895 67.419009
226369449341.242950 14.141166 0.225068 0.010345 2.061214 3.899968 115.067869
7044978293.046134 41.071961 0.034770 5.772335 5.761986 3.726077 49.556564
23233071077.340523 29.456845 0.560514 0.015468 5.715381 4.819463 66.352759
5262511213.543947 41.959626 0.569871 0.117269 13.875736 4.387613 45.281316
10937004711.770378 32.844237 0.801674 0.069141 15.421489 3.388001 53.401211
6996104904.482482 37.191623 0.738507 0.014470 1.115545 4.137824 47.872653
8638168846.949102 38.129775 0.703413 0.050124 2.159367 3.563179 51.773063
13214246830.405970 38.175453 0.447152 0.024044 9.530162 4.576125 59.677746
16735717176.553316 48.270420 0.392301 0.442201 5.097517 4.065567 69.760853
4111959515.329801 48.304920 0.454171 0.013527 4.995954 4.492472 43.703618
8185199841.028945 36.446229 0.783070 0.102028 12.704750 3.453498 50.116704
8384640291.156892 46.597949 0.388038 0.903679 1.341112 4.335417 54.756190
4803598667.630520 46.634451 0.328739 0.012876 1.736633 3.468574 45.489117
15864403597.659975 34.719549 0.911091 0.018916 1.262338 3.256115 61.522997
8009951563.137942 37.284477 0.999693 0.063993 2.425765 3.434991 50.121934
133616657279.872772 18.242432 0.817744 0.014441 1.360257 4.294616 103.291940
164812426953.099518 14.274578 0.729241 0.049470 2.138044 4.592259 103.765953
29531732104.204277 29.871617 0.211229 0.511896 3.134568 3.636036 72.188095
12988524823.209679 35.047010 0.666183 0.160121 2.247128 4.640549 57.727489
6939886712.844951 48.408491 0.918816 0.010897 3.851424 4.752571 52.071179
13295980470.821129 30.355111 0.713135 0.095373 3.517926 3.929513 55.604106
17431835119.222786 36.392704 0.254587 0.186989 5.580996 4.801619 64.448889
3657910896.494900 47.627576 0.036785 0.234397 11.351250 4.893237 41.833385
22528545437.954578 38.109816 0.209107 0.291432 15.774810 4.328473 71.252606
10886900342.736385 33.369592 0.683479 0.058114 15.678104 3.707757 53.587486
18062935019.616798 42.837989 0.359444 0.256097 1.677917 3.740886 68.772122
15420494391.804611 30.165991 0.166677 0.038142 6.595187 3.706938 58.307309
25798249423.531200 47.586913 0.253901 1.826115 7.556751 4.974493 80.201871
32764030305.627258 29.791777 0.871052 0.023923 4.412295 4.126949 74.669223
7601868386.779763 40.674460 0.571333 0.152661 5.044658 3.851259 50.667837
62713862720.603806 25.318990 0.643756 0.048039 2.462580 4.187981 88.227449
59511394528.616386 20.187745 0.984675 0.040071 2.403052 4.022000 81.153582
15963835911.840302 31.093491 0.430843 0.016740 6.612311 4.887202 59.543035
10366757572.644987 35.240172 0.967287 0.012860 1.281269 4.284385 53.642097
30179262951.480003 32.627127 0.777326 0.248859 5.432723 3.216608 74.744603
6843618312.723648 46.765380 0.414164 0.326136 12.851164 4.699250 51.233473
13379092651.246048 48.312794 0.617343 0.462482 1.516557 3.892647 64.764013
15230493251.963308 28.003555 0.509445 0.033639 3.206583 4.246219 56.750743
11752160513.824167 37.243981 0.621831 0.076916 12.508393 4.174386 56.933985
15767531466.393068 37.742977 0.304125 0.011854 1.985844 3.989831 63.064629
59968490913.363640 24.267178 0.175547 0.011991 2.623764 3.627704 85.828125
29661316097.083614 45.952252 0.477223 2.288670 1.241483 4.365808 83.045149
5594263367.728788 35.996744 0.033503 0.133202 10.346171 3.577099 43.970114
217226843999.131226 17.541805 0.617967 0.164073 1.978745 4.195946 120.155398
18373201258.996010 27.475292 0.380279 0.039383 4.684007 3.844220 60.062449
8628382013.635038 35.863791 0.650422 0.077901 19.407212 3.784843 50.742450
71748525530.805573 19.225033 0.515908 0.139082 14.290385 3.579176 85.190656
52863209648.736176 31.731161 0.290833 1.321738 1.033576 3.303199 89.315732
26514780041.931320 37.894583 0.267802 0.353726 10.120594 4.340244 75.091370
5832498592.489516 44.639225 0.455259 0.360545 10.110824 4.733963 47.828140
62850088273.141747 32.551340 0.790999 0.217705 4.482358 3.457565 95.380766
19549873256.285877 36.859350 0.981606 0.071095 3.576372 3.910403 67.234891
279697314492.399780 15.123418 0.548155 0.237167 1.240108 4.108335 125.635508
19324193482.738129 43.205213 0.188652 0.291486 12.322544 4.412708 70.535281
14945222549.643080 43.721383 0.212212 2.300223 2.160829 4.481754 64.999632
31866914250.120434 29.120369 0.661866 0.040850 1.455957 4.268450 73.462095
22878065312.971680 28.111558 0.064348 0.660705 11.792976 3.270032 65.070626
15357251844.744249 37.091277 0.080799 0.181887 4.889124 3.786982 62.162495
6940375909.685909 44.108319 0.730583 0.034059 1.058225 4.713392 50.482100
14166031097.790333 40.501275 0.026611 0.791247 15.726243 4.281477 62.263825
10150427978.979723 49.526897 0.671639 0.076030 6.915936 4.500088 59.562955
11837068715.354351 39.231341 0.580255 0.014002 5.386818 4.899597 58.039554
34506835334.217796 30.379732 0.096678 0.074327 1.117800 4.667890 76.432472
12312260714.082821 29.822934 0.547866 0.034885 2.922221 4.999900 53.900866
8878013113.449654 43.961645 0.178034 1.575764 1.119005 4.558805 54.739746
114775092295.385330 20.765126 0.197901 0.031458 4.306837 4.714017 101.830942
11310328267.756092 39.306360 0.065791 8.091275 5.601280 3.528507 57.201081
250561076565.124451 15.660198 0.635885 0.026419 1.498004 4.403808 122.226804
78857373644.693390 23.544691 0.587154 0.156274 1.243470 4.972296 93.193900
58570324477.716911 25.501514 0.071188 0.852231 12.307850 4.614590 86.425833
5769761659.470285 48.102252 0.871757 0.158841 1.746975 4.507408 48.858623
15052435966.317829 23.277951 0.024698 0.343100 3.756727 4.844219 53.479321
5072882593.848220 42.443102 0.367402 0.117536 3.277452 4.475485 44.899642
22557481291.594017 36.037309 0.129644 0.107707 1.751647 3.145688 70.010575
13893978856.793613 31.024254 0.961651 0.011290 18.861653 4.973882 56.810052
104219155156.351364 22.055426 0.397904 0.172295 6.950985 3.939975 100.335791
10493985122.371134 30.900530 0.031703 8.538460 5.744865 4.815665 51.671967
19054020292.502296 26.124057 0.446782 0.045653 2.533357 4.799680 59.872929
4701996292.570792 48.868003 0.496376 0.113412 4.218422 3.492161 45.879514
71405979420.911560 25.616035 0.708628 0.058455 3.271585 3.024973 92.451358
4200498925.447255 40.075783 0.616942 0.022497 4.065198 4.304522 41.376672
16859059304.990456 29.851670 0.034334 2.598028 2.004641 4.146519 59.872009
5030821867.195155 45.050220 0.904128 0.011271 4.590261 4.702160 45.666691
19245024318.601620 43.421850 0.217800 5.638454 1.163323 3.837664 70.555265
40270296732.998482 38.011284 0.300572 2.602051 1.460525 4.432225 86.401414
5924678384.059562 42.120135 0.149179 0.108526 7.753443 3.857213 47.165167
13774536009.525557 35.873971 0.967235 0.021099 1.426103 4.727518 59.309845
13882190384.373669 49.433727 0.195868 2.420648 1.799323 4.141826 66.073218
86492461779.627258 24.099572 0.761041 0.010630 1.496537 4.679671 96.773292
5500228953.117432 48.079277 0.174042 0.047561 4.971591 4.438808 48.077951
30314568566.700787 29.312478 0.131830 0.196672 2.373770 3.997311 72.396045
5647849306.632016 49.275949 0.774824 0.098806 1.052745 3.416576 48.906497
8688746664.485468 39.475125 0.603707 0.014530 1.140880 4.392403 52.461050
5505789536.880207 46.938725 0.015203 7.592574 4.139840 3.372949 47.709173
8762165966.472729 43.203424 0.543537 0.213209 12.998964 3.241890 54.188088
57964687002.666443 27.186914 0.477446 0.024850 9.166742 3.912603 87.808036
9969150509.136497 39.436012 0.592126 0.049144 6.535220 3.959419 54.903142
5689207260.922397 48.323837 0.346922 0.039259 13.546932 4.688082 48.705211
53969617171.972412 22.182095 0.921726 0.116333 4.547707 3.319566 80.707173
10128843391.755125 42.423969 0.575902 0.475086 3.918865 3.323819 56.530145
55817903871.195412 48.956596 0.998031 0.591099 13.455082 3.827745 104.724180
14807373444.617016 37.838740 0.511736 0.030322 3.731883 4.843522 61.808229
21083872125.967216 28.341577 0.550610 0.080072 19.961535 4.193443 63.481399
7733617949.969099 45.556584 0.769315 0.028193 1.770110 4.853612 52.900685
25799752550.784153 30.757588 0.419665 0.224666 6.932793 3.124196 69.638958
11208447443.717623 46.330405 0.531772 0.511437 11.774204 3.962752 60.203135
39352709047.489418 44.459177 0.457589 0.826844 1.262257 4.930950 90.255720
27841266210.054386 36.502971 0.137555 3.949871 1.290410 3.914596 75.408355
20729907043.373684 31.500855 0.149421 0.720834 6.098532 4.621288 65.225632
5677119399.636827 42.853638 0.109798 0.015829 1.442875 3.997783 46.763961
26071723366.902012 28.970076 0.835545 0.010288 15.488569 4.718872 68.598401
31894157331.706379 26.823175 0.972657 0.115145 4.551335 3.110344 71.659500
6209260031.808351 40.235250 0.203733 0.028685 19.769786 4.345666 47.195232
34160655110.679581 26.212000 0.883452 0.120275 1.024091 4.963985 72.808820
4401283734.784682 42.444550 0.392230 0.121890 3.967456 3.555440 42.824202
26274097198.686333 46.471024 0.463113 1.460399 14.851038 4.342227 80.054482
25663561156.143921 31.755582 0.103359 0.407394 17.216739 3.560072 70.213479
28161100471.701023 36.987372 0.337721 0.151864 1.325601 4.630854 76.017697
9504010323.338923 36.055190 0.213528 0.035318 3.476350 3.281437 52.493414
23690693975.912270 28.950515 0.803023 0.014287 5.740738 4.204174 66.429297
10368824819.069696 40.939110 0.505839 0.011951 1.282289 4.714042 56.310630
13483131313.344316 45.418236 0.472042 1.449938 6.502802 4.513231 63.604998
90031117949.782181 33.281335 0.408179 5.072144 2.477573 3.631054 108.275226
7927256755.072703 42.540583 0.087418 8.590333 1.034226 3.366420 52.142716
23135548488.066441 32.939221 0.117614 0.232855 1.255394 3.805339 68.613137
20906583671.225460 27.059585 0.616398 0.031653 4.615913 4.831104 62.414828
74425920729.940964 19.522542 0.017874 2.183798 4.682277 4.601186 86.610180
15309183091.463795 41.622835 0.845302 0.118050 1.232221 4.217225 64.469732
17290682881.733650 36.023429 0.450385 0.188107 11.519762 3.588777 64.064462
21214492185.649940 44.484019 0.818249 0.341239 1.056022 4.644992 73.469627
7219725787.768247 37.793880 0.896172 0.012651 6.616322 4.093324 48.628850
5016777552.717957 49.981254 0.609784 0.064967 7.241612 4.742474 47.238131
18576401485.809578 26.434569 0.375297 0.088179 19.366692 4.624058 59.580607
6637286219.000333 41.330623 0.158677 0.018493 4.850264 4.986446 48.681615
85500743528.743988 23.945875 0.023415 0.221769 4.842892 3.128937 96.219569
34028782899.435612 23.650935 0.861802 0.055625 5.680628 3.645536 70.517799
12246464044.471209 44.024682 0.183936 0.552231 8.878955 3.045662 60.964040
31484744378.114552 27.739906 0.519410 0.129122 1.431733 3.748623 72.084957
35964074800.025612 21.374139 0.473914 0.011644 1.430903 4.719600 69.741254
48771115916.371361 26.262520 0.119749 0.228346 1.821377 4.996009 82.031735
6177133604.276857 41.993505 0.588625 0.234931 11.549494 4.802359 47.778469
134478220181.364197 19.625471 0.613466 0.106825 1.377490 4.422108 105.646402
10085357275.594545 32.282265 0.893558 0.010315 1.068756 3.923193 51.695756
147890597274.135193 19.629680 0.712354 0.287696 1.088865 4.110224 109.054560
15394883312.769918 39.979822 0.853415 0.470517 1.546399 3.739402 63.744260
49048565367.298004 23.486684 0.084397 0.739540 1.105392 3.697734 79.493786
17051196887.020227 36.637919 0.143351 0.267967 5.363290 4.077841 64.114541
18257795828.434860 29.567749 0.829575 0.011669 1.139200 4.963600 61.302393
37011219601.640648 28.305401 0.718900 0.170785 7.916266 3.467436 76.548626
27929033843.431629 27.255074 0.840677 0.213427 3.303314 3.450445 68.891003
5472011134.713717 48.871979 0.573244 0.145603 2.522432 3.655180 48.259807
12676025986.803728 35.841977 0.624212 0.027058 1.260356 4.960532 57.672844
19435594930.939026 40.010836 0.225723 4.056014 3.642336 4.298177 68.911454
9430905628.253103 34.166567 0.507964 0.054120 18.594094 4.537561 51.467042
4756808244.805298 49.223652 0.486493 0.147889 11.780249 4.394445 46.169543
10233137224.436750 39.310009 0.171503 0.025967 10.899390 4.211853 55.325907
10161683176.609421 41.329562 0.064777 6.534726 1.205800 3.409398 56.107341
17282557478.077839 37.983124 0.730626 0.686009 1.881533 4.315880 65.156508
25543134063.108578 24.865928 0.075620 0.014486 8.231202 3.772043 65.047360
21978032625.954655 38.341120 0.888206 0.543862 17.957132 4.966176 70.806028
11256809224.553543 47.752734 0.301223 3.024309 1.582481 4.283215 60.902084
64786776534.185051 29.254723 0.848657 0.288808 4.682242 3.275924 93.195607
59118545729.351913 24.596890 0.972023 0.027937 1.264017 4.989816 85.763991
23680496331.861950 40.244962 0.171253 0.188800 6.187784 4.996382 73.742184
12194594657.862141 28.487892 0.443582 0.020301 11.333993 4.919810 52.975086
8595559426.591452 37.133153 0.947475 0.015516 11.882527 4.858651 51.247562
37759293440.081512 27.062205 0.702526 0.171665 1.125622 3.688870 76.011765
39715944929.586975 28.629136 0.162810 2.562835 7.289998 4.262526 78.643695
21700492388.599087 36.912107 0.437787 0.064860 5.676902 4.175264 69.647125
33115068504.482784 35.998369 0.190846 0.122380 2.696625 3.408489 79.541077
25429317046.223022 39.515168 0.110484 7.338935 2.355921 3.625870 75.065347
4714264847.894090 44.204057 0.878190 0.146321 8.000693 3.110733 44.407836
290109435241.978271 14.012525 0.175027 0.022392 2.066924 4.628578 124.697137
25914674586.767273 25.133751 0.085027 0.012882 1.792609 3.552179 65.570723
12986285744.576788 43.984774 0.518655 0.037018 6.352245 3.270544 62.149090
6557970420.081764 47.485010 0.798220 0.245758 1.393983 4.667774 50.769072
27901889861.092548 29.453818 0.145314 0.271853 1.508579 4.287984 70.526802
22465968426.651054 27.134259 0.912037 0.010749 17.596803 4.710761 63.983133
21007516529.409538 26.250989 0.845369 0.202099 5.208792 4.579976 61.943393
30662744595.198906 26.397435 0.836474 0.168748 1.245555 4.733726 70.383392
4481773445.228752 45.732376 0.902119 0.011511 4.949408 4.702861 44.161150
18248701194.021599 38.971575 0.079811 8.959459 6.194397 4.500984 66.903523
7340169692.928536 36.577457 0.253109 0.053356 1.732860 4.106549 48.384882
56050279667.945854 29.819500 0.371686 0.425763 1.429888 4.708538 89.329227
9039883801.279667 33.116693 0.442778 0.173595 2.365097 3.584977 50.246422
161968777965.316193 15.550785 0.481233 0.075736 2.494218 4.425360 105.487815
36310607407.947746 29.153360 0.695671 0.031218 8.494853 4.684375 76.756079
8933776737.893347 36.729582 0.521977 0.055925 1.662155 4.829681 51.728783
5389982608.932461 37.290398 0.130113 0.019298 4.861549 3.243960 43.924067
3527267031.832260 46.115556 0.101093 0.040140 2.236272 3.889441 40.886222
6407967918.775269 48.180369 0.278491 0.291027 7.187394 4.724892 50.625003
308453327322.115906 14.572020 0.752749 0.108781 1.870114 4.148389 128.555705
309311989532.375122 13.652263 0.501486 0.036426 1.224206 3.808164 126.551458
19511171078.785278 27.295492 0.890487 0.115423 4.068253 3.815916 61.155307
12052331629.385302 36.782535 0.165825 0.458378 5.332092 4.310425 57.184570
12681191381.439844 31.949730 0.108812 0.295520 12.845081 4.330379 55.615841
3715137661.927071 40.898602 0.561038 0.021450 4.650518 4.392406 39.982023
11870307480.210135 33.005185 0.294632 0.011101 3.418086 4.090491 54.963653
6136523450.204571 40.065178 0.079598 0.088137 1.176757 3.257151 46.945276
16588540183.040825 32.420078 0.187840 0.048409 15.926497 4.846286 61.104868
18199850556.014744 34.975284 0.937072 0.022571 3.973086 4.145499 64.555733
27315750778.543140 40.108486 0.339987 1.333931 3.907807 4.775864 77.251794
277859034166.564453 16.760891 0.086169 0.029491 1.639658 4.627678 128.828218
5850142415.917735 45.580148 0.278846 0.071917 19.575629 4.074888 48.209275
7462081040.555449 41.919087 0.473515 0.095088 1.034924 4.283777 50.855360
15187984386.834663 36.734032 0.104998 0.179508 1.951569 4.851345 61.740603
5296210994.751550 38.668402 0.135918 0.031018 4.006506 3.501855 44.183395
51670518194.161591 28.505483 0.108567 6.656898 1.920239 3.767857 85.739140
2601013412.557602 46.483820 0.172595 0.043492 5.536065 4.333017 37.036546
12143758815.654741 39.659065 0.484478 0.564722 19.682710 4.151792 58.743486
6389072824.756747 42.192411 0.874864 0.085583 1.177188 4.231617 48.393898
35339957901.795792 21.212200 0.972275 0.044554 7.238199 4.686378 69.183901
11367760526.684280 42.217365 0.066219 0.019874 2.679064 3.499135 58.652622
4506210158.634439 41.444974 0.508894 0.031206 3.205028 4.957639 42.825139
2675979247.608004 48.128985 0.707856 0.019067 18.058464 4.646513 37.826582
89987031036.086227 18.413070 0.490931 0.143277 4.062383 3.562902 90.773337
32503419825.586117 33.636287 0.056392 0.041313 1.592235 3.789971 77.356960
28752803938.093719 26.860701 0.801440 0.232718 6.286424 3.534169 69.254437
54461451241.752686 29.294278 0.624535 0.480315 17.224857 3.615531 87.992200
139386566984.912048 15.359724 0.479386 0.086136 2.482531 4.414039 100.012263
35858567214.865623 29.553555 0.511428 0.051534 1.089971 4.237349 76.758735
38668294640.602219 30.987165 0.215303 0.408307 5.593456 4.501802 79.880207
3509515989.024169 46.889689 0.254197 0.194167 4.240589 4.976742 41.044920
3084072608.415635 46.833278 0.781182 0.010935 4.962073 3.675190 39.298611
71244689126.711121 22.360868 0.087887 1.405676 3.311163 3.472968 88.741614
32228392966.910648 36.562662 0.611132 0.253094 2.529005 3.423510 79.219250
7710376110.497355 43.903578 0.077292 0.044102 1.928238 3.706535 52.203474
28554475332.068840 44.094962 0.434575 0.767447 1.004526 3.929759 80.883063
47492502918.627251 22.027657 0.763205 0.011477 1.258544 4.697428 77.183228
67460799495.394623 43.371258 0.330120 5.637852 1.420449 4.094182 107.137091
8792247953.845886 41.738916 0.522537 0.089432 1.227605 3.765542 53.637548
4621636379.530343 47.742234 0.615385 0.015987 19.981994 4.025289 45.261296
11669386813.003071 44.362630 0.653180 0.013420 2.648631 3.509210 60.143160
37197183938.783760 37.636306 0.239528 2.801351 3.396334 3.339987 83.875970
7888877642.234644 47.880675 0.202212 0.210785 2.368827 4.902809 54.144558
46195138850.714836 22.190172 0.758646 0.010965 1.200889 4.722619 76.637336
4097867892.656721 37.465391 0.243832 0.018368 3.935473 3.426844 40.149672
8123504980.878694 42.721263 0.373249 0.046954 3.053633 4.187670 52.642949
10882462915.103451 32.336710 0.083315 0.145614 15.372756 4.900694 53.051420
19814922484.483437 27.154001 0.328710 0.037423 4.026053 4.070015 61.373930
6079613620.757406 49.583437 0.283669 0.176050 16.735110 3.547199 50.227355
5150233273.042700 49.043582 0.223323 2.428010 13.038103 3.741731 47.350435
3501771282.664243 43.523611 0.084225 0.985431 4.982916 3.712765 40.011832
38305024570.658524 23.657366 0.383320 0.138106 3.154003 3.643989 73.361809
26139062381.272095 39.961233 0.187355 4.368613 3.871744 4.073961 76.034918
54464219421.058250 49.046150 0.683212 1.305907 7.779090 4.475665 103.934505
26555493230.389278 29.141892 0.232689 0.029207 2.732362 4.457971 69.145996
3292979396.415123 42.251419 0.228475 0.019974 4.077387 3.574902 38.818671
27660345041.151958 24.560882 0.637958 0.015605 1.649665 4.764951 66.551870
22061114408.698223 36.494360 0.222266 0.085189 4.413217 4.768567 69.774922
11140063854.149818 40.453554 0.218447 0.625411 2.431138 3.705505 57.448889
5147226177.532434 44.473532 0.050706 4.295354 4.177342 3.532554 45.819895
126762368537.079926 18.523934 0.483172 0.404954 2.684483 4.234807 101.925914
5499763370.277441 42.296575 0.185775 0.031264 14.055375 4.472160 46.072837
57587948827.905441 26.644261 0.627754 0.020694 3.510152 3.512193 87.082958
7625742000.601582 48.454600 0.657154 0.224578 1.841079 4.144492 53.750120
9559975889.657064 34.309461 0.698638 0.021984 10.648465 4.018766 51.769386
46719514152.217484 24.344861 0.201978 0.341729 14.217194 4.838515 79.049670
18759281159.467918 42.381389 0.211051 2.358329 3.091122 4.600758 69.399337
3942354501.178986 42.017615 0.080013 0.579434 9.686209 3.794047 41.143735
14572173792.093212 48.614769 0.716098 0.375082 1.767818 3.811237 66.774106
12166856866.076376 41.015142 0.645035 0.059057 3.513459 4.412469 59.429744
6839291982.573417 34.605778 0.549576 0.037080 3.396065 3.071805 46.427928
78634655044.485886 17.477658 0.113294 0.034681 3.762585 4.300309 85.547804
5761993596.198065 46.758432 0.559821 0.229413 7.894821 4.043048 48.375771
5338522642.909821 49.564426 0.111813 0.075834 1.510083 4.278975 48.091234
40353136590.312881 28.551910 0.964051 0.132083 1.501967 3.869736 78.996464
6753677730.982045 44.226705 0.025000 0.712859 5.524933 3.835264 50.069749
6284413423.904238 49.400809 0.692941 0.114787 10.103726 4.110539 50.722073
7480347004.927957 43.844569 0.527510 0.156911 6.849436 4.712891 51.656090
4111100886.594728 41.395982 0.005673 0.408022 15.441032 4.464481 41.518903
8898664130.799244 40.207266 0.105589 0.583414 4.759552 3.890788 53.197897
59444199502.851250 21.629238 0.981084 0.030737 3.141499 4.088817 82.741395
24659453938.460892 42.004633 0.791281 0.428886 5.711331 4.249045 75.799941
33023316288.991474 31.190834 0.881357 0.083476 3.109769 3.110621 75.942132
3691109104.817130 48.093401 0.492957 0.040219 4.328654 3.508700 42.096640
22893687836.080620 35.798821 0.155549 1.943840 4.813531 4.490821 70.207147
134975448290.914948 17.079023 0.783046 0.051815 1.373369 4.454323 101.787877
6301207888.558719 43.370339 0.436239 0.277582 2.991278 3.569431 48.610220
8856785523.581781 49.064581 0.168842 0.552709 1.804921 4.553437 56.737418
6939185981.756801 44.258746 0.820099 0.168535 3.329074 3.681383 50.536172
154577051658.219269 17.764721 0.718270 0.088420 1.187812 4.533506 107.643689
47964366311.264732 41.530306 0.419349 1.505544 1.030974 4.210449 94.267266
9603972802.190275 33.689656 0.831030 0.022461 1.020287 3.901919 51.549544
16549058600.976849 46.038983 0.471406 0.488726 1.176714 3.423094 68.409239
40789431851.355370 27.936860 0.321514 1.339694 5.925980 3.843280 78.752806
50417113921.226021 25.502327 0.304234 0.198581 4.707362 3.176286 82.214391
197702854763.681458 16.205919 0.978765 0.034619 1.155902 4.188101 113.976861
4149428569.780564 48.066546 0.197854 0.017921 9.133970 4.474434 43.763283
9087000495.788862 41.258029 0.853093 0.051655 4.382229 3.988577 54.024575
5203177140.712416 41.129805 0.109071 0.032591 12.569088 4.124524 44.815790
5465474899.704691 42.871918 0.745888 0.173638 3.620875 3.660775 46.181955
6610581399.004971 46.107632 0.613735 0.145308 3.824196 4.279535 50.406422
13895022532.492485 47.418136 0.452827 0.376878 3.849457 3.902779 65.176490
16841718876.979757 32.436185 0.715321 0.026104 12.935499 4.774952 61.423767
19612829602.615349 33.444158 0.904987 0.016343 4.605768 4.005609 65.250237
4930174437.109904 43.783868 0.593058 0.110852 15.321281 3.925069 44.933405
5538650618.933124 40.174545 0.034592 0.125393 7.835762 4.875143 45.408669
12794370065.709215 35.023126 0.601789 0.054167 2.094093 3.809090 57.425912
22573690764.683163 27.472605 0.973435 0.057192 15.416486 4.938889 64.327400
9266039788.573166 35.301892 0.893221 0.088303 13.383425 3.455309 51.700997
11554044020.540939 46.646435 0.133872 5.559560 5.203934 4.238922 60.953765
16011101583.782347 37.935607 0.737224 0.070912 9.638514 3.745668 63.492102
19661651034.394585 44.165368 0.290958 0.811912 7.406768 4.398113 71.460983
31992290328.482887 26.669679 0.650029 0.094460 5.101544 3.024297 71.608266
88456724839.179413 17.912248 0.081294 0.037016 5.543081 3.346626 89.571554
13417872821.880165 32.029931 0.524741 0.028676 3.639594 4.428541 56.717208
9009574565.480103 44.998506 0.348186 0.616609 2.854863 3.783049 55.435628
24112498587.162376 30.299325 0.111127 0.140096 6.181137 3.273428 67.769228
13677241153.957176 27.769085 0.878645 0.050057 4.757364 4.742843 54.611427
6054704221.189010 48.758434 0.244361 0.554362 2.513585 3.427606 49.876362
51258464675.818947 27.037628 0.727642 0.165378 2.121715 4.485637 84.141102
10426103495.032486 34.599529 0.284520 0.151924 5.996735 3.870963 53.430753
8770589496.647984 43.650410 0.197913 0.101108 1.571967 4.157309 54.390084
17829179281.267719 29.378196 0.433833 0.109775 19.975780 3.416063 60.698110
21164400880.597347 48.693107 0.422759 1.590985 15.279641 4.948773 75.660668
34434185974.033974 27.176126 0.610293 0.142966 1.059384 3.708031 73.805823
6296789590.781243 39.441825 0.060721 3.800003 11.711507 4.365172 47.109125
7488215872.912105 42.752812 0.101702 2.453822 3.640037 4.954493 51.245709
6803259123.785868 35.065523 0.460712 0.177216 5.993860 4.687831 46.541630
12084666882.739388 31.171248 0.545564 0.036412 4.719528 4.702715 54.308636
8727631790.189505 39.037483 0.040549 4.503776 13.632680 4.668161 52.349058
9183512855.090305 46.615825 0.361549 0.010994 1.285992 4.009421 56.449959
62850656617.052025 35.533715 0.398355 0.784959 8.252146 3.771865 98.072258
8160858796.612927 45.155145 0.151028 0.223614 2.667382 3.304944 53.699164
17693746141.433681 28.338092 0.580931 0.068343 16.490411 3.374318 59.876064
11797555055.954313 38.959424 0.234468 0.226632 3.106547 4.542644 57.844004
56084053803.155556 27.785695 0.809369 0.248154 3.178469 4.646314 87.426509
7519364668.836312 34.081171 0.541554 0.012039 3.324772 4.772113 47.686262
19832900088.032120 30.247517 0.169667 0.225541 7.697337 3.464933 63.462373
93995973463.587784 39.667464 0.849119 1.203500 16.477183 4.701746 116.209521
64373751623.050171 28.949132 0.602522 0.319673 3.914533 4.544310 92.696560
19771555801.830433 22.169720 0.561699 0.097370 1.294420 3.531444 57.739392
21964590377.113506 38.617352 0.990310 0.033364 6.812625 3.099425 70.956512
7549228722.064103 42.742478 0.675017 0.072565 6.360259 4.892503 51.380419
2784237675.298448 46.853550 0.416575 0.016991 1.913850 4.274659 37.986904
10465617012.417269 34.998272 0.099110 0.495350 16.408632 3.112896 53.693888
7594243106.229656 44.165223 0.994541 0.150936 4.825655 3.019300 52.042324
9054974978.719582 37.630683 0.758019 0.018670 2.264279 3.705500 52.369167
4048074854.350019 48.866150 0.174893 0.079162 13.204207 3.793819 43.645086
4374980673.749890 36.770598 0.085842 1.502666 17.568291 4.684103 40.788262
8577477021.536245 35.557730 0.909375 0.066776 2.155601 3.612995 50.503710
26945977755.903404 41.010793 0.271252 2.557966 2.018907 3.484612 77.462937
10525120476.987572 35.148574 0.163850 0.123401 11.103619 3.174784 53.869077
20278449988.384361 31.848891 0.068247 0.019019 10.074680 3.725822 64.971965
16489411092.651796 39.622946 0.196581 1.794329 7.217083 4.900756 65.030161
16133236264.460703 29.146424 0.546377 0.013775 8.249465 3.685516 58.565731
16208337787.451317 30.550664 0.095812 1.156736 1.246075 4.504302 59.517812
60409907662.907410 22.664453 0.535483 0.198897 4.254365 3.294087 84.324537
27251115365.802010 27.208559 0.340689 0.212165 5.156164 4.049681 68.293542
12401350181.897758 48.415510 0.450814 0.497480 1.266823 3.246028 63.191317
35379950500.958649 26.397415 0.191235 0.156224 17.337530 4.994673 73.821947
13273080429.338533 37.574743 0.968098 0.030269 18.336781 3.178104 59.460495
11445012159.525591 35.252554 0.857706 0.065733 18.681341 3.812618 55.447111
12938881844.555498 30.723562 0.868407 0.020196 19.813112 3.810014 55.309053
10975724169.177345 33.827497 0.730384 0.108515 6.886854 3.515214 53.965272
171968719093.160980 18.935674 0.989986 0.088272 1.169330 4.328742 113.525921
17853522010.309765 38.460116 0.052046 0.028341 6.332224 3.890787 66.132969
10783793755.534201 44.484353 0.233722 1.227138 9.594858 4.144729 58.634770
18437807770.121330 32.322372 0.795079 0.090841 2.376815 3.887553 63.235913
32213692407.200909 47.729775 0.582376 0.931773 8.699337 4.610406 86.451113
18951753684.030060 35.050093 0.322171 0.216642 5.380993 3.204391 65.477394
88025967916.541519 19.275018 0.058944 0.194349 2.430696 4.940215 91.265670
35431036152.737045 47.122716 0.634991 1.022891 8.311698 4.612031 88.856917
227321919794.223907 17.469343 0.743672 0.034445 3.361244 4.614839 121.850757
13541311340.320360 45.757491 0.225603 0.741743 1.009143 4.293577 63.854283
9174960150.659357 35.511336 0.578413 0.027913 4.701454 4.360340 51.628574
27573384457.915462 25.438976 0.417165 0.011166 4.936467 4.059716 67.183284
62063775430.034866 21.538179 0.016933 0.018383 2.799312 3.062243 83.837198
19021810724.634151 30.680785 0.998245 0.049576 1.156396 4.668416 62.862661
12149614052.256199 49.804712 0.167451 4.942892 1.654013 4.832648 63.360794
16452432419.952435 38.493102 0.408773 0.083914 2.098672 4.968342 64.373547
73360123864.816833 23.742753 0.412431 0.389283 2.566159 4.061126 91.201077
86457094117.440491 16.145750 0.481158 0.024252 7.033978 4.128367 86.426764
18090638462.105072 46.799242 0.545353 0.640975 17.967120 3.847111 70.856794
4529514201.903448 41.215266 0.196591 0.020688 3.675060 3.561632 42.820734
7087227460.057557 47.516882 0.439175 0.461890 2.955656 3.103421 52.111360
5985896081.781161 45.667944 0.067649 0.044320 4.815498 4.380128 48.610450
5527581165.786607 40.995163 0.313448 0.080470 2.565209 4.169289 45.679374
14796030319.307255 40.783291 0.228963 1.636177 6.311520 3.967140 63.316990
4132576526.986382 49.213750 0.382085 0.165076 10.110723 3.316350 44.051558
45469021122.909752 28.220419 0.796956 0.070059 10.501298 3.441670 81.908923
25599688302.381813 40.471323 0.180479 0.811109 5.011278 4.636468 75.821602
4665595048.916052 45.364551 0.270010 1.376166 14.125916 3.565438 44.636745
20627000590.095913 34.373550 0.520821 0.367201 4.461629 3.175517 66.935597
5517672717.775171 46.628153 0.155241 0.274580 1.672193 4.545323 47.637724
22954412829.203201 36.125843 0.773248 0.177011 1.307826 4.500034 70.474268
19607286948.492489 33.654760 0.460011 0.016844 18.869204 4.725409 65.373904
19541786930.509743 27.265917 0.353631 0.081242 11.621192 3.498297 61.167095
17689267015.567432 35.278283 0.418378 0.298036 18.807981 3.840208 64.122630
9388366088.164228 42.304910 0.721062 0.290343 1.232434 3.575802 55.066624
15210064936.401859 29.657174 0.672877 0.038933 7.256831 3.901868 57.735649
12148661547.619623 41.306157 0.254177 0.011003 8.827371 4.911941 59.537871
7771381993.652874 37.466483 0.720873 0.073450 14.350159 3.406199 49.697307
17820157507.247051 39.631517 0.487432 0.036381 1.932190 4.342585 66.739183
21682326342.713356 38.111681 0.984452 0.161476 1.022167 4.827441 70.350179
11994287261.881933 40.896192 0.783443 0.039569 1.579259 3.777059 59.091213
7797126343.836397 41.331594 0.938956 0.120308 2.771051 3.456004 51.366858
6676075548.664024 36.118930 0.501680 0.012813 4.481314 3.017267 46.689827
11736954203.255095 36.853705 0.013082 0.115834 1.669282 4.519765 56.716634
17249615095.666988 42.538768 0.363586 0.263652 1.721101 3.735682 67.567789
10138310521.009460 40.642025 0.482834 0.288254 19.388133 4.186777 55.757181
5434511239.064546 49.131682 0.029979 8.061128 18.558639 3.566603 48.235188
53518462191.078239 26.412608 0.591441 0.152378 1.575338 3.599984 84.757179
35843615947.961357 37.267400 0.667140 0.474967 11.991832 4.120472 82.583060
8346555731.429679 46.380592 0.976421 0.099108 12.327156 4.175640 54.587922
170686120129.113953 13.921766 0.368936 0.300266 7.692536 4.988266 104.315957
49629017264.461708 23.276778 0.326558 0.021338 9.269096 3.248131 79.595604
5467095544.783802 45.881971 0.612531 0.093452 12.494947 3.859761 47.236922
152972225773.319153 23.571534 0.274737 0.888495 4.430703 3.231208 116.267081
22339445172.544617 27.046413 0.503495 0.112905 7.241407 4.245033 63.799898
4697068756.693769 43.012122 0.184351 0.300032 14.839194 3.859573 43.954799
20046229743.042068 29.215069 0.190186 0.193613 2.845431 3.988413 63.008012
25006059650.797398 25.179951 0.318646 0.017361 8.784716 4.287779 64.830849
3886661790.761944 47.233667 0.338317 0.214044 10.048802 3.628375 42.569358
7206166918.682184 43.427702 0.749216 0.092278 9.366619 4.312709 50.856216
