0.010000 2.703819 2.583039 2.835972 2.460780 2.972341 2.353906 3.054717
0.012068 2.701765 2.581164 2.833785 2.459023 2.969856 2.352246 3.052163
0.014563 2.698774 2.578337 2.830600 2.456464 2.966238 2.349828 3.048444
0.017575 2.694431 2.574234 2.825977 2.452749 2.960987 2.346319 3.043048
0.021210 2.688137 2.568350 2.819277 2.447364 2.953378 2.341231 3.035228
0.025595 2.678980 2.559932 2.809529 2.439527 2.942312 2.333826 3.023855
0.030888 2.665740 2.547758 2.795437 2.428192 2.926324 2.323116 3.007424
0.037276 2.646663 2.529960 2.775134 2.411851 2.903306 2.307675 2.983769
0.044984 2.619221 2.504057 2.745934 2.388328 2.870237 2.285446 2.949190
0.054287 2.579117 2.467010 2.703468 2.354655 2.824334 2.253621 2.899252
0.065513 2.523845 2.414587 2.642377 2.306945 2.760068 2.208522 2.828880
0.079060 2.445661 2.342341 2.559201 2.243503 2.668026 2.145333 2.731624
0.095410 2.338622 2.242193 2.442166 2.152870 2.545542 2.057919 2.606064
0.115140 2.196409 2.107864 2.288039 2.032003 2.383026 1.940102 2.433110
0.138950 2.011636 1.933683 2.087632 1.868427 2.169854 1.786118 2.216279
0.167683 1.780813 1.718488 1.841088 1.669598 1.911116 1.592957 1.953290
0.202359 1.509346 1.462848 1.555937 1.423481 1.606644 1.363758 1.647056
0.244205 1.213586 1.180879 1.249443 1.151341 1.282215 1.108612 1.321162
0.294705 0.917259 0.893423 0.940939 0.873017 0.963673 0.842035 0.998864
0.355648 0.648828 0.631120 0.664811 0.616050 0.681641 0.597386 0.702295
0.429193 0.427720 0.414628 0.439155 0.403756 0.450915 0.392601 0.460196
0.517947 0.263213 0.254285 0.271463 0.245768 0.279297 0.239551 0.286435
0.625055 0.152563 0.146781 0.158170 0.141870 0.163288 0.137054 0.167021
0.754312 0.084172 0.080668 0.087734 0.077713 0.090826 0.074819 0.092958
0.910298 0.044490 0.042446 0.046519 0.040786 0.048296 0.039156 0.049468
1.098541 0.022693 0.021592 0.023805 0.020730 0.024765 0.019839 0.025480
1.325711 0.011398 0.010834 0.011981 0.010383 0.012499 0.009919 0.012890
1.599859 0.005605 0.005324 0.005901 0.005088 0.006170 0.004860 0.006371
1.930698 0.002708 0.002570 0.002855 0.002454 0.002988 0.002342 0.003088
2.329952 0.001305 0.001238 0.001379 0.001181 0.001442 0.001127 0.001491
2.811769 0.000626 0.000593 0.000662 0.000566 0.000692 0.000540 0.000716
3.393222 0.000297 0.000282 0.000314 0.000269 0.000329 0.000256 0.000340
4.094915 0.000141 0.000133 0.000149 0.000127 0.000156 0.000121 0.000161
4.941713 0.000067 0.000063 0.000071 0.000060 0.000074 0.000058 0.000077
5.963623 0.000032 0.000030 0.000034 0.000029 0.000035 0.000027 0.000036
7.196857 0.000015 0.000014 0.000016 0.000013 0.000016 0.000013 0.000017
8.685114 0.000007 0.000007 0.000007 0.000006 0.000008 0.000006 0.000008
10.481131 0.000003 0.000003 0.000004 0.000003 0.000004 0.000003 0.000004
12.648552 0.000002 0.000001 0.000002 0.000001 0.000002 0.000001 0.000002
15.264180 0.000001 0.000001 0.000001 0.000001 0.000001 0.000001 0.000001
18.420700 0.000000 0.000000 0.000000 0.000000 0.000000 0.000000 0.000000
22.229965 0.000000 0.000000 0.000000 0.000000 0.000000 0.000000 0.000000
26.826958 0.000000 0.000000 0.000000 0.000000 0.000000 0.000000 0.000000
32.374575 0.000000 0.000000 0.000000 0.000000 0.000000 0.000000 0.000000
39.069399 0.000000 0.000000 0.000000 0.000000 0.000000 0.000000 0.000000
47.148664 0.000000 0.000000 0.000000 0.000000 0.000000 0.000000 0.000000
56.898660 0.000000 0.000000 0.000000 0.000000 0.000000 0.000000 0.000000
68.664885 0.000000 0.000000 0.000000 0.000000 0.000000 0.000000 0.000000
82.864277 0.000000 0.000000 0.000000 0.000000 0.000000 0.000000 0.000000
100.000000 0.000000 0.000000 0.000000 0.000000 0.000000 0.000000 0.000000
