300.001519
300.002633
300.001222
300.001848
300.002895
300.001869
299.999160
299.997124
299.997630
299.997787
299.998584
300.001340
299.997141
300.000731
300.002256
300.001784
300.000800
299.999491
299.999458
299.999437
299.999564
299.997226
299.997739
299.998065
300.002384
299.998654
300.001012
299.998899
299.999748
300.001843
299.999672
299.998878
299.999246
299.999593
299.998796
300.000943
300.002867
299.998099
299.999296
300.000007
300.002433
300.000524
300.000151
299.997225
299.998764
299.997259
300.000380
299.997370
300.000329
299.997441
300.000097
299.997846
299.999811
300.001246
300.002434
299.999062
300.001701
299.997733
300.001772
299.998099
300.001591
300.001648
299.997106
299.999832
299.999656
299.998637
299.998168
300.000883
299.997808
300.002278
299.999838
300.000742
299.997744
299.999934
300.001432
299.998810
300.000002
300.001050
300.002791
300.002908
299.997279
299.997792
300.000040
299.998604
299.998469
299.999215
299.999892
299.999057
299.998316
299.999070
300.002370
299.997268
300.002232
299.997276
300.002334
300.001188
299.997995
299.999226
300.001060
299.997873
300.001611
300.002910
300.002004
300.000402
300.000214
300.000778
299.999382
299.999033
299.999853
300.000126
299.999245
299.998408
299.998722
300.000974
300.001226
300.001282
300.001757
299.999083
299.997655
299.997706
300.002166
299.997988
300.001682
300.001974
299.998119
299.999260
300.001582
300.001620
299.998348
299.997188
299.997539
299.997294
299.998611
300.000254
299.999961
299.998338
300.002356
299.997968
300.002706
299.997430
300.001414
300.001115
299.997832
299.997843
300.001677
299.997206
300.001446
299.998874
300.000765
299.997990
300.001334
300.002860
299.997470
299.998172
299.998265
300.002473
300.002255
299.999684
299.997740
300.000473
299.997910
299.999168
299.997658
300.000193
299.998243
299.998663
299.997546
300.000478
300.001275
300.000304
299.999410
300.002365
299.998195
300.002292
300.002751
299.997640
300.001784
299.997326
299.998690
299.999872
300.000525
300.000644
300.000625
299.998414
300.002109
299.998193
300.000690
300.002924
300.001378
299.998442
300.002814
299.998052
299.998698
300.000733
299.999385
300.000723
300.001003
300.000568
299.999418
299.997146
299.999945
299.998789
300.002239
299.999583
299.999310
300.002060
299.997420
300.002466
299.999879
300.001969
299.999322
300.001628
299.998494
299.998636
299.999133
299.998454
300.000872
299.998387
300.001308
299.998058
300.002429
299.999335
300.002255
300.001753
299.997895
299.998489
300.000092
299.999971
299.997885
299.998284
300.000741
300.001285
300.000583
299.997827
300.002109
299.997791
299.997232
299.997848
299.999342
300.001150
300.000009
300.002463
299.998287
300.000666
300.000265
299.997924
300.001819
299.997756
299.999166
300.001608
299.998766
300.002516
299.998777
300.001219
299.998937
299.999643
299.997161
299.998303
300.001787
299.997323
300.000853
300.002901
300.002473
300.000038
300.001166
299.998342
299.999410
300.000251
300.001207
300.001032
299.999284
300.001091
299.998244
299.999510
299.998326
300.002611
299.999547
299.998564
299.999138
300.000061
300.000450
299.997355
299.998976
299.998908
300.000710
300.000560
300.001181
300.000277
300.001177
300.000014
299.997955
300.001201
300.000619
300.002512
300.001072
299.998256
300.000264
299.999661
300.000069
299.998821
300.001632
299.998392
300.001856
300.002248
299.998826
300.001893
300.002327
300.000143
299.997727
300.001333
299.997556
300.000279
300.000268
300.002345
299.997570
300.002371
300.002063
300.000049
299.997861
300.002768
299.998938
299.998905
299.998142
300.000965
300.001510
300.000116
299.999342
300.002934
299.999402
300.002669
299.998761
299.997268
299.997691
299.997439
300.001561
299.997401
299.998371
299.998708
300.000545
299.997482
299.997338
299.999678
299.999883
299.998044
300.000436
300.002411
300.002336
299.998671
299.998907
299.997459
299.997811
300.001678
299.999218
300.002227
300.002058
299.997525
299.997214
299.998595
299.998073
299.999397
300.001962
299.999428
299.999218
299.997461
299.997370
300.002139
299.998362
300.002170
299.999629
300.002555
300.001946
300.000048
299.998611
300.002573
300.001215
299.999397
299.998548
299.998418
300.001063
299.998983
299.998232
300.002295
299.998430
299.998911
299.999854
299.999185
300.002000
300.001885
300.000899
300.002489
299.997544
299.999966
300.000940
300.000336
300.000753
300.001994
300.002995
300.002063
299.998353
299.997971
300.001139
300.000809
300.002471
299.997909
300.000199
299.997688
299.998661
300.002367
299.997515
299.998090
300.002690
299.998947
299.998013
299.998939
299.997591
300.000570
299.997559
300.002166
299.997271
300.000714
300.001790
300.001913
299.998908
299.999367
299.998469
300.000039
300.001883
300.000405
299.999832
300.001276
300.002584
299.999724
299.998439
299.999215
299.999882
300.001601
299.998380
300.000167
300.002704
300.001403
299.997351
299.999371
299.999512
299.997192
299.998261
300.001295
299.999197
300.001624
300.000171
300.001365
299.997304
299.997461
299.998309
300.002948
299.997082
300.000680
299.997008
300.001429
299.999752
300.002628
299.997981
299.997692
299.997880
300.002815
299.997884
300.000276
300.001497
299.999018
300.000765
300.001204
299.998562
299.999614
300.000064
299.997603
299.998496
300.000250
300.001559
300.000554
300.000753
300.000602
300.001392
300.001859
299.997935
300.002605
299.998149
299.997985
300.000633
299.997560
300.000433
299.998706
299.997703
299.999754
300.002706
300.001777
299.998475
299.998374
299.997408
299.997141
299.997566
299.997540
300.000265
299.998923
299.998384
299.997036
299.997758
299.997660
300.000194
299.998012
299.999060
299.999215
300.002750
300.001542
299.998971
299.997759
299.998900
299.998491
299.999190
300.001675
300.002647
299.997596
300.000332
300.002806
299.997501
300.002296
299.997376
299.999108
300.000966
300.002135
300.000871
299.997588
299.999002
300.002808
299.998245
299.998883
299.997832
299.998481
299.997105
299.999642
299.997103
300.002591
299.998287
300.002715
300.000899
299.998938
300.001483
299.998973
299.997659
300.000057
299.999309
299.997766
299.997750
300.002861
300.001497
299.997110
299.999723
300.000777
299.998046
300.002838
299.998788
299.998869
299.999609
300.000822
299.997033
299.998063
299.997227
299.997946
300.002176
299.999817
300.001668
299.997216
300.001618
299.999927
300.001680
299.997623
300.002047
299.998348
300.001862
300.002461
299.997242
299.997558
299.999821
299.998459
300.002180
299.997651
299.999133
299.999728
300.002155
299.999527
299.998666
299.997175
299.998909
299.999844
299.997838
300.000794
299.999459
300.000545
299.999062
299.997868
300.002378
300.001411
300.000925
299.999151
300.002786
299.998928
300.000015
299.997365
300.001592
299.999041
299.998705
299.998609
299.999178
300.000648
299.998098
299.997469
300.002164
300.001110
299.998079
300.000230
300.002230
299.999754
300.002089
300.001623
299.997096
300.000606
299.997320
300.002614
299.999049
299.997344
300.000287
300.001747
299.998919
300.000873
300.001420
300.002672
300.000570
299.999312
300.000796
300.000755
299.997665
300.001387
299.997434
300.002816
300.001666
299.998644
300.001480
300.000124
299.997066
300.000417
300.001279
299.999515
300.001141
299.997775
299.999900
300.000639
299.999323
300.001295
299.999381
300.001160
300.001227
299.997317
300.000473
299.997444
300.002890
300.000066
300.000056
300.001717
299.999029
299.997649
300.002510
299.998027
299.998116
299.999256
299.997621
299.997464
299.997744
300.000907
299.997366
300.002536
300.001293
299.997645
299.997835
300.002567
299.997406
299.997864
300.000298
299.999640
299.999531
299.999839
300.002805
300.000388
299.998678
300.002559
300.002097
299.999782
300.001783
300.001531
299.999516
300.002792
300.002794
300.002078
299.997192
300.000580
299.997471
300.000444
299.999242
300.001521
299.998577
300.001716
299.998969
300.001877
299.998342
300.001644
300.000545
299.998262
299.998688
300.000918
300.002371
299.998004
300.000210
300.000794
299.997962
300.001789
300.001140
300.000373
300.000814
299.998752
300.001977
299.998995
299.997609
300.001830
299.997011
300.000466
300.000745
299.997082
299.997298
299.999434
300.001317
299.999179
300.002915
299.997520
300.000294
300.002736
300.002717
299.998723
299.998606
300.002545
300.000906
300.000416
299.997440
300.000662
300.000892
299.997958
299.998573
300.000020
299.997580
299.999896
300.000133
300.001169
299.998846
300.002886
299.999090
300.001144
299.997989
299.998339
299.999312
300.002217
300.001984
299.998286
299.998649
300.000468
300.001457
299.999878
299.997079
299.998076
299.999755
300.002600
299.997155
299.999854
300.002829
300.002423
299.999948
299.998378
299.999844
300.000975
300.000857
299.998382
299.997832
300.002894
300.002058
299.998467
300.000039
299.997973
299.998121
299.997014
299.998566
299.998929
299.997474
299.998363
300.001209
300.001657
300.000469
299.997569
299.998776
299.999239
300.002483
300.001442
300.000219
299.997516
300.001562
300.002458
299.997259
300.000282
299.997260
299.998847
299.998289
299.997063
300.001339
299.997002
300.001641
299.999656
299.997060
299.999410
299.997021
300.002862
300.000965
299.999063
299.997331
300.002715
300.001273
299.998748
300.001209
299.999230
299.999942
300.002480
299.997389
299.998463
299.999860
300.002851
299.999000
299.997505
299.998149
300.001436
299.998245
300.000375
299.999619
300.000769
300.000938
300.000468
300.002189
300.000923
299.999448
300.001546
300.002667
299.997279
300.002095
299.998193
300.001408
299.998970
300.000600
300.001230
300.001469
299.999975
299.999218
300.000827
300.000899
299.998473
299.999962
300.002574
300.001278
299.999173
299.999915
300.001639
300.000742
300.000600
299.999209
300.002554
300.002761
299.998994
299.999174
300.002024
299.998064
300.000575
299.998803
300.001060
299.999177
299.999640
299.998316
299.998024
300.001366
300.001642
300.001160
299.998872
299.998262
299.998608
300.002012
299.998334
299.998407
300.002054
299.999315
299.998230
299.998454
299.997752
300.000738
300.001587
299.998921
299.998764
299.997689
300.002350
299.997706
299.999837
299.997108
299.997089
299.998296
299.998374
300.001613
300.001615
300.001517
299.997940
299.997470
299.999896
299.999376
300.001512
300.000115
299.998276
299.999394
299.999207
299.999715
299.998003
300.001026
299.999787
300.000990
299.998397
300.000688
299.997298
299.999111
300.002764
300.000176
300.002652
300.000077
299.998906
299.998968
299.997248
299.998994
299.997591
300.001613
300.001048
300.002996
299.999180
299.999726
300.001198
300.001990
299.997948
299.999095
299.997569
299.997089
299.999813
299.999281
299.998520
300.001972
300.000714
299.999295
300.002403
299.999249
299.998236
300.001546
299.998949
300.000530
300.001170
299.999626
300.001200
300.001377
300.002890
299.998970
299.998381
300.000604
299.999530
299.997603
299.999713
300.000446
300.000315
300.001370
300.002337
299.999967
300.001182
299.998700
299.998643
299.998869
299.999182
299.998228
300.001042
300.001162
299.998903
300.002555
299.998619
299.998348
299.998732
299.997456
300.001267
299.998304
299.999546
