0.010000 -0.000759 -0.013651 0.014342 -0.019207 0.020437 -0.020176 0.034810
0.012068 -0.000410 -0.013482 0.014709 -0.019123 0.022352 -0.020244 0.038273
0.014563 -0.000042 -0.013311 0.015279 -0.019108 0.024808 -0.020345 0.042407
0.017575 0.000552 -0.012759 0.016011 -0.019012 0.026840 -0.020496 0.047325
0.021210 0.001361 -0.012400 0.017130 -0.019022 0.030927 -0.020776 0.053152
0.025595 0.002043 -0.011986 0.018479 -0.018979 0.035208 -0.022202 0.060037
0.030888 0.002818 -0.011291 0.019701 -0.018812 0.041608 -0.024335 0.070413
0.037276 0.004316 -0.010615 0.022269 -0.018396 0.050519 -0.026850 0.082869
0.044984 0.006110 -0.009847 0.027142 -0.018192 0.060180 -0.029803 0.097703
0.054287 0.008450 -0.008878 0.033363 -0.018383 0.074778 -0.033250 0.115200
0.065513 0.011925 -0.007895 0.041476 -0.018419 0.088612 -0.037004 0.135606
0.079060 0.015811 -0.006379 0.052981 -0.019360 0.108313 -0.040983 0.158659
0.095410 0.021814 -0.005037 0.066895 -0.021967 0.130840 -0.048668 0.181347
0.115140 0.030889 -0.002507 0.086841 -0.027485 0.156170 -0.060163 0.205956
0.138950 0.043631 0.000025 0.111152 -0.032487 0.189601 -0.074103 0.234689
0.167683 0.059390 0.002812 0.144277 -0.040502 0.233848 -0.090125 0.273406
0.202359 0.080706 0.004961 0.182468 -0.052214 0.274545 -0.107447 0.320353
0.244205 0.108828 0.008318 0.225131 -0.066465 0.330548 -0.124979 0.381811
0.294705 0.143344 0.014324 0.269748 -0.079639 0.396410 -0.141575 0.444559
0.355648 0.178265 0.020861 0.321464 -0.090307 0.457147 -0.156947 0.526695
0.429193 0.215362 0.027200 0.378201 -0.099937 0.522686 -0.168704 0.604251
0.517947 0.255834 0.031647 0.427076 -0.106814 0.571289 -0.178618 0.671177
0.625055 0.292113 0.037470 0.481406 -0.115862 0.630528 -0.186258 0.754078
0.754312 0.319829 0.042634 0.527320 -0.128737 0.682587 -0.191972 0.819355
0.910298 0.343249 0.044970 0.570584 -0.137830 0.733187 -0.196153 0.862872
1.098541 0.357920 0.045257 0.602136 -0.151410 0.774502 -0.199161 0.890462
1.325711 0.374896 0.048105 0.631258 -0.159418 0.807234 -0.201301 0.908688
1.599859 0.387708 0.049649 0.655128 -0.164857 0.832940 -0.206390 0.925448
1.930698 0.394770 0.049723 0.673425 -0.167371 0.857017 -0.207938 0.934219
2.329952 0.401152 0.049771 0.687707 -0.169426 0.871626 -0.208213 0.951952
2.811769 0.405095 0.049802 0.700295 -0.170708 0.884180 -0.208734 0.964191
3.393222 0.407139 0.049821 0.709358 -0.171359 0.900760 -0.210061 0.972554
4.094915 0.408804 0.049834 0.715566 -0.171847 0.913025 -0.211478 0.978229
4.941713 0.409696 0.049842 0.719472 -0.173683 0.917683 -0.213422 0.982062
5.963623 0.411496 0.049847 0.724042 -0.174033 0.923223 -0.214842 0.984643
7.196857 0.411668 0.049850 0.726998 -0.174090 0.927092 -0.215874 0.986377
8.685114 0.412585 0.049853 0.729474 -0.174129 0.928979 -0.216622 0.987540
10.481131 0.412898 0.049854 0.730214 -0.174155 0.931726 -0.217163 0.988320
12.648552 0.413000 0.049855 0.731285 -0.174173 0.931832 -0.217553 0.988842
15.264180 0.413065 0.049855 0.731477 -0.174185 0.932304 -0.217834 0.989192
18.420700 0.413624 0.049856 0.731605 -0.174193 0.932314 -0.218037 0.989426
22.229965 0.413893 0.049856 0.732327 -0.174199 0.932319 -0.218183 0.989582
26.826958 0.414272 0.049856 0.733413 -0.174202 0.932323 -0.218288 0.989687
32.374575 0.414582 0.049856 0.734333 -0.174205 0.932325 -0.218363 0.989757
39.069399 0.414827 0.049856 0.734565 -0.174207 0.934468 -0.218418 0.989804
47.148664 0.415021 0.049856 0.734986 -0.174208 0.936128 -0.218457 0.989836
56.898660 0.415174 0.049856 0.735073 -0.174208 0.936310 -0.218485 0.989857
68.664885 0.415294 0.049856 0.735099 -0.174209 0.936449 -0.218505 0.989871
82.864277 0.415390 0.049856 0.735118 -0.174209 0.936555 -0.218519 0.989880
100.000000 0.415459 0.049856 0.735132 -0.174210 0.936636 -0.218530 0.989886
