0.010000 0.000224 0.000097 0.000507 0.000057 0.000808 0.000041 0.000957
0.012068 0.000253 0.000108 0.000541 0.000069 0.000830 0.000051 0.000962
0.014563 0.000273 0.000117 0.000566 0.000081 0.000848 0.000062 0.000966
0.017575 0.000284 0.000125 0.000600 0.000091 0.000862 0.000071 0.000968
0.021210 0.000297 0.000130 0.000625 0.000097 0.000876 0.000079 0.000970
0.025595 0.000306 0.000136 0.000639 0.000101 0.000889 0.000086 0.000971
0.030888 0.000315 0.000138 0.000647 0.000104 0.000896 0.000090 0.000972
0.037276 0.000322 0.000140 0.000663 0.000105 0.000905 0.000094 0.000973
0.044984 0.000327 0.000142 0.000667 0.000106 0.000913 0.000096 0.000977
0.054287 0.000330 0.000143 0.000672 0.000107 0.000918 0.000097 0.000980
0.065513 0.000331 0.000143 0.000677 0.000108 0.000919 0.000099 0.000982
0.079060 0.000333 0.000144 0.000679 0.000108 0.000923 0.000099 0.000983
0.095410 0.000334 0.000144 0.000682 0.000108 0.000924 0.000100 0.000984
0.115140 0.000335 0.000145 0.000683 0.000108 0.000925 0.000100 0.000985
0.138950 0.000335 0.000145 0.000684 0.000109 0.000925 0.000100 0.000985
0.167683 0.000336 0.000145 0.000685 0.000109 0.000926 0.000101 0.000986
0.202359 0.000336 0.000145 0.000685 0.000109 0.000926 0.000101 0.000986
0.244205 0.000336 0.000145 0.000685 0.000109 0.000926 0.000101 0.000987
0.294705 0.000336 0.000145 0.000686 0.000109 0.000926 0.000101 0.000988
0.355648 0.000336 0.000146 0.000686 0.000109 0.000926 0.000101 0.000988
0.429193 0.000336 0.000146 0.000686 0.000109 0.000926 0.000101 0.000989
0.517947 0.000336 0.000146 0.000686 0.000109 0.000926 0.000101 0.000989
0.625055 0.000336 0.000146 0.000686 0.000109 0.000926 0.000101 0.000989
0.754312 0.000336 0.000146 0.000686 0.000109 0.000926 0.000101 0.000989
0.910298 0.000336 0.000146 0.000686 0.000109 0.000926 0.000101 0.000989
1.098541 0.000336 0.000146 0.000686 0.000109 0.000926 0.000101 0.000989
1.325711 0.000336 0.000146 0.000686 0.000109 0.000926 0.000101 0.000989
1.599859 0.000336 0.000146 0.000686 0.000109 0.000926 0.000101 0.000989
1.930698 0.000336 0.000146 0.000686 0.000109 0.000926 0.000101 0.000989
2.329952 0.000336 0.000146 0.000686 0.000109 0.000926 0.000101 0.000989
2.811769 0.000336 0.000146 0.000686 0.000109 0.000926 0.000101 0.000989
3.393222 0.000336 0.000146 0.000686 0.000109 0.000926 0.000101 0.000989
4.094915 0.000336 0.000146 0.000686 0.000109 0.000926 0.000101 0.000989
4.941713 0.000336 0.000146 0.000686 0.000109 0.000926 0.000101 0.000989
5.963623 0.000336 0.000146 0.000686 0.000109 0.000926 0.000101 0.000989
7.196857 0.000336 0.000146 0.000686 0.000109 0.000926 0.000101 0.000989
8.685114 0.000336 0.000146 0.000686 0.000109 0.000926 0.000101 0.000989
10.481131 0.000336 0.000146 0.000686 0.000109 0.000926 0.000101 0.000989
12.648552 0.000336 0.000146 0.000686 0.000109 0.000926 0.000101 0.000989
15.264180 0.000336 0.000146 0.000686 0.000109 0.000926 0.000101 0.000989
18.420700 0.000336 0.000146 0.000686 0.000109 0.000926 0.000101 0.000989
22.229965 0.000336 0.000146 0.000686 0.000109 0.000926 0.000101 0.000989
26.826958 0.000336 0.000146 0.000686 0.000109 0.000926 0.000101 0.000989
32.374575 0.000336 0.000146 0.000686 0.000109 0.000926 0.000101 0.000989
39.069399 0.000336 0.000146 0.000686 0.000109 0.000926 0.000101 0.000989
47.148664 0.000336 0.000146 0.000686 0.000109 0.000926 0.000101 0.000989
56.898660 0.000336 0.000146 0.000686 0.000109 0.000926 0.000101 0.000989
68.664885 0.000336 0.000146 0.000686 0.000109 0.000926 0.000101 0.000989
82.864277 0.000336 0.000146 0.000686 0.000109 0.000926 0.000101 0.000989
100.000000 0.000336 0.000146 0.000686 0.000109 0.000926 0.000101 0.000989
