0.031195 2.273312 0.378885
0.075906 2.156540 0.359423
0.100191 2.050092 0.341682
0.120240 1.983022 0.330504
0.138630 1.751383 0.291897
0.154300 2.186180 0.364363
0.169675 1.478833 0.246472
0.185983 1.587711 0.264619
0.200318 1.614005 0.269001
0.215262 1.268562 0.211427
0.229704 1.519006 0.253168
0.241959 1.545679 0.257613
0.253931 1.438408 0.239735
0.268629 0.953080 0.158847
0.282812 1.411414 0.235236
0.296178 0.954701 0.159117
0.309575 1.282426 0.213738
0.324115 0.761072 0.126845
0.342047 0.721603 0.120267
0.358808 0.790655 0.131776
0.373906 0.810511 0.135085
0.389834 0.657760 0.109627
0.409660 0.482214 0.080369
0.430324 0.543155 0.090526
0.449785 0.492058 0.082010
0.469480 0.485834 0.080972
0.488601 0.480575 0.080096
0.511370 0.324124 0.054021
0.535206 0.394090 0.065682
0.564329 0.210371 0.035062
0.601613 0.197181 0.032864
0.646090 0.132575 0.022096
0.701897 0.105134 0.017522
0.774658 0.066753 0.011126
0.912716 0.025440 0.004240
1.104095 0.020850 0.003475
