0.010000 -0.000379 -0.006779 0.007223 -0.009512 0.010324 -0.009987 0.017713
0.012068 -0.000205 -0.006696 0.007409 -0.009471 0.011302 -0.010020 0.019510
0.014563 -0.000021 -0.006611 0.007698 -0.009464 0.012560 -0.010070 0.021663
0.017575 0.000276 -0.006339 0.008070 -0.009416 0.013603 -0.010144 0.024236
0.021210 0.000681 -0.006162 0.008639 -0.009421 0.015706 -0.010281 0.027301
0.025595 0.001022 -0.005957 0.009326 -0.009400 0.017920 -0.010979 0.030948
0.030888 0.001411 -0.005614 0.009949 -0.009319 0.021246 -0.012021 0.036491
0.037276 0.002163 -0.005280 0.011260 -0.009114 0.025914 -0.013247 0.043226
0.044984 0.003064 -0.004900 0.013757 -0.009014 0.031024 -0.014683 0.051361
0.054287 0.004243 -0.004419 0.016964 -0.009108 0.038841 -0.016353 0.061121
0.065513 0.005998 -0.003932 0.021177 -0.009125 0.046360 -0.018166 0.072735
0.079060 0.007969 -0.003179 0.027212 -0.009587 0.057258 -0.020080 0.086165
0.095410 0.011027 -0.002512 0.034605 -0.010864 0.069999 -0.023756 0.099715
0.115140 0.015687 -0.001252 0.045391 -0.013556 0.084699 -0.029203 0.114800
0.138950 0.022302 0.000012 0.058846 -0.015984 0.104729 -0.035728 0.132945
0.167683 0.030604 0.001408 0.077747 -0.019849 0.132405 -0.043119 0.158350
0.202359 0.042050 0.002487 0.100393 -0.025443 0.159114 -0.050985 0.190727
0.244205 0.057546 0.004176 0.126844 -0.032164 0.197998 -0.058814 0.235950
0.294705 0.077206 0.007214 0.155901 -0.038294 0.247202 -0.066108 0.285809
0.355648 0.097855 0.010540 0.191515 -0.043203 0.296300 -0.072764 0.357493
0.429193 0.120675 0.013788 0.233198 -0.047590 0.353808 -0.077790 0.432923
0.517947 0.146680 0.016078 0.271518 -0.050699 0.399864 -0.081987 0.505091
0.625055 0.171038 0.019093 0.317008 -0.054759 0.460417 -0.085195 0.605237
0.754312 0.190355 0.021781 0.358068 -0.060476 0.518127 -0.087580 0.693989
0.910298 0.207182 0.023002 0.399173 -0.064472 0.578765 -0.089316 0.758817
1.098541 0.217967 0.023152 0.430755 -0.070377 0.631989 -0.090562 0.802552
1.325711 0.230691 0.024645 0.461195 -0.073825 0.676774 -0.091446 0.832656
1.599859 0.240470 0.025456 0.487130 -0.076151 0.713708 -0.093542 0.861240
1.930698 0.245927 0.025495 0.507642 -0.077223 0.749807 -0.094177 0.876558
2.329952 0.250901 0.025521 0.524050 -0.078097 0.772461 -0.094290 0.908309
2.811769 0.253993 0.025537 0.538811 -0.078642 0.792404 -0.094504 0.930858
3.393222 0.255603 0.025547 0.549616 -0.078918 0.819440 -0.095048 0.946574
4.094915 0.256916 0.025554 0.557106 -0.079125 0.839968 -0.095627 0.957386
4.941713 0.257621 0.025558 0.561855 -0.079903 0.847887 -0.096422 0.964756
5.963623 0.259046 0.025561 0.567450 -0.080051 0.857396 -0.097001 0.969750
7.196857 0.259182 0.025562 0.571089 -0.080075 0.864092 -0.097422 0.973120
8.685114 0.259910 0.025563 0.574151 -0.080091 0.867377 -0.097726 0.975387
10.481131 0.260159 0.025564 0.575068 -0.080102 0.872179 -0.097946 0.976909
12.648552 0.260240 0.025565 0.576399 -0.080110 0.872365 -0.098105 0.977930
15.264180 0.260291 0.025565 0.576637 -0.080115 0.873192 -0.098219 0.978615
18.420700 0.260735 0.025565 0.576795 -0.080118 0.873209 -0.098302 0.979073
22.229965 0.260949 0.025565 0.577694 -0.080121 0.873219 -0.098361 0.979380
26.826958 0.261250 0.025565 0.579047 -0.080122 0.873225 -0.098404 0.979585
32.374575 0.261497 0.025565 0.580194 -0.080123 0.873229 -0.098434 0.979722
39.069399 0.261692 0.025565 0.580485 -0.080124 0.876996 -0.098456 0.979814
47.148664 0.261846 0.025565 0.581010 -0.080125 0.879925 -0.098472 0.979876
56.898660 0.261968 0.025565 0.581119 -0.080125 0.880246 -0.098484 0.979917
68.664885 0.262064 0.025565 0.581152 -0.080125 0.880492 -0.098492 0.979944
82.864277 0.262140 0.025565 0.581176 -0.080125 0.880680 -0.098498 0.979963
100.000000 0.262195 0.025565 0.581193 -0.080126 0.880823 -0.098502 0.979975
