0.010000 -0.579697 -0.851298 -0.240263 -0.980698 -0.055208 -1.013620 -0.023958
0.012068 -0.592424 -0.869686 -0.246283 -0.986005 -0.062048 -1.016571 -0.026685
0.014563 -0.612313 -0.882887 -0.253452 -0.993814 -0.067660 -1.020007 -0.030206
0.017575 -0.623390 -0.903445 -0.262059 -1.010200 -0.076201 -1.033729 -0.034789
0.021210 -0.638871 -0.923350 -0.272346 -1.030174 -0.083446 -1.066744 -0.040060
0.025595 -0.656312 -0.943273 -0.289950 -1.057142 -0.094810 -1.081042 -0.047011
0.030888 -0.680633 -0.963513 -0.303368 -1.067604 -0.111207 -1.102217 -0.056495
0.037276 -0.697786 -0.985458 -0.327601 -1.072567 -0.128836 -1.120276 -0.063073
0.044984 -0.717698 -1.008401 -0.356221 -1.079181 -0.148917 -1.119110 -0.071251
0.054287 -0.738389 -1.022378 -0.390279 -1.093494 -0.174608 -1.147101 -0.082289
0.065513 -0.766658 -1.040452 -0.419019 -1.113361 -0.203085 -1.180515 -0.100709
0.079060 -0.810692 -1.055089 -0.456969 -1.129882 -0.236867 -1.212131 -0.127396
0.095410 -0.847859 -1.069397 -0.498825 -1.150217 -0.266321 -1.240068 -0.153577
0.115140 -0.894414 -1.093428 -0.563745 -1.178685 -0.314419 -1.260255 -0.183680
0.138950 -0.941013 -1.118730 -0.622601 -1.216806 -0.356386 -1.282381 -0.235331
0.167683 -0.991939 -1.149717 -0.679473 -1.260330 -0.415867 -1.375903 -0.273555
0.202359 -1.034797 -1.191277 -0.748093 -1.307431 -0.479582 -1.448825 -0.319969
0.244205 -1.074697 -1.239000 -0.817578 -1.373640 -0.557594 -1.496017 -0.377486
0.294705 -1.121425 -1.293635 -0.892137 -1.455133 -0.649197 -1.573400 -0.449036
0.355648 -1.174857 -1.360194 -0.978228 -1.534919 -0.727753 -1.670451 -0.531885
0.429193 -1.233957 -1.438990 -1.049649 -1.627573 -0.798599 -1.790985 -0.585604
0.517947 -1.300210 -1.520108 -1.110992 -1.727029 -0.899885 -1.911544 -0.647351
0.625055 -1.372517 -1.619757 -1.168542 -1.840875 -0.992418 -2.124235 -0.717702
0.754312 -1.450933 -1.724805 -1.219350 -1.946734 -1.065650 -2.187269 -0.742491
0.910298 -1.541361 -1.833495 -1.277689 -2.076892 -1.094148 -2.386823 -0.774019
1.098541 -1.648611 -1.967196 -1.355955 -2.305559 -1.122237 -4.094548 -0.965140
1.325711 -1.772292 -2.119484 -1.444544 -3.564357 -1.179746 -4.865626 -1.086963
1.599859 -1.907525 -2.305296 -1.556843 -4.343533 -1.250985 -4.996790 -1.121934
1.930698 -2.068333 -3.100712 -1.691874 -4.665472 -1.341365 -4.996790 -1.157491
2.329952 -2.248143 -3.614116 -1.825445 -4.796698 -1.437649 -4.996790 -1.187013
2.811769 -2.397767 -3.932417 -1.973881 -4.861173 -1.569231 -4.996790 -1.221405
3.393222 -2.555890 -4.178948 -2.103856 -4.869753 -1.675272 -4.996790 -1.311435
4.094915 -2.760788 -4.295530 -2.244305 -4.912353 -1.799670 -4.996790 -1.399708
4.941713 -3.124486 -4.415068 -2.396082 -4.932566 -2.014535 -4.996790 -1.698010
5.963623 -3.288029 -4.507752 -2.516341 -4.949706 -2.152920 -4.996790 -1.822076
7.196857 -3.493138 -4.566433 -2.656006 -4.954627 -2.313780 -4.996790 -1.914356
8.685114 -3.628229 -4.586667 -2.769993 -4.956342 -2.423575 -4.998947 -2.008128
10.481131 -3.761245 -4.627317 -2.895232 -4.961209 -2.523872 -4.999747 -2.283881
12.648552 -3.829079 -4.654569 -3.083751 -4.961262 -2.653496 -4.999747 -2.399906
15.264180 -3.911059 -4.662871 -3.171758 -4.961476 -2.767238 -4.999747 -2.475784
18.420700 -3.981866 -4.696900 -3.243603 -4.962884 -3.016877 -4.999747 -2.661034
22.229965 -3.994682 -4.699399 -3.280226 -4.962884 -3.055684 -4.999747 -3.013610
26.826958 -3.994682 -4.699399 -3.280226 -4.962884 -3.055684 -4.999747 -3.013610
32.374575 -3.994682 -4.699399 -3.280226 -4.962884 -3.055684 -4.999747 -3.013610
39.069399 -3.994682 -4.699399 -3.280226 -4.962884 -3.055684 -4.999747 -3.013610
47.148664 -3.994682 -4.699399 -3.280226 -4.962884 -3.055684 -4.999747 -3.013610
56.898660 -3.994682 -4.699399 -3.280226 -4.962884 -3.055684 -4.999747 -3.013610
68.664885 -3.994682 -4.699399 -3.280226 -4.962884 -3.055684 -4.999747 -3.013610
82.864277 -3.994682 -4.699399 -3.280226 -4.962884 -3.055684 -4.999747 -3.013610
100.000000 -3.994682 -4.699399 -3.280226 -4.962884 -3.055684 -4.999747 -3.013610
