0.01 3.638320227164248 1.9302357832699215 5.830802850350844 0.9470271306630339 6.56654239694102 0.5248881631659965 6.780066296315187
0.012068 3.2947177358159236 1.8139890408313741 5.166964989129245 0.8723422256845236 5.842232429838797 0.47161176654064946 6.078369298440915
0.014563 2.9939234480998693 1.7037540203111579 4.578679653013197 0.837121051465426 5.1679665827380274 0.45913662686169987 5.519995760597855
0.017575 2.726892608799531 1.6068709002501005 4.05869167883763 0.8339103790508716 4.551646499313364 0.4370793329074274 4.915846889363938
0.02121 2.508437555800804 1.5200382091216502 3.601586796875336 0.8060494019582983 4.0199742079747365 0.42224310750569205 4.327047033381176
0.025595 2.32008434870181 1.4340586392801458 3.193529915947121 0.7785199874066531 3.5560967708166027 0.41225042874861556 3.7979054926819766
0.030888 2.109100839699097 1.3635944902134576 2.8295837847109415 0.7617141406317917 3.145318200136832 0.4050483876540912 3.3612796956667363
0.037276 1.9313305158351273 1.2792033427153509 2.5223999395529577 0.746038001693956 2.787620846917954 0.3995156638238387 2.9572860036894792
0.044984 1.7734645219310061 1.2013759883971964 2.2479944632082267 0.7152067422024967 2.4679870852228896 0.4018255568641907 2.6522898640492505
0.054287 1.6160586351758326 1.1408935027168892 2.002174624530477 0.6994147401595683 2.197154842431167 0.40106811730238695 2.345947156857583
0.065513 1.4693647820714335 1.0732080012045304 1.781935838910871 0.6846239524176705 1.955406893317246 0.3970708915424998 2.0724442633034155
0.07906 1.3353555689880252 1.0075336964557653 1.5876024540927303 0.6715474769219041 1.7371503761884723 0.3925278218387053 1.8327450904960911
0.09541 1.2175434603177482 0.9382106303991303 1.423603466001411 0.6485066359066766 1.5544494391087182 0.3831235335273445 1.6254667342769518
0.11514 1.1017896866460364 0.8739456934014193 1.2778309260793308 0.6274203343943687 1.3952653629042817 0.3644189235881324 1.452725306731424
0.13895 1.0025194351954516 0.8053589534829638 1.1450235613461366 0.5957861620077987 1.2486665687366012 0.34566351929764133 1.3172869417569797
0.167683 0.9042805835571391 0.7435522272547904 1.0272327568421504 0.5645847728740713 1.1206616844249586 0.3281366137027095 1.185855903104786
0.202359 0.8166890883673871 0.6821759443647729 0.925417038417646 0.5274985865240032 1.0083442100906086 0.31991105370977496 1.0625092068313666
0.244205 0.7402136145407047 0.6262701137499924 0.8362162776754806 0.48982019056012205 0.9079101269582153 0.32041693034115637 0.9774566747385957
0.294705 0.6702123698735564 0.5733486304630766 0.7529561859650504 0.4614972025629763 0.8192110260901216 0.32103702726410727 0.882799401977356
0.355648 0.6062349276135137 0.5221841205101728 0.6792974769023615 0.4340073487697355 0.735739413982751 0.32180964088368286 0.7895509885281519
0.429193 0.5480792360386849 0.47658895526078227 0.6129660680073248 0.39889498353015135 0.6672655592382013 0.30076290263150113 0.7045834579838824
0.517947 0.49678826599415393 0.43492251053066533 0.5531015193079919 0.36568218507976175 0.5986147747502272 0.27497811104019565 0.6293668103088247
0.625055 0.45232817052791985 0.3955502781024819 0.49991315062923813 0.3315003495291691 0.5384487627195904 0.2525535833003156 0.566440033971062
0.754312 0.4111101073433022 0.36293378740520954 0.453235163710667 0.30863872960257793 0.49062877703526525 0.2421815013158018 0.5073193957743123
0.910298 0.37255360579709146 0.3308342863659441 0.41214098052928705 0.2833420774990147 0.4643227287799541 0.2256662127094933 0.5167561066520898
1.098541 0.3378992746866064 0.30080693318982993 0.377761203301874 0.2589654222865629 0.46231650196783425 0.2036881692717738 0.5491653086707208
1.325711 0.30641358253281387 0.2734135169575016 0.3491875428711093 0.2347091028621941 0.4458828267328909 0.18967485382859745 0.5080151797245535
1.599859 0.2764480871747936 0.24738093803113803 0.3284803574183647 0.2149559117012358 0.3941406715719491 0.1769970080443947 0.4308159986570825
1.930698 0.24952650735621507 0.22398176811537107 0.2940479387711337 0.19574133025018264 0.34970838154524925 0.16570055515757012 0.39625304122023236
2.329952 0.2239101521828588 0.20250949631126638 0.2567512542637203 0.17908898286998462 0.3022379864449792 0.1543018493432937 0.3347492284213609
2.811769 0.19777586191541727 0.1813746747742351 0.22272592446463696 0.16358914414247308 0.25756991055460493 0.13995229553134272 0.2914519481139737
3.393222 0.17384104454305133 0.16090583831409325 0.19383375969104097 0.14722837297399807 0.22264095778899384 0.1280596687163893 0.2554493154832589
4.094915 0.15276769286357142 0.14116146895714712 0.16909947668060052 0.12730138230560384 0.19384252798486504 0.11558559936238529 0.2199853302277001
4.941713 0.133444475222647 0.122513585468342 0.14716540223280777 0.10593187504033354 0.17109975433883803 0.09520781028037932 0.18421945268813228
5.963623 0.11621050976757762 0.1043603447289773 0.12852874928467212 0.08684527457530897 0.1459126935085654 0.07691741377118626 0.161304180341903
7.196857 0.10139757082223703 0.08804642528130374 0.11188328718532814 0.0715182454126866 0.1268360303534916 0.06226925611539135 0.14294717699172438
8.685114 0.08825051589757289 0.07367055505145632 0.09752518398616566 0.058334538710913285 0.11179112745181732 0.0504545978756916 0.12193205999939782
10.481131 0.07573222233861339 0.061321179166340556 0.08615551307906481 0.047816395963273015 0.09635279595194098 0.04091845225017737 0.1047831603919065
12.648552 0.06482255373292714 0.050832421654914965 0.07461876294027292 0.03899919714338842 0.08357617576202106 0.033213583849570745 0.09294413753010011
15.26418 0.055764132545867914 0.042386491467797924 0.064528388406543 0.03180581425350636 0.07330586991405254 0.026971434087703434 0.08326971304760264
