0.010000 0.001548 0.000296 0.007547 0.000051 0.038530 0.000001 0.290636
0.012068 0.001857 0.000372 0.008846 0.000062 0.046370 0.000001 0.314592
0.014563 0.002246 0.000456 0.010381 0.000075 0.055717 0.000001 0.337175
0.017575 0.002687 0.000578 0.012180 0.000089 0.064779 0.000001 0.358061
0.021210 0.003303 0.000726 0.014195 0.000109 0.074184 0.000001 0.377038
0.025595 0.004030 0.000882 0.016729 0.000135 0.083873 0.000002 0.394006
0.030888 0.004824 0.001122 0.019636 0.000163 0.094530 0.000002 0.408961
0.037276 0.005804 0.001408 0.023028 0.000199 0.106450 0.000002 0.421975
0.044984 0.006998 0.001732 0.026614 0.000243 0.118810 0.000003 0.433176
0.054287 0.008424 0.002175 0.030836 0.000297 0.132410 0.000004 0.442725
0.065513 0.010144 0.002695 0.035400 0.000363 0.146927 0.000005 0.450799
0.079060 0.012137 0.003377 0.040811 0.000443 0.162285 0.000006 0.457581
0.095410 0.014636 0.004045 0.047392 0.000540 0.178381 0.000007 0.463243
0.115140 0.017583 0.004940 0.055603 0.000658 0.195082 0.000008 0.467948
0.138950 0.020905 0.006068 0.064060 0.000800 0.212233 0.000010 0.471842
0.167683 0.024982 0.007395 0.074920 0.000954 0.229663 0.000013 0.475054
0.202359 0.029753 0.009100 0.084604 0.001130 0.251411 0.000015 0.477697
0.244205 0.035569 0.011309 0.095924 0.001406 0.266779 0.000019 0.482947
0.294705 0.041321 0.013494 0.107342 0.001618 0.289693 0.000023 0.487575
0.355648 0.048575 0.016166 0.121095 0.001904 0.307866 0.000027 0.491536
0.429193 0.056833 0.019222 0.135168 0.002300 0.325079 0.000033 0.494918
0.517947 0.066454 0.022233 0.152638 0.002764 0.347426 0.000039 0.497798
0.625055 0.076465 0.025905 0.167472 0.003132 0.355189 0.000046 0.500247
0.754312 0.088472 0.030165 0.185512 0.003677 0.377047 0.000054 0.502325
0.910298 0.102617 0.034777 0.204798 0.004418 0.389956 0.000063 0.504086
1.098541 0.115369 0.040042 0.223213 0.004765 0.401418 0.000072 0.505577
1.325711 0.129360 0.045104 0.240208 0.005096 0.415452 0.000081 0.506838
1.599859 0.142614 0.048584 0.256996 0.005668 0.421704 0.000091 0.507903
1.930698 0.157443 0.052679 0.276039 0.006001 0.434174 0.000101 0.511171
2.329952 0.170968 0.057043 0.291055 0.006696 0.436014 0.000111 0.517939
2.811769 0.183985 0.061632 0.310234 0.007423 0.453501 0.000121 0.523791
3.393222 0.197270 0.066104 0.329791 0.008146 0.467496 0.000130 0.528831
4.094915 0.207975 0.070405 0.348258 0.008452 0.474523 0.000138 0.530968
4.941713 0.219867 0.074894 0.365243 0.008475 0.480183 0.000145 0.533629
5.963623 0.229630 0.078902 0.378260 0.008537 0.486088 0.000152 0.535710
7.196857 0.236727 0.081544 0.392009 0.009005 0.490295 0.000158 0.537335
8.685114 0.244937 0.083466 0.404655 0.009417 0.497706 0.000163 0.538601
10.481131 0.252236 0.086097 0.413457 0.009774 0.504197 0.000167 0.539586
12.648552 0.257937 0.087366 0.420145 0.010080 0.509837 0.000170 0.540352
15.264180 0.263069 0.087914 0.428797 0.010339 0.513346 0.000173 0.543172
18.420700 0.267596 0.088625 0.436142 0.010555 0.518123 0.000176 0.545976
22.229965 0.270810 0.088760 0.441020 0.010735 0.522330 0.000178 0.548179
26.826958 0.273956 0.089674 0.445981 0.010883 0.525456 0.000180 0.549906
32.374575 0.277332 0.090883 0.451850 0.011004 0.530302 0.000181 0.551257
39.069399 0.279307 0.091714 0.454780 0.011103 0.533842 0.000182 0.552314
47.148664 0.281360 0.092143 0.456705 0.011184 0.535592 0.000183 0.553139
56.898660 0.282583 0.092500 0.457989 0.011249 0.536547 0.000184 0.553784
68.664885 0.283593 0.092796 0.459905 0.011302 0.538277 0.000185 0.554286
82.864277 0.284813 0.093041 0.461800 0.011344 0.538884 0.000185 0.554876
100.000000 0.285695 0.093497 0.463697 0.011378 0.540738 0.000185 0.555721
