0.010000 9182.772692 2899.560989 21650.234449 1245.644043 30721.926809 803.707158 39218.192428
0.012068 14641.678158 4906.300571 32493.293903 2123.603110 45504.768383 1406.895613 57008.077734
0.014563 23047.086642 8221.077684 49179.081086 3676.011589 68241.478082 2461.051726 82835.068558
0.017575 35955.617671 13826.742568 73775.573793 6302.771775 101414.293311 4301.432786 121437.951720
0.021210 55944.426119 23066.975739 111215.307561 10784.687812 149383.170353 7510.448980 180485.627701
0.025595 87957.923269 37779.458642 166103.875234 18567.874123 223224.160726 13097.603946 267848.965243
0.030888 137419.895629 62156.603437 245424.878554 31509.506474 332636.038404 22808.011949 401605.984291
0.037276 214295.830866 103208.912955 365365.699291 53299.685352 490681.092816 39611.925402 598433.338621
0.044984 337230.011851 168218.872198 539611.005001 90117.678046 719261.701432 67840.018056 885265.727919
0.054287 524075.166538 273362.924800 808739.702468 152097.034664 1052617.110124 116016.144719 1299079.545256
0.065513 810336.099093 444556.354777 1188761.359914 259023.320772 1529295.762631 198059.624911 1890481.529009
0.079060 1242882.844638 720018.676313 1752581.115404 437655.423248 2198274.349130 337415.941524 2728925.926811
0.095410 1876219.542086 1178605.626887 2607305.499216 734833.452249 3170357.104068 562138.294330 3910031.336243
0.115140 2819100.932216 1872016.515560 3805071.403968 1218350.505836 4595374.542256 933827.308258 5565037.415544
0.138950 4220550.943658 2953000.354378 5509807.649538 2026107.853848 6548887.545278 1547062.179576 7885809.651670
0.167683 6295638.439429 4643538.991000 8028081.130358 3313778.353728 9415924.113011 2554755.575636 11130294.549181
0.202359 9302446.498837 7179855.964120 11567421.242134 5396071.350841 13349379.005080 4244839.574329 15561622.413855
0.244205 13743169.073470 11113845.766797 16526193.918487 8649932.290128 18892114.179110 7150242.510646 21531921.499501
0.294705 20100060.901022 16915916.421367 23549700.350373 13758970.200806 26579581.099908 11663898.581762 29609973.584576
0.355648 29064818.229258 25290614.595030 33401946.884661 21585318.355417 37027290.569132 18335134.840577 42154466.204463
0.429193 41929285.383397 37326494.281683 46832470.038650 33279027.654267 51030120.823196 29198941.994956 57015617.596214
0.517947 59838010.124164 54352425.911281 65253790.010342 49850415.272100 70171460.771629 44826676.228474 77025944.209321
0.625055 84408925.512037 78204910.963890 90592088.874315 72642510.599842 96772842.477550 68645382.277137 101797047.158504
0.754312 117040701.154720 109741343.246914 125429801.712603 103539124.374806 133932576.025066 97164364.472488 142554715.765347
0.910298 160824763.082888 150022315.900614 173669135.102605 141890786.239235 189412214.534180 133474895.825748 206576645.772538
1.098541 219139797.649084 200711091.683544 239341461.570456 185293543.278600 268685572.028565 174895975.288790 300373528.160001
1.325711 294995798.947860 262073771.804504 329399518.137169 233060116.218795 370813170.220910 219986401.274223 425430797.021267
1.599859 389993676.863539 334362514.117371 443849927.288306 288598917.638977 508822410.395741 271076869.524503 562235584.611777
1.930698 505904424.584647 417053413.833045 592333229.411614 348821590.263842 683381580.865392 328905997.294524 767573555.570316
2.329952 631858746.316515 505721230.480077 779530939.642944 419072431.352190 914673823.444594 387531816.012115 1082202385.445289
2.811769 767108193.459411 594929764.666169 993562215.566824 490174945.719724 1210473246.281003 450620737.381079 1503993955.951729
3.393222 918945458.695711 686969940.369274 1243067789.659709 553095492.231769 1580325972.710975 511311769.100927 2058659976.649470
4.094915 1072359072.346130 768588438.178917 1490505531.962914 611938957.308107 2024662250.896517 544605275.114524 2677177812.069068
4.941713 1230214262.791632 842911450.596157 1787346141.278772 643743451.020454 2643453649.611563 559438426.149142 3391663039.945870
5.963623 1381275540.684107 915792925.979386 2112610859.283124 668533012.057194 3230818882.741406 571003613.867666 4313017348.961127
7.196857 1529389406.234780 972762972.664309 2488063688.011234 690702308.923414 3850621677.533638 581581502.927514 5011636793.620567
8.685114 1660688281.163630 1022907427.825680 2867637551.244825 707400525.896815 4548172397.993939 587051400.173852 6020032805.124357
10.481131 1774994955.840058 1075528432.031520 3209251054.924247 715461703.113743 5034330583.870549 592533039.902442 7569633449.428604
12.648552 1875322950.904251 1111139504.519063 3464954560.472431 718985043.093794 5818660208.667428 596806993.044193 8781478537.561501
15.264180 1953111469.726938 1133453851.818667 3734749486.897517 721425579.969106 6516089061.217089 600139330.877817 9958460309.463167
18.420700 2020859919.900853 1155999073.892515 4002082342.574728 728781217.705989 7277685362.101587 602737505.230485 10948910742.362053
22.229965 2088742237.449411 1173864775.422448 4205781887.175218 738015110.339169 7978916290.017153 604763263.212989 12276501051.439558
26.826958 2149975394.173103 1184567235.523458 4404663692.487631 746064314.240675 8579438403.922634 606342716.647076 13374533562.136250
32.374575 2180165114.990853 1199776134.781805 4568386551.154530 751355333.643315 9125843383.516392 607574193.048499 13921211700.019543
39.069399 2222154845.368701 1215269340.806116 4712177748.213213 753085211.928026 9556021212.403801 608534356.921985 14353231239.377663
47.148664 2260241237.552089 1226116830.103780 4808250129.931640 754388179.862010 9954185098.895296 609282982.444066 15218840178.195728
56.898660 2307189887.304737 1233127151.493335 4952831017.616215 755369593.093217 10322717528.648911 609690947.063291 16084675793.873150
68.664885 2350038608.860149 1240489611.194553 5061353367.442774 756108806.933609 10663823682.139812 609866330.365441 16894772569.024601
82.864277 2384847355.419538 1249519918.845251 5167239867.156561 756665592.887222 10979544629.756681 609994053.143600 17539134793.967358
100.000000 2415359629.004350 1253166609.691868 5254869921.826498 757084971.666679 11510459489.381912 610087067.175497 17874562674.532867
