0.010000 8.255566 7.714858 8.847594 7.232524 9.480594 6.853299 9.891156
0.012068 8.240355 7.706079 8.819487 7.226543 9.449519 6.849508 9.828673
0.014563 8.224699 7.696544 8.799966 7.218203 9.382379 6.845575 9.752148
0.017575 8.203475 7.687602 8.761282 7.211815 9.309252 6.840613 9.662364
0.021210 8.170923 7.668482 8.704449 7.207098 9.232205 6.834064 9.579099
0.025595 8.135811 7.652424 8.639051 7.207673 9.144192 6.826073 9.473126
0.030888 8.085033 7.633817 8.559290 7.207624 9.052493 6.817742 9.354530
0.037276 8.020016 7.590911 8.468981 7.200998 8.930925 6.807776 9.198487
0.044984 7.937191 7.541906 8.344759 7.185500 8.754042 6.796861 9.027924
0.054287 7.845480 7.490411 8.202026 7.164942 8.553832 6.786478 8.827559
0.065513 7.726753 7.417172 8.052690 7.116594 8.359701 6.779351 8.607256
0.079060 7.605134 7.338359 7.883990 7.050874 8.164796 6.779901 8.432868
0.095410 7.488428 7.254092 7.726117 7.015761 7.953458 6.794029 8.201498
0.115140 7.364579 7.155253 7.565845 6.957616 7.777878 6.776954 7.997190
0.138950 7.261607 7.061965 7.437070 6.873828 7.625858 6.687119 7.791924
0.167683 7.179634 6.987567 7.339851 6.801471 7.513333 6.634975 7.649986
0.202359 7.118915 6.932396 7.299165 6.727008 7.453613 6.561184 7.604490
0.244205 7.104664 6.918221 7.298739 6.718874 7.449571 6.546712 7.628330
0.294705 7.134145 6.926555 7.342366 6.722857 7.519417 6.511563 7.674437
0.355648 7.200338 6.968495 7.432577 6.754212 7.621089 6.521486 7.839613
0.429193 7.295561 7.031167 7.557581 6.780536 7.820171 6.405884 8.085829
0.517947 7.416032 7.095485 7.730637 6.805245 8.065642 6.254253 8.458430
0.625055 7.546008 7.170326 7.926656 6.809803 8.340429 6.250336 8.825017
0.754312 7.676891 7.215429 8.139861 6.803211 8.616599 6.282720 9.195848
0.910298 7.783919 7.234058 8.340373 6.791542 8.837732 6.337743 9.614381
1.098541 7.849359 7.203234 8.515161 6.739750 9.019381 6.405386 9.899764
1.325711 7.891914 7.116403 8.607732 6.587304 9.196861 6.254823 10.058845
1.599859 7.841286 6.960948 8.649157 6.387551 9.411424 6.071010 10.323925
1.930698 7.742322 6.773331 8.644252 6.072868 9.565149 5.552884 10.602653
2.329952 7.600127 6.512740 8.600575 5.675867 9.664394 5.055722 10.395586
2.811769 7.387220 6.184332 8.446470 5.284780 9.706876 4.590550 10.616567
3.393222 7.079546 5.802924 8.296703 4.867939 9.597932 4.161358 10.765128
4.094915 6.745488 5.401054 8.050685 4.462180 9.526042 3.764481 10.824757
4.941713 6.317097 4.992687 7.752302 4.046692 9.314226 3.386172 10.372887
5.963623 5.868103 4.550298 7.334441 3.629197 8.933415 3.011742 9.760291
7.196857 5.281328 3.987900 6.727359 3.163626 8.257688 2.590277 9.265682
8.685114 4.314827 3.148020 5.680249 2.421412 7.061762 1.986427 8.186040
10.481131 1.131230 0.778836 1.555172 0.548489 1.983029 0.420870 2.344995
12.648552 0.000000 0.000000 0.000000 0.000000 0.000000 0.000000 0.000000
15.264180 0.000000 0.000000 0.000000 0.000000 0.000000 0.000000 0.000000
18.420700 0.000000 0.000000 0.000000 0.000000 0.000000 0.000000 0.000000
22.229965 0.000000 0.000000 0.000000 0.000000 0.000000 0.000000 0.000000
26.826958 0.000000 0.000000 0.000000 0.000000 0.000000 0.000000 0.000000
32.374575 0.000000 0.000000 0.000000 0.000000 0.000000 0.000000 0.000000
39.069399 0.000000 0.000000 0.000000 0.000000 0.000000 0.000000 0.000000
47.148664 0.000000 0.000000 0.000000 0.000000 0.000000 0.000000 0.000000
56.898660 0.000000 0.000000 0.000000 0.000000 0.000000 0.000000 0.000000
68.664885 0.000000 0.000000 0.000000 0.000000 0.000000 0.000000 0.000000
82.864277 0.000000 0.000000 0.000000 0.000000 0.000000 0.000000 0.000000
100.000000 0.000000 0.000000 0.000000 0.000000 0.000000 0.000000 0.000000
