0.01 4.433974835276476 2.3748132660258925 6.600119923171253 1.2356924497026969 7.53301007961962 0.5158841907395949 8.063863406239005
0.012068 4.034444919170901 2.250746059571566 5.86492765308965 1.1707588928672772 6.681190951571526 0.5097116851910205 7.084958286349952
0.014563 3.7101055332459043 2.108385621745943 5.21617999080206 1.1301933338508927 5.869194448769472 0.5081828813254895 6.240650816908986
0.017575 3.3772187490476098 1.9969756567862638 4.668904881617997 1.1103763386843042 5.2424593789795955 0.5112861962943164 5.524264416697387
0.02121 3.0801146366792524 1.9004417173891177 4.1371379200266984 1.0807226107611612 4.664770820453295 0.5363407625124733 4.872966616862549
0.025595 2.792328026519366 1.7954072173298603 3.6793563653719468 1.0561059230668197 4.123703458265907 0.5498308828312076 4.34375657648562
0.030888 2.548956525175318 1.678459965439343 3.275752272897581 1.0334081477788362 3.6602364094148423 0.5564053319164067 3.8708823565463146
0.037276 2.3199270704703747 1.5788465249086785 2.9062045621140533 1.0269531754079546 3.250240196542532 0.5671295427644426 3.436971905115032
0.044984 2.1116183901579464 1.4756034490995273 2.589537039341673 1.0047502887460726 2.883257936992618 0.5842474384454134 3.062168435806872
0.054287 1.9185565157688045 1.37095356280363 2.3194726699030315 0.9632148741687447 2.5512626101550118 0.5944254825480788 2.721497877666655
0.065513 1.7379994254033073 1.279913659964438 2.0643906533696006 0.9165498672369987 2.2628629693990834 0.6057168490162639 2.460435883120321
0.07906 1.5772001659905015 1.1894873608077057 1.8419228014645355 0.874474526222371 2.0256538286411074 0.6050770110540233 2.209757712634674
0.09541 1.4270200217328874 1.1067982951623074 1.6498666565356541 0.8325873879416306 1.810461985263265 0.577199986244211 1.963603657904104
0.11514 1.29466548382914 1.0284818374670899 1.4729307892758396 0.8103534673256663 1.6155788150000938 0.5630468786538301 1.7479010056267592
0.13895 1.1668091884215122 0.9466151815372517 1.3167948946147645 0.7729777355721346 1.448211156084624 0.5709363614636667 1.5584388847786246
0.167683 1.055662374238277 0.8756527724115466 1.1862492474197666 0.7275194359086977 1.3004195077153993 0.5382849946278371 1.4090147970875329
0.202359 0.9556477447963577 0.8086706101423856 1.0682390694762949 0.678822028899734 1.1644066964566016 0.5094291986803045 1.276971688599984
0.244205 0.8650400821990815 0.7460744051710259 0.965479227923218 0.6330344715968536 1.0446556523810238 0.48378070803834594 1.156255877569123
0.294705 0.7825187716387757 0.6844606211430802 0.8716263493265368 0.5864729864895075 0.9415369346043249 0.46100743613013356 1.0333664402405631
0.355648 0.7107869007744455 0.625506875308206 0.7876547394006103 0.53917924204408 0.8483060041379576 0.4407579016965776 0.9177047873164612
0.429193 0.6448946966355674 0.5722681631547755 0.7118802181526902 0.49622215152252763 0.769896566408104 0.4216244702735299 0.8283579819696575
0.517947 0.5853419738783795 0.5228535565275875 0.642698184286835 0.45454816933738285 0.704743359240178 0.3894617264394376 0.7568220385133625
0.625055 0.5306631263073885 0.4769576767411284 0.5812879431630829 0.4159516918019305 0.6382075364959512 0.35723593317701674 0.6905885502921677
0.754312 0.48273700098605615 0.4345736906738569 0.5300778777931259 0.3844710301801793 0.5831079770395835 0.32891321063701656 0.6422365038691438
0.910298 0.4380200035676933 0.39519084447592406 0.4870319344041543 0.35248928000463015 0.5564285857441922 0.30399412688991756 0.6313042749144181
1.098541 0.3990817738792653 0.3577618671397069 0.45130146561648404 0.3187250989084125 0.568666797667113 0.2821425685977232 0.6541162282303626
1.325711 0.3615953826265591 0.32516871535406977 0.4315871019964787 0.2922713863084616 0.5056185345778316 0.25641054781734074 0.5823594567739713
1.599859 0.3269431155387591 0.29428502868247086 0.3915817613413217 0.263766628147333 0.46815965600209436 0.23191671857654836 0.5013788752738886
1.930698 0.2940341726469277 0.26476870785498313 0.3430442165495332 0.24046222159502104 0.40234458753509755 0.21312899426054127 0.43982746305444476
2.329952 0.26209142612468633 0.2382603069670254 0.2959925651628698 0.21726201074945495 0.34036625193223663 0.19813212992510848 0.37615758685226136
2.811769 0.22962965802669508 0.21220951167563015 0.25509887582404506 0.19487218421426658 0.2911463272917088 0.1791721189800609 0.32748507119382814
3.393222 0.19988235513972102 0.18645130382343167 0.22059024813412362 0.17086824359569272 0.251828404009986 0.15647202579633684 0.2898001843022967
4.094915 0.17338310494745107 0.1604808853543259 0.1918810652141888 0.1427524210019141 0.22008659158584115 0.12632707571649476 0.23794161922443333
4.941713 0.15108115037653969 0.1369638832474456 0.1666460376557315 0.11683638992945863 0.18994335160593787 0.10216330595951821 0.20626645252856923
5.963623 0.13138750003725846 0.11548958808559631 0.14534905132039283 0.09500771220533621 0.16457697931403187 0.0827505924577011 0.1812091586299272
7.196857 0.11361162514476326 0.09663879457869973 0.1266033705888684 0.07734018248632162 0.1429153844695973 0.06710615831187819 0.158441131821445
8.685114 0.09832553920150806 0.08047425001940878 0.11021030205205644 0.06263452548899344 0.12450920852207255 0.054420351143091704 0.13930003751245332
10.481131 0.08485249506856317 0.0673702574155304 0.09685731246957473 0.05111787489763099 0.10848438903099561 0.044163589777332576 0.12325237602512766
