0.010000 5.826422 5.087159 8.162692 4.771104 11.987366 4.494074 23.574341
0.012068 6.313643 5.498004 8.640292 5.193145 12.900398 4.856365 25.264181
0.014563 6.697434 5.897166 9.127817 5.604071 13.390824 5.203627 26.875482
0.017575 7.080223 6.296450 9.528931 5.963836 13.693401 5.648924 26.978614
0.021210 7.485017 6.726554 9.821218 6.379095 13.955594 6.130764 26.477253
0.025595 7.935790 7.174398 10.240221 6.811867 14.493954 6.548675 26.708829
0.030888 8.423690 7.657404 10.674508 7.290281 14.763268 7.047396 27.500922
0.037276 8.908124 8.156163 11.041491 7.777867 15.028674 7.495655 27.400929
0.044984 9.463694 8.713463 11.459385 8.313150 15.645255 7.989672 27.296311
0.054287 10.045006 9.281667 12.000883 8.843194 16.135705 8.545063 26.286557
0.065513 10.687685 9.888369 12.565895 9.445400 16.765609 9.150437 25.924474
0.079060 11.359597 10.504695 13.116137 10.073497 17.436907 9.705786 25.551935
0.095410 12.015421 11.168369 13.779539 10.674934 18.252119 10.317675 25.173738
0.115140 12.703212 11.832009 14.444580 11.298969 19.183913 10.922821 24.817458
0.138950 13.426469 12.436086 15.193122 11.865796 20.028972 11.541360 24.836089
0.167683 14.149275 13.139640 15.944603 12.300020 20.847776 11.734650 24.950329
0.202359 14.855847 13.819606 16.624518 12.837797 21.420760 11.576913 25.154980
0.244205 15.571371 14.446451 17.353677 13.390665 21.968705 11.376362 25.646540
0.294705 16.262065 15.036969 18.016935 13.860538 22.365012 11.133196 26.605963
0.355648 16.866810 15.592311 18.795475 14.314010 22.720583 10.851658 26.581983
0.429193 17.398691 15.989196 19.446794 14.512773 23.215019 10.536268 27.565148
0.517947 17.858808 16.205800 20.002864 14.504575 23.502857 10.192919 28.546573
0.625055 18.075124 16.189215 20.399484 14.252470 23.913996 9.824266 29.372534
0.754312 18.121209 15.846601 20.645754 13.354663 24.010870 9.435620 30.128743
0.910298 17.732005 14.905244 20.731307 11.817653 24.203129 9.031546 30.531051
1.098541 16.851080 13.305266 20.639077 10.182585 24.489623 8.614883 30.818090
1.325711 15.242314 12.053040 20.255826 9.927143 24.978370 8.184430 30.989134
1.599859 14.085595 11.619556 19.167085 9.507883 24.972536 7.722913 31.034025
1.930698 13.489060 11.221094 17.896534 8.921052 25.036978 7.199123 30.941710
2.329952 13.065969 10.655714 16.250925 8.295446 24.724284 6.502996 31.672456
2.811769 12.483855 9.990867 15.638505 7.667986 23.658061 5.590762 31.509456
3.393222 11.844094 9.314888 15.092471 7.061318 22.779056 5.069048 31.113202
4.094915 11.129776 8.620745 14.418858 6.486390 21.536978 4.695349 31.644683
4.941713 10.384765 7.949422 13.706330 5.934002 20.301190 4.326734 32.038454
5.963623 9.633474 7.301991 12.900052 5.417974 18.399735 3.972368 32.273943
7.196857 8.905528 6.699162 12.020086 4.944796 17.465117 3.640093 32.319200
8.685114 8.208120 6.138219 11.225981 4.508693 16.366354 3.329153 31.192155
10.481131 7.554693 5.615017 10.445856 4.107961 15.494157 3.040256 29.278978
12.648552 0.000000 0.000000 0.000000 0.000000 0.000000 0.000000 0.000000
15.264180 0.000000 0.000000 0.000000 0.000000 0.000000 0.000000 0.000000
18.420700 0.000000 0.000000 0.000000 0.000000 0.000000 0.000000 0.000000
22.229965 0.000000 0.000000 0.000000 0.000000 0.000000 0.000000 0.000000
26.826958 0.000000 0.000000 0.000000 0.000000 0.000000 0.000000 0.000000
32.374575 0.000000 0.000000 0.000000 0.000000 0.000000 0.000000 0.000000
39.069399 0.000000 0.000000 0.000000 0.000000 0.000000 0.000000 0.000000
47.148664 0.000000 0.000000 0.000000 0.000000 0.000000 0.000000 0.000000
56.898660 0.000000 0.000000 0.000000 0.000000 0.000000 0.000000 0.000000
68.664885 0.000000 0.000000 0.000000 0.000000 0.000000 0.000000 0.000000
82.864277 0.000000 0.000000 0.000000 0.000000 0.000000 0.000000 0.000000
100.000000 0.000000 0.000000 0.000000 0.000000 0.000000 0.000000 0.000000
