0.010000 6326.585162 2712.352506 9528.159714 955.951551 11804.683966 466.849493 81929.141310
0.012068 9946.790916 4369.994690 14266.362175 1607.678293 17251.449576 813.787453 126442.888520
0.014563 15356.920588 7042.981895 21454.178458 2719.687736 25196.691187 1418.377880 193405.520151
0.017575 23751.012536 11317.932517 31958.760833 4555.017013 36843.708079 2471.743146 292559.422796
0.021210 36717.576154 18262.531195 47608.807562 7590.284783 53985.261610 4291.264491 436625.781812
0.025595 56193.371457 29352.243013 70487.615304 12946.171303 78949.084460 7414.613124 641473.595009
0.030888 86062.377035 47225.598714 104090.884616 22065.381764 116485.675179 12807.957238 926100.185910
0.037276 129244.355756 75595.201434 153097.434389 36994.755049 170735.689252 22116.611001 1312685.042477
0.044984 194695.270804 119331.969910 224530.024712 62259.466147 248285.662939 38106.279194 1827094.508276
0.054287 290856.280447 188788.034326 329193.898419 102531.621993 361463.229171 64871.478480 2499920.059454
0.065513 430784.153400 294712.885379 481892.179828 169091.672733 526629.380104 110339.247933 3367465.593747
0.079060 636120.797273 459264.572342 703917.553482 277378.077634 768027.852203 189650.048307 4471644.928924
0.095410 936548.138976 716327.708674 1026099.914102 469120.328302 1122001.164185 326644.402415 5858124.598981
0.115140 1372432.789972 1096083.772878 1497260.786918 768543.892097 1630188.441114 560452.494833 7585532.389254
0.138950 2010852.731876 1683978.776212 2177965.469225 1233069.755079 2375699.427217 927075.465961 9709863.025528
0.167683 2944238.926959 2545867.407843 3167018.701655 1983470.058930 3450693.478578 1522124.170954 12243871.136365
0.202359 4293114.717125 3855142.440254 4603461.664040 3130459.755969 5049214.154863 2538666.049543 15256931.276416
0.244205 6270439.889293 5765211.370979 6698490.048687 4932316.376388 7330653.317375 4095664.787587 18754936.726270
0.294705 9135527.339379 8526545.777450 9735161.513302 7750011.653821 10627531.321065 6485146.277723 22748009.786844
0.355648 13318897.129020 12492292.278125 14142043.125627 11716632.344596 15392920.456702 10254177.928614 27227860.544786
0.429193 19465618.733875 18247743.119239 20562243.043267 17178509.474869 22634347.295534 16037945.313251 32202801.165299
0.517947 28166450.696919 26430880.871263 29905141.692127 24885428.765851 33882727.318097 23616834.516619 37642084.304102
0.625055 40688720.429952 38108201.392579 43284290.378439 35900730.984297 46330380.169185 33711095.102258 51157725.620323
0.754312 58306911.279596 54345122.469187 62374736.956427 49753331.227465 68819754.002134 48114799.510066 74434139.351316
0.910298 83442030.118133 77515025.937949 90141208.619543 70017365.206757 101563656.073785 54522671.013560 111773020.625274
1.098541 118796047.952733 110051623.760753 129522466.005903 97315909.561138 150032760.417243 61096849.057624 169163975.256206
1.325711 166221971.731465 154468412.340900 181976302.725091 135769876.573422 212652571.378619 67930460.838427 243186142.751161
1.599859 225447258.656379 204325563.450243 248973228.183633 168226850.253887 290476506.163949 74990895.266725 347482837.899671
1.930698 297376080.760353 242092482.779876 333141999.892085 186084389.030419 381472814.263975 82247974.264638 473739930.417491
2.329952 365385996.338604 272122811.493239 439389856.837257 196366714.236633 498037659.310622 89674309.922513 630102065.224064
2.811769 413326701.959680 296362711.021700 566616930.611036 203697287.471886 659217472.666351 97245438.115548 855404574.762493
3.393222 453070792.819680 315310656.993777 688726796.255904 208923469.573667 861393962.125242 104939789.060961 1044755880.031430
4.094915 487388802.362357 329606336.982203 795767446.714318 212649369.102183 1109139829.866341 112738547.586692 1336672523.441061
4.941713 516881306.298926 342717876.483390 872915247.123331 215305672.886902 1335901727.088734 117287723.175370 1753167827.341015
5.963623 547243297.327605 353056197.110365 934368522.331324 217199430.285004 1612491775.665209 119824850.645552 2276653842.608020
7.196857 569685205.848793 364080055.229062 994361078.450752 218549545.849157 1838457360.162538 121644595.802364 2863403355.580075
8.685114 588803491.614454 369291465.886975 1040852704.452052 219512083.098329 2098576957.533702 122949801.187058 3766965308.997470
10.481131 602911249.857725 373920542.914167 1088914649.015019 220198304.323120 2392981662.547384 123885954.851135 4893666842.702255
12.648552 616153251.269464 377318976.902764 1135904335.409561 220687531.695629 2661029347.553784 124557407.553554 6248585950.930018
15.264180 630404193.182636 380040720.782787 1174526083.162905 221036316.334409 2894176090.997550 125039004.484577 7608373831.304555
18.420700 643860608.855013 381259007.277760 1203466761.435534 221284975.201604 3064454275.608166 125384428.076045 8899044517.652981
22.229965 657535963.628726 381871935.223458 1227760611.487414 221462251.449925 3246068103.593518 125632181.850742 10175344169.536198
26.826958 670113573.836932 382670639.888215 1257832815.338529 221588636.921607 3379981098.316089 125809882.315888 11386356546.316589
32.374575 677340741.721092 383368297.552491 1286263654.039339 221678740.856025 3494143684.116963 125937337.307650 12551486552.402355
39.069399 686502332.706567 383752291.202780 1316104700.696983 221742978.611279 3593140061.840853 126028753.922186 13672472561.389765
47.148664 692611813.830035 384790886.314597 1343325758.230219 221788775.603682 3712998696.625606 126094322.145900 14750987084.045561
56.898660 697637250.664277 385716399.417645 1362075155.404645 221821425.631767 3865052060.600114 126141350.708298 15788639263.692455
68.664885 702775384.207097 386475715.443263 1383695760.535821 221844702.800813 3941429957.683173 126175081.768192 16786977277.050457
82.864277 707310546.933616 387098678.883611 1398273380.041393 221861297.781907 4007863129.734532 126199275.244317 17747490644.116074
100.000000 717252839.878784 387609774.968660 1421117292.384554 221873128.833912 4112380996.259252 126216627.924276 18671612450.525620
