0.010000 0.009004 -0.006857 0.028531 -0.016629 0.052732 -0.019570 0.075112
0.012068 0.011217 -0.005683 0.034105 -0.016295 0.061703 -0.019448 0.086546
0.014563 0.013192 -0.004647 0.040410 -0.015796 0.073902 -0.019358 0.099943
0.017575 0.016022 -0.003383 0.049401 -0.015816 0.086822 -0.019321 0.115549
0.021210 0.018640 -0.001528 0.060129 -0.015046 0.102892 -0.019257 0.134153
0.025595 0.023498 0.001540 0.073447 -0.014331 0.123575 -0.019918 0.159933
0.030888 0.030417 0.004456 0.089787 -0.013087 0.146775 -0.019814 0.189100
0.037276 0.040009 0.007925 0.106925 -0.011301 0.173209 -0.020673 0.221715
0.044984 0.053245 0.012398 0.129546 -0.009484 0.204723 -0.023669 0.257710
0.054287 0.067816 0.018661 0.157725 -0.008181 0.241691 -0.027379 0.296866
0.065513 0.088690 0.026886 0.190067 -0.005771 0.286002 -0.031857 0.338772
0.079060 0.113647 0.036845 0.226436 -0.000287 0.329063 -0.037096 0.381579
0.095410 0.145871 0.054004 0.268237 0.002433 0.377693 -0.043008 0.432362
0.115140 0.181119 0.073277 0.313280 0.008720 0.427041 -0.049411 0.488953
0.138950 0.222466 0.100894 0.364472 0.019136 0.477756 -0.056047 0.545199
0.167683 0.272640 0.133654 0.415523 0.031260 0.534879 -0.072196 0.599509
0.202359 0.325351 0.172968 0.471916 0.051331 0.583149 -0.096422 0.650507
0.244205 0.380096 0.210914 0.519067 0.065655 0.635956 -0.122833 0.698691
0.294705 0.435251 0.245497 0.573313 0.074991 0.685472 -0.148183 0.740012
0.355648 0.484827 0.283599 0.626641 0.083622 0.729609 -0.169710 0.787091
0.429193 0.532110 0.311672 0.674340 0.091312 0.775309 -0.180918 0.833778
0.517947 0.572753 0.334048 0.714196 0.097941 0.814973 -0.189460 0.872344
0.625055 0.609578 0.354931 0.744316 0.100847 0.850827 -0.196274 0.901089
0.754312 0.635214 0.364468 0.775598 0.103010 0.880344 -0.201597 0.934172
0.910298 0.655203 0.378116 0.802622 0.104710 0.902280 -0.205688 0.955568
1.098541 0.672324 0.392273 0.825336 0.106034 0.919021 -0.208794 0.968608
1.325711 0.684474 0.398396 0.842496 0.107058 0.929995 -0.211129 0.976265
1.599859 0.695140 0.404321 0.855263 0.108213 0.941205 -0.212871 0.981107
1.930698 0.702231 0.407632 0.862636 0.111182 0.949998 -0.214165 0.983869
2.329952 0.708111 0.407889 0.873057 0.111442 0.956020 -0.215122 0.985499
2.811769 0.712391 0.408258 0.880358 0.111621 0.962201 -0.215827 0.986460
3.393222 0.717010 0.409686 0.886494 0.111744 0.966343 -0.216346 0.987025
4.094915 0.721863 0.412007 0.890583 0.111829 0.968919 -0.216728 0.987718
4.941713 0.723295 0.412014 0.892695 0.111887 0.971608 -0.217007 0.988507
5.963623 0.723980 0.413107 0.896693 0.111927 0.973527 -0.217212 0.989011
7.196857 0.724305 0.414853 0.899864 0.111955 0.973998 -0.217363 0.989333
8.685114 0.724539 0.414876 0.900710 0.111974 0.975866 -0.217473 0.989538
10.481131 0.725515 0.414892 0.902191 0.111987 0.976238 -0.217553 0.989669
12.648552 0.726361 0.414902 0.902435 0.111996 0.976785 -0.217612 0.989752
15.264180 0.727227 0.414908 0.903407 0.112002 0.978496 -0.217655 0.989805
18.420700 0.727899 0.414913 0.904383 0.112006 0.978504 -0.217687 0.989839
22.229965 0.728188 0.414915 0.905239 0.112009 0.978882 -0.217710 0.989861
26.826958 0.728395 0.414917 0.905290 0.112011 0.979417 -0.217727 0.989875
32.374575 0.728727 0.414919 0.905325 0.112013 0.979719 -0.217739 0.989884
39.069399 0.729245 0.414919 0.905348 0.112014 0.979857 -0.217748 0.989889
47.148664 0.729292 0.414920 0.905363 0.112014 0.979964 -0.217755 0.989893
56.898660 0.729293 0.414920 0.905565 0.112015 0.980045 -0.217759 0.989895
68.664885 0.729294 0.414920 0.905567 0.112015 0.980108 -0.217763 0.989896
82.864277 0.729294 0.414921 0.905666 0.112015 0.980157 -0.217766 0.989897
100.000000 0.729598 0.414921 0.905754 0.112015 0.980194 -0.217767 0.989898
