0.010000 20.790174 18.659858 22.763079 16.946131 24.976825 15.049963 27.641073
0.012068 20.778626 18.656336 22.739610 16.971756 24.972772 15.116347 27.581851
0.014563 20.749186 18.633424 22.716518 16.952023 24.951015 15.124177 27.513541
0.017575 20.706210 18.603253 22.672601 16.913413 24.916378 15.103266 27.446309
0.021210 20.671469 18.577117 22.624060 16.877939 24.878605 15.073210 27.381728
0.025595 20.648341 18.556698 22.567245 16.853112 24.840413 15.046824 27.315225
0.030888 20.629276 18.542756 22.553237 16.835296 24.790923 15.030090 27.239156
0.037276 20.612407 18.527607 22.504205 16.823318 24.724828 15.023707 27.144043
0.044984 20.595207 18.520912 22.464944 16.815377 24.653436 15.025649 27.019640
0.054287 20.564769 18.515492 22.435975 16.818322 24.552008 15.034948 26.854737
0.065513 20.521561 18.509411 22.382536 16.826596 24.454473 15.052003 26.636428
0.079060 20.480265 18.495937 22.285335 16.840386 24.391039 15.078471 26.416277
0.095410 20.402452 18.466052 22.171317 16.839409 24.218031 15.111977 26.239778
0.115140 20.314106 18.416176 22.017638 16.813268 23.990199 15.133058 26.049874
0.138950 20.176645 18.353035 21.815014 16.818863 23.668425 15.160612 25.614394
0.167683 20.014953 18.317080 21.522067 16.801582 23.349439 15.197302 25.236898
0.202359 19.757716 18.211627 21.194018 16.799469 22.950805 15.235157 24.708250
0.244205 19.475029 18.032336 20.781907 16.749105 22.368251 15.145418 23.932068
0.294705 19.105105 17.826805 20.296355 16.575160 21.640498 15.037616 22.864355
0.355648 18.640029 17.536144 19.700801 16.346389 20.843062 14.922097 21.693795
0.429193 18.135440 17.189340 19.042238 16.283073 19.947486 14.822901 20.692936
0.517947 17.664549 16.841968 18.420261 16.052737 19.131633 14.783905 19.686231
0.625055 17.255621 16.521713 17.953513 15.889738 18.605065 15.072693 19.095892
0.754312 17.047370 16.377562 17.730185 15.753534 18.295765 15.059053 19.026315
0.910298 17.058534 16.394282 17.742092 15.797843 18.348196 15.245430 19.014263
1.098541 17.391000 16.649351 18.102628 15.994700 18.788045 15.399246 19.286907
1.325711 17.975233 17.082561 18.769491 16.408616 19.563182 15.653653 20.560508
1.599859 18.765213 17.805295 19.725942 17.093820 20.693412 16.371203 22.254380
1.930698 19.810613 18.674641 20.912256 17.849393 22.177072 16.892326 24.183144
2.329952 20.935716 19.659571 22.294519 18.688780 23.927935 17.786306 26.336447
2.811769 22.206709 20.600552 23.825959 19.547470 25.857544 18.564803 28.631980
3.393222 23.458090 21.695905 25.325114 20.467734 27.697968 19.263849 30.972569
4.094915 24.646064 22.676190 26.813858 21.315732 29.527562 20.043072 33.244586
4.941713 25.672129 23.564845 28.119724 22.026064 31.222025 20.668103 35.325613
5.963623 26.490997 24.191920 29.258342 22.633319 32.704273 20.879851 37.080322
7.196857 27.085968 24.618208 29.989995 22.769422 33.850370 21.011692 38.358067
8.685114 27.348945 24.596582 30.435042 22.561089 34.609852 20.625962 39.033249
10.481131 27.069499 24.145290 30.406167 21.837482 34.916457 19.766255 39.189829
12.648552 26.509877 23.212295 30.043503 20.741449 34.605052 18.782275 39.525909
15.264180 25.378923 22.068590 29.232663 19.523060 33.475345 17.451503 39.276909
18.420700 23.841113 20.503713 27.701413 17.932333 31.985183 15.832679 38.240628
22.229965 21.771656 18.538511 25.619621 16.074553 30.140343 14.153470 36.291789
26.826958 18.815695 15.835795 22.630716 13.546845 27.078385 11.871355 32.875222
32.374575 13.517443 10.836422 17.426824 9.018981 21.284217 7.733671 26.292848
39.069399 0.000000 0.000000 0.000000 0.000000 0.000000 0.000000 0.000000
47.148664 0.000000 0.000000 0.000000 0.000000 0.000000 0.000000 0.000000
56.898660 0.000000 0.000000 0.000000 0.000000 0.000000 0.000000 0.000000
68.664885 0.000000 0.000000 0.000000 0.000000 0.000000 0.000000 0.000000
82.864277 0.000000 0.000000 0.000000 0.000000 0.000000 0.000000 0.000000
100.000000 0.000000 0.000000 0.000000 0.000000 0.000000 0.000000 0.000000
