0.126695 17.375744 3.078805
0.272999 23.651451 4.156289
0.32721 22.345001 4.078116
0.385101 15.981651 2.530396
0.428347 20.600785 3.558741
0.475931 18.553278 3.343514
0.525476 17.541786 3.005555
0.567154 23.030125 3.972608
0.620345 16.745464 2.766191
0.684853 26.52647 3.684161
0.738681 18.514993 3.113884
0.80486 19.396169 3.596068
0.872716 19.110345 3.412584
0.937399 18.52821 3.280795
1.002904 14.070141 0.859078
1.061559 17.129754 2.854567
1.130291 24.181901 3.986607
1.204963 27.516094 3.850073
