0.001000 0.013745 0.011470 0.015877 0.010446 0.016817 0.010230 0.017021
0.001038 0.015358 0.012816 0.017740 0.011672 0.018791 0.011431 0.019019
0.001077 0.017161 0.014320 0.019822 0.013042 0.020996 0.012772 0.021251
0.001117 0.019175 0.016001 0.022148 0.014572 0.023460 0.014271 0.023745
0.001159 0.021425 0.017879 0.024748 0.016283 0.026213 0.015946 0.026532
0.001203 0.023940 0.019977 0.027652 0.018194 0.029290 0.017817 0.029645
0.001248 0.026749 0.022322 0.030897 0.020329 0.032727 0.019908 0.033125
0.001296 0.029888 0.024941 0.034523 0.022715 0.036568 0.022244 0.037012
0.001344 0.033396 0.027868 0.038575 0.025380 0.040859 0.024855 0.041356
0.001395 0.037315 0.031139 0.043102 0.028359 0.045655 0.027772 0.046209
0.001448 0.041695 0.034794 0.048160 0.031687 0.051013 0.031031 0.051632
0.001502 0.046588 0.038877 0.053812 0.035406 0.056999 0.034673 0.057692
0.001559 0.052055 0.043439 0.060128 0.039561 0.063689 0.038742 0.064462
0.001617 0.058164 0.048537 0.067184 0.044204 0.071163 0.043289 0.072028
0.001678 0.064990 0.054234 0.075069 0.049391 0.079515 0.048369 0.080481
0.001742 0.072618 0.060598 0.083879 0.055188 0.088846 0.054046 0.089926
0.001807 0.081140 0.067710 0.093723 0.061665 0.099273 0.060389 0.100479
0.001875 0.090662 0.075656 0.104722 0.068902 0.110924 0.067476 0.112271
0.001946 0.101302 0.084535 0.117012 0.076988 0.123942 0.075395 0.125447
0.002019 0.113191 0.094456 0.130744 0.086023 0.138487 0.084243 0.140170
0.002095 0.126475 0.105542 0.146088 0.096118 0.154740 0.094129 0.156620
0.002174 0.141318 0.117928 0.163232 0.107399 0.172900 0.105176 0.175000
0.002256 0.157902 0.131767 0.182389 0.120003 0.193191 0.117519 0.195538
0.002341 0.176434 0.147231 0.203794 0.134086 0.215863 0.131311 0.218486
0.002430 0.197139 0.164510 0.227711 0.149822 0.241197 0.146722 0.244127
0.002521 0.220275 0.183817 0.254434 0.167405 0.269503 0.163941 0.272777
0.002616 0.246126 0.205389 0.284294 0.187051 0.301131 0.183180 0.304790
0.002715 0.275011 0.229493 0.317658 0.209003 0.336471 0.204678 0.340559
0.002817 0.307285 0.256425 0.354937 0.233531 0.375958 0.228698 0.380526
0.002923 0.343347 0.286519 0.396592 0.260937 0.420080 0.255537 0.425183
0.003033 0.383642 0.320144 0.443135 0.291560 0.469379 0.285527 0.475082
0.003148 0.428665 0.357715 0.495139 0.325777 0.524464 0.319035 0.530836
0.003266 0.478971 0.399695 0.553247 0.364009 0.586013 0.356476 0.593133
0.003389 0.535182 0.446602 0.618174 0.406728 0.654785 0.398311 0.662741
0.003517 0.597988 0.499013 0.690721 0.454460 0.731628 0.445055 0.740517
0.003650 0.668166 0.557575 0.771781 0.507793 0.817489 0.497285 0.827421
0.003787 0.746579 0.623010 0.862354 0.567385 0.913426 0.555644 0.924524
0.003930 0.834194 0.696124 0.963556 0.633971 1.020622 0.620852 1.033022
0.004078 0.932091 0.777817 1.076635 0.708371 1.140397 0.693712 1.154252
0.004232 1.041477 0.869098 1.202983 0.791502 1.274229 0.775123 1.289710
0.004391 1.163699 0.971091 1.344159 0.884388 1.423765 0.866087 1.441063
0.004557 1.300264 1.085052 1.501901 0.988175 1.590850 0.967726 1.610178
0.004728 1.452855 1.212388 1.678155 1.104141 1.777542 1.081292 1.799138
0.004906 1.623352 1.354665 1.875093 1.233716 1.986143 1.208185 2.010274
0.005091 1.813858 1.513640 2.095140 1.378496 2.219223 1.349970 2.246185
0.005283 2.026718 1.691269 2.341010 1.540266 2.479655 1.508392 2.509781
0.005482 2.264558 1.889743 2.615733 1.721020 2.770647 1.685405 2.804309
0.005689 2.530307 2.111507 2.922693 1.922984 3.095787 1.883190 3.133399
0.005903 2.827241 2.359295 3.265674 2.148648 3.459080 2.104184 3.501106
0.006126 3.159019 2.636158 3.648902 2.400793 3.865005 2.351111 3.911962
0.006356 3.529729 2.945511 4.077099 2.682525 4.318562 2.627013 4.371029
0.006596 3.943938 3.291163 4.555542 2.997316 4.825340 2.935290 4.883965
0.006844 4.406752 3.677375 5.090127 3.349046 5.391585 3.279740 5.457089
0.007102 4.923873 4.108905 5.687439 3.742047 6.024273 3.664609 6.097464
0.007370 5.501671 4.591070 6.354840 4.181163 6.731199 4.094638 6.812979
0.007648 6.147267 5.129811 7.100551 4.671803 7.521075 4.575125 7.612451
0.007936 6.868615 5.731766 7.933761 5.220013 8.403630 5.111990 8.505729
0.008235 7.674600 6.404350 8.864734 5.832546 9.389739 5.711847 9.503819
0.008545 8.575153 7.155849 9.904939 6.516949 10.491550 6.382087 10.619016
0.008867 9.581367 7.995521 11.067192 7.281652 11.722636 7.130965 11.865059
0.009201 10.705638 8.933710 12.365808 8.136076 13.098162 7.967708 13.257297
0.009548 11.961814 9.981972 13.816785 9.090745 14.635071 8.902621 14.812878
0.009908 13.365367 11.153218 15.437993 10.157418 16.352293 9.947220 16.550964
0.010281 14.933583 12.461873 17.249400 11.349232 18.270979 11.114370 18.492961
0.010669 16.685778 13.924056 19.273314 12.680865 20.414758 12.418447 20.662785
0.011071 18.643527 15.557771 21.534660 14.168717 22.810030 13.875509 23.087159
0.011488 20.830939 17.383136 24.061284 15.831107 25.486291 15.503497 25.795934
0.011921 23.274946 19.422627 26.884294 17.688505 28.476491 17.322458 28.822464
0.012370 26.005640 21.701354 30.038448 19.763778 31.817447 19.354786 32.204010
0.012836 29.056635 24.247369 33.562575 22.082476 35.550287 21.625500 35.982202
0.013320 32.465490 27.092011 37.500055 24.673138 39.720961 24.162551 40.203547
0.013822 36.274159 30.270295 41.899352 27.567653 44.380802 26.997167 44.920002
0.014343 40.529516 33.821332 46.814605 30.801641 49.587157 30.164230 50.189611
0.014883 45.283923 37.788820 52.306299 34.414897 55.404091 33.702714 56.077217
0.015444 50.595876 42.221573 58.442000 38.451878 61.903173 37.656153 62.655259
0.016026 56.530722 47.174122 65.297189 42.962245 69.164354 42.073183 70.004659
0.016630 63.161459 52.707383 72.956184 48.001476 77.276946 47.008132 78.215814
0.017256 70.569631 58.889402 81.513173 53.631542 86.340715 52.521689 87.389703
0.017907 78.846326 65.796192 91.073372 59.921669 96.467107 58.681648 97.639125
0.018581 88.093292 73.512660 101.754305 66.949183 107.780609 65.563733 109.090078
0.019281 98.424181 82.133646 113.687250 74.800456 120.420271 73.252533 121.883305
0.020008 109.965938 91.765087 127.018838 83.571967 134.541410 81.842525 136.176008
0.020762 122.860355 102.525303 141.912849 93.371472 150.317505 91.439239 152.143772
0.021544 137.265799 114.546451 158.552208 104.319328 167.942315 102.160540 169.982713
0.022356 153.359146 127.976131 177.141221 116.549958 187.632244 114.138068 189.911864
0.023199 171.337938 142.979190 197.908063 130.213489 209.628983 127.518845 212.175850
0.024073 191.422789 159.739725 221.107560 145.477583 234.202448 142.467064 237.047867
0.024980 213.860069 178.463332 247.024287 162.529478 261.654069 159.166086 264.833009
0.025921 238.924902 199.379596 275.976034 181.578262 292.320456 177.820674 295.871975
0.026898 266.924507 222.744887 308.317660 202.857415 326.577486 198.659476 330.545206
0.027911 298.201924 248.845468 344.445404 226.627642 364.844861 221.937800 369.277507
0.028963 333.140174 278.000965 384.801681 253.180030 407.591201 247.940712 412.543189
0.030055 372.166890 310.568231 429.880441 282.839572 455.339708 276.986478 460.871812
0.031187 415.759489 346.945664 480.233135 315.969096 508.674494 309.430419 514.854584
0.032362 464.450931 387.578013 536.475373 352.973642 568.247625 345.669191 575.151493
0.033582 518.836139 432.961733 599.294333 394.305338 634.786980 386.145567 642.499260
0.034847 579.579152 483.650955 669.457032 440.468843 709.104999 431.353763 717.720199
0.036160 647.421099 540.264142 747.819527 492.027398 792.108439 481.845363 801.732081
0.037523 723.189070 603.491488 835.337169 549.609577 884.809232 538.235934 895.559133
0.038937 807.806004 674.103173 933.076022 613.916795 988.336577 601.212376 1000.344273
0.040404 902.301689 752.958543 1042.225567 685.731672 1103.950402 671.541113 1117.362737
0.041927 1007.825011 841.016326 1164.112853 765.927336 1233.056349 750.077205 1248.037243
0.043507 1125.657572 939.346003 1300.218225 855.477782 1377.222434 837.774491 1393.954860
0.045146 1257.228843 1049.140447 1452.192830 955.469380 1538.197593 935.696858 1556.885771
0.046847 1404.133009 1171.729985 1621.878069 1067.113679 1717.932282 1045.030785 1738.804128
0.048612 1568.147684 1308.598010 1811.327218 1191.761630 1918.601380 1167.099267 1941.911235
0.050444 1751.254705 1461.398340 2022.829448 1330.919393 2142.629632 1303.377293 2168.661296
0.052345 1955.663221 1631.974479 2258.936488 1486.265874 2392.719890 1455.509028 2421.790001
0.054317 2183.835307 1822.380995 2522.492219 1659.672206 2671.884464 1625.326882 2704.346256
0.056364 2438.514387 2034.907240 2816.665501 1853.223336 2983.479883 1814.872657 3019.727373
0.058488 2722.756733 2272.103629 3144.986554 2069.241971 3331.245443 2026.420994 3371.718076
0.060692 3039.966359 2536.810767 3511.387267 2310.315094 3719.345896 2262.505341 3764.533716
0.062979 3393.933655 2832.191682 3920.245822 2579.323330 4152.418717 2525.946709 4202.868112
0.065352 3788.878120 3161.767492 4376.436057 2879.473415 4635.626392 2819.885476 4691.946471
0.067815 4229.495606 3529.456817 4885.382027 3214.334103 5174.714212 3147.816543 5237.583883
0.070370 4721.010475 3939.619321 5453.118261 3587.875809 5776.074094 3513.628163 5846.249927
0.073022 5269.233165 4397.103733 6086.356247 4004.514353 6446.815007 3921.644771 6525.139940
0.075774 5880.623624 4907.300793 6792.557704 4469.159168 7194.840586 4376.674208 7282.253581
0.078629 6562.361157 5476.201533 7580.015264 4987.266385 8028.934584 4884.059694 8126.481320
0.081592 7322.421219 6110.461365 8457.941172 5564.897197 8958.854833 5449.736990 9067.699542
0.084666 8169.659763 6817.470459 9436.564710 6208.781953 9995.436436 6080.297169 10116.874989
0.087857 9113.905715 7605.430921 10527.239020 6926.390445 11150.704913 6783.055442 11286.179284
0.091167 10166.062230 8483.441286 11742.558057 7726.008858 12438.000084 7566.126519 12589.114319
0.094603 11338.217354 9461.588867 13096.484414 8616.823873 13872.111463 8438.506972 14040.649291
0.098168 12643.764746 10551.050489 14604.488763 9609.014408 15469.425961 9410.165076 15657.370201
0.101867 14097.535098 11764.202164 16283.701655 10713.851498 17248.088667 10492.138623 17457.642591
0.105705 15715.938869 13114.738198 18153.078391 11943.806774 19228.177494 11696.641154 19461.788309
0.109688 17517.120932 14617.800243 20233.577652 13312.669984 21431.892379 13037.177054 21692.277007
0.113822 19521.127658 16290.116722 22548.354484 14835.675978 23883.759705 14528.665901 24173.933050
0.118111 21750.086873 18150.153008 25122.968174 16529.641473 26610.852485 16187.576406 26934.158369
0.122561 24228.401039 20218.272624 27985.605380 18413.111864 29643.026704 18032.070185 30003.171686
0.127180 26982.953830 22516.909632 31167.318745 20506.518218 33013.174070 20082.155503 33414.264319
0.131972 30043.330091 25070.752186 34702.280967 22832.344440 36757.491126 22359.850983 37204.072579
0.136945 33442.048939 27906.937048 38628.054043 25415.304423 40915.764443 24889.359088 41412.866422
0.142105 37214.809432 31055.254597 42985.873041 28282.528755 45531.671199 27697.248964 46084.853673
0.147460 41400.747898 34548.363571 47820.943331 31463.760282 50653.094008 30812.647957 51268.498696
0.153017 46042.705554 38422.014385 53182.749707 34991.557492 56332.448355 34267.440790 57016.853790
0.158783 51187.504527 42715.279469 59125.375207 38901.504288 62627.020296 38096.474989 63387.901001
0.164766 56886.229771 47470.788526 65707.826751 43232.424237 69599.311381 42337.770706 70444.901238
0.170975 63194.513666 52734.966025 72994.363879 48026.596863 77317.386861 47032.732530 78256.746702
0.177417 70172.819283 58558.267579 81054.825933 53329.972919 85855.222247 52226.360308 86898.311663
0.184103 77886.717340 64995.411064 89964.951971 59192.384871 95293.042173 57967.455271 96450.795436
0.191040 86407.150900 72105.597507 99806.686509 65667.748063 105717.644241 64308.817036 107002.050161
0.198239 95810.680701 79952.715806 110668.462891 72814.247160 117222.699178 71307.426192 118646.884610
0.205709 106179.702793 88605.524349 122645.454686 80694.501552 129909.017119 79024.606282 131487.333699
0.213460 117602.628901 98137.801524 135839.784011 89375.702424 143884.768267 87526.158033 145632.881835
0.221504 130174.018550 108628.455974 150360.674152 98929.713171 159265.644556 96882.457696 161200.626539
0.229851 143994.650695 120161.586374 166324.532300 109433.123830 176174.947283 107168.510351 178315.367144
0.238512 159171.521264 132826.479375 183854.946708 120967.249218 194743.584101 118463.948083 197109.601753
0.247499 175817.751830 146717.533398 203082.581206 133618.059522 215109.957283 130852.962008 217723.414145
0.256826 194052.393619 161934.095081 224144.948819 147476.031352 237419.723934 144424.156410 240304.231069
0.266503 214000.110309 178580.194575 247186.045367 162635.906668 261825.407891 159270.312654 265006.429437
0.276546 235790.722677 196764.165560 272355.823501 179196.346726 288485.842613 175488.050298 291990.772437
0.286967 259558.598303 216598.135962 299809.487774 197259.468265 317565.424494 193177.372872 321423.653784
0.297780 285441.870252 238197.375954 329706.592150 216930.249719 349233.156936 212441.086381 353476.130166
0.309001 313581.470146 261679.491066 362209.923133 238315.796369 383661.467320 233384.079665 388322.723856
0.320645 344119.963375 287163.450187 397484.154356 261524.455128 421024.781921 256112.457504 426139.980302
0.332727 377200.177569 314768.441038 435694.262354 286664.772207 461497.847855 280732.519847 467104.769693
0.345265 412963.619817 344612.549371 477003.698341 313844.290233 505253.796582 307349.583830 511392.326933
0.358275 451548.683696 376811.262752 521572.317192 343168.185621 552461.950232 336066.649344 559174.031313
0.371776 493088.653791 411475.805361 569554.072517 374737.752055 603285.380174 366982.913897 610614.935422
0.385785 537709.523121 448711.316668 621094.495625 408648.741770 657878.236672 400192.148223 665871.062358
0.400322 585527.647478 488614.894005 676327.986111 444989.582898 716382.879013 435780.950519 725086.500985
0.415407 636647.269972 531273.526836 735374.952520 483839.498165 778926.846823 473826.904072 788390.340463
0.431060 691157.958680 576761.958510 798338.852643 525266.557564 845619.725087 514396.670233 855893.497166
0.447304 749132.009818 625140.519239 865303.193989 569325.704807 916549.966966 557544.055705 927685.498908
0.464159 810621.877745 676452.981475 936328.565242 616056.804182 991781.749454 603308.099824 1003831.302395
0.481649 875657.700833 730724.495281 1011449.778464 665482.760264 1071351.946323 651711.233178 1084368.229394
0.499799 944244.998153 787959.666250 1090673.208595 717607.767440 1155267.310064 702757.563353 1169303.114434
0.518632 1016362.615433 848140.841426 1173974.420875 772415.748876 1243501.958790 756431.346210 1258609.761180
0.538175 1091960.999285 911226.669178 1261296.177454 829869.044963 1335995.264794 812695.701470 1352226.805333
0.558455 1170960.875855 977150.996548 1352546.911137 889907.409122 1432650.237899 871491.629299 1450056.078344
0.579498 1253252.403506 1045822.162178 1447599.746660 952447.363850 1533332.488773 932737.379681 1551961.558132
0.601335 1338694.858799 1117122.734262 1546292.137985 1017381.962081 1637869.844739 996328.218717 1657768.980224
0.623994 1427116.901156 1190909.731409 1648426.174000 1084580.988322 1746052.673585 1062136.625598 1767266.165505
0.647508 1518317.444456 1267015.349973 1753769.585277 1153891.621044 1857634.949944 1130012.941290 1880204.099545
0.671907 1612067.144203 1345248.205078 1862057.461864 1225139.562908 1972336.074820 1199786.475371 1996298.774238
0.697226 1708110.487718 1425395.074852 1972994.667611 1298130.629265 2089843.432899 1271267.061657 2115233.776184
0.723499 1806168.453030 1507223.119238 2086258.911387 1372652.768863 2209815.645659 1344247.037091 2236663.579316
0.750762 1905941.681080 1590482.527155 2201504.411212 1448478.474661 2331886.452506 1418503.602675 2360217.473194
0.779052 2007114.086572 1674909.529703 2318366.065057 1525367.528004 2455669.128584 1493801.510846 2485504.034486
0.808408 2109356.816484 1760229.703488 2436464.023221 1603070.007014 2580761.327950 1569896.011621 2612116.028988
0.838870 2212332.452803 1846161.477747 2555408.542801 1681329.480587 2706750.225540 1646535.980491 2739635.616060
0.870480 2315699.348129 1932419.752349 2674804.995637 1759886.303368 2833217.821711 1723467.145213 2867639.717612
0.903282 2419115.979832 2018719.531284 2794258.897689 1838480.924825 2959746.269473 1800435.326403 2995705.410066
0.937319 2522245.210465 2104779.477918 2913380.830126 1916857.127079 3085923.087031 1877189.608366 3123415.200220
0.972639 2624758.348877 2190325.303935 3031791.130222 1994765.111271 3211346.126488 1953485.361590 3250362.054321
1.009290 2726338.917417 2275092.913020 3149124.242748 2071964.360563 3335628.182947 2029087.046503 3376154.063166
1.047322 2826686.044900 2358831.232244 3265032.639106 2148226.218728 3458401.145755 2103770.738699 3500418.643778
1.086787 2925517.421800 2441304.678129 3379190.230794 2223336.136036 3579319.614123 2177326.328348 3622806.198955
1.127740 3022571.772272 2522295.219520 3491295.224778 2297095.547946 3698063.921606 2249559.360013 3742993.178498
1.170235 3117610.816199 2601604.014886 3601072.389799 2369323.366220 3814342.536631 2320292.492901 3860684.508900
1.214332 3210420.712463 2679052.616707 3708274.723457 2439857.075780 3927893.828311 2389366.575031 3975615.380615
1.260090 3300812.991279 2754483.749503 3812684.529134 2508553.443272 4038487.207151 2456641.337122 4087552.402624
1.307573 3388624.998106 2827761.680260 3914113.928735 2575288.854417 4145923.668151 2521995.722977 4196294.152137
1.356845 3473719.883778 2898772.210202 4012404.851296 2639959.306522 4250035.778740 2585327.882137 4301671.162377
1.407973 3555986.185017 2967422.324732 4107428.548436 2702480.089669 4350687.165537 2646554.857676 4403545.403108
1.461028 3635337.046157 3033639.543974 4199084.695404 2762785.195249 4447771.562150 2705612.006968 4501809.316865
1.516083 3711709.136946 3097371.019689 4287300.141047 2820826.493506 4541211.485118 2762452.196258 4596384.478810
1.573212 3785061.322810 3158582.425633 4372027.371872 2876572.722968 4630956.607006 2817044.810999 4687219.950059
1.632493 3855373.143380 3217256.687904 4453242.754631 2930008.334152 4716981.894907 2869374.623489 4774290.393571
1.694009 3922643.152670 3273392.599847 4530944.619103 2981132.228138 4799285.579684 2919440.557551 4857594.018716
1.757842 3986887.170519 3327003.362903 4605151.238378 3029956.427695 4877887.016635 2967254.387152 4937150.415945
1.824081 4048136.490089 3378115.090793 4675898.758387 3076504.715014 4952824.492397 3012839.402336 5012998.337057
1.892816 4106436.080780 3426765.309870 4743239.122129 3120811.265962 5024153.026248 3056229.071731 5085193.469780
1.964141 4161842.820152 3473001.483690 4807238.027421 3162919.306375 5091942.206894 3097465.726657 5153806.248280
2.038154 4214423.782643 3516879.584964 4867972.950226 3202879.811516 5156274.098741 3136599.287493 5218919.733998
2.114955 4264254.607212 3558462.733377 4925531.259166 3240750.265517 5217241.244736 3173686.048792 5280627.594222
2.194651 4311417.960763 3597819.913341 4980008.440667 3276593.493613 5274944.786399 3208787.535679 5339032.199279
2.277350 4356002.109383 3635024.781713 5031506.448623 3310476.576305 5329492.715748 3241969.440491 5394242.853227
2.363165 4398099.605110 3670154.571914 5080132.187525 3342469.851337 5380998.268591 3273300.645399 5446374.167621
2.452213 4437806.092259 3703289.097829 5125996.133667 3372646.006521 5429578.464081 3302852.334011 5495544.583326
2.544617 4475219.234167 3734509.858192 5169211.095471 3401079.264087 5475352.791610 3330697.192597 5541875.041459
2.640503 4510437.758680 3763899.240053 5209891.110941 3427844.655270 5518442.042978 3356908.699695 5585487.801367
2.740003 4543560.618609 3791539.818193 5248150.477935 3453017.382275 5558967.285226 3381560.501273 5626505.400983
2.843251 4574686.261868 3817513.746064 5284102.911116 3476672.263596 5597048.967663 3404725.867526 5665049.753003
2.950391 4603912.004817 3841902.232850 5317860.818120 3498883.257767 5632806.155159 3426477.226487 5701241.368864
3.061567 4631333.501588 3864785.100629 5349534.686582 3519723.060060 5666355.878880 3446885.769071 5735198.701590
3.176933 4657044.301713 3886240.415218 5379232.573171 3539262.766294 5697812.595047 3466021.119835 5767037.597976
3.296646 4681135.488158 3906344.184122 5407059.685489 3557571.597745 5727287.742086 3483951.067590 5796870.850360
3.420870 4703695.387913 3925170.115015 5433118.047778 3574716.681202 5754889.386528 3500741.349998 5824807.838214
3.549775 4724809.347410 3942789.428341 5457506.241516 3590762.878286 5780721.948247 3516455.486433 5850954.250052
3.683537 4744559.565408 3959270.717849 5480319.212382 3605772.658451 5804885.995993 3531154.653601 5875411.876474
3.822340 4763024.976321 3974679.853242 5501648.135498 3619806.010310 5827478.104647 3544897.598710 5898278.465687
3.966373 4780281.177457 3989079.919448 5521580.331378 3632920.386342 5848590.766200 3557740.585316 5919647.633405
4.115834 4796400.394101 4002531.187489 5540199.225596 3645170.676352 5868312.347028 3569737.367331 5939608.819602
4.270926 4811451.476898 4015091.112297 5557584.345771 3656609.205489 5886727.084697 3580939.187084 5958247.285280
4.431863 4825499.926508 4026814.353286 5573811.350035 3667285.752974 5903915.118124 3591394.793665 5975644.142996
4.598864 4838607.940989 4037752.813894 5588952.081774 3677247.588119 5919952.545550 3601150.478191 5991876.415539
4.772158 4850834.481869 4047955.696715 5603074.645937 3686539.520532 5934911.505376 3610250.122980 6007017.117748
4.951983 4862235.355307 4057469.571236 5616243.502788 3695203.961806 5948860.275467 3618735.261957 6021135.357023
5.138583 4872863.305191 4066338.451516 5628519.575442 3703280.996266 5961863.387052 3626645.149940 6034296.448608
5.332215 4882768.115406 4074603.881533 5639960.367990 3710808.458693 5973981.749845 3634016.838755 6046562.042236
5.533143 4891996.718877 4082305.026178 5650620.091450 3717822.017194 5985272.785465 3640885.258394 6057990.257161
5.741642 4900593.311324 4089478.766180 5660549.795165 3724355.259652 5995790.566603 3647283.301669 6068635.823027
5.957999 4908599.467956 4096159.795490 5669797.501598 3730439.782417 6005585.959807 3653241.911075 6078550.224378
6.182508 4916054.261634 4102380.719879 5678408.342804 3736105.280098 6014706.770036 3658790.166718 6087781.846977
6.415476 4922994.381206 4108172.155696 5686424.697137 3741379.635506 6023197.885463 3663955.374402 6096376.124359
6.657224 4929454.249023 4113562.827925 5693886.324970 3746289.008954 6031101.421230 3668763.153078 6104375.683342
6.908081 4935466.136730 4118579.666817 5700830.502453 3750857.926262 6038456.861135 3673237.521027 6111820.487427
7.168391 4941060.278674 4123247.902527 5707292.152507 3755109.364944 6045301.196375 3677400.980266 6118747.977231
7.438510 4946264.982362 4127591.157285 5713303.972408 3759064.838154 6051669.060691 3681274.598754 6125193.207276
7.718807 4951106.735543 4131631.534759 5718896.557476 3762744.476064 6057592.861383 3684878.090088 6131188.978592
8.009667 4955610.309594 4135389.706328 5724098.520494 3766167.104435 6063102.905799 3688229.890449 6136765.966739
8.311487 4959798.858968 4138884.994069 5728936.606577 3769350.320201 6068227.523009 3691347.232620 6141952.844973
8.624680 4963694.016564 4142135.450345 5733435.803335 3772310.563943 6072993.180490 3694246.216959 6146776.402331
8.949674 4967315.984910 4145157.933889 5737619.446187 3775063.189187 6077424.595680 3696941.879265 6151261.656556
9.286915 4970683.623126 4147968.182384 5741509.318822 3777622.528497 6081544.842386 3699448.255504 6155431.961786
9.636864 4973814.529679 4150580.881511 5745125.748776 3780001.956363 6085375.452025 3701778.443394 6159309.111033
10.000000 4976725.120963 4153009.730529 5748487.698208 3782213.948926 6088936.509769 3703944.660893 6162913.433492
