500.000150
500.000171
500.004544
500.000439
499.999598
499.998397
499.995952
500.002354
500.002081
499.999544
500.000981
500.000594
500.000450
499.995254
500.000320
499.997879
499.996980
500.000871
500.001539
499.998439
499.999477
500.000461
500.000618
499.998697
499.995179
499.999535
500.002294
499.998497
500.000803
499.997436
500.001832
500.001460
500.004041
499.996073
500.004374
499.999345
499.996539
500.004280
500.000536
499.999423
499.998304
500.002438
499.996718
500.004617
499.995964
500.000385
499.996556
500.001682
500.003981
500.001119
500.003169
500.003746
500.000493
499.998521
500.004890
499.999561
500.002363
499.995114
499.999143
499.997138
500.003002
500.004202
499.995982
500.003292
499.999626
499.995013
500.004182
499.997782
500.001185
499.997305
499.995722
499.999424
500.001223
500.003816
499.998829
499.995340
499.996176
499.999114
500.000371
499.995647
499.996861
500.000069
499.997822
500.004835
500.003627
500.004666
500.000148
500.001605
499.999969
499.997969
499.998443
499.996568
499.999702
500.004638
500.001955
499.999667
499.997219
500.003697
500.003689
499.998535
500.001662
499.998499
499.997701
499.999532
500.000095
499.996440
499.995209
500.000015
499.997268
500.000912
500.002631
499.997927
499.999512
499.995672
499.995739
500.004179
500.002516
499.997356
499.995762
499.997299
499.997244
500.000060
499.995888
499.999573
499.996650
499.997827
499.995221
499.998781
500.004408
500.000285
500.000621
499.999923
500.002515
500.003816
500.000267
500.004806
499.997180
499.997046
500.001056
499.997381
500.002896
499.995296
500.001532
499.998948
500.004575
499.999613
500.003379
499.999291
500.002693
500.004246
499.995757
500.001442
500.003405
500.002981
500.000263
500.003842
500.000178
499.996264
499.998215
499.997277
500.003148
499.998185
500.001133
499.997429
500.003385
499.997128
500.001452
499.999263
500.004555
500.004539
499.997028
500.004131
499.997608
499.997002
500.000254
500.003269
500.000462
500.003692
499.998187
500.004129
500.001509
499.997453
500.002122
500.000335
500.003080
500.000135
500.002586
499.998345
500.003733
500.002891
499.998749
500.004906
499.998644
499.995957
500.003431
499.996361
499.995712
500.003979
500.001216
499.999720
499.999074
500.001892
500.001303
500.003249
500.000335
499.996709
499.996688
499.995094
500.000374
499.997244
499.995825
499.996094
500.004774
500.001579
500.003773
500.001350
499.999103
500.004511
499.999998
500.002927
500.002636
499.998278
500.001052
499.998554
499.996772
499.997550
500.004369
500.000235
499.999748
500.000367
499.997511
500.000566
499.997949
499.996888
500.003209
499.997624
500.003557
500.004389
499.995362
500.001726
499.996285
500.003807
500.001620
500.002310
500.000943
499.996843
500.001455
500.001659
500.003708
499.995593
499.995115
500.000344
499.998234
500.002603
500.003253
499.995913
500.004696
499.996782
499.997927
500.000550
499.998170
499.995373
499.998059
500.001006
499.995756
499.998249
500.003859
500.001317
500.003057
499.998297
500.004109
499.999647
499.997063
500.003583
499.995435
499.995387
500.003002
500.000499
499.996824
500.002228
500.002414
499.995321
499.996615
500.004470
499.999260
500.003643
499.999579
500.001976
499.996004
500.004202
499.995026
500.002905
500.001699
499.999334
500.000816
500.002865
499.996565
500.002164
499.996180
499.995605
500.004028
500.004927
500.001663
499.995163
500.001643
500.000395
499.998702
499.995539
500.003141
499.998768
500.001759
500.003670
499.999637
499.999197
499.998216
499.999539
500.000497
499.998130
499.999197
499.997421
500.001570
499.999015
499.999844
499.999751
500.004658
500.001511
500.001845
500.001632
500.001818
499.998248
500.000228
500.002975
499.996688
499.999209
499.998313
499.995446
499.996278
500.003295
499.996147
500.000873
499.998105
500.002981
499.998666
500.002248
500.002517
500.000941
500.004403
500.004430
499.998928
499.998122
500.000192
499.997113
499.999245
499.999000
500.000597
499.998000
500.004740
500.001285
500.003070
500.002898
500.004664
500.001415
499.995940
499.997049
500.002944
500.004034
500.001888
500.004727
499.998719
500.001795
499.995915
500.000776
500.004398
500.002350
499.996817
500.003760
499.997680
499.999856
500.003631
500.003102
499.996741
500.001937
499.997091
499.998491
500.004732
500.003242
500.003129
499.998870
500.001894
500.000900
499.995236
500.004179
499.996918
499.999615
500.003374
499.997943
500.000905
500.001054
500.004073
500.004866
499.999852
500.002135
500.001730
499.996272
499.996118
500.000287
500.004188
500.003670
499.999697
500.002249
500.002716
500.001162
500.003789
499.996261
500.002428
499.999448
500.004734
499.996183
499.999524
499.996542
500.004526
500.000156
500.001720
499.995345
499.998720
500.003530
500.002628
500.004300
500.001952
499.996306
499.995513
500.003986
500.004014
499.996167
499.996533
499.998706
500.000774
500.004589
499.998050
500.000826
500.003459
499.995695
499.996911
499.999704
499.999990
499.995514
500.004779
499.995530
499.995412
499.996789
499.995023
500.000541
499.995452
499.999740
500.004819
500.001425
500.001992
499.995969
499.998122
499.997309
500.002647
499.999979
500.003812
499.999444
500.004203
499.999966
500.001868
500.001958
499.999692
500.000973
499.995430
500.003018
500.001316
499.999636
500.000530
499.996648
499.995347
500.004108
500.003920
499.998282
500.002640
499.999851
499.996854
500.001428
500.003823
500.001990
500.004491
499.999123
499.997455
499.997814
499.999303
499.998496
500.004256
499.997908
500.003167
500.000698
499.995304
499.997271
499.998274
500.003838
499.995780
499.997214
500.002360
500.003082
500.001505
499.996240
500.003573
499.999599
500.003767
500.004302
499.998134
499.998912
499.998175
499.999706
500.001193
500.001728
499.999018
500.000320
500.002750
500.003567
500.002091
499.997522
499.996659
500.001310
500.001186
499.995979
500.002245
499.997427
499.997355
499.996045
500.003677
499.995129
500.000170
500.002717
499.995214
500.001748
500.001169
500.003999
499.995167
500.004928
499.998906
499.997638
500.003274
500.000651
500.004814
499.999760
499.998051
500.000208
500.004316
499.995629
499.998373
500.002135
499.998666
499.999727
499.998971
500.003982
500.002709
500.003988
500.004543
500.002261
500.002070
500.001576
499.998354
499.998366
500.001661
500.004970
500.001482
500.004991
499.996390
499.997459
499.999577
500.001207
499.995994
499.995267
499.995803
499.995241
500.001615
500.003650
500.003103
500.004323
500.000210
499.998072
500.001461
500.003253
500.003155
499.995332
499.996055
500.003445
500.004281
500.001211
500.004624
499.998143
499.999454
500.003245
500.004725
499.995483
500.002207
499.996661
500.002638
500.002959
500.004721
499.995739
499.997320
500.003011
500.001613
499.996690
499.999923
499.999063
500.000862
499.998999
500.000805
500.002234
500.003649
499.996968
499.995837
500.004221
500.003624
500.001526
499.999561
499.998611
499.997886
500.001034
500.004999
500.001095
499.998481
499.999950
499.996630
499.998457
500.001115
500.001398
500.002245
500.004134
500.001523
500.002200
500.004832
500.002131
499.999892
499.996836
499.995403
500.002858
500.004038
500.001663
500.002794
499.998163
500.000674
500.003618
500.000159
500.001990
500.002438
500.004936
499.995234
499.995677
500.001098
499.995041
500.002212
499.999559
499.998202
499.996298
500.000462
500.004741
499.996654
500.001377
500.003232
500.002150
499.996954
500.001454
500.002571
500.004026
499.996967
500.000463
499.995414
499.999194
499.998687
499.999070
499.999476
499.997010
500.004573
499.995498
500.001594
500.000465
500.003913
499.998604
499.997688
500.003492
499.996263
500.003136
499.996408
499.998878
500.000034
500.001033
500.001585
499.996561
499.995160
499.999933
500.003052
499.996911
500.002637
499.999447
499.995978
500.000555
499.997209
500.004634
500.001964
500.000826
500.000140
499.996013
499.995621
499.999063
500.004996
499.998643
499.996939
499.999912
500.004866
499.997910
500.001349
500.004450
499.995432
499.998451
500.001571
500.002795
499.995415
499.999072
500.003745
500.003569
499.999859
500.001303
499.999877
499.995260
499.999122
499.996848
500.001603
500.004297
499.995382
500.003060
499.998207
499.999467
500.001579
500.000073
500.000949
500.002850
500.002530
500.001946
499.999729
500.002665
500.001862
499.995519
499.997692
499.995716
499.998219
499.995922
500.002272
499.995674
500.001569
500.000150
499.998768
500.001386
499.998338
499.995646
500.004454
499.999123
500.000746
500.003456
499.997061
499.996779
500.004031
499.996605
500.004346
499.998867
500.000807
500.000438
500.001565
500.003677
499.995346
499.999700
500.004029
500.000103
500.004240
499.997754
500.004498
500.001147
500.001519
500.003099
499.997701
499.997345
499.996567
499.997529
499.996084
500.004954
499.997044
499.995915
500.000122
499.997809
500.000730
499.999180
499.996155
500.004230
500.003468
499.998156
499.998761
499.998555
499.998121
499.997525
499.995736
500.001611
500.004421
500.001306
500.004147
500.002679
500.002762
500.003173
500.004343
500.001628
500.003324
500.003950
500.000786
499.998585
499.997565
499.999911
500.002183
499.996732
500.002455
500.002529
500.002296
500.000110
500.002631
499.998913
499.995828
500.001401
500.002901
499.997848
499.997813
499.998967
499.995704
500.002215
499.996140
499.999461
500.004873
499.996821
499.996644
500.001689
500.004940
499.997733
499.998575
500.001252
499.999937
500.004635
500.003762
500.004196
500.003341
500.004120
500.002366
499.997416
499.995084
499.996160
499.996700
500.003194
500.002858
500.000597
500.003389
499.998610
500.004061
499.998028
500.002265
499.998580
500.002354
500.000114
499.996814
499.999986
500.004333
499.999105
499.995446
500.001749
499.995172
499.996689
500.001928
499.996165
500.004746
499.999907
499.995104
500.000057
500.004010
499.997134
500.000883
499.997668
500.002004
500.004111
500.003422
499.997621
499.999612
499.999450
499.995383
499.998150
500.001450
499.999621
500.003072
500.004921
500.000375
500.001269
499.995328
499.995028
500.003180
499.998783
499.997778
499.996473
500.000891
499.999228
500.004096
499.998302
500.002399
499.997834
500.004991
499.996054
499.996527
499.996239
500.003540
499.997616
500.000685
499.995139
499.998800
499.998641
499.996174
500.000309
500.000136
499.995598
499.999432
500.002079
499.996562
500.000588
500.002986
500.004427
500.004984
500.003712
500.000199
500.000335
500.000123
499.995837
500.000430
499.998093
499.995452
499.996618
499.996105
500.001247
499.999017
499.996123
499.999660
499.997446
500.004925
500.003651
499.998709
500.003281
499.999842
500.003608
500.003749
500.002684
499.996049
500.002469
499.999909
499.998031
500.001640
499.998929
500.001792
500.004187
499.998176
500.002174
499.997621
500.002980
499.998997
500.004708
499.999675
499.995389
499.998043
499.996996
500.000252
499.995991
500.002301
499.997551
499.996397
500.001862
500.001346
500.003607
499.996068
499.999615
499.998920
499.999969
500.001743
499.999264
500.001643
499.997671
500.002068
500.004455
500.003703
499.999509
499.995031
500.002592
500.002421
499.999917
499.996501
500.003902
499.995980
500.002511
