0.010000 581.237055 231.039413 5764.340833 146.940503 20263.834176 115.480030 23121.823569
0.012068 970.485355 399.131593 8848.140552 256.112592 29906.330375 202.243967 33976.359597
0.014563 1619.194354 690.385240 14184.814577 446.371660 43852.660322 354.175018 49752.880009
0.017575 2705.006574 1191.131914 21770.662149 777.917715 64594.063908 620.195330 73915.211292
0.021210 4515.427797 2054.865550 33692.558980 1355.614319 96160.378460 1086.416746 108487.036027
0.025595 7536.273398 3554.273173 53382.816482 2375.376574 142797.573624 1903.037981 158761.885022
0.030888 12555.536893 6107.096765 83398.706362 4163.469035 210897.083546 3332.975642 231794.359198
0.037276 20939.182586 10541.504199 130014.560242 7295.809293 308099.752731 5836.289849 337877.629187
0.044984 35144.764608 18198.486455 198987.518650 12746.827576 450790.028157 10217.511818 492032.981874
0.054287 58497.316795 31405.569202 305903.273654 22204.241777 657976.456257 17882.870274 716628.831741
0.065513 97359.073027 53953.625743 469082.075112 38734.239039 965809.624226 31288.824457 1050848.464202
0.079060 163965.111251 93109.856832 728672.280204 67489.765289 1410587.934908 54723.331756 1538662.354415
0.095410 273387.542763 159387.757762 1145483.786173 117290.432047 2056961.477571 95664.894054 2249210.050866
0.115140 455124.842959 274803.356770 1743812.300433 203974.589415 3010647.930822 167142.927802 3282268.820476
0.138950 758385.728358 473658.640276 2698224.932265 354533.975285 4401572.289342 291829.386533 4781987.921177
0.167683 1261322.356536 810622.706053 4238988.076306 615827.121789 6395493.686260 509115.117747 6956890.758283
0.202359 2096315.573802 1383789.002427 6669332.837187 1071337.786650 9380047.033517 887314.265518 10108724.883416
0.244205 3481113.142904 2363299.891213 10261290.542299 1863686.350876 13625685.852207 1544642.429558 14673609.806544
0.294705 5772074.068857 4034232.243192 15691584.090907 3225095.131621 19782594.073791 2685130.535616 21280297.496778
0.355648 9544444.696834 6893481.098552 23144459.461810 5576638.321450 28703481.078268 4659808.905469 30832463.090544
0.429193 15738431.354008 11704549.143779 34242104.818679 9638869.900574 41615738.142683 8070330.350225 44624772.999359
0.517947 25763968.882888 19899359.677607 50467252.723586 16547330.223537 60550956.199144 13958605.272673 64505836.140057
0.625055 42286462.812153 33517703.716694 73849877.801589 28399736.209692 87643403.563562 24089722.959523 93105037.651587
0.754312 69490638.527371 56474456.762051 107701285.023236 48667938.510683 126682903.079263 41447147.883365 134144928.301400
0.910298 113542779.135597 94326681.930363 157270358.732648 82143826.287393 182584858.518232 71049669.888708 192866191.506188
1.098541 183274584.242693 156971683.728472 232260622.178109 138350024.969481 262763438.155152 121258199.061721 276597397.989175
1.325711 294312300.782336 257727510.306385 341454543.521891 231118342.337942 378061691.183607 204169158.425943 400397414.719579
1.599859 467061987.800715 420124638.564797 511680121.238538 381610436.084102 550077602.247238 341031529.339967 588586578.472472
1.930698 721569959.895247 669931369.654644 778652173.877589 616119397.956383 838254060.409956 566993010.376647 877317539.383218
2.329952 1111883314.736623 1024604681.657420 1204861482.002903 952021331.075255 1307741482.819740 900568099.776227 1364043773.664740
2.811769 1712649251.307586 1512085286.164488 1879733501.052967 1369867462.861521 2029949648.268280 1295508354.053267 2145194988.456953
3.393222 2606678850.092333 2188933213.061012 2894921217.913237 1939381962.893875 3122636007.407196 1843223659.167534 3350362359.511209
4.094915 3914788787.144807 3074181357.635241 4385184622.307637 2726689628.202708 4783761474.066743 2601949581.029386 5218009593.184187
4.941713 5737411232.241290 4299290908.699781 6530753115.106812 3819273354.999152 7259423404.351819 3656562971.791072 7861831726.016218
5.963623 8174573068.284558 5957241754.981462 9533184544.208372 5272845952.410244 10726913595.772552 5036731439.740005 11635975414.979527
7.196857 11359110404.801098 8154404872.619299 13505468131.945469 7230408032.024663 15499698231.535744 6864655057.861713 17076472815.882063
8.685114 15338448579.586447 11091890223.671503 18629774020.715893 9824633710.836552 21448993542.717255 9263082446.661200 24335147354.441784
10.481131 19960826957.344818 14811056815.941158 24871089213.291679 13088960149.114397 28666186262.299294 12155883087.495733 33341157830.307640
12.648552 25078223743.494701 19256284430.589417 31849417033.947208 16624044109.740948 37860558602.269333 14035753963.151602 43801055242.146782
15.264180 30426265905.713165 24095523756.001480 39368952707.324814 19699429472.293827 47264589617.680069 14921403149.826611 56163733561.387955
18.420700 35434483488.454468 28376279515.009758 47022786721.211372 21370452118.374649 56583661432.049538 16093363518.595943 69872863885.430923
22.229965 40665985304.784668 31786853014.568268 54500453573.427917 22950648320.971619 66111105573.615723 16705331644.014851 82841583519.050262
26.826958 45221423493.702988 34008340109.451202 60937423193.031464 24452591734.106773 75360830458.834656 16928771908.657200 93582273187.217194
32.374575 49140781500.771011 35568048041.518364 66557609123.435677 25306827489.344902 84481976945.616272 17186174569.262882 104665976512.746506
39.069399 52528971241.804016 37164187950.535133 71498600555.362228 26217855840.598141 92864742007.119492 17532617372.352062 115665257484.919388
47.148664 55114518328.552155 38465236466.629295 75914062474.523010 26914279277.369331 99650277987.791489 17819765181.429752 124850333814.441498
56.898660 57841144585.971130 39623230027.311523 79723158594.261261 27367339318.415665 107915683534.860260 18057766558.635132 133276483828.476013
68.664885 59699888792.591667 40296762401.979050 83474883498.095383 27727522445.302277 115258929390.624008 18255033101.373508 142047885631.925537
82.864277 61381642855.361122 41027415154.427032 87200037125.527832 28013868344.610023 122317039121.850372 18418536730.389797 152747784119.937134
100.000000 62893954860.893684 41310187020.737228 90534303886.702759 28241513583.739098 129397121884.639160 18554056095.865524 163240473440.354401
