0.001000 0.000000 0.000000 0.000000 0.000000 0.000000 0.000000 0.000000
0.001038 0.000000 0.000000 0.000000 0.000000 0.000000 0.000000 0.000000
0.001077 0.000000 0.000000 0.000000 0.000000 0.000000 0.000000 0.000000
0.001117 0.000000 0.000000 0.000000 0.000000 0.000000 0.000000 0.000000
0.001159 0.000000 0.000000 0.000000 0.000000 0.000000 0.000000 0.000000
0.001203 0.000000 0.000000 0.000000 0.000000 0.000000 0.000000 0.000000
0.001248 0.000000 0.000000 0.000000 0.000000 0.000000 0.000000 0.000000
0.001296 0.000000 0.000000 0.000000 0.000000 0.000000 0.000000 0.000000
0.001344 0.000000 0.000000 0.000000 0.000000 0.000000 0.000000 0.000000
0.001395 0.000000 0.000000 0.000000 0.000000 0.000000 0.000000 0.000000
0.001448 0.000000 0.000000 0.000000 0.000000 0.000000 0.000000 0.000000
0.001502 0.000000 0.000000 0.000000 0.000000 0.000000 0.000000 0.000000
0.001559 0.000000 0.000000 0.000000 0.000000 0.000000 0.000000 0.000000
0.001617 0.000000 0.000000 0.000000 0.000000 0.000000 0.000000 0.000000
0.001678 0.000000 0.000000 0.000000 0.000000 0.000000 0.000000 0.000000
0.001742 0.000000 0.000000 0.000000 0.000000 0.000000 0.000000 0.000000
0.001807 0.000000 0.000000 0.000000 0.000000 0.000000 0.000000 0.000000
0.001875 0.000000 0.000000 0.000000 0.000000 0.000000 0.000000 0.000000
0.001946 0.000000 0.000000 0.000000 0.000000 0.000000 0.000000 0.000000
0.002019 0.000000 0.000000 0.000000 0.000000 0.000000 0.000000 0.000000
0.002095 0.000000 0.000000 0.000000 0.000000 0.000000 0.000000 0.000000
0.002174 0.000000 0.000000 0.000000 0.000000 0.000000 0.000000 0.000000
0.002256 0.000000 0.000000 0.000000 0.000000 0.000000 0.000000 0.000000
0.002341 0.000000 0.000000 0.000000 0.000000 0.000000 0.000000 0.000000
0.002430 0.000000 0.000000 0.000000 0.000000 0.000000 0.000000 0.000000
0.002521 0.000000 0.000000 0.000000 0.000000 0.000000 0.000000 0.000000
0.002616 0.000000 0.000000 0.000000 0.000000 0.000000 0.000000 0.000000
0.002715 0.000000 0.000000 0.000000 0.000000 0.000000 0.000000 0.000000
0.002817 0.000000 0.000000 0.000000 0.000000 0.000000 0.000000 0.000000
0.002923 0.000000 0.000000 0.000000 0.000000 0.000000 0.000000 0.000000
0.003033 0.000000 0.000000 0.000000 0.000000 0.000000 0.000000 0.000000
0.003148 0.000000 0.000000 0.000000 0.000000 0.000000 0.000000 0.000000
0.003266 0.000000 0.000000 0.000000 0.000000 0.000000 0.000000 0.000000
0.003389 0.000000 0.000000 0.000000 0.000000 0.000000 0.000000 0.000000
0.003517 0.000000 0.000000 0.000000 0.000000 0.000000 0.000000 0.000000
0.003650 0.000000 0.000000 0.000000 0.000000 0.000000 0.000000 0.000000
0.003787 0.000000 0.000000 0.000000 0.000000 0.000000 0.000000 0.000000
0.003930 0.000000 0.000000 0.000000 0.000000 0.000000 0.000000 0.000000
0.004078 0.000000 0.000000 0.000000 0.000000 0.000000 0.000000 0.000000
0.004232 0.000000 0.000000 0.000000 0.000000 0.000000 0.000000 0.000000
0.004391 0.000000 0.000000 0.000000 0.000000 0.000000 0.000000 0.000000
0.004557 0.000000 0.000000 0.000000 0.000000 0.000000 0.000000 0.000000
0.004728 0.000000 0.000000 0.000000 0.000000 0.000000 0.000000 0.000000
0.004906 0.000000 0.000000 0.000000 0.000000 0.000000 0.000000 0.000000
0.005091 0.000000 0.000000 0.000000 0.000000 0.000000 0.000000 0.000000
0.005283 0.000000 0.000000 0.000000 0.000000 0.000000 0.000000 0.000000
0.005482 0.000000 0.000000 0.000000 0.000000 0.000001 0.000000 0.000001
0.005689 0.000000 0.000000 0.000001 0.000000 0.000001 0.000000 0.000001
0.005903 0.000001 0.000001 0.000001 0.000000 0.000001 0.000000 0.000001
0.006126 0.000001 0.000001 0.000001 0.000001 0.000001 0.000000 0.000001
0.006356 0.000001 0.000001 0.000001 0.000001 0.000001 0.000001 0.000001
0.006596 0.000001 0.000001 0.000001 0.000001 0.000001 0.000001 0.000001
0.006844 0.000001 0.000001 0.000001 0.000001 0.000001 0.000001 0.000001
0.007102 0.000001 0.000001 0.000001 0.000001 0.000001 0.000001 0.000001
0.007370 0.000001 0.000001 0.000001 0.000001 0.000001 0.000001 0.000001
0.007648 0.000001 0.000001 0.000001 0.000001 0.000001 0.000001 0.000001
0.007936 0.000001 0.000001 0.000001 0.000001 0.000002 0.000001 0.000002
0.008235 0.000001 0.000001 0.000002 0.000001 0.000002 0.000001 0.000002
0.008545 0.000002 0.000002 0.000002 0.000001 0.000002 0.000001 0.000002
0.008867 0.000002 0.000002 0.000002 0.000002 0.000002 0.000001 0.000002
0.009201 0.000002 0.000002 0.000002 0.000002 0.000002 0.000002 0.000003
0.009548 0.000002 0.000002 0.000002 0.000002 0.000003 0.000002 0.000003
0.009908 0.000003 0.000002 0.000003 0.000002 0.000003 0.000002 0.000003
0.010281 0.000003 0.000003 0.000003 0.000003 0.000003 0.000002 0.000004
0.010669 0.000003 0.000003 0.000003 0.000003 0.000004 0.000003 0.000004
0.011071 0.000004 0.000003 0.000004 0.000003 0.000004 0.000003 0.000004
0.011488 0.000004 0.000004 0.000004 0.000003 0.000005 0.000003 0.000005
0.011921 0.000005 0.000004 0.000005 0.000004 0.000005 0.000004 0.000006
0.012370 0.000005 0.000005 0.000005 0.000004 0.000006 0.000004 0.000006
0.012836 0.000006 0.000005 0.000006 0.000005 0.000007 0.000004 0.000007
0.013320 0.000006 0.000006 0.000007 0.000005 0.000007 0.000005 0.000008
0.013822 0.000007 0.000007 0.000008 0.000006 0.000008 0.000006 0.000009
0.014343 0.000008 0.000007 0.000008 0.000007 0.000009 0.000006 0.000010
0.014883 0.000009 0.000008 0.000009 0.000008 0.000010 0.000007 0.000011
0.015444 0.000010 0.000009 0.000011 0.000008 0.000011 0.000008 0.000012
0.016026 0.000011 0.000010 0.000012 0.000009 0.000013 0.000009 0.000014
0.016630 0.000012 0.000011 0.000013 0.000011 0.000014 0.000010 0.000015
0.017256 0.000014 0.000013 0.000015 0.000012 0.000016 0.000011 0.000017
0.017907 0.000015 0.000014 0.000016 0.000013 0.000018 0.000012 0.000019
0.018581 0.000017 0.000016 0.000018 0.000015 0.000020 0.000014 0.000021
0.019281 0.000019 0.000018 0.000020 0.000017 0.000022 0.000015 0.000024
0.020008 0.000021 0.000020 0.000023 0.000018 0.000025 0.000017 0.000027
0.020762 0.000024 0.000022 0.000026 0.000021 0.000028 0.000019 0.000030
0.021544 0.000027 0.000025 0.000029 0.000023 0.000031 0.000021 0.000033
0.022356 0.000030 0.000028 0.000032 0.000026 0.000035 0.000024 0.000037
0.023199 0.000033 0.000031 0.000036 0.000029 0.000039 0.000026 0.000041
0.024073 0.000037 0.000035 0.000040 0.000032 0.000043 0.000029 0.000046
0.024980 0.000042 0.000039 0.000044 0.000036 0.000048 0.000033 0.000052
0.025921 0.000046 0.000043 0.000050 0.000040 0.000054 0.000037 0.000058
0.026898 0.000052 0.000048 0.000056 0.000045 0.000060 0.000041 0.000064
0.027911 0.000058 0.000054 0.000062 0.000050 0.000067 0.000046 0.000072
0.028963 0.000065 0.000060 0.000069 0.000056 0.000075 0.000051 0.000080
0.030055 0.000072 0.000067 0.000077 0.000062 0.000084 0.000057 0.000090
0.031187 0.000081 0.000075 0.000086 0.000070 0.000094 0.000064 0.000100
0.032362 0.000090 0.000084 0.000097 0.000078 0.000105 0.000071 0.000112
0.033582 0.000101 0.000094 0.000108 0.000087 0.000117 0.000080 0.000125
0.034847 0.000113 0.000105 0.000121 0.000097 0.000131 0.000089 0.000140
0.036160 0.000126 0.000117 0.000135 0.000109 0.000146 0.000100 0.000156
0.037523 0.000140 0.000131 0.000150 0.000121 0.000163 0.000111 0.000174
0.038937 0.000157 0.000146 0.000168 0.000136 0.000183 0.000124 0.000195
0.040404 0.000175 0.000163 0.000188 0.000152 0.000204 0.000139 0.000217
0.041927 0.000196 0.000182 0.000210 0.000169 0.000228 0.000155 0.000243
0.043507 0.000219 0.000204 0.000234 0.000189 0.000254 0.000173 0.000271
0.045146 0.000244 0.000228 0.000262 0.000211 0.000284 0.000193 0.000303
0.046847 0.000273 0.000254 0.000292 0.000236 0.000317 0.000216 0.000338
0.048612 0.000304 0.000284 0.000326 0.000263 0.000354 0.000241 0.000378
0.050444 0.000340 0.000317 0.000364 0.000294 0.000396 0.000269 0.000422
0.052345 0.000380 0.000354 0.000407 0.000328 0.000442 0.000301 0.000471
0.054317 0.000424 0.000395 0.000454 0.000367 0.000493 0.000336 0.000526
0.056364 0.000473 0.000441 0.000507 0.000410 0.000551 0.000375 0.000587
0.058488 0.000529 0.000493 0.000566 0.000457 0.000615 0.000419 0.000656
0.060692 0.000590 0.000550 0.000632 0.000511 0.000687 0.000468 0.000732
0.062979 0.000659 0.000614 0.000706 0.000570 0.000767 0.000522 0.000817
0.065352 0.000736 0.000686 0.000788 0.000637 0.000856 0.000583 0.000912
0.067815 0.000821 0.000766 0.000879 0.000711 0.000955 0.000651 0.001018
0.070370 0.000916 0.000855 0.000982 0.000793 0.001066 0.000727 0.001136
0.073022 0.001023 0.000954 0.001095 0.000886 0.001190 0.000812 0.001268
0.075774 0.001141 0.001065 0.001223 0.000989 0.001327 0.000906 0.001415
0.078629 0.001274 0.001188 0.001364 0.001103 0.001481 0.001011 0.001578
0.081592 0.001421 0.001326 0.001522 0.001231 0.001652 0.001128 0.001761
0.084666 0.001585 0.001480 0.001698 0.001374 0.001843 0.001259 0.001964
0.087857 0.001769 0.001651 0.001894 0.001533 0.002056 0.001405 0.002190
0.091167 0.001973 0.001842 0.002113 0.001710 0.002293 0.001568 0.002443
0.094603 0.002200 0.002054 0.002356 0.001908 0.002556 0.001749 0.002724
0.098168 0.002453 0.002291 0.002627 0.002128 0.002850 0.001951 0.003036
0.101867 0.002735 0.002555 0.002929 0.002373 0.003177 0.002176 0.003384
0.105705 0.003049 0.002848 0.003264 0.002646 0.003541 0.002426 0.003771
0.109688 0.003398 0.003175 0.003638 0.002950 0.003946 0.002705 0.004202
0.113822 0.003787 0.003539 0.004054 0.003289 0.004396 0.003016 0.004681
0.118111 0.004219 0.003944 0.004516 0.003665 0.004896 0.003361 0.005213
0.122561 0.004700 0.004393 0.005030 0.004084 0.005452 0.003746 0.005804
0.127180 0.005234 0.004892 0.005601 0.004550 0.006069 0.004173 0.006461
0.131972 0.005828 0.005447 0.006235 0.005068 0.006755 0.004649 0.007190
0.136945 0.006486 0.006064 0.006939 0.005644 0.007516 0.005177 0.007999
0.142105 0.007216 0.006749 0.007719 0.006283 0.008360 0.005764 0.008896
0.147460 0.008026 0.007510 0.008584 0.006991 0.009296 0.006417 0.009890
0.153017 0.008924 0.008354 0.009544 0.007776 0.010333 0.007140 0.010991
0.158783 0.009920 0.009289 0.010606 0.008648 0.011481 0.007943 0.012210
0.164766 0.011024 0.010326 0.011782 0.009616 0.012751 0.008834 0.013559
0.170975 0.012245 0.011474 0.013083 0.010687 0.014156 0.009821 0.015049
0.177417 0.013596 0.012744 0.014521 0.011871 0.015708 0.010914 0.016696
0.184103 0.015089 0.014144 0.016109 0.013181 0.017422 0.012124 0.018513
0.191040 0.016736 0.015689 0.017862 0.014628 0.019313 0.013463 0.020517
0.198239 0.018557 0.017395 0.019795 0.016227 0.021397 0.014943 0.022725
0.205709 0.020563 0.019280 0.021924 0.017991 0.023692 0.016577 0.025154
0.213460 0.022774 0.021361 0.024273 0.019935 0.026216 0.018381 0.027825
0.221504 0.025211 0.023650 0.026856 0.022083 0.028989 0.020370 0.030759
0.229851 0.027890 0.026169 0.029693 0.024448 0.032033 0.022561 0.033976
0.238512 0.030832 0.028942 0.032804 0.027049 0.035370 0.024972 0.037501
0.247499 0.034048 0.031990 0.036218 0.029906 0.039022 0.027622 0.041357
0.256826 0.037572 0.035324 0.039956 0.033041 0.043015 0.030533 0.045570
0.266503 0.041439 0.038977 0.044031 0.036476 0.047377 0.033725 0.050165
0.276546 0.045662 0.042967 0.048466 0.040223 0.052152 0.037222 0.055170
0.286967 0.050265 0.047306 0.053310 0.044315 0.057348 0.041047 0.060611
0.297780 0.055262 0.052049 0.058572 0.048778 0.062961 0.045226 0.066516
0.309001 0.060665 0.057223 0.064321 0.053637 0.069046 0.049783 0.072914
0.320645 0.066571 0.062811 0.070505 0.058953 0.075646 0.054746 0.079831
0.332727 0.072968 0.068898 0.077204 0.064728 0.082763 0.060140 0.087295
0.345265 0.079878 0.075487 0.084472 0.070989 0.090432 0.065995 0.095331
0.358275 0.087303 0.082601 0.092306 0.077705 0.098679 0.072336 0.103964
0.371776 0.095346 0.090249 0.100730 0.084943 0.107527 0.079192 0.113217
0.385785 0.103979 0.098462 0.109746 0.092732 0.116997 0.086587 0.123110
0.400322 0.113175 0.107270 0.119421 0.101119 0.127225 0.094549 0.133660
0.415407 0.123056 0.116741 0.129679 0.110191 0.138008 0.103100 0.144883
0.431060 0.133562 0.126801 0.140719 0.119801 0.149460 0.112264 0.156789
0.447304 0.144674 0.137520 0.152457 0.130045 0.161591 0.122060 0.169383
0.464159 0.156547 0.148954 0.164842 0.140940 0.174404 0.132504 0.182667
0.481649 0.169054 0.161085 0.177916 0.152496 0.188017 0.143611 0.196639
0.499799 0.182185 0.173897 0.191653 0.164719 0.202286 0.155366 0.211287
0.518632 0.196025 0.187361 0.205987 0.177610 0.217353 0.167589 0.226598
0.538175 0.210632 0.201426 0.220970 0.191165 0.232719 0.180448 0.242551
0.558455 0.225687 0.216222 0.236773 0.205189 0.249010 0.193935 0.259119
0.579498 0.241531 0.231629 0.253127 0.219796 0.266033 0.208037 0.276269
0.601335 0.258003 0.247684 0.270159 0.234985 0.283686 0.222734 0.293963
0.623994 0.275087 0.264279 0.287758 0.250818 0.302056 0.238004 0.312541
0.647508 0.292683 0.281451 0.305997 0.267558 0.320585 0.253815 0.331843
0.671907 0.310657 0.299125 0.324553 0.285066 0.339762 0.270133 0.351618
0.697226 0.329265 0.317156 0.343554 0.303106 0.359279 0.286918 0.371810
0.723499 0.348230 0.335301 0.362974 0.321335 0.379340 0.304123 0.392356
0.750762 0.367433 0.354098 0.382708 0.339596 0.399705 0.321701 0.413181
0.779052 0.386882 0.373122 0.402694 0.358047 0.420357 0.339596 0.433723
0.808408 0.406514 0.392380 0.422809 0.376730 0.441564 0.357754 0.454450
0.838870 0.426543 0.411775 0.442982 0.395598 0.462359 0.376115 0.475589
0.870480 0.446486 0.431141 0.463370 0.414934 0.482897 0.394620 0.496732
0.903282 0.466555 0.451041 0.483784 0.434180 0.503721 0.413205 0.517812
0.937319 0.486555 0.470316 0.504038 0.453643 0.524227 0.432160 0.538762
0.972639 0.506666 0.489897 0.524194 0.472395 0.544816 0.451579 0.559517
1.009290 0.526485 0.509463 0.544099 0.490878 0.565187 0.470952 0.580017
1.047322 0.545659 0.528397 0.563620 0.509542 0.584837 0.490219 0.600203
1.086787 0.564664 0.547141 0.582777 0.527992 0.603964 0.509318 0.620023
1.127740 0.583508 0.565658 0.601554 0.546456 0.623197 0.528193 0.639429
1.170235 0.601943 0.583784 0.620459 0.564820 0.641281 0.546791 0.658378
1.214332 0.619992 0.601580 0.638678 0.582147 0.659973 0.565063 0.676952
1.260090 0.637673 0.618689 0.656291 0.598982 0.678114 0.582961 0.695911
1.307573 0.654603 0.635275 0.673387 0.615455 0.695486 0.600425 0.714324
1.356845 0.671152 0.651602 0.689942 0.631757 0.712294 0.616565 0.732164
1.407973 0.687230 0.667180 0.705748 0.647072 0.728518 0.632214 0.748841
1.461028 0.702688 0.681977 0.721156 0.661325 0.744146 0.647352 0.764602
1.516083 0.717884 0.696502 0.736304 0.675509 0.759317 0.661960 0.779962
1.573212 0.732172 0.710351 0.750572 0.689143 0.774460 0.676026 0.795216
1.632493 0.745880 0.723644 0.764522 0.702295 0.788766 0.689543 0.809835
1.694009 0.758912 0.736557 0.777975 0.714721 0.802563 0.702131 0.823817
1.757842 0.771311 0.748797 0.790782 0.726594 0.815161 0.713706 0.837168
1.824081 0.783108 0.760209 0.803208 0.737919 0.827160 0.724745 0.849894
1.892816 0.794276 0.771673 0.814797 0.748526 0.838570 0.735256 0.862004
1.964141 0.805218 0.782082 0.825534 0.758510 0.849405 0.745248 0.873511
2.038154 0.815446 0.792292 0.835833 0.767880 0.859781 0.754732 0.884429
2.114955 0.825025 0.801842 0.845237 0.776932 0.869652 0.763723 0.894774
2.194651 0.834327 0.810698 0.854423 0.785452 0.878811 0.772235 0.904565
2.277350 0.842995 0.819096 0.863323 0.793672 0.888023 0.780283 0.913818
2.363165 0.851133 0.827107 0.872167 0.801103 0.896599 0.787546 0.922554
2.452213 0.858950 0.834894 0.880213 0.808207 0.904254 0.794309 0.930793
2.544617 0.866220 0.842052 0.887760 0.814941 0.911462 0.800466 0.938555
2.640503 0.873035 0.848870 0.894502 0.821279 0.918517 0.806255 0.945861
2.740003 0.879344 0.855233 0.901315 0.827239 0.925367 0.811694 0.952731
2.843251 0.885192 0.861292 0.907534 0.832840 0.931806 0.816801 0.959187
2.950391 0.890996 0.866833 0.913107 0.838098 0.937852 0.821937 0.965248
3.061567 0.896382 0.871967 0.918625 0.843031 0.943378 0.826749 0.970934
3.176933 0.901411 0.876791 0.923468 0.847655 0.948576 0.830962 0.976265
3.296646 0.906097 0.881400 0.928246 0.851989 0.953559 0.834907 0.981260
3.420870 0.910486 0.885870 0.932622 0.856046 0.958225 0.838599 0.985937
3.549775 0.914572 0.890063 0.936911 0.859843 0.962594 0.842052 0.990314
3.683537 0.918435 0.893886 0.940861 0.863395 0.966680 0.845280 0.994408
3.822340 0.922030 0.897180 0.944658 0.866933 0.970427 0.848296 0.998236
3.966373 0.925388 0.900382 0.948207 0.870357 0.973904 0.851114 1.001813
4.115834 0.928445 0.903470 0.951523 0.873558 0.977153 0.853744 1.005154
4.270926 0.931455 0.906330 0.954620 0.876548 0.980186 0.856199 1.008273
4.431863 0.934157 0.908884 0.957378 0.879340 0.983016 0.858490 1.011185
4.598864 0.936624 0.911268 0.959923 0.881947 0.985857 0.860627 1.013901
4.772158 0.938971 0.913499 0.962297 0.884379 0.988618 0.862619 1.016435
4.951983 0.941221 0.915633 0.964697 0.886515 0.990842 0.864476 1.018797
5.138583 0.943320 0.917707 0.966731 0.888407 0.992898 0.866206 1.021000
5.332215 0.945273 0.919624 0.968842 0.890170 0.994814 0.867819 1.023052
5.533143 0.947019 0.921159 0.970793 0.891813 0.996599 0.869320 1.024964
5.741642 0.948705 0.922698 0.972611 0.893343 0.998261 0.870719 1.026745
5.957999 0.950290 0.924242 0.974358 0.894768 0.999809 0.872021 1.028404
6.182508 0.951766 0.925678 0.975935 0.896094 1.001261 0.873234 1.029949
6.415476 0.953086 0.926933 0.977297 0.897329 1.002659 0.874362 1.031387
6.657224 0.954303 0.928102 0.978565 0.898479 1.003960 0.875412 1.032725
6.908081 0.955435 0.929189 0.979744 0.899549 1.005172 0.876389 1.033971
7.168391 0.956488 0.930201 0.980842 0.900544 1.006298 0.877298 1.035130
7.438510 0.957488 0.931142 0.981863 0.901470 1.007347 0.878144 1.036208
7.718807 0.958427 0.932017 0.982847 0.902332 1.008322 0.878930 1.037211
8.009667 0.959300 0.932833 0.983733 0.903133 1.009229 0.879662 1.038144
8.311487 0.960112 0.933611 0.984585 0.903878 1.010073 0.880342 1.039012
8.624680 0.960867 0.934337 0.985378 0.904571 1.010858 0.880975 1.039819
8.949674 0.961569 0.935006 0.986115 0.905212 1.011587 0.881563 1.040569
9.286915 0.962221 0.935631 0.986800 0.905808 1.012266 0.882110 1.041267
9.636864 0.962812 0.936208 0.987437 0.906362 1.012896 0.882618 1.041915
10.000000 0.963324 0.936730 0.988029 0.906878 1.013494 0.883091 1.042518
