0.01 0.9194137293322218 0.47510089180965925 3.2576117226878574 0.32718966000783267 5.7711217284985965 0.14278107836976242 6.206794512269299
0.012068 0.7819571173980582 0.40776524520127694 2.923732635537662 0.2696679200709372 5.010271490284154 0.1156155346369526 5.359504344194711
0.014563 0.6738349865445186 0.3517225746950548 2.5695002218780028 0.22281859078801894 4.366856110723899 0.0939212246842522 4.612346509818125
0.017575 0.5767699609026923 0.29970038136537563 2.2452744682544803 0.1868668928788734 3.8054112384070535 0.07690869285521844 3.9617139090998923
0.02121 0.49836089215805157 0.25820490540909 2.0056040839705793 0.15937185175220586 3.256369003727992 0.06373268871497097 3.4056303091944398
0.025595 0.43455950065447835 0.22563265411697156 1.7478206563485843 0.13618449909939048 2.792850924572513 0.05367305191511834 2.9425944300697933
0.030888 0.3812788672310816 0.1990744331706697 1.5674876901383346 0.11674017754801844 2.4164432440530375 0.04610827535420297 2.5320062969454997
0.037276 0.3400614674159631 0.1777953344035256 1.368565659991177 0.1033172017570207 2.095879913395164 0.040581425158305234 2.2062863044223278
0.044984 0.3060916869441561 0.16254309513275325 1.19034702317431 0.0901351500532243 1.809909954609223 0.036727979048286175 1.9226829395138116
0.054287 0.2771200265922437 0.15058969988764698 1.0274542178615957 0.08038728919563685 1.5616157861548443 0.034263766283435665 1.6867689241094128
0.065513 0.2558850626814929 0.14289480394515422 0.8869153421101421 0.0749366015381872 1.3471778533365297 0.03297347871410375 1.4659171497686636
0.07906 0.24053461889491548 0.13542670363311068 0.7730473079752748 0.07041669945777121 1.1687444815403727 0.03328420601427832 1.2689951917437452
0.09541 0.2285093501169271 0.129860613375043 0.6778792928487967 0.06914056562224867 1.0175369291481327 0.03340365510839403 1.1063433065276005
0.11514 0.21758193139595025 0.12750119779176883 0.6102105711189467 0.07173277293132903 0.8914078639371226 0.03361951509479908 0.967383256397202
0.13895 0.20994153293350087 0.12578049970813696 0.5480013177451438 0.07227526807471253 0.7844714350081192 0.035571360931499305 0.8483480528086486
0.167683 0.20305992258164934 0.12442282540987284 0.47921784358439984 0.07295949924875365 0.6892495306591434 0.0369833085964276 0.7523296826958864
0.202359 0.19715326217876294 0.12263469237266213 0.4380402119815223 0.07356402307242645 0.603866356663976 0.03800461568246512 0.6639328879375235
0.244205 0.19119059060232757 0.12169480957731019 0.3955072116279894 0.07510496247585793 0.5318938788570101 0.04021413702485756 0.5857767802245687
0.294705 0.18325216243668904 0.1200920474675935 0.3513870776117405 0.07616974621959971 0.47182576729447645 0.042595884575969224 0.5174120790432207
0.355648 0.17581317542204566 0.11835217176177458 0.31685651652749347 0.07568794684377678 0.41752418697363547 0.045409411909956 0.45536964729439205
0.429193 0.1706411871295373 0.11714749364172648 0.285669288987132 0.0780893375016776 0.36966971209848437 0.04891186029249144 0.401336244305145
0.517947 0.1627728598287809 0.11490945803178286 0.2570872240635895 0.0795861692363937 0.3280295104951405 0.05257512652831842 0.3579870917292376
0.625055 0.15535862969461484 0.11344676742410092 0.23036465388362062 0.08090339991049725 0.2909965312010148 0.056302433830766774 0.31733286562383195
0.754312 0.1489184787793259 0.11156554088548383 0.2091522491416695 0.08236752044248645 0.2582311742630595 0.06011952204178919 0.2817008172325478
0.910298 0.14336549391258452 0.1092026270078488 0.19143749312318106 0.08255965229944828 0.23094849357610236 0.06396512561588828 0.2506357909371755
1.098541 0.13704558246092696 0.10773458037193365 0.17555604240739597 0.08226796239499144 0.20645693898619638 0.06766938184395743 0.22320660272625628
1.325711 0.13122421511029156 0.10503478618617185 0.16155562653010327 0.08353227717729211 0.18521747896219343 0.07114379538870388 0.19906383087735266
1.599859 0.12513916613602358 0.10247807244178994 0.14943007427362134 0.08329522598581125 0.1669768495374585 0.07383798253962913 0.17806962323422001
1.930698 0.11846002497607795 0.10037965640706842 0.13821706095837244 0.08307278484973733 0.15299907116426528 0.07539759533305226 0.16198760950078175
2.329952 0.11228203077756285 0.09758174010193729 0.12701945993046806 0.08248230405693982 0.14082375697120914 0.07539038784118621 0.15108380089924198
2.811769 0.10585276136793939 0.09421102724405714 0.11779315353744042 0.08113113825863602 0.12995201639363324 0.07674101853022561 0.13816125259420942
3.393222 0.09950754729442003 0.08962170966624079 0.1103849227575255 0.08021316611574444 0.12071973217168847 0.07569194261961897 0.12900867468258997
4.094915 0.09324073590168899 0.08487519604619262 0.10347721527047052 0.07775765103228609 0.11458096529507703 0.07365431021271623 0.12376311432809822
4.941713 0.08691995697717032 0.07988093777858485 0.09722745043888016 0.07438242912103439 0.10882189301355101 0.07058483966937831 0.12603851816560205
5.963623 0.08088821068804922 0.07445776133162212 0.09166321339967165 0.07004898493042389 0.1068616054587355 0.06712256143100984 0.13252263928700428
7.196857 0.07520921944041474 0.06928556055180633 0.08741105938228808 0.06550508771575901 0.10517042750876004 0.06322781877686284 0.1243546431349652
8.685114 0.06972595724980492 0.06411431900570629 0.08221279591417431 0.06082656676675875 0.09736552636370549 0.0578585471963458 0.11407472360820141
10.481131 0.0649208295987789 0.05936294459398215 0.07465092330988185 0.05606998357494929 0.08629445225922065 0.05414202470114257 0.0947304216477342
12.648552 0.05952850907562427 0.05467515950908823 0.06678060881882762 0.051600436628428274 0.07533952946819605 0.049515005416747 0.0838452860592829
15.26418 0.052803472964423614 0.048573345034274976 0.05961333954119301 0.04568420907666468 0.06735251824125504 0.04275605227186389 0.07417609545060999
18.4207 0.045302060432622276 0.04123245251270277 0.051665158354369786 0.03838037254443358 0.05823934263114771 0.03497914065390264 0.06421761812044842
22.229965 0.03748461135181869 0.03465013319462344 0.04192536062756654 0.031465410716439726 0.04650422646439869 0.028760010714718048 0.051050971303719606
26.826958 0.03137345252903891 0.029088966842261855 0.03420918748079736 0.02556662437225 0.03729293562987821 0.02357833994054216 0.040309397109329716
32.374575 0.026377432947503027 0.024176359492870593 0.02846050105538026 0.020959370951465238 0.03027175484888547 0.01892566932605794 0.03228063775668324
