120935898592.703995 19.976679 0.825044 8.651345 10.566279 3.146133 102.486161
192865993765.933960 20.763757 0.902285 9.609034 10.263570 3.631413 121.061925
130846660508.332214 13.256745 0.789984 5.048784 12.426625 3.602754 94.301192
229193613363.572601 10.825287 0.615411 8.348686 16.937903 4.471112 108.272986
239138622915.176910 11.458589 0.640504 8.201107 12.558879 4.153241 111.283324
104426552866.580658 12.835929 0.868712 4.321375 14.771718 4.483354 86.773787
129301309653.961792 12.077702 0.772335 4.477551 14.724277 4.421198 91.805302
99955889389.366821 21.376212 0.805201 8.970598 9.731338 4.807028 98.057703
137638208498.119293 10.558203 0.376081 9.981262 12.200222 3.308664 90.826309
134228048998.039764 13.273028 0.972852 3.781449 10.548029 4.468146 95.135780
197265225983.782410 16.978373 0.912804 8.544712 10.976544 3.310509 115.327393
268422023694.356415 5.437005 0.170387 0.160194 15.020365 4.975895 99.986413
125012875763.787460 16.636967 0.915316 7.024799 17.502187 3.800181 98.518897
300677708395.063843 7.846838 0.668196 3.608671 17.825338 3.745591 110.654752
67015887081.257164 24.211217 0.830075 8.124651 19.695098 3.449631 89.005543
268616560806.203949 5.508344 0.354929 0.023292 12.325966 3.751797 100.206678
92269629840.098816 16.468012 0.998323 4.789305 18.274124 3.134941 88.789826
149726171969.791016 15.519285 0.845442 6.872810 13.636714 4.889739 102.705196
188185734345.381897 5.858451 0.078094 0.119610 11.624278 3.777555 89.854160
304211117265.048828 8.711714 0.626173 5.665554 12.238663 3.330734 113.455158
164270564660.320587 16.049911 0.803420 8.848634 12.990699 3.237319 106.875739
163877812736.765717 6.173406 0.904289 0.041921 11.860892 3.079364 86.540754
86973535455.207977 17.546308 0.817170 6.827411 9.113526 3.300969 88.565578
220237297570.986542 8.275804 0.527298 5.996644 12.974964 4.692060 100.808468
314950515005.723755 8.082305 0.433848 8.858453 17.801903 4.539449 113.036830
240193634320.900940 8.864803 0.864871 3.106347 18.367734 4.111558 105.244189
98719978387.111862 9.696227 0.640064 2.241096 10.843379 3.247207 79.767942
261785198360.299866 14.481463 0.813895 7.989092 7.106271 4.369573 121.519316
195526117660.749573 17.342272 0.908281 9.836146 10.325438 4.209183 115.651563
156108123977.498779 9.121726 0.941630 2.191386 14.452370 3.240979 91.714802
229254119456.893372 10.843432 0.858507 5.400355 8.465914 3.457215 108.324338
161009842164.950287 17.088356 0.903123 6.595422 11.674736 3.207926 107.967477
257152200993.884125 8.376392 0.908299 2.864781 6.117599 4.865561 106.412624
191238882760.265656 6.932871 0.181161 5.235104 10.304049 3.681245 92.966365
103059218637.004608 15.018711 0.977672 4.903933 18.100446 4.768536 89.906541
205188381656.783386 5.560743 0.012525 0.013716 15.028310 3.316159 91.733410
291005454415.401306 7.287105 0.410274 6.356451 9.361580 3.573889 107.915422
233906153512.919830 10.662682 0.585257 6.955349 15.374671 3.520627 108.631645
89147380362.387115 24.184069 0.956129 7.980954 8.296515 3.495207 97.854957
256023708547.784424 16.465643 0.924099 9.394806 8.593038 3.466052 124.763317
175038231635.525299 13.844940 0.757595 8.226243 14.814164 4.601620 105.047473
269431067937.889008 8.669330 0.390390 8.946132 19.602620 4.757746 108.845168
242929525893.258484 12.086201 0.690117 8.038286 14.209023 3.205437 113.301042
232503956665.979980 11.311872 0.896271 4.697299 9.720649 4.935719 109.910485
249850958092.720184 5.410919 0.216647 0.714189 15.019527 4.293215 97.555239
292762267060.337524 9.199120 0.664331 4.634904 9.001618 4.105667 113.305620
183750328408.569489 11.972503 0.760543 6.223687 15.365895 3.565602 102.997876
292178750297.035583 10.811922 0.626041 9.503861 9.393401 3.614294 117.366778
205391880413.662201 13.146038 0.765625 7.538174 16.073747 4.060091 109.366068
71615387216.836914 23.038667 0.923267 6.149152 12.790722 4.606223 89.674356
297798426669.947937 5.245113 0.925431 0.208493 16.437449 3.683816 102.963452
235421978641.926208 11.066675 0.796700 5.256157 9.128543 4.191133 109.804421
137988995631.666260 20.813075 0.875842 9.846284 14.776695 4.595610 108.350740
206849172349.187347 7.029256 0.344479 3.676674 18.995878 3.639758 95.669905
296626499114.448975 5.361913 0.243057 0.973819 10.093743 4.055730 103.159296
170295376575.325226 18.154111 0.842540 9.838987 11.980835 3.473730 111.840344
150318779605.803070 16.232890 0.725143 8.487143 16.144359 3.883210 104.074172
230002551513.678986 9.182498 0.727597 3.755379 7.813170 3.902595 104.509619
223153895058.849152 10.314555 0.992828 3.994283 8.834658 3.523235 106.137044
178453350353.436127 13.617941 0.745507 6.427139 9.652576 3.645399 105.285213
66564899026.241722 22.986280 0.899837 7.439727 8.974874 3.286912 87.456362
129630604032.866211 14.030874 0.752173 5.028961 14.203196 4.192155 95.363710
165171591415.412933 12.040171 0.691162 7.772546 12.210921 3.154101 99.537375
273180629197.699738 11.735723 0.745787 7.752799 19.510491 3.497356 116.992802
179422100048.902466 10.614905 0.487625 8.853679 13.300265 4.200051 99.339420
315547622473.554443 5.112770 0.817183 0.117325 13.350941 4.244688 104.587722
276899811692.223145 5.879437 0.354728 1.238751 9.032446 4.258337 102.258206
103994807812.891129 18.099047 0.913817 6.176894 15.255894 3.750302 94.806370
61346795681.295486 25.835467 0.969522 6.853830 17.797804 3.834315 88.114186
260311124928.146881 8.692318 0.752016 4.044382 7.543196 3.807092 107.662029
223899962523.257355 9.100745 0.590500 5.023684 19.290123 3.705585 103.379955
183294801531.957581 13.010332 0.870062 6.055212 16.815087 3.621393 105.023150
155092661090.182587 9.412454 0.636187 3.535611 13.094215 3.197380 92.133174
130609476604.983917 11.178722 0.689364 4.993983 15.606372 4.332290 90.437646
270510529703.796326 5.423177 0.184848 0.047473 15.081232 3.370144 100.206979
229803161300.637177 8.543072 0.745078 4.340072 18.577037 3.238220 102.911539
307573329074.642456 4.856838 0.693747 0.695906 11.178835 3.313652 102.970937
158560006121.817291 16.909730 0.816599 9.177629 14.827902 3.928962 107.111849
209279929364.954346 6.099746 0.991999 0.016545 8.030312 4.529375 93.704441
200014919810.580109 17.857834 0.920628 9.261658 9.092087 3.243928 117.467448
301529900387.243347 4.635118 0.067040 0.017126 18.816883 3.091704 101.671613
167556073015.237885 12.780217 0.845654 4.729541 14.675487 3.158715 101.478131
224747410310.631561 16.061563 0.973018 6.522530 16.612167 4.523619 118.670109
174910872167.992645 11.716168 0.828256 4.428382 7.677090 3.037810 100.795738
285676754258.449158 10.974804 0.572062 8.108058 19.491824 4.164327 116.892914
186324361385.269379 12.978862 0.705647 7.836682 17.921141 4.811006 105.535228
246830884261.394623 12.098328 0.857051 7.173984 16.670102 3.392554 113.931909
256981399930.244629 5.301548 0.020670 0.041975 13.074287 4.403863 98.178777
172351395119.892548 13.860054 0.851582 6.283166 9.304201 3.934517 104.536132
121329709580.051102 11.673709 0.445728 8.499736 17.918664 4.302543 89.149092
221034163251.932556 5.923837 0.526974 0.193854 12.569045 3.359659 94.973238
104937094161.107925 12.589433 0.961213 3.860407 9.813715 3.020070 86.501534
93913404998.490417 12.609948 0.398676 8.640748 16.244748 3.199579 83.393069
305007301588.044312 9.062310 0.723237 5.260496 8.872057 4.740495 114.498114
232500917757.636383 13.798832 0.884332 6.862539 10.578317 4.284026 115.376052
113130785124.343277 11.865670 0.810754 3.447938 8.796343 3.205504 87.433676
313233147265.914490 13.504300 0.993783 6.587298 13.582739 4.622522 126.735653
215657206661.084717 14.865540 0.777268 9.406744 10.021995 3.220801 114.689925
172719472370.667969 6.108723 0.061772 0.062093 13.966646 3.336863 87.916427
96930898163.404480 15.301381 0.600913 6.861953 10.441866 3.231008 88.518367
139369030019.735809 10.587503 0.994111 2.951546 17.118155 3.554593 91.263124
172849965819.206757 18.517112 0.855081 9.588684 10.739835 3.440683 113.014251
87002823251.286865 19.977380 0.876655 6.869116 11.247204 3.163541 91.832324
273916014420.457581 10.996259 0.657053 9.055785 9.641193 4.151541 115.318531
146648823398.591766 21.575075 0.956951 8.609316 9.924451 3.584933 111.720129
125832728152.610764 15.712907 0.749156 7.868658 18.929968 3.106507 97.240112
175631972205.951691 24.288153 0.972350 9.648951 14.509951 3.427317 122.829061
111365535926.334457 20.497943 0.971595 8.143661 14.752114 4.746529 100.440409
249973807791.062195 17.625987 0.921209 9.496386 5.631469 3.379924 126.077877
271412572091.226196 6.943514 0.533632 3.428685 10.398919 3.498556 104.503555
200444481910.627411 5.826520 0.812421 0.243393 15.975412 4.427306 91.684598
166402205359.391174 16.040433 0.973140 5.848020 16.739905 4.511017 107.319168
182434554445.202576 16.563667 0.883285 8.403196 5.232805 3.083250 111.614681
252208402931.415619 8.193260 0.508272 4.820043 9.417743 4.704532 105.255148
95282720644.989822 14.993134 0.570187 9.922993 13.075778 3.417757 87.546915
122553789645.710281 16.328552 0.794648 6.721232 9.836536 3.833756 97.378479
75490546948.577362 19.106972 0.762143 8.415304 13.722634 4.386792 86.497304
265559881395.146057 15.717292 0.967577 8.657217 10.376162 4.105367 124.738480
137644997303.362061 18.492701 0.778931 9.360546 10.190388 3.688530 104.713977
189786896885.007721 11.810132 0.692276 5.953841 12.718995 3.650732 103.773498
182579523561.869537 19.203379 0.895601 8.268068 16.684499 4.718112 116.270040
210296648953.163300 10.864294 0.562676 8.892354 13.707017 3.830356 105.298880
161195129260.813843 14.721141 0.892656 6.199501 12.519713 3.492058 103.821784
205252089822.472595 5.816571 0.037793 0.063663 14.517545 4.772703 92.386778
156092390473.994720 10.429785 0.384838 8.080250 17.815507 3.338870 94.453368
57093768416.719193 28.852589 0.987836 7.335822 15.110636 4.529779 88.970000
286732487173.856262 10.118291 0.938245 4.377367 14.716433 3.013412 114.890334
282115799596.828064 4.948221 0.164485 0.392022 18.927340 4.244654 100.299720
133583735446.337616 6.485613 0.381705 0.101806 17.401730 4.924173 81.519863
46451476608.927917 35.774870 0.866152 8.442880 13.461981 4.040175 88.862018
270593119933.590149 5.187946 0.212044 0.026001 8.799446 4.357844 99.570516
146793884587.102325 6.159942 0.456094 0.204759 9.785051 3.402049 83.392252
164148692359.210541 14.602419 0.931707 5.713024 7.658154 4.453690 104.233579
225146840940.054596 5.598050 0.281642 0.035235 15.105569 4.914504 94.712932
147037572894.806244 15.590753 0.827731 8.053551 17.291094 3.567957 102.210432
103826907126.678696 12.859719 0.680721 4.098261 15.067320 4.317933 86.646975
178516579445.446716 6.187768 0.320921 0.976596 15.659430 3.598610 89.078890
133539832048.702667 6.485187 0.253572 0.010654 12.930647 3.822228 81.510009
307928710868.514587 4.550962 0.988142 0.026248 16.530233 3.332879 102.150670
149302525711.855621 12.864600 0.517882 9.035257 12.467495 4.753455 97.809233
74673129496.008179 16.188062 0.627533 6.621020 12.701286 4.186666 82.364367
100400445147.193710 18.122973 0.827913 6.868520 18.121539 4.447390 93.735421
49564533212.539818 41.992698 0.986286 9.414850 10.163074 4.220497 95.651288
260198898709.787140 5.738347 0.660389 0.222005 12.254926 3.839671 99.775154
287868518418.884644 9.398005 0.732878 4.661296 12.417754 3.835082 113.189523
98056354358.836609 12.204042 0.389937 8.405109 17.137009 3.169714 83.930024
148612414658.553955 14.572034 0.609176 9.819668 10.102139 3.178192 100.781313
79650608004.361023 20.828686 0.947995 6.138893 13.189681 4.874421 90.234637
307904031829.599365 12.341634 0.871763 6.769008 13.118549 4.653848 123.238180
270607280429.802368 10.262891 0.741806 5.292791 9.194615 4.597758 113.054321
156917910457.925354 10.424035 0.789682 3.406622 14.998681 4.463802 94.607756
173459938099.609192 10.262898 0.820891 4.538337 12.255095 3.550433 97.478118
202315083824.523315 11.681618 0.663819 7.746734 15.103845 3.687950 105.732202
200002450257.857605 11.804043 0.669845 8.822170 18.550549 3.572376 105.589961
119645038332.221786 14.574254 0.859882 4.948777 9.472938 3.938947 93.758420
227136997232.245453 9.004159 0.573673 5.441281 13.828706 4.980126 103.641215
125950088256.570114 11.341417 0.784618 3.802289 8.496254 3.566908 89.652281
155759681032.453369 13.720461 0.875425 6.433155 12.816022 3.687713 100.809124
109197217281.458008 14.371689 0.792965 5.768254 14.844863 3.861577 90.618645
266904742551.704803 5.159938 0.413275 0.019224 14.119936 3.023112 99.039596
266896433869.082245 15.812156 0.981646 9.463009 7.781082 3.915984 125.146569
175636444509.204498 20.512247 0.932468 9.783208 11.058146 3.749950 116.936324
181163304328.288666 9.895019 0.610951 5.466805 8.004496 3.269696 98.097600
131510144510.283768 10.053471 0.857749 3.116902 19.222412 3.393665 88.475073
302782707558.083923 8.430483 0.418740 8.031595 14.052993 4.343731 112.514729
183521897980.696808 17.005353 0.984687 7.805469 11.678745 3.168883 112.632826
147926615591.492981 10.506869 0.850383 2.684826 7.916771 3.174634 92.932013
284283400902.235901 5.173463 0.078469 0.032476 13.927470 3.501988 101.181801
175527086520.203888 11.377474 0.701932 6.126466 8.779525 4.750327 100.215341
129844039946.551178 11.709797 0.909410 3.098203 17.200088 4.113316 91.254502
151539964357.501099 10.117494 0.540468 5.602137 10.806434 4.957290 92.887926
143031728904.061829 13.880936 0.708315 5.975160 7.212679 4.303908 98.273903
287338719887.105530 5.122381 0.522008 0.334384 15.077171 3.034799 101.400193
87418185519.102310 13.858957 0.731815 5.051348 11.815925 3.507822 83.365565
140651461783.245422 19.236855 0.898765 7.842484 10.046341 3.466165 106.637648
257559930764.639008 7.100901 0.353801 5.604873 10.634291 3.827171 103.115534
290959868044.097656 4.969855 0.255282 0.258121 14.659703 4.840325 101.397438
238078288272.668060 7.445141 0.307277 5.922653 12.759871 4.349436 101.339314
179263331501.706726 9.203087 0.361046 9.565473 14.349984 3.348961 96.224038
230503390718.326141 16.614874 0.976526 7.716465 12.297909 3.970763 120.764273
314155030369.498108 6.981315 0.399472 3.935347 5.487615 3.081173 109.832379
135975946691.281219 21.265963 0.907714 8.842531 16.130909 4.986603 108.489208
242262796526.279236 5.282153 0.483816 0.717485 16.532176 4.781409 96.216031
201062807439.143585 17.551028 0.895241 7.257445 17.987539 3.513908 117.114795
160049361406.609344 22.042771 0.957337 9.457561 19.442369 3.687045 115.740584
159875534587.366974 12.434115 0.659322 6.527904 12.213817 3.594564 99.233199
218097572395.516571 13.202623 0.779608 7.516081 14.921703 4.504649 111.695727
235140325139.345764 8.958690 0.563768 6.840053 13.196776 3.171938 104.732534
279114339372.668884 5.000021 0.789513 0.014763 16.931547 4.035085 100.085418
193701098838.686005 10.779990 0.468024 7.982316 14.090342 3.333366 102.268979
245767935380.353790 16.418113 0.986212 9.821469 13.547379 4.600296 122.979286
238452759617.062164 10.163112 0.916715 4.839619 14.347063 3.350727 108.148808
71006238960.990524 13.704826 0.760343 3.623853 10.939956 3.065961 77.563103
295171042102.220764 4.993125 0.264006 0.232933 16.847645 4.906372 101.949600
307705299049.360352 4.831790 0.682310 0.041888 14.654358 4.289209 102.914755
263300256529.602325 9.445222 0.751758 4.643347 8.203352 4.626432 109.992343
223424032489.747681 5.757759 0.181990 0.062207 12.467090 4.475829 94.884228
273626272889.213440 12.196527 0.840532 8.040274 17.418939 3.712235 118.144436
175602545044.720337 15.029554 0.884231 6.022255 5.117994 3.460555 107.404129
306579669238.064575 5.129126 0.847984 0.014535 13.772706 3.257990 103.634068
226544574976.718597 7.393202 0.212049 6.227766 11.393166 4.616458 99.543754
73560406954.089432 31.442043 0.993358 9.318449 18.211077 4.635489 99.429034
167679599971.599518 6.593457 0.351263 0.025644 16.679516 3.170211 88.189388
254480701124.528107 6.062474 0.280095 1.573210 12.891104 3.972884 99.915245
141067861231.633514 17.997406 0.881766 7.030169 16.721350 3.569258 104.785819
185647776997.508423 14.558488 0.700830 8.476366 15.191873 4.023179 108.514393
274876374844.897217 11.500417 0.851315 7.448715 14.939504 3.501758 116.671972
221007936744.889954 11.449361 0.613168 8.003106 7.746217 3.069469 108.376106
209233749237.379730 6.081023 0.992111 0.016366 8.034124 4.531124 93.650159
103423724187.351120 21.190819 0.934423 7.941152 12.609118 3.735486 98.930575
191494786308.802277 15.174843 0.813258 8.327662 12.542150 4.263683 110.829132
185754430129.348297 6.013324 0.114706 0.018053 19.325951 4.501234 89.842557
152480358362.579742 14.350484 0.729621 7.207969 16.351248 3.687251 101.248127
295188024439.599548 5.192865 0.803770 0.012791 9.636134 4.426425 102.514099
105132690274.669189 10.324413 0.621205 2.728432 15.303717 4.758877 82.604756
116132243605.894150 16.245260 0.811498 5.740408 7.387148 4.484723 95.516381
149737327844.371216 6.635270 0.227182 0.283372 12.453250 4.799175 85.018560
210869461243.870605 10.439610 0.820920 4.909244 13.252638 3.577756 104.436949
163971287872.458588 11.738528 0.779844 5.622988 16.267934 3.086463 98.693796
133051031799.277588 11.276847 0.809894 3.427095 9.264721 4.036057 91.184078
244838019866.368469 9.929711 0.671836 5.098388 9.166979 4.558076 108.542041
218147903681.429474 8.919174 0.390664 8.507951 10.733345 3.327810 102.051356
269703912627.537964 5.843165 0.858279 0.991032 13.415032 3.539933 101.264598
206387468765.208649 13.260733 0.918277 5.875911 15.329794 3.269046 109.780036
306485349711.902405 5.034261 0.692646 0.248486 11.142112 3.905806 103.352967
276514036406.762085 7.572181 0.519186 6.001312 11.963665 3.075078 106.867209
101650236593.702560 23.209258 0.955557 8.857721 12.152125 3.570684 100.997186
255219016194.894104 9.752080 0.580918 7.843427 13.766316 3.601735 109.617187
287208761017.370667 8.342491 0.923679 3.172171 10.140689 3.117280 110.315873
273376436227.501129 17.865735 0.974674 9.223495 17.067308 3.458806 130.377665
219156011728.269653 5.325662 0.239715 0.012941 15.066936 3.884361 93.165774
204161486909.216492 21.510051 0.963622 9.723319 14.392521 4.797608 124.638309
182822399011.971954 11.768656 0.774559 6.365073 8.990935 3.088592 102.402196
305546615092.327332 7.264247 0.664059 2.499951 19.839699 3.944395 109.619381
218547683759.655182 8.747513 0.378018 8.554508 9.788275 3.175528 101.699361
146842301237.995972 11.125378 0.928944 3.481109 12.289674 4.637125 93.934066
308232882267.275574 8.851208 0.806104 3.921074 9.292110 4.750322 114.331079
246369930760.835999 9.538194 0.896600 3.876187 17.264849 3.677130 107.811293
246966066778.284363 10.229391 0.529789 9.378611 16.486329 3.058037 109.580604
264047616706.523224 5.538593 0.010472 0.014420 12.319049 3.743765 99.718004
293276076321.215942 10.826854 0.866752 5.131516 17.153393 3.441031 117.550906
314703227573.420715 7.422202 0.649919 3.383422 14.510110 3.169444 111.152154
115484454162.389572 11.687244 0.942256 2.660878 19.682968 3.872267 87.718015
153485262098.154877 15.145688 0.801947 6.369069 18.377043 3.575527 102.897660
241397321727.983032 13.769348 0.756765 7.874346 15.487348 3.478848 116.765994
124049875885.854385 14.774249 0.939015 5.206489 11.757075 4.758411 95.230302
162259683436.239380 10.096815 0.844744 4.033753 10.142155 3.565302 94.985019
149602010087.505188 10.243988 0.997868 2.910239 17.776196 3.555197 92.748377
222029424955.242828 8.875071 0.419722 7.244619 16.086415 4.977405 102.546271
117405710951.255142 16.881955 0.693420 9.577760 12.611447 3.649180 96.859683
111070925906.910110 11.726068 0.439154 7.707541 15.674624 3.484437 86.654431
297653260308.768127 4.992370 0.522153 0.013099 17.003024 3.258317 102.232457
165809029966.772949 6.222340 0.167578 0.318399 11.734198 4.704333 86.993884
128523482077.410538 17.039372 0.869621 7.473333 11.963597 3.137885 100.076394
243119948209.377960 5.481960 0.260357 0.058414 15.017453 4.948732 96.860058
212479998947.682709 5.477951 0.279720 0.607382 13.900091 4.442012 92.596819
225778804507.520905 12.524527 0.667345 8.003579 15.340784 4.398721 111.530175
305412712745.913391 5.520311 0.317714 0.010622 19.749037 3.019738 104.622249
116033950612.677643 19.661938 0.783819 9.297719 16.475539 4.195572 100.629744
223674599521.204529 5.974757 0.800726 0.038471 12.961815 3.232651 95.481801
91391686433.922302 14.529417 0.954351 4.147407 10.515564 3.257394 85.638514
212909862091.548706 12.586867 0.715216 9.061031 10.812753 3.288711 109.502583
74559211319.434662 21.033044 0.810879 7.087730 7.754985 3.205639 88.516784
139259566621.022522 12.667347 0.567769 7.889874 6.683559 4.142689 95.202073
308975648512.997070 9.784518 0.511374 9.361684 14.299513 4.002029 116.913952
312541480651.031067 12.686880 0.740611 9.017392 8.126007 4.047944 124.691924
150987623669.235382 7.186724 0.987707 0.011346 11.597510 3.512474 86.491847
120567204290.210815 19.990315 0.879444 9.232989 10.553442 3.651562 102.401691
115902033203.023270 9.930857 0.370102 6.154948 9.496787 3.790697 84.595351
152500601861.749603 15.666207 0.945552 6.256986 18.630031 4.161628 103.592852
215388121301.448669 16.545823 0.976845 6.690206 14.206274 4.163740 117.932570
295230182725.899231 15.748528 0.862631 9.921285 14.375968 3.324604 129.288917
120012256537.281235 11.261143 0.939517 3.228399 10.748459 3.074791 88.073698
255028805741.868195 5.439706 0.132347 0.066687 15.279358 3.587864 98.302278
138495057235.081543 17.990510 0.771274 7.971179 12.504762 3.966923 104.133890
207620267644.141937 9.040125 0.503642 4.934707 6.352769 3.587436 100.668278
147161450241.508362 6.706986 0.878268 0.014171 17.913859 3.742467 84.688491
180274191339.907471 14.258624 0.748083 7.625752 17.426831 4.099348 106.883742
214161715385.805420 8.497124 0.499025 4.438231 11.612699 3.688435 100.410415
263380511033.475616 12.944540 0.811258 8.003253 10.934323 3.680268 118.363361
174065052129.329132 6.228630 0.130548 0.039607 16.955410 3.416416 88.429394
252148523510.294800 11.614475 0.810946 5.896775 14.384888 4.481424 113.628776
157628709159.788422 19.849470 0.965373 9.165077 12.694516 3.429143 111.748154
121694505251.450272 10.289707 0.389757 5.970518 19.675942 3.690631 86.666835
165499264898.793610 10.441752 0.532135 5.518498 13.622571 3.610693 96.338939
272777733484.210663 7.229526 0.412497 5.532002 12.057339 4.723120 105.457306
215049516648.350037 11.385006 0.957635 4.927711 13.164656 4.910619 107.250661
286456813251.554749 11.227625 0.708596 7.768332 15.725718 3.679648 117.621709
106925410517.573837 19.544241 0.954177 7.816366 11.093185 3.393831 97.759052
129630604032.866211 14.030874 0.752173 5.028961 14.203196 4.192155 95.363710
275296108994.427795 6.029084 0.505299 2.983840 13.274329 4.247933 102.475748
286217226925.530212 11.335611 0.600242 9.308601 11.644881 4.999052 117.853235
272614079178.030792 5.714799 0.026073 0.016781 12.110080 3.756187 101.272301
207517082631.128815 12.129221 0.898257 5.360427 6.495848 3.089953 107.596349
291737618774.635742 6.386745 0.803540 1.731329 16.815157 3.057651 105.486717
127821205734.748672 18.676438 0.920830 7.595778 14.752064 4.296200 102.441996
213799213374.301025 12.040593 0.779081 5.838729 12.049678 4.406125 108.479275
154595229882.085938 9.677503 0.360643 8.032427 8.507896 4.125593 92.592281
175211127912.643280 18.704060 0.920699 9.751767 13.452503 4.931102 113.843831
183451965631.788055 18.844895 0.914451 8.944422 16.634406 3.576227 115.843168
115651807787.683517 8.785267 0.270461 5.500569 19.631245 4.317533 82.333519
133473830851.061111 19.974806 0.835930 9.778634 7.755374 4.296870 105.909274
237806395006.445892 16.056433 0.995839 7.791763 9.009638 4.074688 120.915142
198484004835.403656 6.009330 0.263696 0.184012 15.310318 4.988310 91.839721
207880756016.638489 6.566843 0.969375 1.013395 16.546520 3.969899 94.671924
163227914858.799896 8.629593 0.545267 4.972470 15.539692 4.958050 92.012179
206611730607.866364 10.317804 0.798285 4.369255 8.769044 4.100855 103.454174
150744562631.361420 6.286749 0.154118 0.010938 19.567002 4.696516 84.421151
278488555802.825684 8.650214 0.486565 6.461962 17.522102 4.867863 110.001161
205782464426.857849 6.366516 0.902828 0.891714 19.214811 4.490940 93.850125
231211520166.839844 8.709366 0.434064 6.769361 13.605820 4.575346 103.532827
210700198799.186951 11.891506 0.737544 6.306569 17.503186 4.521706 107.629932
301290367335.137451 9.159064 0.438223 9.754105 13.643069 4.663483 114.288824
162341021671.184387 14.661830 0.779440 7.402427 18.342017 3.793511 103.958563
112863885638.832458 20.687737 0.878326 8.322394 13.956704 4.506572 101.154543
175832564988.191650 20.865834 0.936314 8.632829 17.984450 3.545342 117.552407
94218377611.324295 13.411397 0.805253 3.920163 19.909338 3.703710 84.768669
177470369305.872467 11.843586 0.701773 5.823625 16.082245 3.344529 101.546924
162341021671.184387 14.661830 0.779440 7.402427 18.342017 3.793511 103.958563
267368527081.887848 7.016603 0.328597 5.787676 16.138637 3.377731 104.180072
143590464530.371002 7.367958 0.262779 3.375104 8.965541 3.348275 85.452453
242307318180.898438 5.704805 0.029970 0.074992 14.378605 4.780913 97.344514
275187006934.040100 5.080669 0.486623 0.036392 16.280242 3.315508 99.835333
264866689126.171844 5.132538 0.390142 0.014767 16.831049 3.181071 98.712322
271280228149.539642 11.591687 0.757528 7.025861 18.621425 3.563391 116.378610
145775856687.546661 11.941914 0.611795 7.123454 10.044946 4.808297 95.289985
248167963026.224670 6.163069 0.950748 0.573921 11.395255 3.853595 99.351605
228869258894.301361 10.709273 0.800679 4.832911 8.914840 3.984570 107.954062
145212934225.680542 12.077096 0.840884 4.942533 11.953898 3.576262 95.425250
140029566525.498077 10.974217 0.635994 4.783375 13.851162 3.675195 92.164657
106297395594.058334 16.473954 0.891653 6.305403 7.171860 3.751039 93.087890
291853474815.422424 8.276378 0.409329 8.431299 14.254982 4.549066 110.728930
249237963034.692078 11.660423 0.839580 7.446094 14.856330 3.512988 113.296105
115168359598.765945 10.318986 0.559506 3.483745 14.909601 3.477540 85.143595
224301062934.310242 6.277263 0.248557 2.084643 15.320951 3.835384 96.354192
278225716067.216919 5.377678 0.512212 0.044055 12.933620 4.734557 101.024284
289699967246.182007 6.169712 0.743473 1.645720 12.098155 3.462823 104.629353
250086493214.311798 10.413575 0.770336 4.781797 9.527631 3.743046 110.484280
85021753767.552765 22.234648 0.768505 7.705367 12.019006 4.308294 93.973298
137774409523.690033 23.254182 0.973316 9.771308 11.410799 4.599701 111.834570
274161462959.025482 10.001663 0.722990 5.154126 10.814001 4.598708 112.893834
287547112149.937256 8.125580 0.576274 4.131288 13.390566 4.874144 109.775374
179370764658.625763 16.148494 0.981736 7.688406 16.038214 4.532382 110.234688
199146806241.076141 12.390829 0.867355 5.117585 8.365636 3.300934 106.680496
226501745087.827271 6.169228 0.675516 1.077679 10.452726 3.012557 96.387838
228569039124.652435 8.480853 0.523208 3.678669 10.745386 3.750339 102.573101
232207750281.698242 12.976802 0.795218 6.483083 18.506724 4.052409 113.566280
194438737872.737305 5.651182 0.422129 0.053661 15.288384 3.500273 90.326125
226847865315.251465 14.037113 0.816184 9.352915 19.476261 4.593474 114.932110
245567153492.452881 12.395679 0.832416 6.572183 13.047370 3.048949 114.408614
279063656955.834900 7.820020 0.741626 3.968692 17.211036 3.664138 107.864843
123517459929.505936 13.840618 0.630154 6.446012 11.368129 3.639076 93.515377
279337503305.887329 12.942749 0.957200 6.740524 7.620297 3.037460 120.702874
120015424310.050446 16.904931 0.841164 7.143796 5.930919 3.210962 97.607980
221351942411.119324 16.564366 0.851898 9.740992 7.596143 4.110841 119.046964
131563178397.951096 16.327686 0.640252 9.378423 9.241370 4.390778 99.707087
238547457528.215332 10.860147 0.554270 9.234991 8.826833 3.492879 109.807739
254498305193.311432 5.110621 0.838362 0.045659 17.837450 3.073514 97.348287
306798922735.309998 10.923169 0.928624 5.032163 7.452321 3.174725 119.574912
309252734728.482239 6.292266 0.240087 5.019287 8.812845 4.040422 107.285125
231377684072.087891 12.122556 0.820255 5.044019 18.696047 4.431161 111.556725
264981266814.994080 15.056726 0.999396 7.871604 7.659253 3.866789 123.250019
237472674835.244476 17.161843 0.927055 8.594387 17.255834 3.978559 123.041741
282025781190.442871 10.288280 0.683832 6.641926 9.933493 4.398243 114.686415
178530621405.120575 10.795330 0.491249 9.437528 14.905200 4.473979 99.558789
250108354924.759766 5.432628 0.281855 0.232186 14.045178 4.274948 97.646970
220967523528.406097 8.902231 0.537490 4.615524 15.089996 3.683270 102.448210
220922664239.553528 10.357809 0.918863 4.640265 13.791143 3.405499 105.882139
249181533784.093506 14.015599 0.764991 8.374952 6.135278 4.863121 118.540133
187948386299.483368 6.037096 0.764169 0.011832 15.796951 3.799190 90.252962
289054585917.640747 8.852836 0.497364 7.982670 12.772303 4.861298 111.913204
304646949193.324402 9.248904 0.722862 5.783789 13.924361 3.221414 114.951182
169210512044.085724 12.339328 0.773458 4.953110 19.458548 4.274457 100.939899
238142990249.808289 20.504744 0.999401 8.907646 15.257126 3.767524 129.413187
305955911719.156860 6.402766 0.250713 5.754953 18.007225 4.617025 107.219178
302183228483.966431 5.624728 0.271924 0.336800 8.279624 4.369238 104.550979
261153636721.537659 5.575521 0.516226 0.327860 14.851424 3.049692 99.453006
62621560984.162331 20.991681 0.820319 5.828130 8.977250 3.345282 83.468247
126362177837.152206 9.346148 0.327538 6.841640 8.780113 3.631182 85.920289
146221165663.810242 12.013930 0.882970 4.716468 15.555447 4.017526 95.524853
146813196070.963135 12.431797 0.527924 7.982518 11.699253 4.685437 96.449122
305291692523.718994 7.913694 0.433316 6.398748 13.069179 3.018989 111.403265
300350925559.091492 4.785490 0.013088 0.010988 17.332898 4.504939 101.958417
241372197658.562225 12.846641 0.704520 8.899537 16.051776 3.985285 114.754591
235550104167.117432 15.725845 0.837576 9.130783 11.668239 3.787292 119.867987
276295951015.485168 7.504207 0.731271 2.350559 10.536798 3.901821 106.655166
131177293301.059097 20.936040 0.963247 8.159385 15.263956 3.659702 106.717541
200365140807.635529 10.890595 0.651606 5.779581 17.840610 4.878429 103.672341
209048737739.813049 5.950071 0.751392 0.011336 17.370254 3.749943 93.291053
307888682193.028503 7.971467 0.883733 3.024722 10.548929 3.670678 111.878632
250739593175.843872 12.817226 0.767766 8.324578 13.538093 3.302748 116.154569
252747921277.056488 9.086272 0.654091 5.077630 19.588869 4.697338 107.605401
290697798568.577332 8.969247 0.584681 6.857620 10.157251 3.338199 112.433134
234011732254.650665 17.005601 0.934169 9.641864 12.463697 4.572831 122.137758
194166419230.684967 11.585175 0.747535 5.409335 13.253192 4.991194 104.087985
112004770645.353531 20.606834 0.919773 7.335160 12.125049 4.245748 100.784400
118468354136.087189 17.872135 0.687543 8.635079 7.997715 3.363259 98.671793
296223741609.618286 8.310411 0.803415 4.164045 14.125017 3.583848 111.371238
129384721210.449936 12.568665 0.593530 6.744020 14.700985 3.615680 92.718453
299681752768.783569 5.320762 0.234549 0.046504 14.759331 4.769930 103.395143
269558344605.490448 12.811064 0.801657 8.009767 6.632683 3.253166 118.976560
256566266413.908630 5.558143 0.972530 0.780019 18.876561 4.114052 98.820152
144876122709.894470 20.914423 0.897057 9.681938 14.741452 3.910035 110.277434
151510003090.719391 10.711738 0.458954 8.537383 12.222235 3.206382 94.090664
279001727460.424683 6.403590 0.651182 2.171113 17.562012 3.028254 103.975587
256435789019.917542 13.065545 0.682456 9.278537 15.245980 3.534278 117.584763
234415289968.278595 10.391350 0.797291 6.061332 17.695356 3.727076 108.074251
308410744645.046692 8.970481 0.670522 5.205514 13.565607 3.830270 114.675198
181285661289.904114 14.019885 0.734096 8.137951 19.044994 4.016994 106.622394
113798059282.009781 22.049964 0.894574 8.510336 16.258090 4.049118 103.312712
234018400846.802155 5.961013 0.873885 0.222743 17.235754 4.003756 96.895389
244504488028.360382 15.923290 0.843387 9.679391 7.591993 4.342071 121.770021
235226681107.794739 5.335497 0.204566 0.021550 15.323181 3.376297 95.415364
290764822567.867310 9.245699 0.760204 4.482971 18.043700 3.823445 113.169539
94256032529.663483 11.753444 0.638974 4.416850 19.477011 3.645496 82.085886
167873901188.686279 7.543221 0.490402 3.889688 16.408805 3.476813 90.423494
177816108695.342651 11.622577 0.613543 5.619573 14.825770 4.451625 101.157586
286561081011.395996 7.626000 0.711434 4.289199 17.959721 3.013485 108.293362
289803371716.534363 5.155207 0.841454 0.012372 14.402270 3.215087 101.781295
231057879621.442017 9.829970 0.741902 4.467537 8.133010 4.631177 106.228776
116877454025.148880 13.730942 0.871559 4.384657 11.243559 4.846861 91.623931
258641560036.109833 12.873071 0.906435 6.614543 6.544917 3.300908 117.488186
256293045389.114777 5.589210 0.843810 0.010413 14.812086 3.201680 98.869216
106633319848.127167 14.710636 0.853570 5.713783 13.536457 4.330627 90.445834
171165410842.494873 17.616457 0.865783 9.882998 15.129151 3.893010 111.108798
165392423612.160400 16.158186 0.877426 7.978853 10.632085 4.869874 107.310549
189339272997.814056 6.109693 0.959620 0.019987 13.221218 4.654339 90.652798
177378970330.436615 13.831815 0.830544 7.115134 12.337509 3.622854 105.488286
122332254008.491318 9.277074 0.792087 2.507642 12.936121 3.405761 84.861611
181258970832.919434 9.167454 0.731335 2.940680 15.917198 4.413523 96.499849
276293601427.403320 14.391895 0.968485 7.569442 12.147886 4.759856 123.526674
203954284812.270538 11.236407 0.689765 6.641429 19.281470 3.517277 105.048911
157319449991.236053 5.921984 0.296139 0.067017 13.974594 3.179783 84.791774
155042496614.322357 5.968936 0.470138 0.295365 19.836667 3.465380 84.488328
91048538518.265747 12.430803 0.728381 4.356191 15.893119 3.555790 82.248081
86091133011.648163 16.959998 0.869999 5.198057 13.490856 4.395127 87.452954
141219771322.108734 8.058308 0.498964 3.209918 14.665697 3.478149 86.466388
90298983788.055328 14.404758 0.943720 3.603884 16.906600 4.670342 85.106842
138447838779.433624 10.341488 0.478279 7.363730 17.992661 4.337909 90.576718
196868823613.753052 17.371487 0.909813 9.868923 10.422967 4.211570 115.968863
274689356783.715332 4.961975 0.922017 0.117276 19.808085 4.038090 99.449436
111199285859.736084 15.243301 0.719070 7.874371 8.167740 4.548973 92.572186
114813982110.538101 13.815375 0.715063 6.816483 11.037514 3.247518 91.222969
166052076381.105133 9.246545 0.350884 5.579764 13.399303 3.628709 93.894222
158991880114.382446 11.103765 0.902595 4.049815 14.132784 4.446335 96.412684
258708987106.278717 9.540469 0.583500 5.210590 13.900970 3.290756 109.587593
238858879566.546021 10.843975 0.711337 6.024381 17.352051 3.405296 109.817734
265488614382.380249 5.235181 0.231864 0.517431 13.549684 3.979441 99.069235
279832972640.461487 7.918773 0.502794 4.992514 14.923564 3.117321 108.229935
142159422300.720032 13.357607 0.567722 6.563885 10.381972 3.119987 97.128052
272717161493.179993 9.737203 0.520049 9.584265 14.485355 4.199997 112.029595
293336131559.830322 5.595248 0.169088 0.014897 14.760058 4.851041 103.436984
135534741872.770157 24.322915 0.979269 9.295454 15.201304 4.577791 112.711405
144576397735.769226 7.813322 0.923174 1.764131 14.874303 4.541463 86.617422
220884181684.216095 11.098051 0.789972 6.289253 19.731558 3.502308 107.566898
313373301269.912903 10.395478 0.599256 9.924809 9.967796 3.423206 119.065691
290481620344.900208 8.021686 0.462832 4.729784 12.874741 3.038803 109.865702
271178127886.000427 12.541780 0.765424 7.342286 6.830955 3.729823 118.593924
250109040413.816376 6.500183 0.157942 8.429233 12.931218 3.080229 100.513357
174979412756.048309 12.902572 0.778087 6.631805 9.927155 3.691491 103.197565
140048912164.594391 12.757980 0.619578 5.605057 10.319153 4.504618 95.548973
268431344935.987061 10.134829 0.728718 5.089651 17.556721 3.987494 112.433129
239509091838.660278 5.235021 0.029112 0.016244 15.151951 3.480241 95.725784
186721071567.919861 11.450590 0.453351 7.939811 19.062637 4.379467 102.456544
304082540768.455017 7.892537 0.999185 3.272429 8.010147 3.546445 111.197443
84055945676.028122 21.438046 0.760211 8.438037 13.639822 3.879093 92.632457
307300913276.271729 5.317828 0.006246 0.014736 12.202459 3.751157 104.255648
185083153523.566620 14.256178 0.754132 7.738998 13.984120 4.132123 107.821078
123515139971.371353 13.349793 0.519811 8.059256 15.622962 4.657658 92.667880
183813200579.528656 15.041250 0.923854 5.455777 5.631377 3.588936 109.074783
84986486154.053574 16.737680 0.842594 5.853670 16.866499 4.114460 86.767519
147162125476.770447 13.519601 0.565452 9.199257 16.650581 3.251717 98.551954
133358476943.044586 16.743540 0.653628 9.848269 18.600192 4.611963 100.837424
184226299685.222717 11.129452 0.426713 8.829703 16.282474 3.879825 101.319653
289376756017.762756 4.879662 0.307161 0.038356 19.546930 3.704984 100.962241
123846067893.648407 10.968010 0.826076 3.473709 19.385532 3.205047 88.456198
225028488011.750580 7.986070 0.501482 4.375538 13.985783 3.236987 100.813553
171637028380.180878 9.030760 0.574575 3.632785 12.217778 4.037252 94.459239
271453228257.664825 5.798413 0.069656 0.043936 12.451292 3.081612 101.359397
294326388208.337708 8.925186 0.577862 4.847906 11.758189 3.910523 112.781977
187161435645.507874 10.468010 0.540031 5.013252 16.043360 4.837295 100.428327
171545336722.050201 22.591825 0.991434 9.641348 9.966093 3.397856 119.299103
276990368048.378357 5.155646 0.341026 0.065372 16.622640 4.863622 100.259830
82022297521.758911 27.185763 0.956838 8.843388 8.299452 4.292290 98.579093
94004592944.816727 14.597772 0.714988 5.023711 11.204449 3.179582 86.551747
217626217848.995453 6.706713 0.988786 1.461495 15.517544 3.218100 96.485114
208727008647.941345 15.923503 0.860909 9.643064 19.401684 3.042623 115.515216
153349924079.632294 15.209907 0.853970 6.137889 15.038413 4.506711 102.981297
259213148919.108032 9.489760 0.684237 4.492168 10.090175 3.010661 109.531852
151741090045.536255 13.489566 0.911335 5.186682 11.613565 3.116240 99.508034
239914505041.025116 9.160393 0.511019 9.290209 14.580378 3.747510 105.935361
264059295923.177643 4.840013 0.902220 0.040000 19.123413 3.185063 97.820825
183532634406.143585 12.488209 0.730227 5.406609 17.366784 4.591714 104.014576
183455336586.846771 5.624308 0.363242 0.037525 11.421946 3.976575 88.527141
300890720339.522156 7.488221 0.569357 4.051852 10.834718 4.095550 109.685769
287533150665.167236 6.513928 0.303676 5.718783 14.371908 4.025396 105.334035
209440418088.858368 13.360455 0.655177 8.620512 16.669843 4.387019 110.525581
76758379930.790634 14.776677 0.664945 5.641455 18.342814 3.966796 81.152794
108916140024.610580 20.728236 0.824849 9.003853 6.129483 3.079510 100.017006
271191694758.983948 4.860032 0.858655 0.179667 19.289962 4.325180 98.748092
190779641064.231750 17.156540 0.883007 8.003356 15.136157 3.859410 114.372640
243839699617.580505 5.276292 0.367988 0.027664 9.804510 3.792906 96.408781
74231124699.370560 14.061277 0.674446 4.272642 10.966583 3.025347 79.234724
229468319896.437073 8.693025 0.407610 6.811569 9.127146 3.813149 103.231734
175137519663.501312 6.438135 0.017883 0.118370 12.503964 3.694673 89.109205
164201250035.706116 15.735713 0.717639 9.160473 17.480755 3.417100 106.301566
177317477982.803772 10.835284 0.823085 4.251664 19.970427 3.320194 99.417358
154382172128.050293 18.446021 0.991831 7.776939 10.411747 4.674194 108.720777
206010469554.156311 5.502420 0.173093 0.240785 18.231181 4.540819 91.708914
97192759262.883392 17.245833 0.929119 6.121695 12.895932 3.605347 91.474929
210012993810.879974 20.429007 0.988199 9.326415 15.903747 4.620908 123.971953
192075756076.274200 8.862782 0.642208 3.400144 14.386359 3.376581 97.681966
110498962349.568680 11.000848 0.532308 4.745876 15.061828 3.032150 85.216053
121408998319.794418 12.401156 0.736323 4.569141 18.779359 4.012017 90.475778
72494368627.197617 22.651054 0.787665 9.834705 17.968558 4.708961 89.593737
86670324408.277176 29.847128 0.963751 9.319117 11.806983 4.631946 103.327451
134074945287.352921 8.032420 0.315727 2.408079 17.558187 3.912282 84.928547
107054102911.006104 11.090362 0.620501 3.268706 13.323473 3.603805 84.480168
209994776101.531555 20.662085 0.925710 9.178851 18.736276 4.253957 124.370096
171978451255.862274 7.826109 0.739296 2.311334 12.687228 4.099478 91.805684
63716399233.947670 29.234603 0.948988 9.125663 15.778133 4.736980 92.659835
80298144724.811554 12.088900 0.709801 3.462016 7.167401 4.115266 78.342790
143522536310.008179 13.412398 0.989016 4.793442 10.660535 3.650530 97.537507
97185180188.071762 11.372816 0.562433 3.569792 16.640286 4.252198 82.283164
69661798358.501221 21.351288 0.647948 9.955773 15.724338 4.025388 86.908963
258462129100.227936 11.670932 0.736611 8.511775 11.296468 4.061468 114.701457
166944729023.445862 13.787964 0.757818 7.258137 17.877093 4.179168 103.294775
90457949986.558762 18.223914 0.819830 6.698482 12.290960 3.505744 90.672019
104643054061.173950 21.756979 0.881578 9.573745 6.445405 3.022694 100.075799
131553041016.446289 10.423032 0.550598 5.309790 7.508982 3.236665 89.205861
309500176551.724243 6.775474 0.611668 4.194018 18.563500 4.426973 108.700083
257392381460.076630 5.525371 0.205698 0.626141 13.331701 3.951627 98.837223
306817177203.436035 4.585112 0.548435 0.010056 17.928232 3.169400 102.122748
225551831621.426361 9.483057 0.702835 4.952394 17.367665 4.764946 104.553116
300545972494.682617 8.898792 0.445913 9.540841 12.477269 4.901957 113.500197
181910337097.805450 6.312194 0.732271 0.010118 15.938833 3.737410 89.939993
96369527182.641113 24.481280 0.894127 9.852159 14.905686 4.482772 100.794068
240014033541.212402 8.957414 0.414233 8.325009 12.836519 4.768384 105.448017
158100372388.873688 6.286623 0.267700 0.189662 14.364944 4.996197 85.772266
227145352604.142822 17.673735 0.927000 9.732630 17.895630 3.104037 122.207254
299008590712.607605 14.284565 0.941649 7.764078 15.821524 3.080255 126.579673
279328333318.200623 5.329304 0.887291 0.032571 16.012077 3.061394 101.023042
72102889374.827850 15.317677 0.592578 6.483947 12.820263 4.270848 80.226548
173713913714.733307 13.038086 0.945379 5.288814 10.618665 3.292969 103.215001
300153030532.433838 9.336734 0.740009 4.679686 12.175546 3.823423 114.615510
292905036015.298828 10.543658 0.695261 5.749723 14.170203 3.050879 116.789683
314430080128.160156 5.215844 0.107735 2.801752 19.054614 4.625048 104.761149
85481581030.692429 10.419866 0.540359 4.075816 17.716049 3.474740 77.259881
266238568645.698425 8.659844 0.393814 7.652818 14.723148 4.816133 108.388982
142507013653.990570 15.188651 0.938815 5.598239 12.902843 3.424942 100.457803
100442324314.478363 9.235828 0.524565 2.432090 10.317031 3.758417 79.388059
148379675229.558990 13.901939 0.756544 6.990766 16.897601 4.193994 99.521960
291488191987.786438 4.877549 0.299709 0.036276 15.867710 4.043569 101.201319
292686101032.171021 5.251186 0.207563 0.144351 19.000257 4.548034 102.387974
156616821028.173462 9.142626 0.410129 6.412937 16.459752 3.329611 91.859049
85106680363.716934 15.202383 0.915987 4.365501 8.808886 3.778358 84.617882
153020941011.623505 21.200737 0.980601 8.179509 18.638543 4.349534 112.745489
163808427726.791229 15.582271 0.960381 6.566264 13.016132 4.023106 105.942169
89972335956.280533 20.385053 0.766444 7.228953 19.440150 4.691256 93.399541
281209215944.931885 12.778036 0.869252 7.937701 8.247571 3.246090 120.589822
54502895821.416611 21.339391 0.874909 6.023972 19.356636 4.399604 80.070002
237969078744.947449 11.288968 0.526404 8.852835 16.063664 4.145782 110.712305
116383669219.386047 11.930799 0.569856 5.677104 19.177885 3.325552 88.379663
242411869799.823639 15.908117 0.854563 9.868434 10.371287 4.801929 121.390905
215182680502.577423 9.503062 0.639491 4.406455 10.301483 3.888210 102.972808
166575759060.392975 8.334904 0.295789 6.860130 15.928841 4.328148 91.980533
298774802109.203369 6.305250 0.772377 1.983218 15.211074 3.069712 106.096455
198595707581.770569 16.604134 0.897433 7.998913 19.444834 3.152945 114.893059
84225819865.113708 20.438404 0.908022 6.116523 16.003924 4.965712 91.435185
229740641725.648041 16.935740 0.876644 9.850763 9.693822 3.556772 121.254937
200011630711.106659 5.767312 0.904751 0.049308 12.853517 3.158840 91.470776
126328253030.809189 19.976463 0.800378 9.180373 9.823834 4.665826 103.986983
223480085262.723541 14.569960 0.728989 9.052166 6.266955 3.569160 115.458339
309869893745.361633 7.138990 0.395565 5.867523 12.156772 4.113801 109.778977
182945806829.403076 14.308255 0.875469 6.624610 11.274470 4.504773 107.504858
112848529799.876297 18.017643 0.769766 8.586239 9.505142 4.367356 97.302985
80536424916.246002 18.875954 0.676194 8.048022 6.341279 3.369974 88.083222
147012797809.034363 14.396080 0.664540 9.370984 16.100724 4.844605 100.104738
248488877512.449432 5.095879 0.767070 0.021325 17.374570 3.567287 96.536734
204861209326.921204 7.715392 0.799597 2.526187 10.601920 3.908925 97.049560
199710976981.355988 11.765884 0.717051 5.983438 7.049776 4.053523 105.457069
171014647458.313507 13.157870 0.981645 5.072356 8.624307 4.525845 102.911340
279698574132.620544 7.138086 0.325376 7.720549 14.532161 3.821546 106.091190
243119948209.377960 5.481960 0.260357 0.058414 15.017453 4.948732 96.860058
117436751787.239807 13.913488 0.893126 4.425419 13.473198 3.674648 92.077545
227008069226.106903 9.340139 0.771623 3.560872 11.312434 3.266324 104.434421
136970402324.715256 19.385897 0.972274 7.090753 14.034926 3.730483 105.928307
222955510601.213104 9.607626 0.684820 5.346523 17.386295 4.702091 104.446537
176366447165.283813 12.890137 0.729124 5.567577 17.953628 4.680456 103.444864
235005441708.098267 9.192870 0.701851 4.940494 9.310546 4.746962 105.287308
313097734832.392334 10.774259 0.947900 4.945153 10.493902 4.464965 120.007043
263646606846.292877 6.813263 0.746434 1.977463 14.335945 3.324044 103.144982
225981998510.270142 11.504711 0.797335 7.833198 16.601405 4.664437 109.307598
145526709830.886292 6.588652 0.928750 0.019345 13.128793 4.072312 84.110171
242580607914.683624 10.833424 0.773836 6.297301 18.588759 3.428505 110.360385
174863620198.007355 15.498582 0.982067 5.948167 19.036113 3.518836 108.120240
257413756189.364777 6.739932 0.783943 2.111430 17.930756 4.675565 102.128593
230644066972.330261 10.207312 0.549678 6.705107 9.389633 3.611994 107.059332
243300451042.778168 5.280569 0.829424 0.170395 19.187833 4.114335 96.349005
306929607092.593445 6.036868 0.558619 1.255673 14.604099 3.259103 106.281786
154619345626.823761 14.130992 0.977153 4.856486 9.957648 3.540457 101.318692
240317966694.646667 9.211641 0.699304 4.019481 10.247630 4.591271 106.121016
183192990716.661011 16.803980 0.969868 7.778409 11.796807 3.196459 112.203548
176899982538.177704 12.797386 0.662219 8.005302 16.199027 3.155628 103.364647
305346077491.464050 10.208121 0.610096 9.497246 9.188425 3.602492 117.557120
115434870511.179077 22.093212 0.897976 9.492796 17.352482 4.767318 103.864747
146793884587.102325 6.159942 0.456094 0.204759 9.785051 3.402049 83.392252
193972056182.725922 10.200480 0.708161 5.189825 13.137991 4.528081 101.039580
294964857212.349792 5.020253 0.225867 0.034228 9.525405 4.362781 102.002046
210359413969.899689 15.928003 0.876432 9.469810 11.984864 3.082528 115.824263
121718937455.215469 12.910594 0.975195 4.064842 10.150660 3.332342 91.452013
171904074209.268555 6.032746 0.720925 0.054282 14.146228 4.158276 87.597730
276980897317.046204 5.312271 0.802889 0.017853 16.751209 4.031282 100.692044
152884309398.775635 13.928911 0.772577 6.354746 12.496304 3.345434 100.568570
261816855717.856995 7.707222 0.741186 3.068105 12.720266 4.184229 105.297250
228520162620.857361 13.308273 0.688975 7.835262 18.273118 4.654690 113.673397
287478176557.441650 7.184881 0.811906 2.882632 18.972676 3.503817 107.195291
172987050355.396118 7.571035 0.311648 4.616857 14.398035 3.598797 91.396733
170295376575.325226 18.154111 0.842540 9.838987 11.980835 3.473730 111.840344
226269028467.003601 10.815423 0.962177 4.361192 13.066739 3.018041 107.787834
221140554297.370300 17.480871 0.890126 9.315015 19.547242 3.103383 120.757876
239970357456.647400 12.749333 0.646430 9.185350 8.435121 3.334088 114.317526
189915885282.473938 12.228462 0.645538 8.493728 18.605809 3.548210 104.670139
237021547764.248779 14.329490 0.910791 7.329650 13.097030 4.656312 117.241611
241895206331.315491 13.702464 0.686476 9.514457 14.069690 4.288209 116.702416
260374340538.942932 9.820641 0.754561 5.361759 10.137937 4.448560 110.520712
276867837262.499390 8.648413 0.835923 3.875484 14.950760 3.069262 109.782625
259332659449.552887 14.535316 0.813727 7.994480 7.187360 4.365306 121.254560
249107877254.933929 5.610165 0.716093 0.012387 15.801005 3.937290 97.992749
267411453189.830017 11.827902 0.649339 9.253990 10.330655 3.514938 116.380571
232015027121.103241 5.890849 0.107769 0.035790 16.744388 3.431720 96.434132
258576192442.931305 5.538501 0.238225 0.073397 14.211067 4.466224 99.024176
136882350478.752975 8.312642 0.267247 3.290408 14.441979 3.054409 86.107143
146066344538.455658 14.916089 0.969942 5.574218 17.799183 4.897747 100.810053
164159392592.073822 5.954881 0.236693 0.177530 17.288781 3.669390 86.080099
228801639243.343292 13.663060 0.821449 7.522199 10.932600 4.079830 114.474283
291669385828.634277 10.623241 0.817052 4.793472 9.287960 4.660199 116.825554
77110933794.045853 24.793348 0.879884 8.945499 12.392838 3.211280 93.928697
182752115403.407867 9.889049 0.603641 4.498645 9.234122 3.505474 98.370400
226536891913.444366 5.536982 0.026141 0.068520 15.861243 3.251038 94.748706
269580988673.495575 10.503346 0.891218 5.360896 16.849959 3.868280 113.504530
243405458927.548035 5.686063 0.060388 0.119687 12.972569 3.649948 97.441414
238198955982.836212 14.346758 0.858714 7.332174 13.820891 3.077736 117.471730
162943168232.566772 20.576643 0.943095 8.321726 13.452442 4.423213 114.150590
85673519230.284012 29.586512 0.945278 9.876199 10.662730 4.452142 102.650734
242228526182.463806 11.845160 0.764507 8.119175 9.831765 4.306526 112.645468
288211404322.898926 4.962344 0.048021 0.029905 12.968291 3.021021 101.056250
223860730653.069855 11.562313 0.606666 8.355998 11.862029 4.887555 109.093405
198677762841.152344 8.638499 0.904628 2.082140 18.791468 4.458160 98.262885
153647302602.765533 13.687533 0.994933 4.672809 18.211011 4.470608 100.290420
251592066833.899475 5.189812 0.219169 0.272289 18.011791 4.956704 97.188113
203995943182.034760 14.934934 0.725740 8.878415 10.671278 3.135503 112.720678
85389507139.143631 19.169008 0.677589 9.174203 13.694405 4.525397 90.205705
193665747796.792694 12.409319 0.654654 8.660859 7.236725 3.091175 105.731064
141848760260.888336 9.373177 0.337687 8.342373 14.206503 3.474707 89.351557
152462608987.409271 21.823608 0.917590 9.970544 11.109556 3.047815 113.552753
284119573712.529175 13.915276 0.771459 8.866386 8.109505 4.117169 123.613797
200197446203.023651 11.086551 0.468301 7.752247 18.336504 3.257196 104.073080
290959868044.097656 4.969855 0.255282 0.258121 14.659703 4.840325 101.397438
76868626050.554550 14.079471 0.865098 3.262601 10.483023 4.886328 80.188690
39619803261.529945 29.741145 0.688563 9.473847 8.146312 3.698712 79.509290
267226631408.025665 11.130329 0.904180 5.111151 5.250490 3.226164 114.694971
253851872107.463135 8.272595 0.499061 5.498793 13.706403 4.306370 105.688120
188826703815.531708 5.735105 0.531872 0.582562 15.656861 4.804566 89.654056
301170659951.513855 5.133225 0.000381 2.642616 17.529445 4.816666 103.032610
71550625491.642212 28.285652 0.910143 8.885577 14.040178 4.874617 95.339123
184218106322.231995 14.265473 0.961400 6.002639 7.320167 4.598860 107.670814
226293122328.827881 9.383795 0.700475 4.073631 8.218830 3.065903 104.429562
107167774558.223953 11.077434 0.790052 3.531030 19.578594 3.261142 84.487109
147535138149.422729 6.199318 0.010744 0.102485 15.342323 4.273405 83.621024
164624425246.236237 8.843238 0.827617 2.705677 9.751984 4.377264 92.744357
187661707194.497437 17.446686 0.912773 9.829959 15.874351 4.314187 114.266569
228942142070.507935 11.212203 0.908898 4.277694 10.018740 3.645266 109.119734
212094016921.015717 8.439806 0.569392 4.847792 14.548556 3.444659 99.947772
262994390876.390442 17.698995 0.904977 9.904651 10.379854 4.559745 128.375192
109475914896.404663 26.556784 0.982631 8.597206 15.070285 3.319602 107.769656
266741620580.762512 11.142564 0.775605 5.226658 13.468484 3.581550 114.654924
141929554652.565308 18.769378 0.799730 9.215039 10.562330 3.062186 106.226939
209846479075.224457 7.179849 0.957777 1.605360 15.717049 3.250214 96.505394
299918188350.264893 10.299793 0.719857 5.975745 16.241198 4.850752 117.091707
276800053810.108826 7.409856 0.522403 4.214816 11.637262 3.185356 106.464003
304830693632.455261 5.395334 0.182265 0.392616 18.165208 4.209408 104.197451
281273911656.541687 14.266290 0.850889 9.872330 13.316916 4.912048 123.985266
99564248027.039368 18.681475 0.935509 5.208706 14.447991 3.735824 94.263619
145525568832.594177 15.982263 0.792172 7.801401 16.429298 3.895991 102.530024
78909890051.146973 19.554621 0.777657 7.877065 13.631219 3.814983 88.356548
232256108069.079651 17.535116 0.917411 9.599915 9.227609 3.315485 122.852096
158567739952.936951 12.220784 0.811268 4.014747 7.663563 3.466180 98.546506
199616902714.949066 18.072905 0.904576 8.860025 7.174292 3.368562 117.776784
249522387377.969299 11.184529 0.835290 5.919815 15.566846 4.118763 112.231191
107996837714.586319 11.281718 0.858087 2.953798 18.827092 3.666143 85.066899
210131720382.659821 14.511379 0.713462 9.071822 15.437660 4.025804 112.994778
240133886079.509979 8.806272 0.680401 3.635667 8.115831 3.997906 105.089703
160974819810.729095 22.291846 0.972719 9.591752 8.595698 4.824575 116.342483
302941142418.015930 8.239805 0.568840 5.733269 13.965185 4.814343 112.013663
173931741200.162079 16.049836 0.741462 9.841417 16.148749 4.384385 108.931034
265017488373.797974 12.881483 0.733375 9.800054 15.764366 4.943938 118.464901
112720653146.510468 12.017212 0.466279 6.508576 15.682130 4.095259 87.594332
188892876937.568970 9.070911 0.546869 3.944603 17.168918 3.733039 97.615956
159727137377.942841 18.357134 0.988422 7.062704 13.821764 3.458146 109.814238
119858541681.132126 21.191093 0.838382 9.548812 15.124436 3.725535 103.915840
124544569112.059494 13.245094 0.955553 4.613855 18.993555 4.582670 92.741879
111848839245.001511 7.225536 0.826271 0.036195 16.747742 4.914115 78.338079
217536545272.369843 12.152923 0.756304 6.670821 10.372620 4.622840 109.352450
195533402647.840240 19.750832 0.962702 9.761577 6.474531 3.224302 119.901438
269968722261.920471 9.893343 0.729763 4.977729 8.552587 3.228424 112.044318
117770377283.302963 15.464600 0.679942 7.473671 7.190623 3.240683 94.718536
75106948345.126328 22.116168 0.783653 8.769354 18.915064 4.426953 90.028533
241975727529.015411 9.859491 0.551170 7.960997 18.816236 3.065777 107.947708
164507219911.151855 8.660934 0.579819 3.611901 15.900005 3.395001 92.321130
241075611729.710846 8.685327 0.851300 3.578725 7.591233 3.639686 104.924510
171907670249.067932 9.301730 0.612628 5.651425 15.642889 3.261099 95.106490
80955157359.262665 14.425920 0.600651 6.771238 13.473433 3.645687 82.094797
56146348889.679573 29.060374 0.994520 7.285245 15.196177 4.544613 88.670882
96517866818.790909 24.212217 0.840017 9.612728 13.714457 4.385666 100.515342
129874297541.484940 17.951985 0.924888 7.229348 10.839910 4.678027 101.866697
183874243818.915466 9.281334 0.539646 4.404604 5.949364 3.561448 97.218151
253112797260.992249 17.397708 0.912824 9.617889 6.318970 3.216988 126.153411
161408043418.252014 8.377625 0.408352 5.368060 13.178387 3.309843 91.113862
277006203844.558838 6.194473 0.270014 7.199681 7.942649 3.838065 103.147059
163096573012.930389 11.429325 0.479804 9.543133 16.745657 3.438030 97.896328
73206472672.579742 22.467565 0.788399 9.946289 18.917794 4.450306 89.673057
265274996632.782471 5.345725 0.059225 0.017615 15.534902 3.504988 99.344487
93390271081.176559 21.125301 0.882188 8.486708 16.705647 4.723367 95.536938
249555350874.218201 8.116461 0.499167 5.362828 10.459200 4.598275 104.687173
167679599971.599518 6.593457 0.351263 0.025644 16.679516 3.170211 88.189388
154498685147.861908 10.150282 0.451719 4.568740 18.431748 3.424608 93.556285
203109107844.624207 11.816765 0.754443 5.002676 12.554124 4.363971 106.161196
126530095186.496109 6.696968 0.216343 0.373495 19.517529 4.317420 80.508713
93967191592.488892 17.454301 0.984126 4.659974 12.592582 4.496020 90.748147
238859962926.654388 15.606131 0.996673 7.180418 9.219460 4.005634 120.183964
190836095320.561096 10.782742 0.682358 4.730721 10.688540 3.187438 101.768235
181622708655.722656 15.991463 0.909373 7.948241 17.461521 3.343043 110.406451
91856785927.388077 13.107094 0.659167 5.095924 19.421265 3.620645 83.574023
169230038838.464355 10.361555 0.901420 3.954429 9.987545 4.312281 96.888137
232652504948.212585 14.390913 0.845837 8.693405 16.623554 3.083215 116.644813
281044264901.335022 5.402349 0.843704 0.010781 8.765746 4.524686 101.433061
104195006318.091034 15.479063 0.861199 6.376841 16.657141 4.475417 90.951965
184613338576.319153 18.262945 0.934700 9.181399 11.403775 4.720038 115.080608
104031851359.508194 16.271869 0.847183 5.728222 5.234850 3.998694 92.116826
301582758288.172180 5.141594 0.065223 0.056346 14.422624 3.333799 103.103351
202536796169.733246 11.433743 0.793134 6.524990 10.441732 4.534398 105.234713
273537446698.978271 14.838452 0.935913 8.197261 8.221815 3.028173 124.090113
153094628942.240570 6.941771 0.514207 1.744121 14.049856 3.117069 86.341842
259303146865.080811 5.663655 0.730993 0.044803 14.743539 3.102831 99.457284
142363154496.807922 6.910563 0.147249 0.012707 19.558613 4.654082 84.206693
188771215190.241150 5.769672 0.527977 0.384336 13.729702 3.077867 89.729898
125351346156.546860 20.236655 0.776484 9.552848 15.784636 3.252548 104.099613
181411149066.105377 6.238336 0.119398 0.219666 14.373071 4.728310 89.679690
196253706023.469116 10.850092 0.618546 7.078944 16.354728 3.475833 102.869780
237288710704.950714 9.068605 0.628115 4.097901 15.232876 3.089343 105.321706
287237272210.817505 5.112827 0.000249 0.012414 19.087597 4.954026 101.361573
221520544381.134003 15.904042 0.986698 6.875936 9.219012 4.001197 117.790427
234113432381.742218 5.194279 0.558805 0.040669 16.110202 3.454346 94.894937
265887724754.065399 9.060420 0.507243 9.377068 15.256358 3.740955 109.372586
279597725135.566589 5.570909 0.914680 0.067376 13.335311 3.142512 101.728397
155073790372.763397 13.120796 0.832450 5.225592 14.969824 4.645229 99.538991
291054691736.439575 10.309479 0.795184 7.009563 8.133382 3.037063 115.951260
201104229528.553497 11.446551 0.801192 5.283887 17.893530 4.649963 105.013748
190102163788.889374 11.237806 0.695598 6.366497 15.207933 3.412468 102.617702
236264108018.319183 5.549773 0.241423 0.035900 9.482042 4.316338 96.119590
224091440460.807404 7.994468 0.970925 2.602758 6.494873 4.516939 100.694366
113877587708.056793 16.144600 0.717372 8.278198 17.091832 4.177226 94.736909
176245827286.428040 13.427950 0.769296 6.303023 9.090503 3.670937 104.479433
204481356767.906830 18.248029 0.973516 9.409984 14.609585 3.833137 119.042204
204343481329.685638 5.969316 0.420235 0.015187 19.855403 3.024607 92.634167
273058821987.275604 5.414481 0.930079 0.178996 19.083244 4.250946 100.496634
65913978625.784233 19.294288 0.893326 5.140842 13.159852 4.654245 82.899407
182012428275.931763 16.691545 0.879062 8.539167 9.636952 3.407564 111.759530
286541788069.736816 12.706726 0.809268 7.391857 7.863526 4.003292 121.180278
310320970994.161865 8.954150 0.461390 9.021679 11.852394 4.228591 114.867338
163357338399.550110 5.756357 0.615620 0.035103 17.137067 4.791556 85.476552
109071786217.838806 17.437972 0.754342 7.523535 15.197210 3.106677 95.346681
144978800389.043915 7.794318 0.915647 1.700729 14.836587 4.540034 86.656514
192200204737.563904 12.749735 0.633230 9.736241 18.826064 3.314490 106.165058
132011444597.704453 20.383675 0.904014 8.749594 10.471339 3.608210 106.129776
219983426036.350311 7.848721 0.488320 4.369008 9.607978 3.882957 99.713366
231975476431.992004 5.476767 0.551382 0.534548 14.317053 3.097719 95.343252
120177315742.756882 13.575638 0.861131 4.896506 15.432307 3.406046 92.213141
132953921206.557266 8.142909 0.246916 4.938589 12.309151 3.681507 84.922083
242489852268.747162 14.907268 0.863561 9.398441 8.306585 4.370304 119.348832
310380386633.504395 5.379161 0.982393 0.021944 15.002600 4.917336 104.779380
100887186449.750473 19.120943 0.746056 9.225175 7.975389 3.541324 95.295536
106386380884.445450 24.191982 0.840318 9.860551 6.310635 3.224674 103.804802
84430477165.149704 24.139889 0.817897 9.721031 8.058720 3.093596 96.045637
157227224850.890472 17.478667 0.883159 7.369700 6.840953 3.559387 107.775562
224505659095.600403 10.422158 0.506910 8.723142 14.055552 3.663965 106.600835
269623693598.927277 7.987785 0.516582 5.437803 19.997774 3.654792 107.080621
121047144946.163742 12.380532 0.606546 5.569456 14.391020 4.027295 90.349173
289054585917.640747 8.852836 0.497364 7.982670 12.772303 4.861298 111.913204
243353734672.178192 16.626769 0.978987 9.918719 14.642532 4.556802 122.991656
176979695532.072449 6.071020 0.349250 0.026191 11.164698 3.888248 88.543152
232005962782.311584 6.106800 0.281448 0.160610 17.529254 4.714031 96.998888
202213944719.441772 8.059442 0.451840 5.603328 11.420517 3.435996 97.461106
125674466266.483871 20.304188 0.795161 9.639995 15.205348 3.205979 104.287683
225058420485.369446 8.365352 0.381985 6.743867 13.890841 4.982879 101.760313
193419673805.611206 5.682973 0.818114 0.010518 15.205534 4.770521 90.246493
263542332848.604401 20.020977 0.987347 9.762158 18.485818 4.594011 132.954405
197466793484.014252 6.244516 0.073108 0.074282 18.122965 4.647837 92.266263
264114199046.706940 14.968136 0.877041 7.942828 7.526447 4.082542 122.926256
144648662405.292267 10.289537 0.474144 7.996437 19.911865 4.482154 91.804889
250604997966.810913 5.144515 0.359475 0.015386 14.712313 3.638344 96.939805
228110009847.797943 9.023734 0.498125 7.628619 12.895467 3.242522 103.836659
234338921985.385193 13.367332 0.839357 8.753950 11.936663 4.115149 114.757240
246116551794.599915 11.677296 0.959520 6.291196 17.007549 3.778389 112.859961
269674864161.755157 12.620259 0.829203 7.173079 16.450011 4.799514 118.555388
122313410349.127304 14.453600 0.518068 8.987112 17.860508 3.249438 94.248184
192021329762.112762 11.585712 0.527176 9.695054 14.040973 4.260669 103.704395
127301484223.614624 10.885683 0.346110 7.585795 14.528937 4.948118 89.115805
117169045031.198471 12.359226 0.706154 5.977740 11.444549 3.041428 89.336357
113528429091.189880 15.576718 0.871041 5.002826 13.145211 3.733674 93.745587
200094102102.245575 6.260662 0.515718 1.326260 14.763715 4.705033 92.713869
279511305911.668518 5.284230 0.906770 0.038981 16.308234 4.774092 100.919823
229326670753.941101 10.748385 0.577036 7.999408 16.550330 4.724779 108.116392
118799691794.158234 17.385861 0.670109 8.596985 7.828792 3.380098 98.020916
115128531875.285370 13.868369 0.752571 6.093392 18.232980 3.898644 91.394887
307625744356.277161 5.994322 0.386729 3.710927 16.585132 3.584263 106.239573
110640347512.871170 14.090275 0.817454 5.596619 8.995486 3.895631 90.556490
219237853063.950745 14.443327 0.736214 9.427760 19.162044 3.960861 114.465346
213537994908.263153 14.483144 0.991025 6.477447 19.028688 4.842996 113.545081
184567926527.162476 11.280791 0.629218 7.597943 17.508393 3.471372 101.703048
282190604691.967102 5.705484 0.015643 0.026927 14.699980 3.696441 102.418455
145914097068.285309 15.874741 0.853594 6.748160 17.808071 3.779639 102.437406
145368736834.939697 15.851305 0.689170 8.555201 7.228924 4.151024 102.269546
200444481910.627411 5.826520 0.812421 0.243393 15.975412 4.427306 91.684598
286813956004.354736 9.657679 0.735959 5.900104 15.016601 3.387680 113.722892
199895352005.303894 11.255947 0.646575 7.711689 13.614118 3.512007 104.389851
183510997798.155579 9.372828 0.925415 3.508140 15.839849 4.748013 97.359312
272317323312.768860 8.791183 0.908844 3.689581 9.808187 4.204410 109.549891
102763665892.668488 13.229463 0.584180 5.394747 12.434665 4.659520 86.959991
96807423105.996628 9.865042 0.562203 2.147391 19.897523 4.390872 79.551138
190332539792.378815 10.755138 0.874570 3.390567 17.771115 4.211057 101.618722
44872427873.215942 30.149414 0.710253 9.956220 7.808430 3.621869 83.229251
291629674598.517639 9.997016 0.461639 9.261924 12.459218 4.739523 115.230405
265303803701.488983 7.474594 0.604457 4.459037 12.705389 3.508505 105.142440
214235593251.383942 14.863039 0.844969 7.644355 5.541772 3.874755 114.432356
258012491254.922577 8.751410 0.426041 7.231672 14.338977 4.930834 107.495428
102476340227.392517 18.948970 0.977924 5.236786 17.366229 3.017665 95.551651
236693526868.100311 5.918082 0.206894 0.070919 11.922670 4.388506 97.149894
97809499786.437210 23.327625 0.953515 8.614449 10.376850 4.528184 99.857993
86971020394.361893 18.242516 0.994659 5.702658 15.991244 3.608792 89.516888
149045334406.230133 18.617160 0.875288 8.780059 7.857847 3.640898 107.729022
308305821740.400574 11.618029 0.832610 6.991454 19.364808 4.692228 121.514558
184685330170.177002 7.598369 0.772773 1.805998 18.707611 4.459977 93.476799
49596461678.720871 33.093378 0.885212 9.141054 14.855541 3.949935 88.600833
259624741630.245148 11.360495 0.771344 5.887894 17.872002 3.449111 114.142895
208741563341.350983 7.411758 0.936066 1.210848 18.718339 4.951829 96.910638
226402657641.387085 11.411280 0.914637 5.091832 17.636198 3.883625 109.165021
254718456577.955200 5.765791 0.994806 0.022952 15.964232 4.912081 99.143915
311917441685.231384 9.402979 0.683450 7.615229 8.254244 4.849095 116.270895
210459819822.143768 6.994650 0.692431 1.452639 11.096355 3.052650 96.136783
297493510268.960449 8.721360 0.625429 6.457503 8.279363 4.649282 112.639719
265908832348.448578 7.689457 0.526437 4.818025 16.170120 3.221700 105.795717
207652021709.149048 6.501130 0.243629 1.915988 14.150989 4.679703 94.472115
209205818238.437256 5.559827 0.701102 0.564572 17.630839 3.803132 92.325918
96816715132.685425 20.204540 0.785917 9.262259 17.938987 4.692196 95.468548
276941799018.187195 6.414525 0.564110 2.002211 11.463129 3.056340 103.749352
156434026219.545502 12.515670 0.944318 4.806269 10.542615 3.274297 98.673367
251335253702.655762 8.500854 0.687807 3.836606 19.661724 4.339894 105.922529
249545551333.620544 4.975303 0.154833 0.287082 18.960624 4.086234 96.352811
204290621802.031372 12.234163 0.727038 7.588396 19.286993 3.592213 107.259119
175080373709.123779 17.673720 0.991974 7.883872 10.716480 3.249915 112.049027
122994124757.686554 7.034326 0.099893 0.087990 9.921022 4.328562 80.459269
132319663507.011536 10.694031 0.783211 2.937666 16.843451 3.758857 89.903394
99955889389.366821 21.376212 0.805201 8.970598 9.731338 4.807028 98.057703
196464002622.778595 12.872877 0.662888 7.675217 14.772684 3.536715 107.198194
165172939044.822205 12.566168 0.745576 5.409271 14.655151 3.886968 100.576613
285050928655.592896 7.612149 0.610202 5.156171 18.169476 4.948517 108.064997
215393798060.455475 13.744390 0.853054 6.495841 13.004322 3.654618 112.361431
249673402159.900055 8.964004 0.626643 6.679820 10.795384 3.160825 106.860601
204799987639.947601 6.212828 0.199729 0.102426 17.168947 4.934369 93.315014
307461544301.833740 4.714488 0.875841 0.251750 18.966490 4.169819 102.556702
273244765851.350739 10.383832 0.663753 9.224565 15.271704 3.324125 113.720751
211280281731.797180 13.813965 0.823248 6.543926 8.364142 3.778033 111.784357
236243597089.722534 12.895027 0.837586 6.734135 10.928103 4.264897 114.041874
73761210227.014786 28.967290 0.996674 8.724479 15.419627 4.753669 97.018352
248970375477.577026 5.524559 0.845893 0.046892 14.245478 4.436774 97.745069
233193857787.056763 13.332925 0.937265 6.023843 8.619846 3.195942 114.496118
216998669854.681305 16.016029 0.914914 8.700619 19.485481 3.250428 117.201734
199769890712.513489 8.608428 0.438919 4.689482 16.458673 3.935569 98.371729
168300597430.274994 11.485355 0.781018 5.107621 17.127587 3.565525 99.040938
287740673354.853333 5.384704 0.032500 0.012830 17.431357 4.497915 102.182771
156563487910.688995 14.539899 0.730437 7.357969 7.199967 4.080006 102.489131
304082495862.985413 10.906297 0.563292 8.685476 8.299801 3.827235 119.178334
235527720630.024048 9.388357 0.462558 6.718981 13.499377 3.307961 105.842290
162463222493.220917 6.912136 0.724116 1.464551 18.919259 3.091242 88.000191
130650936581.079758 11.432885 0.461642 7.777344 17.087149 4.690040 90.925884
154476275610.853973 20.987167 0.985915 9.148271 15.439533 3.941835 112.773521
102848180262.574554 15.771312 0.627355 8.549265 14.027547 4.449745 91.006572
65575134684.614197 17.246334 0.935958 4.557326 13.815963 4.618809 80.230704
234520888219.014801 12.895442 0.748971 8.901642 11.087317 3.486559 113.764902
248136998898.125732 5.180066 0.891002 0.795927 19.698973 4.334125 96.715202
272657762306.290314 7.952542 0.726012 4.094214 14.865649 4.606522 107.386907
161294527999.554596 16.315553 0.832912 7.960259 16.938847 4.876810 106.692709
217402983285.980438 15.199202 0.874174 7.727340 9.470590 3.940759 115.665984
153584903948.420288 13.673692 0.991838 4.686506 18.174989 4.463125 100.251225
103300344768.882751 18.053964 0.884740 6.351901 12.406322 4.517299 94.529862
161986060050.873688 8.332473 0.334696 4.899775 19.789345 3.468168 91.122477
299770222876.702026 5.360850 0.339295 0.431563 13.613301 4.936551 103.519424
144703852191.939484 12.960767 0.640144 7.148061 6.685784 3.209520 96.973000
311996323492.649902 5.230805 0.485198 0.945233 17.649847 4.775272 104.533220
182265951442.326050 15.392929 0.971300 7.374310 16.859701 4.523714 109.427823
310473579504.318787 5.333823 0.026886 0.632071 17.607525 4.113107 104.659262
113011620476.543091 13.527448 0.961198 3.581893 12.456601 4.799965 90.261865
291383627431.218872 6.746018 0.413014 3.506250 15.617188 3.259233 106.453856
295865211754.365784 10.031778 0.857260 5.051999 16.905875 3.277645 115.875082
218309116252.655121 10.222885 0.603261 5.944678 17.601657 3.970081 105.151736
244074303103.641876 17.237805 0.913315 9.572816 6.056118 3.227651 124.320612
158576338075.871307 13.433726 0.605108 9.581276 17.436337 3.347851 100.875146
122522109503.881470 12.402030 0.922415 3.744193 12.062040 4.624337 90.752997
198595707581.770569 16.604134 0.897433 7.998913 19.444834 3.152945 114.893059
273994535752.106812 14.506305 0.960464 7.679492 12.279416 4.700551 123.434340
85101775786.726364 16.083901 0.706151 6.261307 18.130681 3.439424 85.884879
284260227459.847717 11.372691 0.700472 8.280919 13.029212 4.648274 117.674366
167304382663.094910 11.796601 0.779275 4.757435 17.136215 3.662731 99.475132
268632274013.432373 11.759838 0.724486 6.429958 15.657395 3.302622 116.396839
223217883266.394623 6.969778 0.409114 5.599881 16.206321 4.700716 97.977912
203014510014.678955 10.180367 0.519096 6.173527 17.890480 4.023170 102.540437
281840274940.765076 10.054501 0.880033 4.606866 16.486875 3.263200 114.071929
151474028733.431244 12.166342 0.445379 9.813432 13.823053 3.321527 96.949677
270018326067.506073 14.225048 0.982827 8.300498 12.007281 4.719307 122.218239
154694150870.615570 18.532470 0.988031 8.891872 11.827774 4.813826 108.935139
288289048524.060059 4.861547 0.552480 0.043920 15.477656 3.480794 100.785347
107489813599.745178 20.388128 0.988606 6.860233 12.778365 3.482466 99.109698
124960319251.339752 12.973511 0.826301 4.507217 5.852620 3.056953 92.367794
142399288767.676270 11.591619 0.517488 7.234082 13.217547 3.314385 93.879143
156707388394.267151 15.632340 0.681326 9.384053 16.990066 3.682394 104.477047
110044586229.842957 21.392519 0.946017 6.612345 12.715278 3.130878 101.273825
199022643451.783844 5.620635 0.002833 0.038958 17.802640 4.791751 90.954350
308701522540.212646 5.345093 0.213613 0.020461 16.395722 3.954560 104.492159
306779566830.627625 8.364355 0.410860 8.724081 11.918276 3.585972 112.826636
186937784286.013641 6.114943 0.852631 0.028049 16.464964 3.534455 90.280695
280040001938.115295 13.556800 0.964108 6.543722 6.925717 3.156849 122.210025
76985674361.570145 27.069193 0.919783 9.614895 13.190410 4.594791 96.392572
136569864011.325592 12.014532 0.542062 6.270032 9.468125 4.218537 93.376264
216786527002.246033 11.305006 0.587738 8.580404 13.710369 3.194721 107.360500
205452843130.883942 5.428714 0.122222 0.019567 15.810242 4.722424 91.440806
169273302042.604950 9.659859 0.959685 2.451486 9.546963 4.087536 95.396420
128073203341.208405 9.734535 0.422530 5.297964 9.663368 3.031915 87.074012
312655579079.259460 8.935616 0.577935 5.903208 18.053475 3.953759 115.104445
296545133802.940186 5.378533 0.281373 0.238806 17.024143 4.990616 103.197022
228205196961.040680 6.118103 0.656809 0.055405 14.879624 3.058078 96.495728
192174315664.700195 11.627326 0.813338 4.961925 17.825017 4.691211 103.820234
116515400998.497665 15.214247 0.940821 5.403941 19.960655 3.703402 93.977533
143558641815.978577 14.450982 0.868674 5.581286 12.762226 3.202690 99.411777
179264764572.778900 10.015628 0.363353 9.452868 8.304031 3.070739 98.016963
275365424880.592285 8.791286 0.763224 6.175849 19.550858 3.371222 109.957383
299168834282.853882 5.311521 0.769637 0.943734 19.880193 3.530139 103.309844
250473922878.088501 9.711260 0.966198 4.321232 12.616236 3.219519 108.833290
107650717437.767532 11.517637 0.388333 6.593966 9.100251 3.747858 85.391255
206510891402.715332 11.767780 0.511111 9.508458 12.362070 3.075882 106.644732
228908309615.094391 10.605260 0.506774 8.149752 17.221820 4.999904 107.719240
256704736858.283295 8.088771 0.578778 3.476555 11.606922 3.610993 105.605458
216181165381.412018 17.872610 0.904580 9.469867 10.298675 3.236574 120.577987
100123755816.170029 21.568463 0.783079 8.955260 12.145181 4.374987 98.366190
241590041423.455505 9.740479 0.495457 9.139297 14.890859 4.638791 107.602009
279791375787.798157 5.556155 0.243156 0.375478 19.983469 4.566130 101.710728
267722557757.047882 5.530153 0.370487 0.025431 12.470478 3.779262 100.155299
196416357885.316132 10.673717 0.879347 4.333035 10.415761 3.458822 102.511186
117790532996.448715 17.431710 0.815164 7.049925 13.107207 4.556376 97.812797
308415508312.100891 12.457437 0.859629 8.182358 11.529193 4.273144 123.587226
138169280183.789825 10.829103 0.560519 5.904791 8.508604 3.076319 91.472748
224114979266.592529 6.057723 0.947177 0.785987 19.570480 4.367217 95.759374
235070813739.356537 5.451811 0.271450 0.084133 9.421300 4.507734 95.699830
154476275610.853973 20.987167 0.985915 9.148271 15.439533 3.941835 112.773521
52497863119.573509 17.020049 0.503066 6.658448 11.301043 3.066968 74.230863
144321168819.587433 7.035004 0.064536 0.070650 17.263349 4.684953 84.865719
241995640136.304962 8.339822 0.627391 4.246489 8.594483 4.348150 104.186898
156733446908.280182 8.273329 0.946800 2.027019 15.479453 4.605945 89.996937
193403953058.476959 10.830662 0.741215 4.698890 11.508485 4.392341 102.327123
214964948319.614197 12.995258 0.742004 8.517010 11.431605 4.223352 110.721686
241199034668.494110 11.776610 0.879827 5.424035 13.689894 4.669166 112.329727
288763504471.959961 8.134078 0.415544 4.848960 16.483401 3.012401 109.952919
59682586279.707100 25.563755 0.948282 6.009147 13.087101 3.691262 87.033129
171426697551.182556 11.149604 0.877754 4.478792 19.352926 3.960221 98.958391
214102353960.044342 16.608099 0.943108 9.492525 12.958827 4.359348 117.816344
163755535371.599335 13.842201 0.724116 8.809525 12.935836 3.727389 102.734940
259303146865.080811 5.663655 0.730993 0.044803 14.743539 3.102831 99.457284
56051446908.272835 31.848114 0.957944 8.227235 12.373170 4.711402 91.181495
310004875913.461975 8.753986 0.804951 3.894527 9.245280 4.758118 114.285868
161081614862.091064 6.623905 0.549859 0.405029 18.369817 3.470122 87.087359
215432103452.048431 11.898061 0.957406 5.269222 7.216289 3.163621 108.444014
106698533308.455368 22.761501 0.954499 7.469933 15.805747 3.376149 102.057847
172351395119.892548 13.860054 0.851582 6.283166 9.304201 3.934517 104.536132
152995128568.471436 6.399675 0.007848 0.045229 15.626813 3.713166 85.096075
288069607175.235413 5.147663 0.139494 0.265185 14.868407 4.930790 101.556808
203001558262.325806 14.716526 0.799705 7.708959 15.946175 3.072252 112.107772
243672952946.951630 10.204366 0.749733 5.615735 6.658680 4.727542 109.031350
176361237977.039337 9.644436 0.648661 3.196257 10.832564 3.998267 96.675962
265186449728.544617 4.875153 0.193687 0.045333 14.361556 3.689311 98.054533
267243113821.655365 12.607924 0.722261 9.707390 16.054266 4.739125 118.169624
253692148486.812073 10.430811 0.923485 4.718715 7.458115 3.105229 111.054349
103875147850.585037 18.369800 0.792710 7.126128 13.520946 4.321914 95.159590
265839955361.994751 5.241999 0.140840 0.044890 11.717149 4.088185 99.131528
146699133100.391571 13.103560 0.704026 7.773044 13.389985 4.858385 97.681941
250908151727.249603 5.540542 0.076970 0.079697 18.838232 4.965935 98.040978
96997449622.835190 24.214186 0.821555 9.595743 6.283817 3.077535 100.683977
82561777288.191116 18.700901 0.968331 4.646303 12.558195 4.127442 88.585277
256193178568.373047 10.922879 0.983269 4.858439 14.636681 4.334096 112.600931
75935209304.213898 25.631840 0.863353 9.339575 13.302111 4.601042 94.383617
