0.010000 0.000209 0.000098 0.000493 0.000053 0.000845 0.000038 0.000985
0.012068 0.000230 0.000112 0.000536 0.000065 0.000866 0.000049 0.000989
0.014563 0.000250 0.000122 0.000585 0.000077 0.000879 0.000060 0.000990
0.017575 0.000270 0.000128 0.000617 0.000088 0.000892 0.000069 0.000991
0.021210 0.000285 0.000134 0.000646 0.000095 0.000897 0.000078 0.000993
0.025595 0.000295 0.000137 0.000664 0.000099 0.000905 0.000084 0.000994
0.030888 0.000305 0.000142 0.000685 0.000102 0.000919 0.000089 0.000994
0.037276 0.000308 0.000145 0.000695 0.000103 0.000929 0.000093 0.000995
0.044984 0.000309 0.000146 0.000703 0.000104 0.000935 0.000096 0.000996
0.054287 0.000314 0.000147 0.000705 0.000105 0.000940 0.000097 0.000997
0.065513 0.000316 0.000147 0.000710 0.000106 0.000943 0.000098 0.000998
0.079060 0.000318 0.000148 0.000713 0.000106 0.000952 0.000099 0.000998
0.095410 0.000318 0.000148 0.000715 0.000106 0.000957 0.000099 0.000998
0.115140 0.000319 0.000148 0.000717 0.000106 0.000957 0.000099 0.000999
0.138950 0.000319 0.000148 0.000718 0.000106 0.000958 0.000100 0.000999
0.167683 0.000319 0.000148 0.000719 0.000106 0.000958 0.000100 0.000999
0.202359 0.000319 0.000148 0.000719 0.000106 0.000959 0.000100 0.000999
0.244205 0.000319 0.000148 0.000719 0.000106 0.000960 0.000100 0.000999
0.294705 0.000319 0.000148 0.000720 0.000106 0.000961 0.000100 0.000999
0.355648 0.000319 0.000148 0.000720 0.000106 0.000961 0.000100 0.000999
0.429193 0.000319 0.000148 0.000720 0.000106 0.000962 0.000100 0.000999
0.517947 0.000319 0.000148 0.000720 0.000106 0.000962 0.000100 0.000999
0.625055 0.000319 0.000148 0.000720 0.000106 0.000962 0.000100 0.000999
0.754312 0.000319 0.000148 0.000720 0.000106 0.000962 0.000100 0.000999
0.910298 0.000319 0.000148 0.000720 0.000106 0.000962 0.000100 0.000999
1.098541 0.000319 0.000148 0.000720 0.000106 0.000962 0.000100 0.000999
1.325711 0.000319 0.000148 0.000720 0.000106 0.000962 0.000100 0.000999
1.599859 0.000319 0.000148 0.000720 0.000106 0.000962 0.000100 0.000999
1.930698 0.000319 0.000148 0.000720 0.000106 0.000962 0.000100 0.000999
2.329952 0.000319 0.000148 0.000720 0.000106 0.000962 0.000100 0.000999
2.811769 0.000319 0.000148 0.000720 0.000106 0.000962 0.000100 0.000999
3.393222 0.000319 0.000148 0.000720 0.000106 0.000962 0.000100 0.000999
4.094915 0.000319 0.000148 0.000720 0.000106 0.000962 0.000100 0.000999
4.941713 0.000319 0.000148 0.000720 0.000106 0.000962 0.000100 0.000999
5.963623 0.000319 0.000148 0.000720 0.000106 0.000962 0.000100 0.000999
7.196857 0.000319 0.000148 0.000720 0.000106 0.000962 0.000100 0.000999
8.685114 0.000319 0.000148 0.000720 0.000106 0.000962 0.000100 0.000999
10.481131 0.000319 0.000148 0.000720 0.000106 0.000962 0.000100 0.000999
12.648552 0.000319 0.000148 0.000720 0.000106 0.000962 0.000100 0.000999
15.264180 0.000319 0.000148 0.000720 0.000106 0.000962 0.000100 0.000999
18.420700 0.000319 0.000148 0.000720 0.000106 0.000962 0.000100 0.000999
22.229965 0.000319 0.000148 0.000720 0.000106 0.000962 0.000100 0.000999
26.826958 0.000319 0.000148 0.000720 0.000106 0.000962 0.000100 0.000999
32.374575 0.000319 0.000148 0.000720 0.000106 0.000962 0.000100 0.000999
39.069399 0.000319 0.000148 0.000720 0.000106 0.000962 0.000100 0.000999
47.148664 0.000319 0.000148 0.000720 0.000106 0.000962 0.000100 0.000999
56.898660 0.000319 0.000148 0.000720 0.000106 0.000962 0.000100 0.000999
68.664885 0.000319 0.000148 0.000720 0.000106 0.000962 0.000100 0.000999
82.864277 0.000319 0.000148 0.000720 0.000106 0.000962 0.000100 0.000999
100.000000 0.000319 0.000148 0.000720 0.000106 0.000962 0.000100 0.000999
