0.010000 12.556828 12.049221 12.894606 11.621351 13.275098 11.020488 13.568447
0.012068 12.530216 12.022938 12.862655 11.595675 13.230313 10.998406 13.535084
0.014563 12.500154 11.990382 12.830568 11.565429 13.186505 10.968201 13.502595
0.017575 12.472092 11.960437 12.803777 11.541364 13.149822 10.941182 13.475437
0.021210 12.449978 11.941229 12.784576 11.521390 13.121710 10.921098 13.453995
0.025595 12.438058 11.931029 12.768684 11.507845 13.108818 10.908786 13.436303
0.030888 12.423033 11.920249 12.755855 11.499223 13.100667 10.903190 13.419283
0.037276 12.412505 11.918567 12.740894 11.493575 13.089473 10.902561 13.400275
0.044984 12.392880 11.910682 12.726454 11.503223 13.060721 10.905358 13.377178
0.054287 12.373297 11.905132 12.701899 11.516115 13.033803 10.911118 13.348393
0.065513 12.349374 11.901138 12.671069 11.521726 13.002995 10.920786 13.312707
0.079060 12.327176 11.892755 12.638232 11.527252 12.970776 10.935927 13.273773
0.095410 12.294116 11.889325 12.594590 11.533716 12.931882 10.958858 13.225511
0.115140 12.260296 11.885189 12.551167 11.551166 12.886953 10.992814 13.167781
0.138950 12.224921 11.892847 12.513844 11.574346 12.819915 11.042595 13.101093
0.167683 12.193682 11.891283 12.471204 11.609978 12.771977 11.122773 13.026824
0.202359 12.175827 11.906452 12.434729 11.649397 12.709427 11.231796 12.946982
0.244205 12.163914 11.920414 12.404314 11.693639 12.667763 11.365484 12.873224
0.294705 12.171329 11.958637 12.395363 11.752203 12.641293 11.523496 12.902085
0.355648 12.201810 12.012149 12.415369 11.806216 12.647529 11.650565 12.936721
0.429193 12.255970 12.087399 12.460046 11.897996 12.671327 11.726749 12.967589
0.517947 12.334169 12.170493 12.527687 11.990647 12.743929 11.819699 12.970378
0.625055 12.405165 12.244494 12.597346 12.072597 12.792169 11.911215 12.929851
0.754312 12.447405 12.269215 12.640971 12.107575 12.823053 11.930963 12.962280
0.910298 12.407147 12.209632 12.604003 12.028629 12.805458 11.760752 12.978124
1.098541 12.284140 12.061248 12.510924 11.848392 12.715306 11.529256 12.951344
1.325711 12.076266 11.830258 12.340241 11.568582 12.607724 11.346223 12.849030
1.599859 11.845061 11.558338 12.153271 11.284893 12.506620 11.023319 12.848389
1.930698 11.641915 11.328535 11.996107 11.056316 12.378736 10.732852 12.688342
2.329952 11.476259 11.134105 11.875479 10.843323 12.251716 10.475433 12.602755
2.811769 11.325221 10.943917 11.796309 10.654750 12.227845 10.315051 12.791521
3.393222 11.194647 10.673652 11.793063 10.278555 12.291720 9.953454 12.720265
4.094915 11.031467 10.239082 11.791623 9.805090 12.375853 9.282264 12.976321
4.941713 10.845991 9.707643 11.828173 9.220641 12.475058 8.657041 13.196819
5.963623 10.528753 9.140303 11.805483 8.571225 12.502731 8.075664 13.337173
7.196857 10.106960 8.552721 11.698224 7.904699 12.513120 7.534163 13.355225
8.685114 9.570358 7.958740 11.465483 7.254591 12.421283 6.952039 13.345882
10.481131 9.015015 7.379318 11.088938 6.603336 12.141228 6.356638 13.216091
12.648552 8.357799 6.775128 10.555979 6.039117 11.775584 5.787600 12.948179
15.264180 7.625162 6.172936 9.912437 5.400889 11.176102 5.220376 12.401393
18.420700 6.811137 5.493121 8.985730 4.783260 10.298787 4.585513 11.518223
22.229965 5.709796 4.575412 7.565574 4.017635 8.727635 3.738006 10.030501
26.826958 3.781884 3.098105 5.039394 2.459445 6.190398 2.262116 7.308491
32.374575 0.000000 0.000000 0.000000 0.000000 0.000000 0.000000 0.000000
39.069399 0.000000 0.000000 0.000000 0.000000 0.000000 0.000000 0.000000
47.148664 0.000000 0.000000 0.000000 0.000000 0.000000 0.000000 0.000000
56.898660 0.000000 0.000000 0.000000 0.000000 0.000000 0.000000 0.000000
68.664885 0.000000 0.000000 0.000000 0.000000 0.000000 0.000000 0.000000
82.864277 0.000000 0.000000 0.000000 0.000000 0.000000 0.000000 0.000000
100.000000 0.000000 0.000000 0.000000 0.000000 0.000000 0.000000 0.000000
