37089424062.433144 5.771800 0.461671 0.020081 3.143714 4.251279 52.167557
17228096752.172867 7.423570 0.185446 1.188001 13.907512 3.829827 42.206409
22558814271.617817 6.626054 0.585710 0.140374 4.579454 3.457146 45.227570
19936087923.115204 6.678530 0.910354 0.235462 10.667863 3.236049 43.462387
38000125535.966240 5.751183 0.909187 0.221361 6.861994 3.561066 52.561505
33261567868.451492 5.903129 0.053624 0.112102 4.976700 3.529876 50.487590
22243556256.500553 6.660774 0.226071 0.057107 5.759418 4.127025 45.057245
18018719780.794151 7.093069 0.195711 0.048846 9.752328 3.560116 42.480002
16852220775.493929 7.157138 0.029925 0.025399 5.366193 3.220063 41.611698
28392328470.579693 5.851794 0.302099 0.282171 9.255468 3.187900 47.826022
37688789305.878937 5.657900 0.022872 1.321871 3.434712 3.767204 52.284106
25199841296.942913 6.167738 0.217520 0.029704 5.995942 3.683933 46.356812
35781180432.380730 5.749484 0.619839 0.331595 4.451274 4.190910 51.515454
34091727699.850288 5.892212 0.812389 0.023256 4.506619 4.291788 50.889068
48561449308.127594 5.055908 0.273720 0.011816 5.450075 3.278313 55.959769
45991804191.448883 5.295471 0.392069 0.026415 2.840380 3.215713 55.318606
15544505902.644924 7.832518 0.272692 1.191481 5.974078 3.708673 41.207226
48117604757.263130 5.198196 0.370477 0.017238 3.890774 3.011999 56.007879
19960241735.052799 6.799776 0.988918 0.183991 8.498530 3.446477 43.618981
34818952385.202484 5.982457 0.489150 0.603162 3.825830 3.290044 51.374108
17281010498.402740 7.142611 0.845540 0.032221 11.429513 4.252219 41.945922
24359903731.341076 6.335978 0.972984 0.281998 7.240866 3.229528 46.043569
15787862903.364096 7.630202 0.544983 0.566675 7.797503 3.930645 41.211327
22558814271.617817 6.626054 0.585710 0.140374 4.579454 3.457146 45.227570
82774302128.987381 4.700663 0.683586 0.052849 2.009237 3.443551 66.196395
50038313977.163239 4.951749 0.213802 0.034633 4.092564 4.091052 56.359482
71467738028.386353 5.600935 0.790881 0.741299 1.989107 4.235714 64.613758
36818131107.252365 5.578560 0.135537 0.026645 8.943596 3.275571 51.765765
21715300091.166889 6.659411 0.870230 0.069777 12.943001 4.835650 44.696091
17871607990.953205 7.137867 0.426426 0.115054 12.482010 3.811716 42.413227
23136995735.186123 7.003836 0.095661 1.662703 4.136049 3.106370 46.065168
28401015178.568787 5.778213 0.414479 0.132997 11.538858 4.069548 47.735089
15891719144.179394 7.374218 0.166387 0.224840 6.034001 4.995536 41.033868
19524695608.989513 6.903622 0.229476 0.662847 8.555497 4.199160 43.417357
25203223383.224678 6.262167 0.152909 0.033007 15.448911 4.718460 46.476797
22402700471.313629 6.507875 0.794756 0.241614 6.707026 3.220293 44.981745
31357579499.175934 6.415309 0.403645 0.045159 2.856951 3.436287 50.193309
50891149343.243668 6.713178 0.223587 5.575515 2.595755 3.327407 59.453583
17051629114.045242 7.046310 0.129241 0.364449 6.808784 3.318865 41.655444
26811237672.916965 6.281221 0.244097 0.013082 9.555327 4.664310 47.469202
16433802500.119543 7.215341 0.355320 0.268816 14.496796 3.968129 41.326417
23323874821.842079 6.345926 0.903231 0.035184 4.743352 4.022370 45.393433
19009327159.549950 7.292651 0.996233 0.333967 9.118112 3.241020 43.467754
62372069580.808403 4.976266 0.525459 0.842612 4.525397 4.764141 60.695432
22873207396.662418 7.243704 0.686520 0.683501 6.994321 3.613168 46.175099
65839371480.375320 5.228242 0.042617 5.727781 3.967515 4.830880 62.230374
23543052412.049603 6.607283 0.276648 0.016576 12.014683 3.675635 45.853194
21781624249.993504 6.565041 0.768473 0.061236 9.482280 4.573724 44.629885
65566024656.504433 5.691324 0.125626 8.926912 3.191283 3.722751 62.939347
18799323685.025368 6.809365 0.795399 0.052158 10.541994 3.523286 42.767154
45899481217.135872 5.148640 0.111684 0.010746 5.151491 4.281328 55.058474
22573484396.466167 6.837264 0.913819 0.121096 3.312740 3.012433 45.489764
22725529228.580780 6.885217 0.072843 2.426145 15.695591 3.316223 45.648964
22725827917.761940 6.546627 0.327454 0.027077 14.803299 4.450031 45.243548
39651993430.701805 5.494565 0.383032 0.221181 3.921056 3.418047 52.939092
18688441916.757179 6.913162 0.645981 0.138607 5.726537 3.392413 42.799097
22743610716.769283 6.557350 0.739404 0.077190 8.984496 4.557515 45.268229
55489426104.252518 5.881392 0.615327 1.126177 2.473159 4.328992 59.843517
14388687144.891010 7.462122 0.817488 0.137425 6.724725 3.449400 39.786233
14728294739.591953 7.712181 0.638256 0.296720 5.170088 4.419495 40.351168
25833462085.197800 6.319222 0.043688 0.010639 10.055987 4.866717 46.932792
18469648561.927387 6.808931 0.949441 0.010812 7.650608 3.519128 42.515198
29324083352.816715 6.036581 0.091668 0.035281 5.335133 3.414047 48.586695
19256366734.234272 7.477348 0.301413 0.917472 4.135427 3.496944 43.861697
14560447470.953539 7.721122 0.249230 0.012665 10.677689 3.819059 40.206328
18316101639.845181 6.714892 0.407546 0.272358 11.922815 3.897089 42.292295
22918244445.864021 8.108782 0.908111 0.733303 2.290507 4.053908 47.222562
24702345763.166557 6.704766 0.966389 0.058072 3.338317 3.542968 46.713994
21106624000.907089 6.542521 0.228375 0.012716 6.324399 3.307959 44.137628
56795311183.498680 6.194867 0.713467 0.768546 2.001005 4.429010 60.823180
16255895270.611570 7.679108 0.899041 0.043021 15.447686 4.817303 41.665926
35284064037.429970 7.026724 0.181508 5.420236 3.552456 3.413491 53.054436
52861625706.226845 5.923904 0.149123 4.227538 3.183488 3.247591 58.951619
22441284474.915997 6.653872 0.971248 0.050237 4.831994 3.654992 45.182118
27852890989.843372 5.803866 0.442741 0.019138 16.235339 4.235312 47.459192
29367995934.504608 6.108127 0.760840 0.463765 7.078358 4.335834 48.705056
20498599477.428326 6.470768 0.667168 0.078073 7.679339 4.617672 43.626326
26393327246.102531 6.185548 0.719375 0.270505 3.224361 3.117193 47.099978
30595626356.677288 6.098921 0.063003 0.046584 6.982256 3.645104 49.362189
35493778881.529877 5.587744 0.179729 0.339813 5.051538 4.332504 51.150369
29715863494.371071 8.031440 0.242216 4.509168 2.924408 3.370151 51.395302
21501359507.792942 7.112099 0.044355 0.433325 3.618035 3.366907 45.079514
54414581654.019432 6.148775 0.263688 3.003411 2.871834 3.910682 59.886747
51913327408.916672 5.150766 0.841917 0.010060 3.277831 3.303742 57.368475
35574848651.832581 5.973397 0.394469 0.938616 3.470640 3.117418 51.730503
8374151311.846458 81.421030 0.977326 9.437345 4.297412 4.702204 66.397878
23753867097.265450 6.224854 0.911995 0.064927 6.885335 4.605268 45.522573
28518625568.917522 6.176450 0.404853 0.198031 5.731586 3.136581 48.319870
16728297662.036808 7.112900 0.768416 0.124992 10.141806 3.256181 41.461993
29430548338.224991 6.020681 0.838472 0.527418 12.567884 3.655112 48.624488
29540128339.760155 6.210292 0.481835 0.016813 3.228956 3.557275 48.934600
21880935633.277676 6.436672 0.060961 0.026377 18.777074 4.753913 44.545227
49760846553.936234 5.628842 0.221201 1.868990 3.128045 3.054247 57.312518
21397249712.655621 6.640782 0.186955 0.064826 7.124076 3.776925 44.454906
24219328769.286163 6.294566 0.297659 0.016096 9.042912 4.521704 45.903854
26669086976.284843 6.179030 0.942588 0.076082 7.132584 3.844254 47.255149
22573762738.630417 7.790837 0.893075 0.661046 2.510619 4.035728 46.615449
16100218679.004562 7.462749 0.830892 0.021625 3.611223 4.745365 41.305698
19798755011.654388 7.014879 0.289191 0.356822 12.985745 4.278497 43.746272
29698108982.860332 6.068010 0.884527 0.053511 10.068662 4.810197 48.833901
19861592746.371792 7.145211 0.237476 0.028704 4.546974 4.110451 43.940728
31162336923.340328 5.910610 0.224931 0.108793 5.237549 3.935096 49.412334
24387323658.877666 6.412226 0.365843 0.525807 7.395475 3.453009 46.154843
27452908134.396843 5.981639 0.200821 0.088093 5.377508 3.062943 47.459760
23373360556.798412 6.853666 0.925483 0.433257 5.923411 3.774103 46.040627
29223726627.198166 6.133581 0.757316 0.371377 5.488754 4.272576 48.658589
18225166797.075645 7.358358 0.739633 0.023991 6.617915 4.306411 42.933856
66358176239.335312 5.182679 0.666581 0.500159 2.413741 3.121038 62.315150
37367845089.290298 5.735352 0.212844 0.445804 6.171196 4.386192 52.245764
43171649293.506889 5.627890 0.938529 0.375803 4.021029 4.098368 54.660692
29406813076.964394 6.502543 0.300384 0.301297 2.868726 3.792707 49.244444
32667993912.405602 5.815700 0.585934 0.034575 16.028642 4.515894 50.066181
29181087012.187984 5.941315 0.639951 0.068859 5.867626 3.648628 48.382474
23971053674.351860 6.458819 0.751101 0.210976 9.511865 3.763940 45.947797
34579077821.844666 5.842450 0.251213 0.367379 3.754762 3.936004 51.061226
27838026104.684563 6.622257 0.284480 1.204228 4.050618 3.377421 48.506543
34991570220.771637 5.896650 0.444162 0.132624 2.712763 3.084740 51.339114
26756893713.603603 6.135074 0.222578 0.013576 19.153447 3.371133 47.250931
33184066367.222618 5.793247 0.873401 0.028236 4.205902 4.653589 50.297652
58556324537.303307 5.364787 0.889660 0.424644 3.430323 4.741107 60.070878
44976011957.877098 5.084943 0.326695 0.086875 5.707027 3.926351 54.590837
26635096101.350674 6.205834 0.912598 0.050416 5.297783 4.874562 47.269163
17249841385.104263 7.329867 0.334180 0.493155 17.379020 3.428229 42.123169
26253441564.458454 6.040586 0.402412 0.018886 5.579338 3.074807 46.832970
33954469409.460251 5.697743 0.507286 0.055477 5.682352 4.893509 50.551937
23222346854.534401 6.409647 0.482107 0.401110 7.439748 3.338824 45.404758
26422155208.765079 6.328818 0.158594 0.510756 5.164488 3.470625 47.298778
34308099469.901714 5.642300 0.160984 0.023807 5.111122 4.893404 50.649960
19664597498.156097 6.837021 0.908823 0.024424 4.935769 4.687354 43.444994
18700885738.219757 7.421063 0.704609 0.471972 8.012097 4.332649 43.373613
20966775259.314766 6.570057 0.388158 0.013726 12.595162 3.820982 44.072127
20086168385.513767 6.821272 0.459810 0.155548 9.317479 3.717474 43.735190
19763500927.272633 6.646010 0.270111 0.014058 10.200911 3.991902 43.299384
17157398856.313503 7.313081 0.148081 0.043469 7.677120 4.224683 42.029705
76193834975.804840 4.593616 0.325322 0.012596 3.147086 3.849756 64.205183
16200475515.057014 7.302033 0.309603 0.148620 13.972126 4.524443 41.221653
20871456594.505219 6.812699 0.631591 0.040292 6.954904 4.056099 44.287911
27730278619.230656 6.155712 0.250309 0.637197 6.886484 3.291581 47.843719
14517436604.873495 7.672891 0.816748 0.251520 13.404958 4.072645 40.118013
52183088763.800728 5.494773 0.082201 2.916452 3.316852 4.834082 58.014143
25935478461.787785 6.213757 0.681715 0.072921 5.466271 3.230587 46.861604
60439542805.507812 4.988968 0.503583 0.437227 3.751157 4.494362 60.082999
54282626085.488335 5.251820 0.855358 0.387918 3.850965 4.765995 58.390579
16470933280.913702 7.339430 0.260690 0.139388 7.411519 3.829022 41.489521
14930300411.781685 7.993981 0.009830 0.055619 3.559733 3.494969 40.820754
41350828072.196785 5.245218 0.616706 0.104049 5.752389 3.564877 53.317726
42232086539.650764 5.411234 0.604945 0.010108 4.697201 3.375433 53.939660
25899216801.833252 6.437448 0.279297 0.496147 4.324133 3.305855 47.121281
49228072294.025955 5.954237 0.415351 1.425542 3.276465 3.936032 57.616145
22621356170.482281 6.795843 0.887519 0.345799 7.900788 3.745037 45.472442
30878407655.844593 5.766131 0.130242 0.057594 8.787513 3.947363 49.068365
17129729706.466934 7.571057 0.586540 0.638285 8.961707 4.120215 42.284048
9401212989.151859 81.052593 0.994869 9.884660 4.371146 4.721678 68.896620
27623998806.421890 5.710287 0.379134 0.019000 5.830637 3.048662 47.208103
37362024954.310654 6.763179 0.187886 4.044882 3.525759 3.347857 53.704740
21138599844.858658 6.586654 0.017285 0.039215 10.979482 3.737670 44.211647
35331322922.836037 5.699668 0.231182 0.278645 5.246328 4.788208 51.228892
27378713573.363586 6.245090 0.776448 0.362412 4.425435 4.333506 47.755414
21957369667.035721 6.598544 0.315277 0.031227 10.472190 4.845221 44.789364
70122912921.006271 4.700991 0.039314 0.120441 3.469569 4.444530 62.636342
12054093633.718273 8.394482 0.160581 0.945460 16.899391 4.457344 38.385320
26008214955.269958 6.731973 0.150196 2.494232 9.756984 3.632595 47.557159
21882187042.555809 7.114283 0.705268 0.538925 5.469689 4.090268 45.346669
17406113052.616409 7.002111 0.286242 0.132433 8.281871 3.978157 41.893963
26451278079.934624 6.240180 0.357710 0.020721 9.495618 3.493476 47.203752
26193090739.211403 6.430594 0.454685 0.555883 6.362003 4.363225 47.290190
45093341531.636986 5.173968 0.190771 0.028955 5.879313 3.678558 54.772439
38787710581.202187 5.647309 0.589301 0.011527 3.371235 3.663695 52.772112
25802824951.960346 6.330192 0.988378 0.437029 7.008482 3.616989 46.928021
25355891704.911652 6.418446 0.460118 0.236107 11.468328 3.553196 46.765722
45009192448.293358 5.194606 0.451788 0.046757 5.342679 4.159997 54.769476
12906082001.172514 8.080197 0.495522 0.028347 16.673837 3.785380 38.968597
33693256048.146317 5.927854 0.559653 0.420884 3.894512 3.180154 50.739146
21067024524.716957 6.596171 0.412781 0.010956 12.206371 4.211974 44.172830
8374151311.846458 81.421030 0.977326 9.437345 4.297412 4.702204 66.397878
15999842392.743731 7.487783 0.900071 0.014497 3.678785 4.777586 41.245929
23155844829.365982 6.363888 0.354448 0.164127 7.946191 4.253071 45.305934
27942398686.584740 5.905272 0.207157 0.081107 5.822416 3.044893 47.641298
12216463987.681559 8.171665 0.172498 0.619572 12.721271 3.326759 38.347940
30682031273.995529 5.706490 0.081525 0.685388 5.741640 3.331839 48.884443
12206319869.375444 8.204268 0.488841 0.027688 18.305507 3.843436 38.367974
20323472837.083382 6.640111 0.979296 0.107972 9.807171 4.217170 43.697706
24019966064.115078 6.786166 0.082998 0.477004 3.903594 3.297775 46.379113
19612971148.641384 6.940080 0.406498 0.059387 11.310881 3.689917 43.524116
23173217486.245434 7.217289 0.506687 0.694323 4.206219 3.770653 46.344582
53851260880.340660 6.205953 0.687395 0.825928 2.046452 4.547714 59.771364
23748113735.335171 6.802362 0.058113 1.419562 4.661230 4.358297 46.223141
16072981856.633644 7.268039 0.979430 0.212887 9.267376 3.256391 41.077371
9186326167.246449 81.019493 0.997327 9.790097 4.394729 4.751906 68.357660
78356068597.999710 5.156164 0.146802 2.312614 2.435039 3.148972 65.816657
30907450968.337269 6.263369 0.392293 0.689541 7.218923 4.801780 49.749178
67236177043.484398 6.242403 0.188933 8.400004 2.674267 3.317308 64.425023
36732699731.165291 5.957853 0.073923 1.938816 3.628925 3.458108 52.263700
37621308950.468735 5.317226 0.052828 0.082573 3.969109 3.198548 51.766533
21717533551.059002 6.654910 0.830347 0.060759 13.116654 4.725283 44.692306
58822571147.549126 5.148724 0.842861 0.062997 1.999099 3.397386 59.804967
22814632512.434994 6.644441 0.647740 0.287595 15.145158 3.647735 45.419976
14655491918.573860 8.796776 0.190238 2.535986 3.759186 3.873651 41.366107
40077180260.363007 5.446970 0.524294 0.132355 4.718003 3.903698 53.058246
15623094057.324152 7.626181 0.482582 0.077446 7.708274 3.523605 41.063292
22744151254.051544 6.491538 0.608941 0.054722 8.124354 4.470080 45.189478
15196300415.959892 7.682683 0.902314 0.012693 4.290444 3.905524 40.743885
27356749042.207954 5.898572 0.280015 0.054071 18.311047 3.159960 47.297490
27527402539.204369 6.681015 0.269756 0.280138 2.821074 3.652666 48.400573
24196473454.166927 6.230105 0.990388 0.090276 11.755759 3.557299 45.810044
36978434998.305527 5.721948 0.601294 0.013605 3.454672 3.621921 52.044588
67978197028.780602 5.044703 0.621399 0.087046 2.082624 3.214593 62.579850
15218187304.681591 7.935901 0.022669 0.051721 3.494291 3.551938 41.022323
21867655581.610340 7.197619 0.287903 0.799198 3.291259 3.687224 45.434332
17825249913.796227 7.358966 0.997244 0.318706 6.552291 3.105281 42.618159
49937245926.792274 5.077879 0.314604 0.032555 4.885137 4.274117 56.517522
14644394845.305927 7.662031 0.649853 0.022905 13.385875 4.813842 40.223618
24891950460.897415 6.258869 0.875641 0.239279 12.357224 3.578447 46.280566
23024672769.663956 6.297698 0.727845 0.294264 7.823840 4.632358 45.140125
20741439689.594841 6.944923 0.135819 0.621456 4.356310 3.402165 44.348951
31273403363.374016 5.762157 0.380277 0.348132 4.587499 3.095202 49.271363
14299201368.052738 7.719435 0.913878 0.068569 10.001735 4.099527 39.962718
27454781100.767570 5.870778 0.461318 0.010209 13.062034 3.903144 47.318137
23619650582.617691 6.363882 0.147551 0.023462 5.065146 3.432606 45.606418
39414430543.870537 5.698236 0.669656 0.161527 4.459011 4.985313 53.128770
17030439671.531883 7.348046 0.199047 0.518258 14.607352 3.086207 41.963345
19216830806.268314 7.130522 0.859514 0.045997 10.950875 4.522758 43.443507
23302054442.958920 6.530228 0.708931 0.282661 7.792934 4.162319 45.602884
22437981247.052036 6.634095 0.549806 0.041640 4.025715 3.253970 45.156280
13717816385.296049 7.988896 0.656091 0.387974 4.396742 3.152084 39.679405
27090329095.904751 5.823913 0.943007 0.082738 14.970636 3.071392 47.047758
18421755972.938267 7.049464 0.069941 0.023936 12.183140 3.213184 42.746024
20702279428.422825 6.587032 0.994174 0.107573 9.681549 4.207502 43.905779
24459317323.269997 6.296154 0.608624 0.073212 6.819371 3.076929 46.056938
41402222412.275505 5.455605 0.368752 0.058634 5.044297 3.867404 53.649385
25389583491.592884 6.155953 0.288399 0.010545 8.874154 4.769764 46.458110
35483239790.485359 5.588939 0.550572 0.245812 3.985615 3.055338 51.146981
26849776613.402458 6.251500 0.059449 0.196633 4.975614 3.094061 47.454051
31749816398.369801 6.044196 0.355510 0.014165 3.483535 4.420020 49.901369
35847960611.189316 5.670696 0.595319 0.116875 3.549498 3.213496 51.436624
20441345389.412102 6.690154 0.587410 0.012383 11.494269 3.728202 43.839946
20709435881.487255 6.826574 0.051567 0.662968 6.361107 3.881806 44.189100
32956570691.023937 5.767505 0.200912 0.106456 3.501119 4.139208 50.147225
19932227669.609905 6.753521 0.218176 0.025391 8.188320 4.045131 43.545580
22937109101.176003 7.238723 0.108790 3.134641 4.189031 3.110151 46.212137
26620851545.457211 6.660717 0.146459 0.355208 3.031066 3.515335 47.837656
18925438190.058578 7.138827 0.798429 0.173922 11.566814 3.303232 43.232087
22441284474.915997 6.653872 0.971248 0.050237 4.831994 3.654992 45.182118
28916415911.811935 5.919266 0.255902 0.088727 7.707840 3.112924 48.206877
16700006200.655176 7.176330 0.492352 0.421423 16.046078 4.202219 41.506598
45406137462.725777 5.248488 0.454007 0.533185 7.595167 4.817038 55.011587
18829317765.677521 7.591538 0.228990 0.987919 9.374134 3.194501 43.661257
16292092121.012247 7.055204 0.723725 0.057615 7.064988 4.078470 41.037010
19865324970.011452 6.751601 0.850106 0.050758 10.731602 3.079988 43.494606
71271656888.171814 4.563695 0.643043 0.038097 2.281944 3.468904 62.740450
26735387571.271484 6.432023 0.574507 0.053938 3.873816 4.123783 47.616141
26268986679.956490 6.564240 0.740798 0.329784 2.683173 3.153423 47.504443
14908848560.751665 8.016442 0.841885 0.235955 16.825471 4.329958 40.823881
23103912980.092926 6.528889 0.775814 0.084229 11.025340 3.473527 45.471642
24196473454.166927 6.230105 0.990388 0.090276 11.755759 3.557299 45.810044
50960581020.120186 5.041520 0.525188 0.020450 4.794207 3.673782 56.844005
57539169940.554306 4.680503 0.279916 0.011837 4.376092 3.171452 58.607125
79605615593.235764 5.444484 0.109422 9.733271 2.798050 3.728952 66.691744
39548923982.174095 5.657057 0.506336 0.027931 3.308114 4.088154 53.129267
13783840428.363714 8.081220 0.046726 0.030948 13.867678 4.983996 39.833732
23533041311.868286 6.649533 0.751050 0.280124 5.123501 3.392346 45.897979
9468094683.327673 80.626199 0.996035 9.946938 4.358417 4.748248 68.929614
17120881114.348209 7.162516 0.857025 0.195441 18.503759 3.932704 41.837470
57702303962.298119 4.836850 0.235459 0.019829 3.856402 3.377325 58.914761
15857760377.921347 7.464896 0.362904 0.318962 11.787828 3.115724 41.099548
64651780448.857605 5.162072 0.072233 4.660276 3.164193 4.998951 61.741302
18294923023.086700 6.803751 0.093651 0.456293 6.986293 3.625082 42.374943
28044506797.438744 6.494692 0.426157 0.128445 3.020609 3.355791 48.461829
34642906201.376976 5.989616 0.486155 0.592449 3.853733 3.296859 51.297334
27936886940.151184 6.284024 0.947366 0.016237 3.790849 4.955437 48.128054
18307928965.374458 6.893708 0.020715 0.031626 15.760049 3.690668 42.485016
22151777969.432091 6.577035 0.497952 0.046342 7.494812 3.158876 44.895558
18159718205.162922 7.030410 0.170855 0.386194 6.906112 4.682218 42.521327
16690803695.246920 7.130662 0.729432 0.152459 8.930551 3.833358 41.450039
9228036364.529816 80.672082 0.998909 9.563028 4.384640 4.742643 68.355950
38556871952.366005 5.590797 0.498749 0.156797 5.019379 4.739049 52.585776
23365988338.846409 6.452656 0.958200 0.022320 4.841521 4.044827 45.550418
26053935382.724075 6.062274 0.107869 0.031958 4.546184 3.902851 46.741455
23502027913.908165 6.415311 0.982014 0.019149 4.915755 4.083832 45.593204
16017234711.280924 7.540429 0.350693 0.579523 12.596045 3.021993 41.316038
17181343298.561291 7.682241 0.746856 0.503059 8.760380 4.470887 42.445406
17678493758.326099 6.828918 0.736914 0.026448 13.745388 4.202446 41.921247
18203929893.698967 6.965064 0.498355 0.093445 15.130869 4.830039 42.483492
46390457177.394341 6.678952 0.222733 5.258808 3.194129 3.584575 57.594540
23446907138.956429 6.786457 0.753111 0.145283 3.271736 4.091387 46.007661
17587484431.553989 7.235771 0.980348 0.344436 17.011936 4.857150 42.293933
29841525513.954525 6.177485 0.583062 0.083249 4.456365 3.198779 49.057117
24989033861.849739 6.658322 0.892933 0.045611 3.668542 3.396614 46.836553
23667190485.265965 6.735048 0.914796 0.069080 3.936419 3.520494 46.088913
23568599301.042881 6.662400 0.924718 0.430141 5.918106 3.776174 45.936702
85252825774.141754 4.806045 0.082049 2.003662 2.355721 3.307237 67.044260
34245481640.918980 6.270642 0.378166 0.651085 2.697557 3.293205 51.489350
23282631022.624912 6.427571 0.568724 0.023110 18.150338 4.620730 45.465761
49062251690.622620 5.070266 0.185626 0.857637 5.150715 4.540211 56.173694
28726695556.092911 6.233291 0.989764 0.011450 3.630119 4.990493 48.511247
18696088515.404232 7.023115 0.765737 0.021098 5.802663 3.820369 42.927772
32108635639.874458 6.359910 0.463547 0.131063 2.769450 3.778242 50.516037
19298200436.525951 7.213276 0.862631 0.342109 12.277705 4.689993 43.597766
17051629114.045242 7.046310 0.129241 0.364449 6.808784 3.318865 41.655444
30261520715.208290 5.981769 0.257886 0.081498 7.426480 3.106817 49.026160
24278574510.676235 6.987735 0.191256 1.437256 4.819588 3.138348 46.791043
13830885444.977648 8.134038 0.489952 0.367288 9.874144 4.690704 39.930882
64193509232.451569 5.745759 0.967404 0.692578 2.211907 4.294592 62.590081
56041660640.187592 6.038786 0.579418 1.056249 2.250966 4.220076 60.298355
35234394549.656212 5.919074 0.585237 0.112810 3.564661 3.069101 51.488968
24925265166.919086 9.236241 0.268815 6.410537 2.749153 3.392603 49.888488
32855130416.786934 6.057692 0.858109 0.159789 7.132510 3.554826 50.492285
21301834708.940651 6.560998 0.777241 0.021485 6.543482 3.563484 44.295006
21262886962.149372 6.617401 0.383961 0.026341 11.948840 4.797527 44.334223
19835907177.672791 7.128532 0.297880 0.057067 6.024911 3.926621 43.902840
16212928567.102827 7.438888 0.249440 0.543556 11.638940 3.300702 41.376715
9810614377.629351 80.452576 0.999133 9.871943 4.359584 4.752751 69.697318
31053271266.442295 5.987021 0.447754 0.355812 9.888305 3.669261 49.457093
22728078754.518970 6.704228 0.209904 0.017428 5.162729 4.503500 45.434145
33399551596.801773 5.599464 0.702888 0.019758 14.190543 4.076075 50.140004
58059386405.052902 5.018400 0.106158 1.537102 2.789931 3.180577 59.331787
11437918043.638645 8.291382 0.257529 0.051505 13.136192 4.183206 37.625365
16140681089.785496 7.500796 0.355637 0.049561 9.135440 3.552117 41.380276
16078537015.053967 7.270871 0.810504 0.229601 10.727638 3.350020 41.085093
32203780924.691563 6.190014 0.402874 0.044488 2.860102 3.437823 50.335823
29607942410.382008 5.745726 0.392238 0.055383 11.829335 4.700656 48.359020
14425433186.619175 7.616395 0.355271 0.325250 13.138462 3.113860 39.976100
11694372719.755516 8.494418 0.182017 0.477785 18.851811 3.780078 38.091563
24817979669.854675 6.377057 0.920395 0.043910 4.855750 3.254185 46.381341
50177648560.014122 5.022117 0.505520 0.049267 4.464868 3.958331 56.521177
20250804955.045490 6.652859 0.152672 0.015622 15.685611 3.629367 43.660277
9919892362.341299 9.190278 0.152413 0.209509 17.222026 3.585401 36.657222
16208921512.646042 7.604073 0.750119 0.077137 6.575489 3.609068 41.547064
28151934903.994968 5.823716 0.371501 0.014880 5.232533 3.886665 47.654208
35023690452.496254 5.822797 0.428397 0.551050 3.454480 4.071429 51.251698
55416427947.314919 4.922476 0.558011 0.018959 3.647098 3.497739 58.263372
63213370666.136353 5.928707 0.888326 0.677042 1.952726 4.317760 62.580910
19150053381.783054 7.010966 0.828096 0.013592 4.737287 3.905504 43.258776
72511609791.090942 5.154966 0.192012 1.933019 2.405792 3.106092 64.135692
27901511604.990589 5.968052 0.056123 0.041423 4.645094 3.873689 47.699295
17002488312.611115 7.318768 0.085030 0.039023 10.244303 4.638387 41.908938
24772502631.600441 6.679909 0.887206 0.592207 6.856094 4.724774 46.727517
63143688931.674927 5.088345 0.604584 0.100426 2.210042 3.234452 61.133152
19517574265.794762 7.059357 0.677507 0.575264 7.960823 3.924199 43.588527
65880556283.958473 4.680695 0.252345 0.012235 3.685142 3.273232 61.312722
13160170758.475765 8.219781 0.685044 0.248898 6.595011 3.810870 39.357369
27081453247.428467 6.378932 0.886536 0.290345 4.861211 4.396313 47.752955
45071784404.263382 6.166451 0.316237 1.741753 3.081861 4.299335 56.268778
12386213685.369841 8.188633 0.043319 0.064169 19.914031 4.618577 38.540774
13529822930.784744 7.968814 0.217521 0.863669 16.362240 3.327522 39.477658
21750049337.968845 7.601132 0.465597 0.617804 3.347021 4.011410 45.822288
46886636322.225769 5.209778 0.475912 0.087985 3.316850 3.700503 55.543856
17481359946.774578 7.285813 0.624246 0.198627 4.545591 3.656121 42.263015
17145275885.114487 7.838953 0.317241 1.455357 8.453330 4.656276 42.582617
26576869616.178276 6.169699 0.450990 0.021770 10.432736 3.862320 47.188755
19606905780.019268 6.964850 0.049777 0.058032 12.565101 4.862173 43.547753
37166858045.400421 5.658217 0.442820 0.010066 5.584116 3.855350 52.042083
21855090353.520836 7.335881 0.993094 0.510860 3.328396 3.287808 45.587288
25550622558.611271 6.368996 0.716358 0.257662 2.824077 3.072180 46.823230
9003557885.546463 81.815589 0.998184 9.711650 4.209836 4.707120 68.139047
19280535171.453190 7.498570 0.767749 0.629681 6.092719 4.289985 43.903712
80980106126.193817 4.720647 0.239939 0.204878 2.267992 3.182317 65.750630
68228381389.289581 5.528890 0.123822 8.638447 3.154826 3.721240 63.496861
27879271161.698719 6.524235 0.624530 0.678504 4.868472 4.559144 48.404479
48597469373.156715 5.523341 0.838845 0.031184 2.646515 3.065164 56.698164
29751208987.686565 5.970014 0.499178 0.048521 13.280609 4.725417 48.733475
34632056449.512230 5.594583 0.470726 0.466857 8.892887 4.819642 50.742536
28428832697.872311 6.037160 0.897189 0.167101 6.126313 3.331800 48.087887
25510973453.901539 6.382360 0.135128 0.198527 5.116688 3.208922 46.815723
39728249697.663261 5.503071 0.320561 0.184286 4.282621 3.434863 52.985377
42012129096.518082 5.348018 0.263052 0.118375 5.281190 4.824212 53.752329
25063566234.295921 6.437098 0.034790 2.361025 13.922199 3.103685 46.608498
16812324454.582479 7.527515 0.981342 0.023393 8.076053 4.173070 41.974919
21485404012.959213 6.737185 0.998263 0.105013 13.341812 3.505645 44.629277
22074263392.764702 6.605427 0.980182 0.015005 18.455411 4.937504 44.876887
19632736035.781448 7.269868 0.260604 0.015557 3.309661 3.223616 43.912131
60066575470.929207 4.873514 0.923003 0.053225 2.744835 3.623883 59.768901
18327628300.275162 7.185071 0.400754 0.021268 9.866134 3.288239 42.823119
8766354942.085873 79.766403 0.996268 9.119815 4.358181 4.743547 66.926187
28262355286.937653 6.025860 0.035641 0.517369 7.131164 3.357934 47.979157
37913720602.217987 5.597199 0.570058 0.273587 5.392100 3.569321 52.300921
11824942651.609524 8.446377 0.158915 0.986615 17.380611 4.471425 38.188477
34261089468.191395 6.729252 0.812964 0.949604 3.853892 4.723906 52.129270
21315193464.998539 6.860799 0.574175 0.010877 7.250231 3.774539 44.655856
14617612747.970982 7.720471 0.866203 0.025956 5.940076 4.050886 40.258218
15842360446.212156 7.400339 0.381977 0.024201 13.848718 4.961870 41.018700
26878391318.778496 6.322819 0.731215 0.349915 11.089208 4.860084 47.561820
31811611864.068371 6.567433 0.627552 0.701955 2.928756 3.852815 50.639001
19079435581.566956 6.784537 0.052821 0.028265 14.974964 3.660187 42.950499
16408384386.329588 7.262974 0.914953 0.172999 16.475248 4.307396 41.355752
32214235993.289925 5.840205 0.213385 0.108337 5.643734 4.010839 49.866571
26482903642.787785 6.098285 0.153385 0.036238 7.570056 4.414244 47.042352
17740512946.860512 7.044870 0.159841 0.042732 10.061975 3.670251 42.207436
38552669137.232216 5.765437 0.606408 0.134517 3.334705 3.012015 52.835589
21347956445.698727 7.070925 0.412126 0.609213 4.102251 3.273393 44.924097
24633870683.934010 6.172841 0.787857 0.105515 18.311217 4.504836 46.013460
15621637151.974525 7.452468 0.196476 0.161355 7.706656 4.041888 40.881601
11586723570.207817 8.598433 0.205382 0.137592 12.210801 4.089310 38.069435
31522947789.708958 6.120656 0.883725 0.169348 3.211474 3.360511 49.885208
23098564097.083557 6.565611 0.663777 0.085119 10.263920 4.824290 45.512488
31920188991.390671 5.790199 0.718718 0.017710 16.379259 4.080643 49.646682
26753068425.962410 6.489758 0.475564 0.931260 5.951879 4.165095 47.699962
16423298161.782131 7.264964 0.972227 0.081784 9.970034 4.235195 41.370393
21113210269.554962 6.520145 0.017776 0.039163 10.991457 3.734672 44.115982
33951497273.382729 7.154125 0.117728 9.710567 2.685386 3.085540 52.551151
31851887692.445633 5.744362 0.666862 0.016967 19.465330 4.167523 49.549236
26426816782.480019 6.359547 0.312833 0.452441 4.469697 3.247713 47.340487
72907045318.857941 5.375468 0.100078 9.658727 3.196840 3.670857 64.643290
27114575181.207050 6.115683 0.687304 0.176344 4.275009 4.276193 47.435718
8716250167.545954 81.779299 0.981521 9.744163 4.261856 4.708215 67.395720
20414142877.728767 7.310783 0.704096 0.659763 11.646861 4.811959 44.533893
51197011773.043968 5.295225 0.027384 9.875567 3.228162 3.392708 57.331021
26135546717.530388 7.262086 0.955206 0.709264 3.007873 3.308416 48.296382
23856299718.617954 6.352700 0.221600 0.265709 8.053135 3.199295 45.744537
16623393782.751516 8.528969 0.368149 1.871262 11.717064 4.457702 42.865174
43245694498.328033 6.037516 0.201964 2.739572 4.086606 3.723049 55.305438
22933348853.590706 6.548596 0.341627 0.010232 6.206943 4.960181 45.383217
52622870955.080849 5.719291 0.186988 2.767453 3.058140 3.293391 58.535507
27335799370.083015 6.065338 0.097999 0.444127 4.205245 3.672345 47.499718
21734683825.012825 6.721942 0.513142 0.318623 4.730458 3.644777 44.783227
24607461581.788151 6.467385 0.383004 0.264646 5.277733 4.453374 46.361453
19640309233.000710 6.834618 0.811625 0.017321 4.071209 3.442007 43.424364
23531435938.209068 6.501623 0.604619 0.023400 15.906717 4.095023 45.717249
52967459976.913025 5.838345 0.148982 4.302403 3.166097 3.241017 58.853814
21756961248.521400 6.911939 0.501809 0.465436 6.723678 3.460544 45.022448
16830376024.390160 8.728898 0.892748 0.722792 3.284777 3.140904 43.248892
20689968793.559715 6.351737 0.541169 0.029059 17.813427 4.636521 43.622809
62889512757.330345 5.291187 0.686316 0.531947 2.532088 3.184933 61.393060
72666058950.025528 5.058688 0.610911 0.110157 1.933450 3.147014 64.011180
20775758555.738159 6.721525 0.960400 0.018288 19.604656 4.822998 44.114205
87709635302.756989 4.713446 0.589725 0.184103 2.051960 3.273616 67.510367
53589714095.713547 6.226264 0.706740 0.769263 2.010012 4.575256 59.707053
35817339858.963249 5.538261 0.824831 0.092245 6.118696 3.487414 51.235775
21670805329.223888 7.023390 0.483758 0.306111 3.492378 3.645264 45.093735
22832496190.419174 6.682775 0.454646 0.498191 10.791487 3.467277 45.477865
35564293546.041023 5.858688 0.546509 0.023151 2.602992 3.508665 51.564422
8766354942.085873 79.766403 0.996268 9.119815 4.358181 4.743547 66.926187
21071698250.210308 6.593823 0.716641 0.023026 7.123050 3.692348 44.173348
27761212858.166855 5.826134 0.091818 0.118497 10.209136 4.389373 47.435839
34808664004.112350 5.587258 0.375642 0.024043 3.924184 3.015918 50.818444
36926211760.701744 5.610756 0.202076 0.406768 3.434290 4.168794 51.862097
12235680640.440935 8.223742 0.021579 3.497331 19.203566 4.318135 38.417021
19110417938.271698 6.859038 0.508734 0.011099 15.493000 3.562984 43.057819
16567187902.481733 7.501295 0.097706 0.090879 6.952864 3.887049 41.742123
36336459923.292442 5.729400 0.361098 0.037096 5.564575 3.076540 51.752183
22050844945.242523 6.881814 0.643567 0.168101 2.755972 3.102368 45.188647
20675106589.192268 6.945834 0.069639 0.012883 4.417841 3.423262 44.302675
16549008457.725006 7.399725 0.414736 0.587675 5.453556 3.810695 41.619077
15039422165.708294 7.372559 0.615289 0.024973 18.919201 3.275510 40.285071
25199841296.942913 6.167738 0.217520 0.029704 5.995942 3.683933 46.356812
38569152069.207138 5.523902 0.293593 0.027192 3.470449 3.065914 52.494987
21855090353.520836 7.335881 0.993094 0.510860 3.328396 3.287808 45.587288
16531066211.205185 7.286790 0.162024 0.310062 6.862143 4.767760 41.483932
28393184484.321278 5.942074 0.536944 0.390496 6.809168 4.020834 47.944034
31037199660.867027 5.792053 0.701074 0.243460 3.360325 3.041258 49.187100
27903083848.738670 6.177001 0.750431 0.499680 4.778743 4.361262 47.970408
24106090407.217785 6.778160 0.726250 0.186559 3.207901 3.242882 46.424708
43949327119.559296 5.290953 0.571415 0.074215 3.630523 3.924715 54.480508
24926693609.445992 6.294801 0.895736 0.204408 8.112764 4.028565 46.346764
45932989924.566032 5.582867 0.391934 0.024303 3.430991 3.897888 55.733317
35138669188.599258 5.752698 0.840017 0.020581 4.494698 4.323378 51.209733
13220779372.885447 8.050184 0.027345 3.251436 17.481461 4.282609 39.253713
15295546371.332956 7.637810 0.647515 0.229065 3.988573 3.620981 40.786255
24239820598.008709 6.443513 0.133873 0.535108 3.454770 3.209769 46.100070
29221399941.184113 5.693359 0.871770 0.021805 4.752335 3.215887 48.078817
22107869538.423214 6.548843 0.416453 0.325252 6.086953 3.791568 44.832326
27766169076.971584 6.197592 0.368407 0.369029 4.798654 3.032446 47.918381
17691985360.740139 6.829327 0.034198 0.305901 15.197549 3.585407 41.932358
31144844037.694187 5.906164 0.665503 0.139734 4.688020 3.557845 49.397118
22368436932.432137 6.433175 0.774381 0.018639 7.221494 4.348880 44.869433
22491105823.447994 6.633064 0.101743 0.200214 5.349097 4.992022 45.190656
17137084200.586592 7.288825 0.237397 0.065950 10.754098 4.153131 41.986978
24324685295.807381 6.753875 0.770963 0.555623 3.636847 3.352922 46.534878
29532975522.074375 5.831638 0.267687 0.077619 8.954489 3.988839 48.431505
12030462397.255184 8.359630 0.833866 0.012970 4.760978 4.745531 38.327789
39543395248.479744 6.731011 0.189002 4.876166 3.245234 3.336590 54.683886
17158862301.123758 7.250303 0.965048 0.259780 19.749924 3.515361 41.963207
52047228477.270500 4.961497 0.648577 0.074252 3.750706 3.330500 57.119168
20924470111.539913 6.709165 0.204932 0.075547 7.801228 3.887950 44.204805
18790466413.661964 7.008694 0.422667 0.106796 13.559878 4.792283 42.983761
16456219433.834242 7.227969 0.776688 0.114107 8.520943 3.168300 41.358647
42209150942.541473 5.456496 0.374540 0.308484 5.940035 4.821486 53.997008
27609362099.728733 6.025626 0.516365 0.064121 16.618259 4.944190 47.606458
12743322362.541496 7.871885 0.230346 0.643904 17.802354 3.202224 38.604252
32027034148.936440 5.968198 0.076506 0.702448 3.850702 3.613192 49.943236
22558814271.617817 6.626054 0.585710 0.140374 4.579454 3.457146 45.227570
74659108607.703629 5.161999 0.273609 0.841785 2.501007 4.051716 64.775238
15574968860.581259 7.557431 0.737461 0.105557 16.771116 4.178168 40.949848
16746995297.591009 7.140542 0.624913 0.024867 17.102601 3.344280 41.507105
39531538101.133766 6.794708 0.171333 5.513841 3.155875 3.295912 54.770118
59331848231.558739 6.553924 0.145961 9.149050 2.812797 3.105704 62.310826
19221779076.011883 6.846053 0.761416 0.024901 5.595209 3.927971 43.126618
24039898874.055481 6.773340 0.932057 0.436080 6.398313 3.674297 46.376299
37166858045.400421 5.658217 0.442820 0.010066 5.584116 3.855350 52.042083
34324743359.322330 5.483992 0.770633 0.435638 12.002186 3.507148 50.438773
30922973643.436871 5.818478 0.917545 0.065788 5.079371 4.219372 49.162083
30408832831.526154 7.131916 0.985600 0.829394 2.601385 3.462887 50.626728
36818131107.252365 5.578560 0.135537 0.026645 8.943596 3.275571 51.765765
19417387754.682583 7.320050 0.118987 1.056104 9.541178 3.825870 43.807355
15826570128.952110 7.598810 0.309536 0.794057 15.108959 4.962609 41.212296
23183828302.338196 6.389146 0.737773 0.370236 7.207171 4.625403 45.354795
23564238623.442291 6.613888 0.662492 0.055097 7.405265 4.546474 45.874967
34029931662.820015 5.887646 0.426018 0.033333 4.716277 3.061991 50.851987
40206966173.452698 5.290650 0.487091 0.217279 3.449052 3.182853 52.887602
24727235387.016323 7.345633 0.247568 2.197180 4.076394 3.541400 47.514537
15196369198.860872 7.560023 0.616849 0.022435 17.262352 3.417418 40.617983
17163963309.782049 7.531238 0.586797 0.639245 8.959772 4.120289 42.269536
24196473454.166927 6.230105 0.990388 0.090276 11.755759 3.557299 45.810044
16726071007.583042 7.380863 0.038007 0.079758 15.714385 4.358192 41.746868
26208308514.991631 7.280857 0.978071 0.707473 2.992853 3.297631 48.364474
28907983438.808384 5.994318 0.569598 0.043976 5.395815 4.806349 48.300465
71630494359.363174 5.047387 0.140829 1.857745 2.492704 3.512667 63.685817
16471987016.005484 7.475378 0.183493 0.200857 5.671611 3.554311 41.634583
73579673641.440735 5.559873 0.115866 8.470177 3.086693 3.776029 65.170675
15471134560.053291 8.087923 0.774510 0.499596 11.455132 4.785031 41.403785
35802468076.229179 5.584814 0.353669 0.031054 3.576055 3.028321 51.294108
19676908020.301769 7.417654 0.396376 0.931309 4.118568 3.447902 44.111593
61844920337.469131 4.789964 0.834886 0.029307 2.786516 3.126029 60.214556
18504943931.877205 7.053445 0.628820 0.482055 13.476682 3.630030 42.814695
15875121970.312922 7.578167 0.720633 0.192964 6.260452 3.567002 41.232868
59905836001.497597 4.969316 0.958969 0.049811 2.651103 3.616255 59.873211
15798045073.666119 7.387595 0.709843 0.083232 19.090480 4.364771 40.967084
43490102969.273956 5.245636 0.555162 0.014937 4.631908 3.656349 54.222395
60378111700.933128 5.284112 0.588698 0.452617 2.720656 3.318935 60.552925
34245537128.206783 5.966305 0.774542 0.013866 3.549665 3.586301 51.068151
54105598951.115166 5.530924 0.055519 6.990534 3.287260 4.959636 58.776295
36639640518.547035 5.500529 0.543073 0.029453 5.334651 3.552423 51.571485
66358176239.335312 5.182679 0.666581 0.500159 2.413741 3.121038 62.315150
19115645594.377106 7.099936 0.454709 0.155072 5.107636 4.065254 43.332806
34449100094.930519 5.746832 0.992670 0.049431 3.783576 3.918558 50.864388
31769501446.950115 6.011873 0.764085 0.459834 14.679804 4.688727 49.868017
29248638028.006432 5.779960 0.493731 0.035074 10.506246 4.551811 48.207620
32453241418.400845 5.710023 0.124919 0.017630 5.873494 3.531277 49.812377
15134387872.870190 7.514674 0.990096 0.349940 16.376661 3.426977 40.516079
24613214168.916195 8.564894 0.201320 5.639313 2.663229 3.121642 48.898554
38909793181.698608 5.592418 0.480230 0.038961 3.509383 3.325596 52.748076
14327735142.473768 9.459326 0.186236 4.840149 3.499452 3.895637 41.694445
62269305663.948952 5.090833 0.261114 0.577809 2.938776 4.005545 60.853830
13206404454.357161 8.332146 0.132820 1.150874 12.964928 3.840817 39.511578
15667242289.789776 7.589348 0.665212 0.028656 8.143745 4.021389 41.063709
76939987821.679504 4.224880 0.235456 0.012377 4.085012 3.429964 63.774295
17772534183.238773 6.944563 0.398051 0.021334 9.936930 3.261137 42.122689
20002915232.281063 6.750235 0.815724 0.059173 12.009127 3.103670 43.593224
30886853196.480011 6.168318 0.488655 0.016109 2.692526 3.443329 49.611113
11349275323.085945 8.437607 0.300205 0.184943 16.894291 3.448719 37.661411
38953397255.550987 5.236312 0.722835 0.195175 7.410528 4.478158 52.253914
26330773431.000584 6.322962 0.024429 0.012495 4.814796 4.629672 47.236776
14234573012.436708 7.544164 0.775298 0.167800 9.485506 3.310198 39.726357
16921473923.225315 7.416555 0.344799 0.521029 12.894697 4.959235 41.947010
18049718709.840645 7.014948 0.813531 0.296953 10.337577 3.297258 42.418244
18063012712.059582 6.965696 0.131120 0.106026 10.483163 4.831414 42.374284
16400758184.820520 7.815850 0.060003 1.438503 18.640776 3.583385 41.932898
31403525528.372837 6.127973 0.567426 0.013330 3.960698 3.614967 49.831971
21137606069.151974 6.650445 0.616067 0.283885 12.804021 3.094002 44.285676
13242606653.508715 8.220604 0.841490 0.025306 3.600949 4.505202 39.440171
16212797701.763401 7.831916 0.519045 0.570041 15.785123 3.589972 41.788861
77555735879.399261 4.778414 0.853634 0.025155 1.803674 3.102009 64.913297
21397691559.210789 6.612977 0.450145 0.047538 10.387960 3.300980 44.422513
23623873643.927002 6.324577 0.441216 0.035104 12.221148 3.368085 45.561170
24014966066.800766 6.661087 0.600274 0.461904 4.136496 3.093628 46.223287
34758349072.648674 5.926218 0.534402 0.054853 3.606624 3.429760 51.265977
17547500883.728951 7.294555 0.096073 0.081427 7.615943 3.747623 42.325744
19582917117.220741 7.113090 0.494349 0.443804 8.360673 4.875657 43.697930
34812860125.562798 5.847968 0.446516 0.017893 3.460986 4.307157 51.183729
19957728222.210346 6.396529 0.471715 0.012802 14.378626 3.356139 43.153650
21887977136.586823 6.705620 0.057483 0.910957 4.339919 3.075806 44.868952
11641921181.964701 8.448664 0.035148 0.510777 8.941967 4.520906 37.992531
75268781588.936554 4.499524 0.571821 0.103741 2.438609 3.208000 63.780436
23992970791.232086 6.104875 0.645198 0.170296 10.548369 4.558119 45.527361
18676470619.947842 7.192383 0.036105 0.161412 5.672241 3.758712 43.101234
31331296401.750984 5.647299 0.859414 0.478884 5.248107 3.326501 49.147236
26312379395.970581 5.978464 0.198299 0.091239 16.487224 3.406565 46.789178
40832391847.770020 5.545317 0.313769 0.015040 3.214950 3.286595 53.533773
52505842859.295631 5.170401 0.644291 0.439374 4.835933 4.552466 57.617067
14867355613.436434 7.827011 0.865390 0.028970 15.336131 3.813422 40.594381
67897034545.564133 5.771109 0.833519 0.930695 2.092961 4.277415 63.815456
58067386612.528038 5.169597 0.440248 0.949040 3.930959 4.764934 59.582183
18712900843.655018 7.045615 0.089718 0.045298 12.637675 4.816966 42.965745
15583795571.158710 7.412355 0.424517 0.052942 6.106029 3.801610 40.806828
24827059179.219223 6.586825 0.236742 0.587785 4.482904 3.410205 46.646780
72023545939.780685 5.984651 0.171751 9.792029 2.886793 3.299652 65.462069
29215765756.144157 5.827074 0.502857 0.199720 15.113171 4.521996 48.251482
16618991851.740372 7.189068 0.695205 0.341775 6.315970 3.363289 41.452991
13752227668.026794 7.626289 0.178820 0.542779 7.314609 4.393424 39.354127
26770447069.483524 6.244209 0.218060 0.043326 7.182775 4.553037 47.397983
52728206619.412689 4.857160 0.069640 0.543514 6.856184 4.469369 57.202712
69334302999.011520 5.122918 0.544622 0.693903 2.463536 3.175196 63.129140
76222574213.563553 4.808878 0.329303 0.339518 1.980396 3.042767 64.593234
21450148594.675270 6.269599 0.972272 0.047271 10.912472 3.753096 44.053551
35883232509.032654 5.994270 0.092959 1.651508 3.777349 3.466812 51.908921
73374681657.334976 4.382254 0.365490 0.014609 3.788446 3.653742 63.039976
21272097945.858799 6.997622 0.501792 0.598111 15.108588 3.796108 44.785444
13104073820.915615 8.184669 0.236057 0.164983 14.580135 4.630171 39.267582
28655271006.681782 6.061920 0.877666 0.171836 12.081872 3.912773 48.247536
20677045203.862843 6.534575 0.053592 0.013472 16.536070 3.148295 43.826880
26783170145.097076 6.088744 0.016400 0.214378 4.755790 3.165323 47.207306
14544074355.963259 7.896644 0.103003 0.713142 12.510020 3.647734 40.368016
53952536031.573761 4.950474 0.008746 0.213006 2.755722 3.319637 57.790281
25561605173.536018 6.221431 0.530226 0.013686 8.916296 4.973837 46.644964
52140386507.348351 5.548477 0.180295 1.665279 3.081454 3.051361 58.083838
17746627691.674583 7.385390 0.765740 0.066016 7.623559 3.926833 42.584160
17801967095.728584 7.247266 0.559513 0.017556 3.714475 4.581291 42.477726
38241148845.183037 5.966765 0.176940 1.127138 2.844077 4.061415 52.982347
26709852524.000793 6.734552 0.465527 0.748639 5.352673 4.304459 47.984289
30565434409.327179 6.056887 0.147154 0.010976 3.794044 4.938863 49.289911
24105693409.551331 6.193833 0.975617 0.110212 13.082149 3.418826 45.708055
21829989013.984024 6.407410 0.933774 0.092882 10.011930 4.241692 44.475880
25796403183.964905 6.465431 0.986460 0.101797 3.229664 3.171981 47.093961
26726589309.132702 6.177357 0.587015 0.059561 8.721795 3.163178 47.286956
34114402593.885395 5.928376 0.602148 0.021839 3.531041 3.646134 50.950398
43063372510.197617 5.015224 0.593990 0.033641 5.022611 3.616687 53.702516
23900586396.211407 6.415378 0.926806 0.053525 7.741744 3.936236 45.849574
19896938400.495914 6.598774 0.014316 0.047264 5.110904 3.199332 43.342391
37565975872.788254 5.666029 0.024155 1.319244 3.440762 3.764578 52.238869
20240909131.066891 6.776388 0.242152 0.044624 13.761651 4.092657 43.795554
14155916344.994001 8.066504 0.826548 0.309695 13.009854 4.951657 40.174392
70641892293.489563 5.242254 0.151813 2.628868 2.990742 3.234680 63.732684
44733233975.878464 5.447164 0.795218 0.417955 3.982730 4.398133 55.038458
15560739073.597513 8.882764 0.260896 2.529930 14.598229 4.042764 42.286854
20947128760.405964 6.994887 0.474285 0.465839 10.228860 3.511176 44.553042
27527402539.204369 6.681015 0.269756 0.280138 2.821074 3.652666 48.400573
72600869141.692520 4.713251 0.517604 0.322345 2.215760 3.361890 63.386921
23063547999.575077 6.703727 0.796644 0.294720 7.417116 4.577178 45.655988
16799554738.742268 7.292641 0.152661 0.473252 6.417969 3.409664 41.713577
18796729218.977768 7.416176 0.021491 2.751044 5.751686 4.314072 43.442170
15435643039.822313 7.729563 0.267548 0.960543 16.006397 3.397127 41.004966
18200473333.156727 6.952302 0.212717 0.086204 10.225738 4.867444 42.466669
23155824942.385612 6.554877 0.363168 0.109060 8.199674 4.307782 45.537092
16760811714.667116 7.364335 0.051239 0.023185 14.298864 4.863158 41.758106
15607335429.999517 7.542389 0.400832 0.215214 11.610460 3.187489 40.962582
22341472287.618443 6.859855 0.786167 0.203424 6.261460 4.769153 45.360224
52302467455.874893 4.819643 0.533008 0.018742 4.711962 3.614716 56.989525
12270131064.042656 8.045832 0.899902 0.085589 6.414186 3.380832 38.285247
26155552674.243481 5.871612 0.224034 0.013896 11.835413 4.984585 46.560696
21485404012.959213 6.737185 0.998263 0.105013 13.341812 3.505645 44.629277
21999833553.078651 6.616806 0.171598 0.075961 7.228182 3.788038 44.839901
23323874821.842079 6.345926 0.903231 0.035184 4.743352 4.022370 45.393433
26297001562.593117 6.578486 0.455084 0.556389 6.351673 4.362093 47.539284
20498619723.336918 6.875076 0.547266 0.438521 6.590344 3.398631 44.094648
29228945243.631569 5.863355 0.949763 0.223139 7.955349 3.661562 48.306433
28255796673.612968 6.008612 0.700448 0.176688 4.210229 3.073971 47.953038
71455871062.049728 5.199685 0.187185 1.991064 2.647875 3.144241 63.901576
19209598393.588219 7.440181 0.325083 0.798989 5.591502 3.691109 43.784721
25550696216.103462 6.258921 0.513561 0.171409 3.354002 3.378479 46.685343
48373849139.613441 5.309089 0.247645 1.197441 6.917912 4.978422 56.278701
12937088037.989393 7.982134 0.771153 0.204112 19.571747 3.574478 38.905372
43208010639.084396 5.316527 0.245726 0.010655 4.515291 3.652778 54.210595
24207172637.405865 6.359592 0.060796 0.011644 5.818152 4.486125 45.976190
38437216075.714012 6.021307 0.148449 0.992758 3.179466 3.722612 53.151262
31854718172.919144 6.024745 0.370952 0.125317 3.248289 3.765697 49.929970
22653733016.836864 6.462731 0.558615 0.016452 9.530117 3.754685 45.094910
59456310051.211700 4.687388 0.270474 0.058946 4.332381 4.259911 59.262114
18305783595.022285 6.995722 0.510798 0.108060 15.322925 4.936333 42.596581
9890524846.726671 9.418808 0.799872 0.391223 11.394792 4.796508 36.814768
26116543900.130253 6.457349 0.387799 0.106762 6.809136 4.301311 47.277795
16396945747.994102 7.611167 0.998890 0.023057 8.422121 4.202104 41.714570
15006258917.010906 7.646927 0.629086 0.032507 10.361955 3.786981 40.536803
31023730048.827332 5.833016 0.135707 0.501492 9.224771 4.231866 49.234916
27436613288.711918 6.263118 0.745607 0.329838 7.813559 4.246802 47.812203
30153847844.607361 6.173054 0.598914 0.012516 5.031351 3.425749 49.221790
52045286543.214256 5.204768 0.546428 0.020589 3.825597 3.498687 57.502520
26423682168.476929 6.694372 0.287192 0.962280 4.263704 3.562563 47.761686
26053935382.724075 6.062274 0.107869 0.031958 4.546184 3.902851 46.741455
21489616030.350594 6.616413 0.009610 2.709929 16.498295 3.245080 44.490082
40029829673.727310 5.624140 0.771074 0.514038 4.741463 3.504425 53.295709
22912041078.165775 6.695941 0.390428 0.038014 3.022876 3.517562 45.546440
35224138772.066345 5.702052 0.808232 0.127907 5.923679 3.672708 51.180371
46720890055.587883 5.239158 0.398513 0.019817 2.802060 3.204625 55.523237
56638378826.291435 6.061381 0.160424 5.532935 3.240466 3.380196 60.548618
28539823996.638966 6.224516 0.819154 0.336635 5.490542 3.624682 48.394407
19536650155.512482 7.171768 0.281981 0.019515 11.768542 3.177985 43.729766
31316064286.976879 5.767340 0.397956 0.014508 12.925551 4.654591 49.300729
24356701610.046001 6.670304 0.248758 0.044246 5.778182 3.984938 46.452819
20052946221.575119 7.093814 0.953221 0.024505 6.779765 3.975221 44.022801
20384575324.655289 6.434788 0.006636 1.580934 5.589315 3.483878 43.503541
33635754638.752640 5.801699 0.231710 0.791707 16.064704 3.568468 50.536478
28338646958.755535 6.203925 0.243158 0.014809 7.562132 4.457963 48.253692
18731713056.651222 7.053673 0.996205 0.040897 5.380523 3.591484 42.989131
34872992716.357361 5.644218 0.929384 0.032905 5.072817 4.927064 50.929111
21468785674.535820 7.031413 0.240680 1.247294 15.250938 4.597475 44.962548
26763141832.936913 6.354236 0.150181 0.420359 5.436434 3.569716 47.533714
21419405643.234814 7.043118 0.657189 0.370877 4.261844 4.173093 44.941713
33689467164.423969 5.783743 0.893107 0.042155 4.274254 3.881592 50.538615
21628095318.182858 6.879461 0.315713 0.025009 4.331031 4.417678 44.895237
16315232908.735001 7.529556 0.365415 0.047700 8.933801 3.585633 41.559233
45288283152.932472 5.061026 0.348476 0.058884 5.754292 3.809556 54.680845
24272154001.092628 6.706725 0.219784 0.019179 4.686779 4.281056 46.443630
29167105147.726727 6.296134 0.120695 0.478746 4.604418 3.443688 48.840244
15501768856.210058 7.593362 0.415404 0.519461 12.788642 3.022540 40.922783
38598273653.909882 5.556840 0.338615 0.142640 5.284389 4.690563 52.555653
34449980052.317863 5.623014 0.070986 0.129090 4.424583 3.568077 50.692915
24445165816.505569 6.339661 0.134753 0.039639 14.589450 4.769746 46.101772
23845120307.684040 6.598488 0.467747 0.600323 6.622712 4.277847 46.037740
22588550104.077248 6.560615 0.462320 0.039889 7.515210 3.059753 45.169033
28037385498.545151 6.018959 0.081490 0.735105 10.194038 4.257131 47.842570
11580913010.197165 8.359720 0.895068 0.056443 19.146360 4.999917 37.844392
17904775037.902874 7.213858 0.197107 0.499349 12.188764 3.231742 42.522759
9468094683.327673 80.626199 0.996035 9.946938 4.358417 4.748248 68.929614
16218509424.222328 7.540790 0.350103 0.087798 12.524299 4.316816 41.488758
52341470773.058716 5.927623 0.151292 3.750918 3.292401 3.295681 58.763557
21272097945.858799 6.997622 0.501792 0.598111 15.108588 3.796108 44.785444
49597656839.370750 5.260871 0.391643 0.306685 4.138318 4.583071 56.674077
17816016323.719765 7.015012 0.867013 0.219788 17.613614 4.232884 42.234445
46712123758.301773 5.454217 0.925463 0.037473 3.076890 4.197699 55.849185
55576723051.809868 4.882476 0.561459 0.017571 4.007808 3.478463 58.255333
24629907500.458778 6.471497 0.029539 0.664806 6.963260 4.565031 46.380626
22760622435.981789 6.904484 0.998390 0.019125 2.790713 3.103824 45.695467
31474427930.048916 5.856408 0.497897 0.032792 16.296379 4.779700 49.503711
17013957697.902611 7.332969 0.053458 0.074420 15.234388 4.270937 41.933614
23392027972.349052 6.691705 0.703028 0.601445 3.563345 3.426251 45.857171
42093894678.917465 5.791438 0.074862 4.880412 3.977619 3.701937 54.444765
55640698464.923195 5.291027 0.416794 1.001793 4.368273 4.779977 58.937106
18175705106.640839 6.944999 0.177368 0.027311 9.355344 4.070937 42.439312
42241555556.278473 5.423392 0.046848 4.059079 4.248447 3.610892 53.961719
24882482825.822838 6.160268 0.663968 0.252694 6.174601 4.785836 46.152096
19290577784.457172 7.060855 0.233118 0.033775 16.375017 3.337528 43.420571
23764492207.665703 6.529623 0.376005 0.014128 12.442736 4.289392 45.901841
14519041731.163107 7.699607 0.014803 0.361970 6.365781 3.093409 40.146468
20908669121.193974 6.823282 0.031674 0.787986 4.347090 3.222448 44.326525
35213565772.212074 6.257378 0.523288 0.485208 3.305084 3.116971 51.951525
19225081525.989986 6.799290 0.030130 0.564997 5.629052 3.653593 43.076206
16022363686.211971 7.721676 0.547555 0.381197 4.688512 3.158206 41.509841
14889556875.627470 7.612277 0.420870 0.180919 11.588698 3.301778 40.396111
68611547608.788483 5.678001 0.817876 0.794876 2.059618 4.230688 63.875868
54136954946.925041 4.808143 0.160465 0.046521 3.948582 4.042244 57.629960
27105185821.684540 6.249737 0.708553 0.088740 4.694654 4.826935 47.601791
58770178166.690926 5.290062 0.307040 1.334407 3.825108 4.579279 60.020381
18483731048.436031 6.856054 0.094249 0.194110 9.196921 4.841610 42.578586
17802687384.509701 7.650248 0.458711 0.625141 4.192960 3.669697 42.916428
41969116608.937683 5.984523 0.260807 1.393760 4.023495 3.683036 54.677250
28444159738.293461 6.152466 0.352006 0.122096 6.831494 3.188560 48.246583
18083404089.952774 6.912269 0.532374 0.014348 15.589772 3.477123 42.331160
48483426436.116089 5.300300 0.897338 0.422966 3.585679 4.141878 56.307542
72863110866.648743 4.998128 0.474502 0.240956 2.099375 3.092291 63.962195
28695502980.053879 6.271290 0.891036 0.240146 3.299393 3.405377 48.543209
13777889958.649014 7.929173 0.868184 0.211670 15.948210 4.498525 39.678409
43721253640.088837 4.927266 0.757219 0.142989 9.630159 3.884793 53.844033
52041553093.380363 5.569049 0.054114 8.635809 2.986073 3.549103 58.079864
12975671072.356113 7.905102 0.891586 0.177130 15.921066 3.860806 38.869599
30999001970.718838 5.950181 0.721427 0.410971 6.467726 3.478348 49.378893
41108222584.649017 5.208328 0.457686 0.024132 4.932352 3.568688 53.159215
18546667793.526680 6.823852 0.525755 0.133260 6.277489 3.574591 42.590886
14703632784.061634 7.776579 0.775399 0.099316 19.469595 4.177007 40.393835
11884313982.516417 8.324572 0.316161 0.214355 15.172357 3.527435 38.139429
26962236234.534958 5.896760 0.088424 0.101101 7.346259 3.687609 47.066709
13809527541.591352 7.815645 0.924448 0.205000 17.361341 4.602716 39.596574
84330538301.925461 4.237332 0.346256 0.014391 3.436522 4.116352 65.776080
52187323068.854424 5.931382 0.159679 3.884096 3.246693 3.275589 58.711808
18509831070.081589 7.127636 0.050903 0.024072 14.913873 3.565150 42.900862
48276615356.868568 5.428029 0.944336 0.030779 2.991445 4.223167 56.425241
25781594461.390545 6.154638 0.448282 0.296852 10.231286 3.529679 46.694336
36884917903.719193 5.789005 0.853042 0.137783 5.859008 3.773670 52.095941
58168637012.249062 5.056275 0.089676 1.581318 2.837384 3.193057 59.430957
25389472902.502949 6.242563 0.132198 0.031962 15.571563 4.721647 46.566472
67146139288.039703 4.913073 0.621711 0.094342 2.023355 3.320321 62.097968
20995716954.508549 6.439278 0.018209 2.549730 16.195470 3.242335 43.939283
21774101574.687351 7.215176 0.200883 1.907928 4.310096 3.872909 45.389978
45471026169.882950 5.027887 0.113453 0.011148 5.372512 4.250625 54.704330
27760716979.676517 6.157738 0.229088 0.639786 5.498097 4.418893 47.863833
36384628761.131943 6.661843 0.192936 1.762727 2.553607 4.316431 53.090256
77506919912.210999 4.544309 0.397216 0.644542 4.263595 4.746727 64.485071
23821447627.509220 6.453837 0.375429 0.122061 7.535214 3.248519 45.845921
17926273573.693497 7.342107 0.867530 0.035176 6.884970 4.199904 42.680103
15657923529.932482 7.559200 0.897220 0.016211 3.468434 4.723423 41.024259
24359903731.341076 6.335978 0.972984 0.281998 7.240866 3.229528 46.043569
24320436949.272327 6.330906 0.524381 0.041064 7.943207 4.413538 46.012439
34099545846.887150 6.136144 0.384131 0.777690 3.660761 3.100385 51.230337
19285778095.975758 6.635771 0.253259 0.430176 14.066924 4.116849 42.936028
13393029916.933626 7.941506 0.504928 0.282497 4.392570 3.382422 39.317510
23618695061.699120 7.315678 0.988828 0.660221 3.163628 3.275945 46.757728
28996057575.306671 6.107344 0.271917 0.012935 4.669619 4.598529 48.497543
9228036364.529816 80.672082 0.998909 9.563028 4.384640 4.742643 68.355950
31715603108.939487 6.748338 0.769113 0.740122 4.412473 4.537839 50.830440
20657078122.336395 7.043941 0.426998 0.596493 7.854708 4.797212 44.403042
46254531385.331261 5.515215 0.947669 0.026776 2.066956 3.016912 55.759523
9693466312.811344 8.979940 0.419487 0.044952 13.047268 4.838949 36.197834
14739634744.349586 7.539786 0.642876 0.023909 13.477168 4.789104 40.186296
90312380442.922211 4.496393 0.654400 0.070129 2.491861 3.342786 67.768512
21151313965.114498 6.838366 0.667025 0.045916 7.178853 4.074806 44.514943
19708414818.844143 7.032524 0.505492 0.032168 5.102333 4.289462 43.699673
19877279168.707470 6.856723 0.067004 0.740807 5.703587 3.171322 43.623578
68627366385.595703 5.293873 0.287860 2.196821 3.869449 4.868993 63.210771
24378378248.009258 6.096596 0.386794 0.012364 10.723215 4.333201 45.759607
37859451898.558296 5.340817 0.285359 0.012463 3.805334 3.024728 51.909215
15345109981.841541 8.081976 0.775674 0.369946 13.656671 4.611798 41.285005
24499663905.217415 7.098366 0.112067 1.930984 3.475829 3.450843 47.067687
41698636500.096779 5.718701 0.920069 0.031445 2.388961 3.117424 54.166174
27432588857.546040 6.147615 0.418423 0.020080 6.295443 4.263445 47.661494
29034527473.738834 5.853985 0.506560 0.064372 6.766222 4.303850 48.186800
15478759268.275045 7.595380 0.277335 0.108833 8.388664 4.038674 40.904612
16818239736.449720 7.313371 0.055240 1.590078 19.661364 3.542300 41.751229
57131149023.269524 4.960983 0.176381 0.190925 3.386699 4.196017 58.920647
18912707919.226765 7.003209 0.309891 0.492271 14.226330 3.676461 43.070624
19078556306.668133 7.021997 0.586661 0.406350 4.649655 3.194507 43.217268
32914007439.874294 6.527989 0.705988 0.836716 11.333424 3.878212 51.163706
17194489789.157425 7.202405 0.874613 0.043284 8.433741 3.325766 41.940482
10276559630.787329 9.151918 0.621103 0.423006 17.931313 3.415307 37.058317
26792614600.699486 6.359301 0.641056 0.402706 3.238979 3.171681 47.557602
23945025535.989433 6.388437 0.072384 0.032747 9.627885 3.915206 45.844971
41061328561.316376 6.169482 0.079567 6.516250 3.202196 3.613757 54.552213
26099357551.906933 6.192031 0.228601 0.014009 19.545625 3.365899 46.932649
25774466485.524525 6.149475 0.140096 0.019848 6.677963 3.725302 46.683534
22918244445.864021 8.108782 0.908111 0.733303 2.290507 4.053908 47.222562
71003112845.011688 5.183210 0.211436 1.781592 2.418081 3.321165 63.737396
35821901499.755692 5.848810 0.409458 0.014317 2.984107 4.344176 51.674727
12954836235.756945 7.924731 0.786333 0.204757 18.537773 3.576121 38.867750
34631305392.562958 5.603196 0.941227 0.037102 5.105608 4.766010 50.754145
19128402567.631554 7.378832 0.801316 0.530515 4.260508 3.328629 43.654560
13706661076.191816 7.970548 0.526695 0.030986 4.912741 3.133759 39.650613
30364719619.579765 6.330079 0.243185 1.273696 11.605863 4.075257 49.544821
31679409210.612118 6.547818 0.155110 2.207891 3.023558 3.065700 50.542436
23224530315.024975 6.312524 0.567436 0.022811 18.322518 4.624664 45.288354
21298188254.565441 7.102836 0.516443 0.514957 7.741900 3.397350 44.926300
21038213260.185856 6.805894 0.043275 1.591314 19.517430 3.016219 44.397615
38334318239.320251 5.729178 0.470181 0.036454 3.256201 4.060890 52.683476
17771318020.760059 7.196158 0.477061 0.442926 12.701823 3.591490 42.397500
20505506810.261501 6.838386 0.657330 0.035596 7.214221 4.069754 44.057221
27791923825.107788 5.902210 0.305676 0.187579 10.295618 3.680845 47.551667
19812328028.693863 6.521212 0.164918 0.023607 6.722357 3.189801 43.191870
19606402221.946934 7.094931 0.377032 0.232972 11.948653 3.858359 43.694839
55441716147.455521 5.255487 0.312805 1.360266 3.876873 4.559636 58.809196
25932862710.767551 6.309960 0.778572 0.107664 4.935162 4.981166 46.981247
19314135716.690289 6.881652 0.599603 0.069276 14.473283 3.255827 43.235867
52967459976.913025 5.838345 0.148982 4.302403 3.166097 3.241017 58.853814
35922985679.795265 5.878009 0.992437 0.446611 3.681568 3.574540 51.764404
33787052343.311287 5.649096 0.924369 0.143453 5.037177 4.187426 50.401613
29466663000.890846 6.048326 0.194979 0.398938 4.654013 4.614258 48.680785
56917923737.982956 5.368906 0.070601 4.278863 3.086786 4.898763 59.512054
19216830806.268314 7.130522 0.859514 0.045997 10.950875 4.522758 43.443507
20657078122.336395 7.043941 0.426998 0.596493 7.854708 4.797212 44.403042
17704608162.082962 7.080026 0.754291 0.019960 5.130478 4.085512 42.217435
63228510265.536736 5.034928 0.348515 0.367657 2.075377 3.028261 61.070574
28785852284.333427 6.085602 0.068163 0.010510 8.976744 4.629939 48.351658
46423910487.562965 4.962609 0.060750 0.026563 4.608206 4.298803 54.984870
34447789049.749001 5.748963 0.096125 0.350480 4.492715 4.065760 50.866701
23334916688.169147 6.452224 0.294405 0.011356 14.792336 3.470678 45.529695
36821487285.733749 5.815616 0.523607 0.012619 3.491477 3.542232 52.103843
9186326167.246449 81.019493 0.997327 9.790097 4.394729 4.751906 68.357660
15349613698.338188 7.723135 0.399309 0.062149 12.179154 4.738523 40.922040
31231650660.250900 6.536995 0.108134 2.577155 3.128298 3.110364 50.288726
24039898874.055481 6.773340 0.932057 0.436080 6.398313 3.674297 46.376299
23251348879.459789 6.325114 0.423909 0.029784 19.366763 3.735377 45.321067
25394660103.024960 6.478642 0.454321 0.581661 7.926651 3.755058 46.864695
32370618355.796722 6.275871 0.539657 0.592731 4.038373 4.415950 50.539112
26466772795.957253 6.193482 0.218179 0.036816 8.480723 3.747178 47.153699
17016490052.463745 7.092264 0.562008 0.419522 9.673999 3.629973 41.676460
21476682720.258957 6.751858 0.494095 0.066417 9.691176 3.356284 44.640479
21344337281.780483 7.293244 0.079717 1.831526 3.796360 3.428785 45.179955
35637378613.345665 6.242631 0.479474 0.530125 3.255849 3.062285 52.138455
31841080436.169861 5.782917 0.448018 0.029506 4.407440 3.194073 49.595784
23210615699.586361 6.285200 0.267112 0.030160 17.875887 4.354112 45.246142
30386871776.016212 5.977304 0.987767 0.299673 5.469668 3.549805 49.087816
22986324908.266911 6.499698 0.231801 0.016020 18.101989 3.129582 45.359149
27748678184.523094 5.983243 0.883700 0.043049 4.483443 3.343732 47.631663
9013324087.199909 9.695063 0.815026 0.393079 12.397356 4.930628 35.917844
11891981305.770027 8.271636 0.225465 0.045544 15.708244 4.376626 38.098449
29439981671.839523 6.001257 0.112374 0.065885 5.057570 4.283201 48.604100
26271906641.246365 6.125620 0.579609 0.011769 11.175197 4.604173 46.951725
35331322922.836037 5.699668 0.231182 0.278645 5.246328 4.788208 51.228892
20692094677.834297 6.598487 0.985931 0.096177 9.624540 4.229398 43.911906
19400490503.126770 6.729030 0.148138 0.010347 6.132904 3.089041 43.127037
27247390055.059834 6.176100 0.608508 0.226751 14.902273 3.754557 47.590519
18180313316.471741 7.168890 0.084930 0.067578 12.943001 4.885716 42.690245
17075280151.059174 7.257605 0.940996 0.015418 3.676910 4.889227 41.902827
38561192270.712097 5.805021 0.083946 4.100751 4.292216 3.595650 52.896556
20967894239.391499 7.213441 0.287422 0.027722 4.170785 4.424581 44.820712
21312208774.188114 6.974734 0.301592 0.447817 7.012422 3.403584 44.786875
52124842093.701233 5.676501 0.191598 2.252699 3.080740 3.022726 58.282054
37701244152.413231 5.454374 0.531143 0.027615 5.195130 3.531879 51.998889
17176516790.702414 7.900753 0.593523 0.707758 8.110829 4.028621 42.674144
18158031420.592709 6.943175 0.775374 0.034859 12.919854 4.262645 42.423533
16026768536.477270 7.646084 0.299219 0.814814 10.151504 4.368614 41.434755
13297967022.288609 8.051100 0.792430 0.179001 4.895157 3.165688 39.330847
22580823483.925831 6.593290 0.221882 0.592116 11.940293 4.218791 45.203034
28589095349.781197 6.480514 0.657615 0.300718 2.984628 3.741017 48.755105
32427879001.699139 5.663348 0.203677 0.126198 4.595724 3.823410 49.735887
50994927857.651108 4.903220 0.634552 0.367962 4.371292 4.041088 56.640655
87338781246.450638 4.569531 0.628465 0.083968 2.472274 3.373025 67.150135
23377205319.507717 6.578456 0.414179 0.014214 19.472913 4.931286 45.710336
14676079969.675182 7.560514 0.142507 0.042809 8.202160 4.192975 40.149532
32763014050.402485 5.579493 0.677566 0.034877 12.165348 4.052009 49.792177
34929399892.317818 5.864793 0.599319 0.032029 2.852782 3.538692 51.264251
31415721581.626312 5.895067 0.788146 0.030341 5.017112 4.678150 49.524970
17083605913.656895 7.536206 0.669155 0.320998 3.175095 3.020729 42.208784
76222574213.563553 4.808878 0.329303 0.339518 1.980396 3.042767 64.593234
28093838223.468826 6.015977 0.029422 0.032891 10.843521 3.805806 47.870791
21788300565.619423 6.841178 0.454918 0.614638 7.263584 3.344549 44.960711
72721543466.520187 4.878127 0.781217 0.044674 1.909825 3.046386 63.709929
17912933656.938866 7.056830 0.014745 0.490762 6.090555 4.760658 42.356884
32150746349.000282 6.143417 0.849344 0.403077 3.761225 4.447436 50.245044
16857748670.980141 7.173750 0.925470 0.183008 16.505076 3.520909 41.634101
27997162989.850182 6.175852 0.365752 0.378978 4.735158 3.012607 48.022774
25636941467.034481 6.195515 0.609104 0.011216 10.463200 4.816357 46.658195
19507376539.696056 6.816790 0.967083 0.166448 5.702059 3.989072 43.305913
21466790802.323437 6.597052 0.893394 0.020742 19.223931 4.649377 44.451526
14224088090.952042 7.907848 0.019544 0.082796 4.711190 3.670477 40.080942
13415004124.732254 8.013601 0.027019 3.153720 17.012301 4.255993 39.409356
69365707603.664536 5.154774 0.610154 0.551392 2.389361 3.047309 63.194108
12549697623.190855 8.109556 0.072579 0.117866 10.165655 3.990493 38.634485
23377281383.753574 6.411944 0.677611 0.021707 3.824017 3.044140 45.508302
27525707673.967800 6.210222 0.457871 0.030368 16.426469 4.765257 47.795895
25777463419.641056 6.397658 0.464854 0.025237 17.523383 4.940671 46.997381
63185313984.720558 5.934645 0.887378 0.675879 1.949555 4.318817 62.581741
32359171285.118523 5.931649 0.008731 0.852113 3.920121 3.609662 50.065596
16863740171.058239 7.229434 0.041215 0.018784 16.339849 3.150198 41.698840
23820310122.821392 6.404239 0.947635 0.035163 4.641787 3.195015 45.784564
26327576715.709976 6.360529 0.406811 0.390570 6.464221 3.672543 47.282396
28329768287.244476 6.025427 0.878367 0.115923 6.789428 3.676068 48.016711
17711259044.605164 7.287233 0.190122 0.325489 14.399388 3.846813 42.449024
17479176720.712631 7.132578 0.816203 0.027968 14.228610 4.336920 42.094728
54028565291.081749 5.134320 0.769477 0.029448 2.291295 3.141316 58.110961
68562431645.969948 4.562752 0.496836 0.021208 4.203656 3.688025 61.933587
17395199355.773422 7.227139 0.245387 0.235287 4.907094 3.699129 42.129873
28610086804.054905 6.511590 0.428838 0.994484 3.288391 3.035709 48.807377
30728464306.018246 5.775159 0.458658 0.020859 5.635072 3.237268 49.000880
14376962347.312044 7.779953 0.954617 0.015269 9.761950 3.357961 40.095836
26391175314.925892 6.301229 0.204553 0.010956 9.810912 4.727537 47.245338
73296441792.582108 5.280292 0.285263 1.579001 2.120835 3.260780 64.588805
36616365727.633659 5.640825 0.310112 0.270925 9.304204 4.383277 51.759226
32377463721.874897 5.828652 0.264644 0.424780 8.047680 4.470176 49.934937
20763859414.633457 6.926287 0.013106 2.739484 5.406775 4.426564 44.343349
29324083352.816715 6.036581 0.091668 0.035281 5.335133 3.414047 48.586695
9961851360.439669 9.534336 0.175101 1.423198 16.363019 3.413429 37.000719
19971133208.010311 6.895312 0.994178 0.035915 11.229129 3.382639 43.736280
45009192448.293358 5.194606 0.451788 0.046757 5.342679 4.159997 54.769476
22217057120.592197 6.743427 0.038138 3.680926 17.532228 3.094428 45.137646
28200627694.886181 5.883015 0.637972 0.164425 9.544081 4.998319 47.758696
25906834094.583965 6.526863 0.706074 0.442155 6.158099 4.081165 47.238220
16456219433.834242 7.227969 0.776688 0.114107 8.520943 3.168300 41.358647
19656797782.440720 7.266474 0.912814 0.011960 4.375592 4.980887 43.926233
40898376097.194084 5.293506 0.250751 0.054298 5.777307 3.789215 53.193219
19852542223.665237 7.141896 0.998604 0.047810 4.923446 3.569142 43.930288
22706296333.301815 6.649139 0.042861 0.023405 18.648105 4.667463 45.353602
28378898450.007854 6.286037 0.458057 0.082247 6.671346 4.337957 48.383164
9271451016.854164 80.440968 0.994214 9.583002 4.382116 4.739172 68.392875
20425864343.508053 6.647920 0.127829 0.010499 4.489399 3.967225 43.780008
47032207586.521553 5.172577 0.425042 0.042727 5.815586 4.023124 55.544333
14542177652.337334 7.691373 0.891940 0.209943 16.061638 4.515188 40.159464
13633950260.822645 7.751657 0.979342 0.127846 12.943661 3.839102 39.364934
78960281371.857452 4.833139 0.525691 0.176079 1.846183 3.038626 65.401090
9462990022.299011 80.621945 0.996086 9.963862 4.360198 4.748211 68.915925
52199311616.245125 5.431797 0.180531 1.667762 3.085094 3.051403 57.919888
35503591800.333771 5.662412 0.515786 0.274016 4.651106 3.041306 51.259771
16304848483.800215 7.319410 0.945310 0.251013 19.173528 3.596111 41.328397
26335107778.355141 6.196571 0.992599 0.067568 7.245491 3.819968 47.079291
16270613678.494890 8.444902 0.672194 0.764933 10.215180 4.832820 42.473542
57285620928.476730 5.286108 0.471952 0.370898 2.148554 3.111491 59.504208
27509404755.251469 5.777996 0.172074 0.146889 5.930083 3.034566 47.229963
33924571800.983395 5.542987 0.166719 0.077458 4.811343 3.260812 50.323398
26297001562.593117 6.578486 0.455084 0.556389 6.351673 4.362093 47.539284
18627217907.480728 7.140912 0.287668 0.608636 5.190844 3.530150 43.006123
40110354866.332855 5.150775 0.766178 0.169668 7.637776 4.574361 52.642030
17740512946.860512 7.044870 0.159841 0.042732 10.061975 3.670251 42.207436
18063474237.377392 7.333205 0.319761 0.437895 8.997478 3.227307 42.778960
14542177652.337334 7.691373 0.891940 0.209943 16.061638 4.515188 40.159464
19825825469.160862 7.092952 0.444195 0.280492 3.496339 3.548975 43.854988
66157284925.695129 4.636948 0.074699 0.049598 3.893939 4.567875 61.324952
24049485276.737942 6.672611 0.375386 0.075566 7.020082 4.810758 46.259504
14190534648.401114 7.887136 0.888033 0.066744 9.142008 3.848500 40.028762
36410098384.995148 5.348823 0.836945 0.060873 4.466434 4.200521 51.249460
26970381107.477966 6.178655 0.615526 0.030185 9.421669 3.309329 47.431958
18311353378.111103 6.951977 0.195322 0.058291 13.814114 3.435968 42.552373
23531639281.111950 6.549686 0.523586 0.174692 4.737369 3.657851 45.775815
11476780170.167210 8.586352 0.670965 0.033074 17.102134 4.198002 37.937645
19871172351.475586 7.336775 0.353099 0.626021 5.480298 3.655046 44.164908
12209770775.133825 8.164612 0.512603 0.213455 19.815276 3.548555 38.334301
28084826337.071098 6.543646 0.745326 0.680887 5.107456 4.496426 48.548180
33158126570.679691 5.674508 0.360374 0.126220 6.469406 4.661424 50.121753
23487432543.289673 6.349435 0.163177 0.029154 19.147915 3.502918 45.503566
21776730002.234772 7.192327 0.212458 1.624131 4.423625 3.871284 45.365082
18612503596.173256 7.457610 0.097517 0.092371 4.087822 4.691771 43.345514
38055768339.449944 5.696494 0.241170 0.933338 4.098003 4.306944 52.508647
75268781588.936554 4.499524 0.571821 0.103741 2.438609 3.208000 63.780436
28410658676.552078 6.275201 0.257372 0.065028 3.918221 4.075160 48.387134
30218246855.581772 7.207231 0.987412 0.815049 2.471985 3.363680 50.619061
21200925420.121021 6.455107 0.891416 0.017731 6.834031 4.392105 44.100579
40414278403.588898 5.908606 0.048117 7.393481 3.395649 3.559886 53.882366
42247845768.393578 5.218043 0.798239 0.015259 4.837853 3.359545 53.660337
29589530217.695774 6.509379 0.253091 2.199771 14.885817 3.940107 49.355198
31531617672.688824 5.830300 0.235914 0.284283 4.651184 4.498650 49.498475
19527246913.030415 7.936282 0.200955 3.251145 9.353675 4.974312 44.577638
24852573198.542099 6.057589 0.661950 0.017950 18.715152 4.259059 46.005866
14539330433.601852 7.583726 0.994644 0.064794 11.783456 3.860915 40.047959
24952032237.345791 6.511094 0.455728 0.524402 7.832694 3.795314 46.631063
21350046151.285332 8.934667 0.688057 1.465701 2.600909 3.192181 47.046421
41225804956.503326 5.306944 0.617642 0.205031 4.932245 3.411094 53.354526
22193868252.715691 6.778185 0.388179 0.715096 6.763597 3.115856 45.163217
31314635757.533863 6.069535 0.529212 0.098379 4.118916 3.196726 49.706386
27742056349.508656 6.108335 0.444577 0.018679 6.685850 4.330625 47.789365
61364275324.657066 5.733502 0.728908 0.641347 2.119872 4.347410 61.636077
87440137536.038925 5.199501 0.221309 1.770434 1.905682 3.584142 68.349238
27561457104.353931 6.067500 0.243432 0.055271 11.685420 4.231685 47.632849
28569402066.465107 6.216007 0.840022 0.202925 6.003510 3.229617 48.400042
19693228957.990643 7.331379 0.899422 0.445947 9.633079 3.723137 44.026598
43060634418.162521 5.387759 0.642406 0.337814 3.446460 3.067451 54.255097
26127712584.169178 6.085764 0.098627 0.124561 8.465951 3.156951 46.815254
10100615018.213665 8.631378 0.663710 0.044189 18.565651 4.933049 36.395554
32915036422.451958 5.711995 0.264291 0.079481 5.161140 3.324175 50.050231
51374655852.888847 5.113889 0.841304 0.025271 3.248355 3.842509 57.111306
46695116149.410057 5.238700 0.361132 0.607929 4.332613 4.489372 55.512326
23194173669.567471 6.426133 0.527925 0.015259 9.653699 4.575452 45.406366
22983546212.416550 6.613893 0.082255 0.034385 6.440550 4.020159 45.495003
43071689198.786011 5.149121 0.424194 0.080707 5.653706 3.674682 53.904453
17017474939.606852 6.965441 0.070529 0.010249 7.588265 3.507674 41.540125
29841525513.954525 6.177485 0.583062 0.083249 4.456365 3.198779 49.057117
