0.001000 0.000000 0.000000 0.000000 0.000000 0.000000 0.000000 0.000000
0.001038 0.000000 0.000000 0.000000 0.000000 0.000000 0.000000 0.000000
0.001077 0.000000 0.000000 0.000000 0.000000 0.000000 0.000000 0.000000
0.001117 0.000000 0.000000 0.000000 0.000000 0.000000 0.000000 0.000000
0.001159 0.000000 0.000000 0.000000 0.000000 0.000000 0.000000 0.000000
0.001203 0.000000 0.000000 0.000000 0.000000 0.000000 0.000000 0.000000
0.001248 0.000000 0.000000 0.000000 0.000000 0.000000 0.000000 0.000000
0.001296 0.000000 0.000000 0.000000 0.000000 0.000000 0.000000 0.000000
0.001344 0.000000 0.000000 0.000000 0.000000 0.000000 0.000000 0.000000
0.001395 0.000000 0.000000 0.000000 0.000000 0.000000 0.000000 0.000000
0.001448 0.000000 0.000000 0.000000 0.000000 0.000000 0.000000 0.000000
0.001502 0.000000 0.000000 0.000000 0.000000 0.000000 0.000000 0.000000
0.001559 0.000000 0.000000 0.000000 0.000000 0.000000 0.000000 0.000000
0.001617 0.000000 0.000000 0.000000 0.000000 0.000000 0.000000 0.000000
0.001678 0.000000 0.000000 0.000000 0.000000 0.000000 0.000000 0.000000
0.001742 0.000000 0.000000 0.000000 0.000000 0.000000 0.000000 0.000000
0.001807 0.000000 0.000000 0.000000 0.000000 0.000000 0.000000 0.000000
0.001875 0.000000 0.000000 0.000000 0.000000 0.000000 0.000000 0.000000
0.001946 0.000000 0.000000 0.000000 0.000000 0.000000 0.000000 0.000000
0.002019 0.000000 0.000000 0.000000 0.000000 0.000000 0.000000 0.000000
0.002095 0.000000 0.000000 0.000000 0.000000 0.000000 0.000000 0.000000
0.002174 0.000000 0.000000 0.000000 0.000000 0.000000 0.000000 0.000000
0.002256 0.000000 0.000000 0.000000 0.000000 0.000000 0.000000 0.000000
0.002341 0.000000 0.000000 0.000000 0.000000 0.000000 0.000000 0.000000
0.002430 0.000000 0.000000 0.000000 0.000000 0.000000 0.000000 0.000000
0.002521 0.000000 0.000000 0.000000 0.000000 0.000000 0.000000 0.000000
0.002616 0.000000 0.000000 0.000000 0.000000 0.000000 0.000000 0.000000
0.002715 0.000000 0.000000 0.000000 0.000000 0.000000 0.000000 0.000000
0.002817 0.000000 0.000000 0.000000 0.000000 0.000000 0.000000 0.000000
0.002923 0.000000 0.000000 0.000000 0.000000 0.000000 0.000000 0.000000
0.003033 0.000000 0.000000 0.000000 0.000000 0.000000 0.000000 0.000000
0.003148 0.000000 0.000000 0.000000 0.000000 0.000000 0.000000 0.000000
0.003266 0.000000 0.000000 0.000000 0.000000 0.000000 0.000000 0.000000
0.003389 0.000000 0.000000 0.000000 0.000000 0.000000 0.000000 0.000000
0.003517 0.000000 0.000000 0.000000 0.000000 0.000000 0.000000 0.000000
0.003650 0.000000 0.000000 0.000000 0.000000 0.000000 0.000000 0.000000
0.003787 0.000000 0.000000 0.000000 0.000000 0.000000 0.000000 0.000000
0.003930 0.000000 0.000000 0.000000 0.000000 0.000000 0.000000 0.000000
0.004078 0.000000 0.000000 0.000000 0.000000 0.000000 0.000000 0.000000
0.004232 0.000000 0.000000 0.000000 0.000000 0.000000 0.000000 0.000000
0.004391 0.000000 0.000000 0.000001 0.000000 0.000001 0.000000 0.000001
0.004557 0.000001 0.000001 0.000001 0.000000 0.000001 0.000000 0.000001
0.004728 0.000001 0.000001 0.000001 0.000001 0.000001 0.000001 0.000001
0.004906 0.000001 0.000001 0.000001 0.000001 0.000001 0.000001 0.000001
0.005091 0.000001 0.000001 0.000001 0.000001 0.000001 0.000001 0.000001
0.005283 0.000001 0.000001 0.000001 0.000001 0.000001 0.000001 0.000001
0.005482 0.000001 0.000001 0.000001 0.000001 0.000001 0.000001 0.000001
0.005689 0.000001 0.000001 0.000001 0.000001 0.000001 0.000001 0.000001
0.005903 0.000001 0.000001 0.000001 0.000001 0.000001 0.000001 0.000001
0.006126 0.000001 0.000001 0.000001 0.000001 0.000001 0.000001 0.000001
0.006356 0.000001 0.000001 0.000002 0.000001 0.000002 0.000001 0.000002
0.006596 0.000002 0.000002 0.000002 0.000001 0.000002 0.000001 0.000002
0.006844 0.000002 0.000002 0.000002 0.000002 0.000002 0.000002 0.000002
0.007102 0.000002 0.000002 0.000002 0.000002 0.000002 0.000002 0.000002
0.007370 0.000002 0.000002 0.000002 0.000002 0.000002 0.000002 0.000003
0.007648 0.000003 0.000002 0.000003 0.000002 0.000003 0.000002 0.000003
0.007936 0.000003 0.000003 0.000003 0.000003 0.000003 0.000003 0.000003
0.008235 0.000003 0.000003 0.000003 0.000003 0.000003 0.000003 0.000004
0.008545 0.000004 0.000003 0.000004 0.000003 0.000004 0.000003 0.000004
0.008867 0.000004 0.000004 0.000004 0.000004 0.000004 0.000004 0.000004
0.009201 0.000004 0.000004 0.000005 0.000004 0.000005 0.000004 0.000005
0.009548 0.000005 0.000005 0.000005 0.000005 0.000005 0.000004 0.000006
0.009908 0.000006 0.000005 0.000006 0.000005 0.000006 0.000005 0.000006
0.010281 0.000006 0.000006 0.000006 0.000006 0.000007 0.000005 0.000007
0.010669 0.000007 0.000007 0.000007 0.000006 0.000008 0.000006 0.000008
0.011071 0.000008 0.000007 0.000008 0.000007 0.000008 0.000007 0.000009
0.011488 0.000009 0.000008 0.000009 0.000008 0.000009 0.000008 0.000010
0.011921 0.000010 0.000009 0.000010 0.000009 0.000010 0.000009 0.000011
0.012370 0.000011 0.000010 0.000011 0.000010 0.000012 0.000010 0.000012
0.012836 0.000012 0.000012 0.000013 0.000011 0.000013 0.000011 0.000013
0.013320 0.000014 0.000013 0.000014 0.000012 0.000015 0.000012 0.000015
0.013822 0.000015 0.000014 0.000016 0.000014 0.000016 0.000013 0.000017
0.014343 0.000017 0.000016 0.000018 0.000015 0.000018 0.000015 0.000019
0.014883 0.000019 0.000018 0.000020 0.000017 0.000020 0.000017 0.000021
0.015444 0.000021 0.000020 0.000022 0.000019 0.000023 0.000019 0.000023
0.016026 0.000024 0.000022 0.000025 0.000021 0.000025 0.000021 0.000026
0.016630 0.000026 0.000025 0.000027 0.000024 0.000028 0.000023 0.000029
0.017256 0.000029 0.000028 0.000031 0.000027 0.000032 0.000026 0.000033
0.017907 0.000033 0.000031 0.000034 0.000030 0.000036 0.000029 0.000036
0.018581 0.000037 0.000035 0.000038 0.000033 0.000040 0.000032 0.000041
0.019281 0.000041 0.000039 0.000043 0.000037 0.000044 0.000036 0.000046
0.020008 0.000046 0.000044 0.000048 0.000042 0.000050 0.000040 0.000051
0.020762 0.000051 0.000049 0.000053 0.000047 0.000055 0.000045 0.000057
0.021544 0.000057 0.000054 0.000060 0.000052 0.000062 0.000050 0.000064
0.022356 0.000064 0.000061 0.000066 0.000058 0.000069 0.000056 0.000071
0.023199 0.000071 0.000068 0.000074 0.000065 0.000077 0.000063 0.000079
0.024073 0.000080 0.000076 0.000083 0.000073 0.000086 0.000070 0.000089
0.024980 0.000089 0.000085 0.000093 0.000081 0.000096 0.000079 0.000099
0.025921 0.000099 0.000095 0.000104 0.000091 0.000107 0.000088 0.000110
0.026898 0.000111 0.000106 0.000116 0.000101 0.000120 0.000098 0.000123
0.027911 0.000124 0.000118 0.000129 0.000113 0.000134 0.000110 0.000138
0.028963 0.000138 0.000132 0.000144 0.000126 0.000150 0.000122 0.000154
0.030055 0.000155 0.000147 0.000161 0.000141 0.000167 0.000137 0.000172
0.031187 0.000173 0.000165 0.000180 0.000158 0.000187 0.000153 0.000192
0.032362 0.000193 0.000184 0.000201 0.000176 0.000209 0.000171 0.000214
0.033582 0.000215 0.000205 0.000224 0.000197 0.000233 0.000191 0.000239
0.034847 0.000241 0.000229 0.000251 0.000220 0.000260 0.000213 0.000267
0.036160 0.000269 0.000256 0.000280 0.000245 0.000291 0.000238 0.000299
0.037523 0.000300 0.000286 0.000312 0.000274 0.000325 0.000265 0.000333
0.038937 0.000335 0.000319 0.000349 0.000306 0.000362 0.000296 0.000372
0.040404 0.000374 0.000357 0.000390 0.000342 0.000405 0.000331 0.000416
0.041927 0.000418 0.000398 0.000435 0.000381 0.000452 0.000370 0.000464
0.043507 0.000466 0.000444 0.000485 0.000426 0.000504 0.000413 0.000518
0.045146 0.000520 0.000496 0.000542 0.000476 0.000563 0.000461 0.000578
0.046847 0.000581 0.000554 0.000605 0.000531 0.000628 0.000514 0.000645
0.048612 0.000648 0.000618 0.000675 0.000593 0.000701 0.000574 0.000720
0.050444 0.000724 0.000690 0.000753 0.000661 0.000782 0.000641 0.000804
0.052345 0.000808 0.000770 0.000841 0.000738 0.000873 0.000715 0.000897
0.054317 0.000901 0.000860 0.000938 0.000824 0.000974 0.000799 0.001001
0.056364 0.001006 0.000959 0.001047 0.000919 0.001086 0.000891 0.001117
0.058488 0.001122 0.001071 0.001168 0.001026 0.001211 0.000994 0.001246
0.060692 0.001252 0.001194 0.001303 0.001144 0.001351 0.001110 0.001390
0.062979 0.001397 0.001333 0.001453 0.001277 0.001507 0.001238 0.001551
0.065352 0.001557 0.001486 0.001621 0.001424 0.001681 0.001381 0.001729
0.067815 0.001736 0.001657 0.001807 0.001588 0.001875 0.001540 0.001928
0.070370 0.001936 0.001848 0.002014 0.001771 0.002091 0.001718 0.002150
0.073022 0.002158 0.002060 0.002245 0.001975 0.002331 0.001916 0.002396
0.075774 0.002405 0.002296 0.002503 0.002201 0.002598 0.002136 0.002670
0.078629 0.002680 0.002559 0.002789 0.002454 0.002895 0.002380 0.002976
0.081592 0.002986 0.002851 0.003107 0.002734 0.003224 0.002652 0.003315
0.084666 0.003326 0.003176 0.003461 0.003046 0.003590 0.002955 0.003692
0.087857 0.003704 0.003537 0.003854 0.003394 0.003996 0.003292 0.004112
0.091167 0.004125 0.003939 0.004291 0.003781 0.004447 0.003666 0.004578
0.094603 0.004591 0.004385 0.004776 0.004210 0.004947 0.004081 0.005095
0.098168 0.005110 0.004881 0.005314 0.004686 0.005505 0.004543 0.005669
0.101867 0.005684 0.005431 0.005913 0.005214 0.006125 0.005055 0.006306
0.105705 0.006321 0.006042 0.006577 0.005801 0.006808 0.005624 0.007012
0.109688 0.007028 0.006720 0.007309 0.006453 0.007568 0.006255 0.007795
0.113822 0.007813 0.007472 0.008126 0.007175 0.008414 0.006954 0.008662
0.118111 0.008681 0.008302 0.009032 0.007976 0.009346 0.007728 0.009623
0.122561 0.009641 0.009227 0.010028 0.008863 0.010375 0.008586 0.010692
0.127180 0.010705 0.010247 0.011133 0.009845 0.011519 0.009535 0.011875
0.131972 0.011879 0.011372 0.012355 0.010931 0.012784 0.010585 0.013184
0.136945 0.013173 0.012615 0.013705 0.012129 0.014173 0.011745 0.014630
0.142105 0.014603 0.013989 0.015189 0.013454 0.015702 0.013026 0.016227
0.147460 0.016176 0.015511 0.016831 0.014914 0.017387 0.014440 0.017990
0.153017 0.017912 0.017184 0.018643 0.016524 0.019244 0.016000 0.019933
0.158783 0.019825 0.019024 0.020629 0.018298 0.021285 0.017717 0.022073
0.164766 0.021931 0.021040 0.022801 0.020251 0.023529 0.019608 0.024429
0.170975 0.024249 0.023267 0.025205 0.022384 0.026000 0.021688 0.027018
0.177417 0.026796 0.025706 0.027849 0.024731 0.028725 0.023972 0.029861
0.184103 0.029573 0.028386 0.030724 0.027321 0.031712 0.026479 0.032980
0.191040 0.032634 0.031324 0.033894 0.030172 0.034978 0.029228 0.036397
0.198239 0.035966 0.034554 0.037342 0.033293 0.038550 0.032249 0.040136
0.205709 0.039623 0.038044 0.041109 0.036717 0.042444 0.035554 0.044222
0.213460 0.043613 0.041895 0.045241 0.040449 0.046688 0.039166 0.048680
0.221504 0.047939 0.046093 0.049744 0.044526 0.051333 0.043106 0.053538
0.229851 0.052655 0.050640 0.054617 0.048985 0.056330 0.047401 0.058822
0.238512 0.057795 0.055608 0.059933 0.053804 0.061790 0.052074 0.064562
0.247499 0.063350 0.060999 0.065672 0.059057 0.067683 0.057151 0.070785
0.256826 0.069362 0.066833 0.071929 0.064715 0.074095 0.062657 0.077520
0.266503 0.075863 0.073128 0.078635 0.070815 0.081021 0.068620 0.084795
0.276546 0.082869 0.079924 0.085864 0.077452 0.088489 0.075065 0.092639
0.286967 0.090423 0.087280 0.093663 0.084581 0.096544 0.082018 0.101078
0.297780 0.098541 0.095199 0.102063 0.092196 0.105190 0.089505 0.110139
0.309001 0.107285 0.103657 0.111082 0.100442 0.114413 0.097551 0.119844
0.320645 0.116620 0.112709 0.120716 0.109296 0.124291 0.106179 0.130216
0.332727 0.126622 0.122417 0.131002 0.118696 0.134838 0.115318 0.141275
0.345265 0.137156 0.132777 0.141948 0.128776 0.146063 0.125047 0.153035
0.358275 0.148432 0.143766 0.153567 0.139505 0.157974 0.135409 0.165510
0.371776 0.160407 0.155417 0.165880 0.150829 0.170548 0.146420 0.178706
0.385785 0.173083 0.167762 0.178881 0.162750 0.183821 0.158098 0.192628
0.400322 0.186414 0.180772 0.192539 0.175480 0.197818 0.170541 0.207274
0.415407 0.200397 0.194488 0.206856 0.188833 0.212573 0.183661 0.222637
0.431060 0.215138 0.208921 0.221907 0.202993 0.228088 0.197458 0.238703
0.447304 0.230583 0.224042 0.237555 0.217830 0.244197 0.211925 0.255453
0.464159 0.246568 0.239728 0.254038 0.233083 0.260840 0.227051 0.272862
0.481649 0.263199 0.256090 0.271052 0.249158 0.278027 0.242818 0.290899
0.499799 0.280527 0.273029 0.288727 0.265858 0.296024 0.259203 0.309527
0.518632 0.298427 0.290576 0.307015 0.283136 0.314575 0.276177 0.328701
0.538175 0.316838 0.308554 0.325776 0.301044 0.333569 0.293707 0.348374
0.558455 0.335715 0.327080 0.344999 0.319450 0.353153 0.311751 0.368491
0.579498 0.355120 0.346119 0.364656 0.338026 0.373073 0.330264 0.388993
0.601335 0.374846 0.365585 0.384578 0.357099 0.393338 0.349197 0.409819
0.623994 0.394850 0.385136 0.404689 0.376370 0.413764 0.368494 0.430903
0.647508 0.415135 0.405195 0.424899 0.395917 0.434643 0.388099 0.452177
0.671907 0.435536 0.425378 0.445362 0.415795 0.455551 0.407949 0.473572
0.697226 0.456158 0.445810 0.466243 0.436114 0.476540 0.427981 0.495019
0.723499 0.476743 0.466189 0.486827 0.456537 0.497468 0.448130 0.516447
0.750762 0.497283 0.486601 0.507416 0.476544 0.518485 0.468332 0.537788
0.779052 0.517723 0.506753 0.527790 0.496632 0.539567 0.488461 0.558976
0.808408 0.538079 0.526982 0.548366 0.516569 0.560556 0.508402 0.579948
0.838870 0.558131 0.547013 0.568772 0.536405 0.581045 0.528191 0.600643
0.870480 0.577987 0.566587 0.588774 0.555857 0.601057 0.548031 0.621004
0.903282 0.597600 0.585938 0.608787 0.575412 0.621306 0.567523 0.640980
0.937319 0.616818 0.605081 0.628176 0.594323 0.640821 0.586114 0.660523
0.972639 0.635483 0.623767 0.647102 0.612586 0.660078 0.604325 0.679591
1.009290 0.653783 0.642006 0.665708 0.630923 0.678852 0.622115 0.698148
1.047322 0.671654 0.659644 0.683703 0.648820 0.697111 0.639448 0.716161
1.086787 0.688812 0.676891 0.701356 0.666222 0.714790 0.656291 0.733604
1.127740 0.705574 0.693590 0.718296 0.683109 0.732220 0.672619 0.750456
1.170235 0.721761 0.709527 0.734626 0.699261 0.748854 0.688410 0.766700
1.214332 0.737275 0.725024 0.750433 0.714407 0.764454 0.703647 0.782325
1.260090 0.752235 0.740117 0.765573 0.729389 0.779780 0.718318 0.797323
1.307573 0.766747 0.754502 0.779982 0.743783 0.794476 0.732413 0.811692
1.356845 0.780610 0.768304 0.793875 0.757093 0.808563 0.745928 0.825433
1.407973 0.793896 0.781565 0.806969 0.769927 0.822209 0.758863 0.838550
1.461028 0.806352 0.794245 0.819710 0.782732 0.834925 0.771220 0.851050
1.516083 0.818393 0.806106 0.831982 0.794398 0.847090 0.783005 0.862942
1.573212 0.829786 0.817544 0.843628 0.805497 0.858721 0.794226 0.874241
1.632493 0.840695 0.828415 0.854657 0.816042 0.869767 0.804893 0.884959
1.694009 0.850863 0.838726 0.865285 0.826209 0.880237 0.815018 0.895114
1.757842 0.860674 0.848364 0.875057 0.835855 0.890070 0.824617 0.904721
1.824081 0.869899 0.857540 0.884442 0.845028 0.899406 0.833704 0.913801
1.892816 0.878708 0.866128 0.893281 0.853756 0.908407 0.842297 0.922372
1.964141 0.886881 0.874151 0.901643 0.861857 0.916771 0.850412 0.930454
2.038154 0.894663 0.881876 0.909616 0.869563 0.924656 0.858068 0.938067
2.114955 0.902107 0.889197 0.917034 0.876685 0.932379 0.865283 0.945233
2.194651 0.909097 0.896115 0.924087 0.883469 0.939781 0.871807 0.951970
2.277350 0.915605 0.902556 0.930636 0.890015 0.946450 0.877775 0.958300
2.363165 0.921705 0.908501 0.936789 0.896157 0.952798 0.883379 0.964343
2.452213 0.927324 0.914162 0.942564 0.901753 0.958645 0.888639 0.970215
2.544617 0.932747 0.919456 0.948093 0.906571 0.964129 0.893571 0.975722
2.640503 0.937880 0.924469 0.953072 0.911283 0.969377 0.898193 0.980916
2.740003 0.942581 0.929063 0.957942 0.915865 0.974158 0.902522 0.985933
2.843251 0.947032 0.933364 0.962538 0.920156 0.978623 0.906575 0.990631
2.950391 0.951100 0.937488 0.966699 0.924171 0.982817 0.910365 0.995027
3.061567 0.954908 0.941278 0.970594 0.927977 0.986763 0.913910 0.999140
3.176933 0.958471 0.944823 0.974242 0.931579 0.990456 0.917223 1.002985
3.296646 0.961817 0.948170 0.977650 0.934961 0.993952 0.920318 1.006579
3.420870 0.965010 0.951275 0.980976 0.938205 0.997128 0.923101 1.009935
3.549775 0.967960 0.954160 0.983968 0.941121 1.000228 0.925635 1.013070
3.683537 0.970685 0.956873 0.986774 0.943769 1.003112 0.928000 1.015995
3.822340 0.973283 0.959443 0.989400 0.946327 1.005766 0.930205 1.018725
3.966373 0.975669 0.961805 0.991765 0.948713 1.008243 0.932261 1.021271
4.115834 0.977838 0.964018 0.993969 0.950938 1.010552 0.934177 1.023645
4.270926 0.979949 0.966066 0.996040 0.953013 1.012704 0.935963 1.025859
4.431863 0.981938 0.967972 0.998041 0.954946 1.014710 0.937626 1.027921
4.598864 0.983699 0.969748 0.999861 0.956748 1.016579 0.939176 1.029843
4.772158 0.985341 0.971402 1.001581 0.958426 1.018320 0.940619 1.031634
4.951983 0.986931 0.972943 1.003184 0.959989 1.019941 0.941962 1.033301
5.138583 0.988412 0.974377 1.004676 0.961445 1.021450 0.943212 1.034854
5.332215 0.989790 0.975762 1.006022 0.962800 1.022856 0.944376 1.036299
5.533143 0.991074 0.977041 1.007318 0.964061 1.024164 0.945459 1.037644
5.741642 0.992268 0.978237 1.008562 0.965235 1.025381 0.946466 1.038896
5.957999 0.993378 0.979350 1.009682 0.966327 1.026514 0.947403 1.040061
6.182508 0.994362 0.980368 1.010724 0.967320 1.027598 0.948275 1.041145
6.415476 0.995277 0.981303 1.011693 0.968233 1.028606 0.949086 1.042154
6.657224 0.996135 0.982196 1.012593 0.969082 1.029543 0.949841 1.043092
6.908081 0.996962 0.982962 1.013433 0.969872 1.030415 0.950542 1.043964
7.168391 0.997731 0.983744 1.014212 0.970606 1.031226 0.951194 1.044775
7.438510 0.998461 0.984442 1.014928 0.971289 1.031980 0.951800 1.045530
7.718807 0.999151 0.985076 1.015593 0.971924 1.032681 0.952364 1.046231
8.009667 0.999780 0.985665 1.016238 0.972514 1.033333 0.952888 1.046883
8.311487 1.000345 0.986225 1.016821 0.973063 1.033939 0.953375 1.047489
8.624680 1.000867 0.986746 1.017362 0.973573 1.034502 0.953827 1.048053
8.949674 1.001346 0.987231 1.017855 0.974047 1.035007 0.954248 1.048577
9.286915 1.001812 0.987682 1.018307 0.974488 1.035470 0.954639 1.049063
9.636864 1.002234 0.988101 1.018727 0.974897 1.035921 0.955002 1.049516
10.000000 1.002626 0.988489 1.019117 0.975278 1.036341 0.955340 1.049936
