0.010000 0.000191 0.000090 0.000513 0.000053 0.000814 0.000039 0.000959
0.012068 0.000215 0.000103 0.000557 0.000063 0.000831 0.000051 0.000959
0.014563 0.000236 0.000116 0.000586 0.000074 0.000846 0.000062 0.000959
0.017575 0.000251 0.000124 0.000607 0.000084 0.000860 0.000072 0.000959
0.021210 0.000259 0.000129 0.000639 0.000091 0.000878 0.000080 0.000959
0.025595 0.000269 0.000132 0.000652 0.000095 0.000894 0.000086 0.000959
0.030888 0.000277 0.000136 0.000667 0.000098 0.000906 0.000090 0.000963
0.037276 0.000280 0.000137 0.000673 0.000100 0.000911 0.000093 0.000967
0.044984 0.000283 0.000139 0.000678 0.000102 0.000921 0.000096 0.000970
0.054287 0.000285 0.000139 0.000684 0.000103 0.000932 0.000098 0.000973
0.065513 0.000286 0.000139 0.000685 0.000104 0.000936 0.000099 0.000977
0.079060 0.000287 0.000140 0.000686 0.000105 0.000938 0.000100 0.000980
0.095410 0.000288 0.000140 0.000686 0.000105 0.000938 0.000100 0.000985
0.115140 0.000289 0.000140 0.000687 0.000105 0.000941 0.000100 0.000989
0.138950 0.000289 0.000140 0.000689 0.000105 0.000942 0.000100 0.000992
0.167683 0.000289 0.000140 0.000689 0.000106 0.000943 0.000100 0.000994
0.202359 0.000289 0.000140 0.000689 0.000106 0.000943 0.000100 0.000996
0.244205 0.000289 0.000140 0.000689 0.000106 0.000943 0.000100 0.000997
0.294705 0.000289 0.000140 0.000689 0.000106 0.000944 0.000100 0.000998
0.355648 0.000289 0.000140 0.000690 0.000106 0.000944 0.000100 0.000998
0.429193 0.000289 0.000140 0.000690 0.000106 0.000945 0.000100 0.000998
0.517947 0.000289 0.000140 0.000690 0.000106 0.000945 0.000100 0.000998
0.625055 0.000289 0.000140 0.000690 0.000106 0.000945 0.000100 0.000998
0.754312 0.000289 0.000140 0.000690 0.000106 0.000945 0.000100 0.000998
0.910298 0.000289 0.000140 0.000690 0.000106 0.000945 0.000100 0.000998
1.098541 0.000289 0.000140 0.000690 0.000106 0.000945 0.000100 0.000998
1.325711 0.000289 0.000140 0.000690 0.000106 0.000945 0.000100 0.000998
1.599859 0.000289 0.000140 0.000690 0.000106 0.000945 0.000100 0.000998
1.930698 0.000289 0.000140 0.000690 0.000106 0.000945 0.000100 0.000998
2.329952 0.000289 0.000140 0.000690 0.000106 0.000945 0.000100 0.000998
2.811769 0.000289 0.000140 0.000690 0.000106 0.000945 0.000100 0.000998
3.393222 0.000289 0.000140 0.000690 0.000106 0.000945 0.000100 0.000998
4.094915 0.000289 0.000140 0.000690 0.000106 0.000945 0.000100 0.000998
4.941713 0.000289 0.000140 0.000690 0.000106 0.000945 0.000100 0.000998
5.963623 0.000289 0.000140 0.000690 0.000106 0.000945 0.000100 0.000998
7.196857 0.000289 0.000140 0.000690 0.000106 0.000945 0.000100 0.000998
8.685114 0.000289 0.000140 0.000690 0.000106 0.000945 0.000100 0.000998
10.481131 0.000289 0.000140 0.000690 0.000106 0.000945 0.000100 0.000998
12.648552 0.000289 0.000140 0.000690 0.000106 0.000945 0.000100 0.000998
15.264180 0.000289 0.000140 0.000690 0.000106 0.000945 0.000100 0.000998
18.420700 0.000289 0.000140 0.000690 0.000106 0.000945 0.000100 0.000998
22.229965 0.000289 0.000140 0.000690 0.000106 0.000945 0.000100 0.000998
26.826958 0.000289 0.000140 0.000690 0.000106 0.000945 0.000100 0.000998
32.374575 0.000289 0.000140 0.000690 0.000106 0.000945 0.000100 0.000998
39.069399 0.000289 0.000140 0.000690 0.000106 0.000945 0.000100 0.000998
47.148664 0.000289 0.000140 0.000690 0.000106 0.000945 0.000100 0.000998
56.898660 0.000289 0.000140 0.000690 0.000106 0.000945 0.000100 0.000998
68.664885 0.000289 0.000140 0.000690 0.000106 0.000945 0.000100 0.000998
82.864277 0.000289 0.000140 0.000690 0.000106 0.000945 0.000100 0.000998
100.000000 0.000289 0.000140 0.000690 0.000106 0.000945 0.000100 0.000998
