0.001000 3522.149965 474.006888 12967.142756 117.320096 25634.029243 40.246407 31670.031372
0.001038 3455.096795 469.659516 12593.371817 117.292323 24780.790095 40.227462 30572.501270
0.001077 3407.915312 465.717267 12230.355670 117.264154 23955.943013 40.208519 29512.995371
0.001117 3366.917333 461.664568 11877.784504 117.235573 23143.418754 40.189578 28490.195781
0.001159 3292.795519 457.155822 11553.898344 117.206565 22320.604740 40.170639 27502.831728
0.001203 3215.490648 453.821426 11263.734499 116.875054 21527.037180 40.151700 26549.674688
0.001248 3136.187146 448.911506 10980.816006 116.478853 20761.676800 40.132762 25629.539574
0.001296 3077.161554 444.397920 10704.960907 116.461953 20023.520603 40.113825 24741.282598
0.001344 3035.440935 440.321429 10406.216859 116.444565 19311.602039 40.094888 23883.798990
0.001395 2986.985686 436.282227 10063.726977 116.426669 18624.988296 40.075951 23056.022572
0.001448 2931.592510 432.279969 9731.213562 116.408248 17962.780034 40.057015 22256.923998
0.001502 2862.553695 428.314311 9450.885550 116.389282 17324.109794 40.038078 21485.509631
0.001559 2799.689557 424.384923 9207.515239 116.369752 16707.222243 40.019141 20740.820230
0.001617 2750.793114 419.845806 8917.384555 115.967690 16110.976360 40.000202 20021.929865
0.001678 2702.746041 416.716241 8636.390379 115.494824 15536.004305 39.981263 19327.944745
0.001742 2655.162002 415.167146 8419.192475 115.023867 14981.547446 39.962323 18658.001687
0.001807 2599.772688 412.275462 8168.188693 114.554818 14455.566599 39.943382 18011.267923
0.001875 2559.850178 407.220377 7924.629673 114.087663 13941.560307 39.924438 17386.939051
0.001946 2506.032489 402.227216 7687.519063 113.881881 13445.824572 39.905493 16784.238894
0.002019 2465.059507 397.866923 7459.071006 113.733281 12970.443967 39.886545 16202.417902
0.002095 2418.402446 394.215874 7226.772489 113.584821 12530.105042 39.867595 15640.752786
0.002174 2366.893092 392.803339 7020.848128 113.436499 12087.688714 39.848643 15098.544982
0.002256 2344.561302 389.925620 6813.867428 113.288315 11658.330258 39.829687 14575.120343
0.002341 2293.393645 388.962172 6634.341971 113.140266 11244.216676 39.810729 14069.828055
0.002430 2257.496901 388.000572 6451.776098 112.992348 10844.806629 39.791768 13582.039780
0.002521 2204.764710 387.040785 6253.029880 112.844562 10459.578166 39.772803 13111.148950
0.002616 2172.903488 386.082775 6055.803159 112.696904 10088.027743 39.753834 12656.570108
0.002715 2140.259477 385.126501 5880.609155 112.549372 9734.153537 39.734862 12217.737986
0.002817 2097.201891 384.171921 5710.429797 112.401965 9411.644911 39.715886 11794.106909
0.002923 2055.004185 379.532417 5545.119311 112.254678 9099.812252 39.696906 11385.150118
0.003033 2013.648928 374.727262 5384.536135 112.107511 8798.301980 39.677923 10990.359126
0.003148 1964.008492 369.982701 5228.542663 111.960461 8506.772247 39.658935 10609.243000
0.003266 1929.766154 365.483635 5093.328002 111.813525 8206.877906 39.639942 10241.327879
0.003389 1894.467724 363.715151 4933.060995 111.666701 7913.781317 39.620946 9886.156258
0.003517 1856.313870 358.734454 4776.621627 111.519985 7631.147962 39.601946 9543.286522
0.003650 1818.919921 354.781695 4630.162606 111.373376 7358.604402 39.582941 9212.292332
0.003787 1781.201346 349.937550 4506.057785 111.226871 7095.790467 39.563933 8892.762134
0.003930 1745.458949 345.159382 4385.013914 111.080466 6843.201899 39.544921 8584.298592
0.004078 1709.323074 341.454594 4273.215831 110.934160 6608.347528 39.525905 8286.518167
0.004232 1667.069704 337.849731 4151.771075 110.787948 6381.474120 39.506886 7999.050603
0.004391 1633.497949 335.644197 4039.408613 110.641829 6162.308246 39.487864 7721.538441
0.004557 1600.364741 335.455637 3924.374733 110.495799 5950.585765 39.468839 7453.636633
0.004728 1567.440035 335.265917 3816.685402 110.109520 5746.051624 39.449813 7195.012073
0.004906 1539.173436 333.785159 3718.421493 109.432870 5548.459492 39.430785 6945.343174
0.005091 1513.941390 331.364911 3621.797286 108.760396 5357.571492 39.411757 6704.319513
0.005283 1483.491649 327.182349 3517.109652 108.092075 5173.157911 39.392728 6471.641403
0.005482 1453.491093 322.648280 3415.094745 107.427886 4994.996933 39.373700 6247.019537
0.005689 1424.232630 318.636783 3307.118845 106.767809 4823.952152 39.354675 6030.174637
0.005903 1399.328505 313.954288 3202.523043 106.111822 4658.942274 39.335653 5820.837087
0.006126 1367.417983 309.340541 3101.200315 105.459906 4497.428395 39.316635 5618.746612
0.006356 1339.277629 305.590370 3003.046978 104.812041 4340.704879 39.297623 5423.651958
0.006596 1310.647736 303.169677 2907.962615 104.168208 4190.738429 39.278619 5235.310565
0.006844 1285.475301 299.342084 2821.968407 103.528390 4051.810665 39.259624 5053.488278
0.007102 1259.835074 295.562710 2741.020122 102.892568 3908.950706 39.240641 4877.959054
0.007370 1233.752252 291.830960 2659.142251 102.260726 3771.128157 39.221672 4708.504677
0.007648 1210.730387 288.759290 2588.695597 101.632848 3639.906024 39.202719 4544.914492
0.007936 1182.331618 286.530355 2506.203152 101.008918 3513.634328 39.183786 4386.985142
0.008235 1153.881195 283.875326 2444.350184 100.388921 3391.628439 39.164875 4234.520316
0.008545 1127.315298 280.923089 2387.650708 99.859721 3273.743492 39.145991 4087.330506
0.008867 1097.631941 278.807427 2315.977553 99.841942 3164.924844 39.127136 3945.232772
0.009201 1069.727017 274.638318 2245.688199 99.824090 3050.985749 39.108315 3808.050514
0.009548 1045.753627 270.631001 2186.441071 99.806169 2954.927341 39.089533 3675.613257
0.009908 1023.274635 269.025966 2123.412273 99.788181 2866.593369 39.070794 3547.756435
0.010281 1001.186100 268.591802 2059.098795 99.770130 2777.205935 39.052105 3424.321194
0.010669 975.915360 266.452730 1999.661424 99.752020 2677.919883 39.033471 3305.154191
0.011071 952.901256 265.123519 1939.103320 99.733856 2592.244426 39.014899 3190.107405
0.011488 925.560930 263.282811 1880.046078 99.715644 2500.297234 38.996397 3079.037959
0.011921 903.653168 262.511577 1819.152827 99.697390 2411.432386 38.977972 2971.807939
0.012370 884.218018 261.208983 1764.056199 99.224039 2336.978176 38.959633 2868.284226
0.012836 873.814563 259.911858 1708.014836 98.709797 2258.755791 38.941390 2768.338335
0.013320 856.679708 257.980301 1654.446234 98.198458 2180.962810 38.923253 2671.846252
0.013822 835.740131 254.538504 1604.601544 97.690028 2105.216161 38.905233 2578.688289
0.014343 821.074916 251.142651 1560.012129 97.184519 2032.106868 38.887342 2488.748932
0.014883 806.939933 248.624512 1517.226127 96.681941 1984.278184 38.869594 2401.916702
0.015444 788.240792 248.486552 1478.519187 96.248998 1938.840628 38.852003 2318.084019
0.016026 765.348551 245.888601 1430.651795 95.685641 1891.950307 38.834585 2237.147072
0.016630 750.444673 241.958024 1383.999940 95.191954 1833.221258 38.817358 2159.005691
0.017256 732.245636 240.649420 1339.288644 94.701269 1775.735173 38.800339 2083.563225
0.017907 722.279201 239.574985 1299.904851 94.213610 1719.496700 38.783549 2010.726428
0.018581 708.967394 235.954642 1262.728561 93.729004 1668.203117 38.767010 1940.405343
0.019281 692.605575 233.091305 1231.852353 93.247481 1611.428385 38.750746 1872.513195
0.020008 674.586068 229.642970 1196.502932 92.769075 1558.317612 38.734782 1806.966283
0.020762 661.789939 225.461616 1161.505221 92.293821 1503.662925 38.719146 1743.683883
0.021544 646.060858 223.302413 1123.303292 91.821762 1457.192043 38.703868 1682.588146
0.022356 631.107007 221.599219 1090.078856 91.352942 1408.537834 38.688981 1623.604005
0.023199 617.353943 218.756589 1058.585970 90.748349 1361.157995 38.674520 1566.659086
0.024073 606.547562 217.840398 1027.919881 89.986978 1315.052111 38.660524 1511.683616
0.024980 589.234624 215.271844 1002.057263 89.072481 1270.218010 38.647034 1458.610337
0.025921 575.157944 212.378741 971.618875 88.122707 1226.651607 38.634094 1407.374425
0.026898 560.028756 211.730416 945.739033 87.184508 1187.212198 38.621753 1357.913409
0.027911 548.793619 208.355876 918.238151 86.257854 1146.968608 38.610063 1310.167089
0.028963 539.928032 204.851406 889.560515 85.342721 1109.759164 38.599081 1264.077463
0.030055 527.529300 202.833987 864.291051 84.439093 1073.497393 38.588868 1219.588649
0.031187 517.962716 200.479858 836.456528 83.809535 1039.197030 38.579488 1176.646811
0.032362 507.260394 196.531879 809.202669 83.673167 1006.818434 38.571014 1135.200090
0.033582 495.498391 192.666961 783.483097 83.479947 974.445107 38.563521 1095.198530
0.034847 480.972240 189.233467 758.555651 82.852424 942.311593 38.557093 1056.594011
0.036160 468.992520 186.787732 735.103613 82.539769 911.925803 38.551818 1019.340178
0.037523 458.705144 184.378617 712.072685 82.230530 880.681996 38.547793 983.392374
0.038937 447.380623 181.884783 689.993165 82.143048 850.025757 38.545121 948.707577
0.040404 439.080878 179.995929 669.142851 81.817945 822.712611 38.543914 915.244329
0.041927 427.372238 176.819695 647.737729 81.324853 796.699604 38.544291 882.962679
0.043507 415.137311 175.104896 627.626522 81.030882 771.042880 38.546382 851.824113
0.045146 405.290144 172.876476 609.133099 80.741191 747.547404 38.550327 821.791499
0.046847 395.807658 170.683869 590.550795 80.455994 721.241069 38.556276 792.829021
0.048612 385.895269 168.455456 571.115871 80.175515 697.781869 38.564389 764.902128
0.050444 375.989688 166.010070 553.489627 79.900001 676.531270 38.574841 737.977471
0.052345 364.764414 163.639331 538.635909 79.279976 654.210431 38.587817 712.022850
0.054317 358.437671 160.938420 520.819740 78.798723 632.586601 38.603520 687.007167
0.056364 347.303345 159.615902 505.257576 78.671385 611.643029 38.622164 662.900367
0.058488 338.014819 158.032004 489.021183 78.548665 591.363607 38.643981 639.673401
0.060692 329.081494 156.710250 473.647283 78.430877 571.732828 38.669220 617.298171
0.062979 319.692391 155.701068 457.669308 77.863591 552.683446 38.698148 595.747497
0.065352 310.671000 152.786634 442.228504 77.300316 534.357862 38.731053 574.995072
0.067815 302.730903 150.729121 427.336420 76.649427 516.585216 38.768241 555.015430
0.070370 297.277629 148.412114 412.998356 75.745555 499.404198 38.810043 535.783908
0.073022 288.193758 145.841478 400.190882 75.683461 482.801575 38.856813 517.276620
0.075774 279.560662 144.028478 388.195619 75.170198 466.764431 38.908931 499.470427
0.078629 270.580563 142.391919 374.951037 74.722202 451.280133 38.966802 482.342913
0.081592 262.810346 141.298562 362.944198 74.829393 436.811602 39.030863 466.023808
0.084666 255.351770 138.704677 350.743254 74.947088 422.146691 39.101579 451.164396
0.087857 249.323565 136.428795 339.151231 75.076068 408.021431 39.179450 436.830525
0.091167 241.858429 134.093957 328.113537 75.217164 395.035062 39.265010 423.007182
0.094603 235.249030 131.861244 317.516254 75.371260 383.153718 39.358830 409.679948
0.098168 228.538495 130.248480 308.305416 75.539300 370.510240 39.461521 396.834978
0.101867 223.106832 128.642357 298.644160 75.722287 358.354083 39.573735 384.458977
0.105705 216.614510 126.801157 289.685421 75.921288 346.735941 39.696171 372.539184
0.109688 210.063265 125.293879 281.205933 75.924033 335.737756 39.829574 361.063350
0.113822 203.563281 123.343835 272.805888 75.866996 325.238369 39.974740 349.700382
0.118111 197.257740 121.254361 264.356626 75.827858 315.304362 40.132519 338.603694
0.122561 191.769458 119.023180 256.437852 75.807657 305.776811 40.303819 327.974266
0.127180 187.012108 116.816353 249.052513 75.807488 296.694891 40.489609 317.797235
0.131972 181.819799 114.636455 241.555515 75.828499 287.781284 40.690923 308.058333
0.136945 176.725907 113.504310 234.585139 75.864823 279.294874 40.908866 298.743872
0.142105 172.579938 112.176816 227.910003 75.876592 271.167031 41.144616 289.840728
0.147460 168.708329 110.863906 222.078243 75.754313 263.261253 41.399433 281.336336
0.153017 164.537215 108.805947 216.472845 75.251166 255.716186 41.674659 273.218677
0.158783 161.003804 107.557485 210.702182 74.787643 248.743414 41.971732 265.611002
0.164766 157.179654 105.931485 204.950088 74.365018 241.931961 42.292185 258.676790
0.170975 153.272178 104.022518 199.476574 74.288939 235.469793 42.637659 252.014243
0.177417 150.130696 103.184543 194.675745 74.536094 229.311696 43.009909 245.626988
0.184103 146.416201 102.427868 190.116200 74.816551 223.444671 43.410813 239.517460
0.191040 143.233086 102.030926 186.073965 75.132162 218.023960 43.842383 233.687033
0.198239 140.287841 101.493122 182.545992 75.484882 212.722912 44.306777 228.136165
0.205709 137.503450 101.080315 178.607190 75.876779 207.711939 44.806309 222.864541
0.213460 135.045752 100.974906 174.815053 76.050721 202.986500 45.343464 217.871216
0.221504 132.607123 100.361022 171.968895 75.701112 198.579646 45.920914 213.154757
0.229851 129.970320 100.039796 169.095366 74.806114 194.443949 46.541532 208.713382
0.238512 127.800117 99.280801 165.957703 73.990824 190.574365 47.208413 204.545092
0.247499 125.836883 98.521929 163.126066 74.527401 186.947887 47.924891 200.647793
0.256826 124.125682 98.322992 160.532637 75.391733 183.541126 48.694562 197.019413
0.266503 122.441345 98.282784 158.138995 76.340669 180.520072 49.521308 193.658012
0.276546 121.461068 98.261709 155.977489 76.444620 177.835967 50.409320 190.561879
0.286967 120.003143 97.978102 153.754890 76.272438 175.395663 51.363128 187.729623
0.297780 119.036944 98.053248 152.497604 76.928210 173.135222 52.387625 185.160253
0.309001 118.034437 97.918415 150.694782 77.364181 171.049919 53.488105 182.853255
0.320645 116.948255 98.140574 149.105853 77.602474 169.060904 54.626377 180.808657
0.332727 116.626275 97.886646 148.002865 77.761531 167.313838 55.812684 179.027091
0.345265 116.331172 97.528772 147.106434 77.708679 166.144329 57.085647 177.509847
0.358275 115.740737 97.449647 146.410245 78.339446 164.890399 58.424677 176.258924
0.371776 115.882704 97.866993 145.860583 78.625590 164.241052 59.492155 175.230647
0.385785 115.832507 97.913137 145.281518 79.472099 163.683859 60.899103 174.431176
0.400322 116.397649 97.875031 145.167227 79.882636 163.795713 62.694568 173.905511
0.415407 116.959928 97.958200 145.381297 80.426432 163.604473 64.625582 173.658510
0.431060 117.816994 98.362215 145.781052 81.226471 163.811880 66.702627 173.695901
0.447304 118.646653 99.386121 146.193442 82.611929 164.737177 68.936980 174.024328
0.464159 119.644649 100.343242 147.113526 83.705746 165.870984 71.252446 174.651383
0.481649 120.778346 101.048682 148.339099 85.512478 167.228608 73.651971 175.585658
0.499799 122.217789 102.202648 150.310733 86.973481 168.825937 76.225981 176.836784
0.518632 124.053967 103.396502 151.954284 88.812035 170.661640 78.942690 178.415481
0.538175 126.109748 104.713341 154.050656 90.886108 172.355397 80.589467 180.357644
0.558455 128.363002 106.441866 156.630238 92.922746 174.378354 82.420843 182.867252
0.579498 131.238269 108.323014 159.484340 95.353513 176.942114 84.448395 185.930099
0.601335 134.095890 110.558875 162.588501 97.742212 179.855797 86.684652 189.367114
0.623994 137.227102 113.222786 166.186029 100.494095 183.025143 90.242610 193.198827
0.647508 140.333385 115.950308 170.188884 103.916896 186.586714 94.111777 197.447293
0.671907 143.921787 118.934656 174.283472 107.624195 190.861967 98.303187 202.136187
0.697226 148.210201 121.945194 179.030500 110.946230 195.785829 102.841636 207.290892
0.723499 152.384387 125.348417 184.162911 114.822399 201.797358 106.874951 212.938604
0.750762 156.778181 129.013742 190.067507 118.539354 207.473019 110.583139 219.108434
0.779052 161.701421 133.279580 196.144608 123.007363 214.974278 114.075369 225.831513
0.808408 167.023767 137.745584 202.898594 127.153753 222.231919 117.883282 234.484384
0.838870 172.877956 142.547115 209.890598 131.778015 229.804558 122.026262 246.142553
0.870480 178.980207 147.896519 217.479677 136.867901 238.179242 126.525121 258.610422
0.903282 185.889539 153.682585 225.677800 142.447921 247.559401 131.402190 271.939209
0.937319 193.411930 159.992530 234.462435 148.159871 257.045331 136.681413 286.183168
0.972639 201.731185 166.598326 244.446838 154.663019 268.090330 142.626690 301.399812
1.009290 210.426240 173.995707 254.705323 161.350348 279.325633 149.809389 317.650177
1.047322 219.940150 181.610606 266.225518 168.582435 291.081645 157.555223 334.999099
1.086787 230.460507 189.831573 278.574348 176.834979 304.116421 165.903040 353.515524
1.127740 241.653020 198.749480 291.460156 185.318218 318.131451 173.583464 373.272848
1.170235 253.231102 208.232571 306.095495 194.083624 333.553286 181.671952 394.349274
1.214332 265.751081 218.313418 320.768880 203.536141 350.128352 190.347509 416.828203
1.260090 279.186636 229.158064 336.497354 214.152679 368.604358 199.645536 440.798637
1.307573 293.900216 240.922831 353.345033 225.480453 388.945114 209.603488 466.355613
1.356845 309.185198 253.398326 371.755997 237.001882 409.750691 220.260959 493.600647
1.407973 325.392165 266.731476 392.049578 249.328390 431.224741 231.659763 522.642191
1.461028 342.837359 280.423663 412.817751 262.508346 456.099981 243.844017 553.596102
1.516083 361.097325 295.989822 434.987413 276.592778 481.973547 256.860222 586.586118
1.573212 380.956679 312.798258 458.948380 291.850830 509.254643 271.005416 621.744325
1.632493 402.609535 330.640430 484.230387 307.888060 538.243045 286.632310 659.211638
1.694009 425.568409 349.361120 510.629830 325.550641 569.029717 303.359701 699.138257
1.757842 449.653475 369.294002 539.199586 343.661458 601.709897 321.258165 741.684127
1.824081 476.703396 390.275726 569.518753 362.913678 636.383277 340.402452 787.019377
1.892816 504.219920 412.747526 602.548692 382.867163 673.154160 360.871673 835.324748
1.964141 533.345438 436.785909 637.852365 405.382425 712.131623 382.749501 886.707888
2.038154 564.443989 462.839671 675.560639 427.265901 754.378386 406.017533 937.103936
2.114955 597.490866 489.396621 715.112347 451.721527 798.154479 429.408643 984.379848
2.194651 632.613620 518.466099 756.883914 477.986760 844.526318 454.256708 1030.772557
2.277350 668.974639 549.151767 801.666649 505.820095 895.018439 480.638931 1072.405998
2.363165 708.958068 581.356877 847.968770 534.837419 947.520655 508.635585 1111.611183
2.452213 751.100699 615.658102 898.549472 567.052530 1004.687978 538.330042 1151.106821
2.544617 794.109233 652.640024 950.100248 600.959915 1065.705926 569.808782 1189.148564
2.640503 840.372592 690.347754 1006.199839 635.082575 1132.284618 603.161403 1255.923613
2.740003 886.505054 730.487769 1065.897642 671.572091 1198.765761 638.480611 1321.580897
2.843251 938.204286 773.706732 1129.564229 709.933324 1261.662434 675.862207 1388.230321
2.950391 992.211554 821.019261 1196.067883 751.431232 1331.827557 715.405053 1452.821508
3.061567 1050.275365 869.949216 1267.767723 793.381861 1408.829561 757.211041 1516.447009
3.176933 1109.279517 920.339384 1338.981202 838.205605 1482.118736 796.984131 1579.156056
3.296646 1171.405438 975.564926 1411.508421 888.428496 1563.614279 837.869823 1654.166683
3.420870 1237.001865 1032.262770 1489.396136 937.735224 1657.247266 880.642797 1745.198733
3.549775 1307.846376 1092.952425 1572.358229 990.425887 1745.701850 925.358858 1847.463618
3.683537 1381.370283 1152.701908 1658.555643 1046.976145 1845.974599 972.073469 1952.119278
3.822340 1457.374028 1215.131598 1753.277063 1106.511430 1951.621333 1020.841614 2056.937790
3.966373 1527.859342 1284.311009 1853.463085 1159.224196 2060.598642 1071.717660 2166.588438
4.115834 1606.562881 1352.579355 1948.899822 1208.822046 2173.661459 1124.755219 2280.489610
4.270926 1686.344116 1421.415382 2047.637640 1264.757266 2283.296050 1170.038858 2424.447246
4.431863 1775.466215 1492.940741 2154.969082 1329.735510 2409.140285 1188.705750 2570.561952
4.598864 1871.413314 1570.754389 2263.688389 1386.340159 2544.140386 1206.661038 2713.786099
4.772158 1961.845042 1639.023739 2374.452540 1447.194948 2666.155027 1223.935677 2866.638854
4.951983 2053.860423 1715.054064 2498.170118 1482.559275 2810.621446 1240.558752 3003.307506
5.138583 2139.073443 1787.338313 2605.851093 1527.836993 2952.387941 1256.557644 3134.558240
5.332215 2229.485434 1873.133328 2729.185223 1563.623830 3116.227273 1271.958176 3301.087894
5.533143 2324.258837 1956.609629 2850.074022 1591.245040 3278.739173 1286.784747 3490.428612
5.741642 2434.085529 2036.832125 2975.185980 1621.225878 3449.048964 1301.060449 3689.344108
5.957999 2537.141388 2108.613570 3110.912734 1636.968525 3634.655179 1314.807172 3898.188375
6.182508 2645.337037 2198.733589 3249.957494 1651.619980 3805.822465 1328.045701 4117.318935
6.415476 2765.110317 2276.970258 3406.282005 1683.130679 3964.505162 1340.795796 4347.096180
6.657224 2859.433414 2347.264260 3557.982159 1716.510136 4171.189013 1353.076270 4587.882669
6.908081 2972.304183 2408.191356 3707.751294 1745.849395 4366.392167 1364.905057 4840.042395
7.168391 3090.540127 2477.387692 3857.755892 1764.713857 4584.653638 1376.299274 5103.776494
7.438510 3212.686849 2530.742615 4024.887154 1792.382242 4784.019058 1387.275273 5368.434170
7.718807 3343.114812 2583.097395 4187.540725 1808.496740 4996.875687 1397.848694 5627.550544
8.009667 3480.852508 2640.666889 4352.784230 1830.966553 5226.787482 1408.034508 5881.265635
8.311487 3602.552201 2687.645357 4519.605612 1851.554456 5443.627974 1417.847060 6129.713235
8.624680 3724.480394 2735.376440 4715.996578 1864.132806 5675.103290 1427.300103 6373.021411
8.949674 3855.173207 2793.182540 4913.620959 1873.345162 5873.322533 1436.406833 6647.061016
9.286915 3971.464582 2834.495812 5105.252218 1893.622716 6126.249710 1445.179921 6995.492878
9.636864 4100.059524 2875.843612 5305.767932 1919.493348 6418.833720 1453.631540 7279.752545
10.000000 4235.502168 2909.026398 5510.252030 1928.893244 6653.920636 1461.773390 7502.383623
