0.010000 898058391.038817 268353550.783485 1694056656.305280 93840206.031119 1939371196.490390 47453767.344751 2166254700.701952
0.012068 804261615.313833 259229756.706996 1440704960.923936 92483667.891207 1628264191.057469 47320359.303447 1801120366.502756
0.014563 716708398.824985 247123005.923390 1228228857.037289 91133428.948791 1373093822.064766 47182505.828185 1517744019.763036
0.017575 632144689.249398 230493440.947755 1044613863.790531 89785794.263266 1156474565.113726 47039054.749899 1263764618.151691
0.021210 561827516.307224 213370015.162023 888846077.827722 88435912.715299 967057081.232615 46888533.546412 1046440670.173497
0.025595 499218890.233426 199321293.968184 748422589.896224 86724951.637776 819777885.924963 46729046.008174 864649392.434574
0.030888 445120104.566646 187269806.771343 625449614.551306 84939168.334164 689485311.796425 46558131.307016 724457653.006007
0.037276 391928865.385205 174319955.527764 520197314.064427 82102396.593261 571628438.900951 46372570.873177 605188956.493825
0.044984 341295172.199061 162443823.943045 433691369.164909 80638672.015226 473926009.993877 46168122.988428 507198654.721197
0.054287 296827595.326287 149383520.715282 359457973.979314 78878655.619117 391395170.338470 45939157.719530 417036880.196982
0.065513 253753355.162062 136938404.554348 298300081.904889 74429596.830814 324032025.075731 45678155.684217 346298062.382763
0.079060 216083544.797714 124628800.043337 247470716.957951 70177474.899114 268223900.248423 45375023.653304 283124051.646607
0.095410 183713163.560625 113610024.523843 204770860.991177 66775161.519004 221359219.991453 45016170.128219 231459204.527321
0.115140 154261762.410585 103121270.581907 169538834.612196 63495016.691817 182203022.680361 44583280.018701 189531127.976595
0.138950 128613106.714825 92803532.962276 140439707.334258 62149816.161562 149724807.931209 44051741.267625 156124322.903431
0.167683 106963816.242530 82523744.438739 115826658.839635 60327530.259853 122964967.333215 43388732.107805 129003724.255616
0.202359 88962446.854335 72341379.752752 95800543.594375 56076178.945057 100931001.947986 42551121.187871 105855323.870689
0.244205 73710419.931727 62940860.125452 78979734.958317 51604245.755316 82961130.138373 41342066.963167 86344556.453968
0.294705 60907794.003013 55018622.947939 64979750.653971 46826846.457032 68098541.615734 39122540.555399 71502878.499714
0.355648 50280969.336304 47057177.523694 53170850.526352 42005962.966923 55859854.036406 37265013.661876 58512505.859944
0.429193 41490646.801446 39535703.802918 43527298.681192 36414700.360942 45572618.353905 33727583.997495 48741378.670779
0.517947 34058300.390708 32505665.241147 35672582.452831 30938919.049772 37616869.093831 29033825.973834 39977311.131476
0.625055 27699472.761794 26612581.752606 29146705.588877 25634097.005487 31185403.088855 24746730.824071 33934241.110024
0.754312 22408716.453261 21606715.347553 23691558.604282 20849703.821621 25845084.105096 20224675.362056 29059917.310965
0.910298 18037261.621027 17404065.201810 19104357.013323 16819756.478782 21183352.251471 16366803.265187 24211602.027330
1.098541 14394497.248444 13881017.976657 15378950.375502 13460614.116513 17317075.312372 13104770.817375 19706352.152079
1.325711 11415429.107178 10953980.959602 12359888.384943 10666712.855162 13865662.228134 10427773.851580 15738056.651320
1.599859 8992632.678494 8570843.439138 9844070.183764 8303630.021824 11004421.990770 8124097.367252 12526351.879113
1.930698 7038009.606022 6629448.136992 7720663.134966 6355664.899373 8791090.927792 6096491.287080 9817166.711639
2.329952 5417895.939253 5041746.888128 5914785.181724 4746982.295086 6820770.648934 4398832.338469 7267364.475647
2.811769 4107708.396797 3767372.926430 4519159.833412 2952691.773178 5202728.049569 1982604.722173 5753277.963550
3.393222 3052046.487977 2709730.555379 3375427.598441 1584669.187985 3741176.290495 880399.143654 4129580.191808
4.094915 2188464.671549 1704123.041356 2438514.378019 831771.260774 2701539.695001 381121.714380 2999481.353693
4.941713 1488873.889465 876451.701737 1736739.888597 449541.676813 1961061.908075 162114.463418 2070675.352558
5.963623 971133.760747 443525.479393 1208527.226123 214337.672113 1369661.683777 68957.234022 1559634.488942
7.196857 560578.231612 214852.495081 825363.773773 96124.796812 965674.086061 29331.745137 1055280.086513
8.685114 291812.331275 105923.197041 536673.074995 40202.747361 657906.037549 12476.591977 738883.507737
10.481131 144725.042345 51911.968738 342836.653344 17767.612843 441532.617911 5307.060546 496492.209220
12.648552 71371.576952 25357.514229 206541.651922 7306.968799 289707.229111 2257.418668 335995.063397
15.264180 36621.970414 11996.173705 110629.560078 3069.563117 179103.213703 960.218750 225314.229630
18.420700 18410.896184 5607.286916 57136.307992 1432.667099 106908.020867 408.439985 130031.138867
22.229965 8931.233124 2594.345367 27840.764819 608.011131 49162.382515 173.734601 71794.544316
26.826958 4432.276634 1218.988251 13677.837445 238.401260 24263.207264 73.899992 37948.600397
32.374575 2224.607138 581.706773 6839.056444 103.597535 12763.980249 31.434204 20237.498377
39.069399 1104.731839 266.184184 3395.857581 46.177190 6921.565019 13.370897 11479.813491
47.148664 558.082626 120.865829 1729.564056 19.326826 3705.791369 5.687463 6511.976695
56.898660 281.507516 52.996827 873.430023 8.564045 2030.265524 2.370255 3683.933896
68.664885 138.495395 23.841568 445.130892 3.488964 1102.419710 0.926227 2034.023217
82.864277 67.626579 10.844753 238.907186 1.407145 588.702237 0.372177 1123.052303
100.000000 33.086257 4.609787 126.601534 0.587555 315.280213 0.157492 620.074769
