0.010000 4810.542851 1231.130990 9553.450212 404.434417 11828.591387 199.717751 13475.873818
0.012068 7515.174714 2054.921468 14531.816457 698.752006 17337.231787 350.060673 19698.483176
0.014563 11672.126842 3466.140213 22042.621852 1210.384295 25409.139292 613.532900 28790.298223
0.017575 18254.271860 5851.614486 33138.443818 2096.367081 37303.533593 1075.208087 42070.623547
0.021210 28668.665637 9801.325658 49240.056910 3630.264383 55248.226276 1884.071915 61462.126528
0.025595 44581.411982 16064.349217 73486.247977 6285.113789 81337.111808 3300.958806 89763.921276
0.030888 69322.913737 26181.325554 109338.126295 10878.295171 119519.488988 5782.346703 131045.973323
0.037276 107651.429366 42896.894507 162695.972419 18730.974138 175944.660857 10126.709562 191217.308531
0.044984 169122.924592 70909.037639 239342.855984 32185.919252 259951.780049 17729.846263 278842.940993
0.054287 262414.758294 116225.037107 352454.438156 54786.720491 383203.567701 31029.669998 406317.163341
0.065513 401956.584778 189970.096206 515129.548546 94471.316727 561049.094102 54279.492385 591549.062109
0.079060 611124.210544 306197.711001 755264.417603 161916.895556 816788.782711 94888.751927 864110.184979
0.095410 928605.282708 494094.416557 1100990.447715 268441.360403 1194571.171658 165738.911783 1258503.320471
0.115140 1388533.609490 790874.076938 1607955.061975 444661.436951 1735751.709030 289163.169825 1835071.949421
0.138950 2069139.576610 1269445.699901 2340893.297400 743219.836435 2531873.085428 503736.129450 2659832.420856
0.167683 3072312.991058 2015207.790597 3403345.003626 1240854.608684 3669898.504247 875740.470229 3848054.481255
0.202359 4538013.890851 3203541.974504 4954012.448163 2129304.426391 5320322.637220 1518255.744377 5558296.628954
0.244205 6638949.660602 4967143.992913 7195010.968902 3615862.906348 7694889.081254 2622289.840446 8023881.515330
0.294705 9704030.271853 7727121.358986 10441131.586338 5918527.358290 11097655.193138 4506071.540495 11535212.297276
0.355648 14153718.659698 11795064.517538 15122863.103625 9634884.162023 15973372.220995 7669467.130565 16612019.647270
0.429193 20560987.294476 18034987.335449 21862802.895930 15295280.359461 22950375.507185 12685748.470127 23823804.015680
0.517947 29832570.703049 27370048.019894 31571916.025849 24077889.329477 33015777.307693 21209404.176465 34023507.753706
0.625055 43137162.752497 40795108.144254 45408507.435515 37122689.456386 47361717.281762 34198764.265425 48508590.346370
0.754312 62350401.308848 59742154.854266 65151054.218514 56020128.796447 67837560.703457 52283775.241932 69730865.103644
0.910298 89654085.525604 86362695.385287 93444752.301084 82906409.211350 97702951.409814 79002262.835654 102468511.692702
1.098541 128118627.634931 123821654.898136 133759256.625663 119731302.682400 140536183.164461 115670225.960554 154460056.839668
1.325711 181852525.406694 175868653.969595 189872451.037649 170047635.583563 203588021.096151 165275520.055253 227998339.186538
1.599859 256163244.276578 247740399.855021 268894376.162376 239997627.684825 293354909.236979 233493879.867491 330549020.239047
1.930698 358259173.460059 345241068.686839 380730426.618973 336221286.038738 417915813.696262 328248410.407887 472454580.988120
2.329952 498229303.275673 477031789.349252 536714459.965430 464136437.201508 588855444.688090 451676419.233028 641965287.284472
2.811769 687631741.905901 652375147.747314 740087002.418115 630074391.652955 811372888.571230 613493783.840412 852675224.675899
3.393222 933428530.092170 879139955.055482 1004620670.523471 838088436.366944 1101775899.923662 788162166.690077 1163837741.796316
4.094915 1248639052.492359 1162633699.967878 1341395146.244563 1037665266.550864 1449213712.999717 901665287.579673 1571063830.369330
4.941713 1636056392.308771 1487109839.226848 1757538688.346727 1140567227.916865 1871759124.674053 962170090.353154 2007339435.582247
5.963623 2073524265.806783 1788845521.166061 2269264647.845875 1266605149.501744 2452367162.254982 1006000024.602545 2632336031.025563
7.196857 2560745031.269866 2020099330.613028 2890953417.433352 1405589259.980654 3151968820.802946 1040206809.253199 3460259161.021124
8.685114 3088105055.255998 2217724196.344226 3632560476.969908 1491921884.528288 4031887460.136331 1066903269.929556 4386910271.146307
10.481131 3564555462.780322 2381840811.200618 4452781324.163956 1594192099.823478 5075874086.040535 1087738347.529599 5527037126.202257
12.648552 4002257445.180173 2532578208.100408 5343524232.822451 1689736908.423593 6302053875.580057 1102114140.011070 6890469775.856389
15.264180 4353970049.536441 2637588460.273198 6288938043.518426 1755159798.681068 7655821988.571520 1111476437.754059 8527731988.894096
18.420700 4659346334.667734 2730902226.773321 7165314189.542590 1767845085.886093 9027728040.515476 1118475477.786750 10353046976.095938
22.229965 4862481099.897752 2817080669.277564 7958443521.569188 1793607933.777709 10481214211.111288 1123707800.313119 12389503611.627760
26.826958 5087066777.134974 2882281107.480109 8509003698.834110 1822992332.074442 11721738805.902929 1127619365.169453 13980215141.260870
32.374575 5324958148.556860 2943005440.558208 9096914376.093674 1839517182.179957 12526319504.703009 1130543561.747206 15409720671.589748
39.069399 5508957587.643319 2996987651.703968 9634435415.132267 1844614937.844461 13355386338.834887 1132729624.343482 16711268101.938366
47.148664 5592925907.461495 3039677899.127232 10052665700.395752 1848264745.115714 13980108521.805386 1134363874.828280 17874097008.308060
56.898660 5762474380.392262 3079781009.249346 10451072850.637463 1851940763.756245 14726337613.087967 1135585603.177511 19224820385.110260
68.664885 5891911449.127170 3135482697.180071 10800601533.845423 1885230700.645438 15359509742.967787 1136498939.396896 20484528261.000385
82.864277 6023237008.749566 3182867955.263589 11037472422.720997 1889968353.157545 16023838973.045387 1137181728.701217 21659353513.774551
100.000000 6145077250.418196 3240006217.563972 11408740728.490932 1892033430.947452 16517065477.187244 1137692166.395683 22968594879.852051
