0.02776 5.123697 1.175457
0.063064 8.298981 1.903917
0.080057 5.219251 1.197378
0.098714 4.343972 0.996575
0.11457 5.183424 1.189159
0.127536 4.900608 1.124277
0.138605 5.99559 1.375483
0.14958 4.241101 0.972975
0.162233 3.785552 0.868465
0.174625 3.791729 0.869882
0.189073 2.461148 0.564626
0.204257 2.885286 0.66193
0.218238 2.4847 0.570029
0.237021 1.448377 0.33228
0.256345 1.968873 0.45169
0.277921 1.032978 0.236981
0.304977 0.973168 0.22326
0.334258 0.739288 0.169604
0.375087 0.42359 0.097178
0.467467 0.125075 0.028694
