0.010000 7.650881 7.341968 7.979897 7.021821 8.345828 6.808734 8.834186
0.012068 7.634540 7.326525 7.962891 7.007391 8.326384 6.795006 8.812634
0.014563 7.610537 7.304153 7.938257 6.986486 8.298227 6.775116 8.781433
0.017575 7.575002 7.271371 7.901586 6.956422 8.257495 6.746319 8.736309
0.021210 7.525526 7.224090 7.847602 6.914354 8.198943 6.704614 8.671066
0.025595 7.453636 7.157120 7.768972 6.853844 8.115826 6.644641 8.577463
0.030888 7.351555 7.061167 7.659350 6.767056 7.997214 6.558870 8.444037
0.037276 7.206311 6.924468 7.502378 6.636213 7.828770 6.436670 8.254868
0.044984 7.000033 6.735296 7.280989 6.452382 7.592930 6.264794 7.990625
0.054287 6.717672 6.470461 6.976234 6.203938 7.268542 6.026880 7.628354
0.065513 6.334762 6.114301 6.567053 5.868651 6.832289 5.704065 7.143376
0.079060 5.831991 5.638760 6.034237 5.425721 6.258001 5.278337 6.515629
0.095410 5.202601 5.045888 5.370653 4.858973 5.551467 4.740202 5.744254
0.115140 4.452096 4.326225 4.585161 4.189054 4.718857 4.097441 4.852677
0.138950 3.623441 3.523836 3.719502 3.434523 3.806686 3.361609 3.887933
0.167683 2.771371 2.704836 2.838991 2.643104 2.903713 2.566313 2.944830
0.202359 1.982355 1.937047 2.028940 1.890994 2.082996 1.837091 2.110232
0.244205 1.322226 1.290214 1.357555 1.260815 1.394372 1.216260 1.422555
0.294705 0.826254 0.803453 0.848731 0.782314 0.875107 0.756993 0.900342
0.355648 0.483803 0.468902 0.499398 0.454831 0.516938 0.441805 0.534188
0.429193 0.268143 0.258680 0.277448 0.250071 0.287762 0.240700 0.298878
0.517947 0.143335 0.137789 0.148602 0.132813 0.154591 0.126830 0.160908
0.625055 0.073935 0.070835 0.076826 0.068143 0.080059 0.065014 0.083489
0.754312 0.037007 0.035400 0.038555 0.033983 0.040247 0.032422 0.041990
0.910298 0.018216 0.017392 0.019001 0.016684 0.019863 0.015913 0.020748
1.098541 0.008891 0.008484 0.009283 0.008135 0.009723 0.007755 0.010166
1.325711 0.004280 0.004082 0.004473 0.003912 0.004688 0.003729 0.004907
1.599859 0.002035 0.001940 0.002129 0.001858 0.002232 0.001771 0.002337
1.930698 0.000975 0.000929 0.001020 0.000889 0.001070 0.000848 0.001121
2.329952 0.000464 0.000442 0.000486 0.000423 0.000509 0.000403 0.000533
2.811769 0.000219 0.000209 0.000229 0.000199 0.000240 0.000190 0.000252
3.393222 0.000104 0.000099 0.000108 0.000094 0.000114 0.000090 0.000119
4.094915 0.000049 0.000047 0.000051 0.000045 0.000054 0.000043 0.000057
4.941713 0.000023 0.000022 0.000024 0.000021 0.000025 0.000020 0.000027
5.963623 0.000011 0.000010 0.000011 0.000010 0.000012 0.000009 0.000013
7.196857 0.000005 0.000005 0.000005 0.000005 0.000006 0.000004 0.000006
8.685114 0.000002 0.000002 0.000003 0.000002 0.000003 0.000002 0.000003
10.481131 0.000001 0.000001 0.000001 0.000001 0.000001 0.000001 0.000001
12.648552 0.000000 0.000000 0.000000 0.000000 0.000000 0.000000 0.000000
15.264180 0.000000 0.000000 0.000000 0.000000 0.000000 0.000000 0.000000
18.420700 0.000000 0.000000 0.000000 0.000000 0.000000 0.000000 0.000000
22.229965 0.000000 0.000000 0.000000 0.000000 0.000000 0.000000 0.000000
26.826958 0.000000 0.000000 0.000000 0.000000 0.000000 0.000000 0.000000
32.374575 0.000000 0.000000 0.000000 0.000000 0.000000 0.000000 0.000000
39.069399 0.000000 0.000000 0.000000 0.000000 0.000000 0.000000 0.000000
47.148664 0.000000 0.000000 0.000000 0.000000 0.000000 0.000000 0.000000
56.898660 0.000000 0.000000 0.000000 0.000000 0.000000 0.000000 0.000000
68.664885 0.000000 0.000000 0.000000 0.000000 0.000000 0.000000 0.000000
82.864277 0.000000 0.000000 0.000000 0.000000 0.000000 0.000000 0.000000
100.000000 0.000000 0.000000 0.000000 0.000000 0.000000 0.000000 0.000000
