0.010000 3.901038 1.995520 8.690691 1.112421 20.358099
0.012068 4.298266 2.302673 9.105231 1.331039 20.379007
0.014563 4.717093 2.652481 9.502748 1.581478 20.484472
0.017575 5.173441 3.051427 9.949328 1.882458 20.313802
0.021210 5.690541 3.492811 10.379112 2.218526 20.159178
0.025595 6.250450 3.994757 10.850645 2.609978 20.144099
0.030888 6.865994 4.549611 11.345470 3.057451 20.112165
0.037276 7.538912 5.155456 11.902644 3.564444 20.278346
0.044984 8.276612 5.823754 12.549958 4.123848 20.451240
0.054287 9.077467 6.540758 13.169772 4.737000 20.650395
0.065513 9.942569 7.314762 13.892153 5.411241 20.509969
0.079060 10.860298 8.138985 14.684327 6.104397 20.772115
0.095410 11.839129 9.001583 15.526095 6.836084 21.254859
0.115140 12.897739 9.911883 16.403632 7.617387 21.789196
0.138950 14.019214 10.866619 17.498248 8.443120 22.378482
0.167683 15.209404 11.841326 18.696908 9.319981 22.955325
0.202359 16.422053 12.846920 20.061797 10.221395 23.854128
0.244205 17.706042 13.843989 21.519343 10.935701 25.320765
0.294705 19.110429 14.854925 23.184265 11.756760 27.069528
0.355648 20.638837 15.938453 25.015076 12.742192 29.026051
0.429193 22.226696 16.970157 27.065085 13.269007 31.848583
0.517947 23.948098 17.998482 29.242376 13.696240 34.470031
0.625055 25.832027 19.069559 31.664816 14.085661 37.347992
0.754312 27.844076 20.146411 34.305975 14.360963 40.761634
0.910298 30.072311 21.248420 37.300135 14.529567 44.700195
1.098541 32.631164 22.458573 40.718859 14.607776 49.318017
1.325711 36.340989 24.261800 49.435698 15.132380 73.781794
1.599859 41.978846 26.436951 69.229468 15.974802 112.878878
1.930698 57.040673 29.709158 99.675525 17.255172 174.150037
2.329952 82.670581 35.106196 146.109746 19.358913 270.706155
2.811769 118.838904 46.760566 219.122668 22.710899 368.916198
3.393222 171.846236 68.683256 331.077060 27.537363 552.132316
4.094915 246.533817 101.166181 506.050571 34.763729 859.880013
4.941713 354.512441 144.402169 785.366913 44.762321 1334.425964
5.963623 508.555425 207.206418 1182.668336 58.948308 2077.052821
7.196857 745.744388 295.788467 1810.075964 77.920331 3233.492048
8.685114 1108.314589 420.153886 2761.343940 111.186811 5064.723340
10.481131 1643.114378 595.402908 4257.582552 159.494421 7996.498191
12.648552 2434.857620 838.423014 6559.175143 230.214561 12420.039746
15.264180 3597.971879 1173.023387 10037.233764 327.780398 19612.896799
18.420700 5264.159642 1649.007361 15300.616399 450.656024 30598.449722
22.229965 7691.999475 2256.083368 23387.404900 641.567120 47755.468290
26.826958 11294.721546 3141.558218 35968.528580 900.278823 74504.960917
32.374575 16596.104127 4357.631346 56128.088016 1248.740798 118316.520411
39.069399 24560.493640 6102.914914 87310.527258 1726.997094 188845.479147
47.148664 36052.687243 8480.860230 136165.484142 2445.169550 300161.532425
56.898660 53104.801539 11856.877634 210760.571299 3437.862751 477714.275892
68.664885 78821.292505 16404.397753 324374.823665 4729.195720 748160.851115
82.864277 114955.904456 22759.235078 503054.727747 6505.490122 1186526.411187
100.000000 170162.336815 31770.060324 771993.904444 9038.230167 1863126.523045
