0.001000 0.000000 0.000000 0.000000 0.000000 0.000000 0.000000 0.000000
0.001038 0.000000 0.000000 0.000000 0.000000 0.000000 0.000000 0.000000
0.001077 0.000000 0.000000 0.000000 0.000000 0.000000 0.000000 0.000000
0.001117 0.000000 0.000000 0.000000 0.000000 0.000000 0.000000 0.000000
0.001159 0.000000 0.000000 0.000000 0.000000 0.000000 0.000000 0.000000
0.001203 0.000000 0.000000 0.000000 0.000000 0.000000 0.000000 0.000000
0.001248 0.000000 0.000000 0.000000 0.000000 0.000000 0.000000 0.000000
0.001296 0.000000 0.000000 0.000000 0.000000 0.000000 0.000000 0.000000
0.001344 0.000000 0.000000 0.000000 0.000000 0.000000 0.000000 0.000000
0.001395 0.000000 0.000000 0.000000 0.000000 0.000000 0.000000 0.000000
0.001448 0.000000 0.000000 0.000000 0.000000 0.000000 0.000000 0.000000
0.001502 0.000000 0.000000 0.000000 0.000000 0.000001 0.000000 0.000001
0.001559 0.000000 0.000000 0.000001 0.000000 0.000001 0.000000 0.000001
0.001617 0.000001 0.000000 0.000001 0.000000 0.000001 0.000000 0.000001
0.001678 0.000001 0.000001 0.000001 0.000000 0.000001 0.000000 0.000001
0.001742 0.000001 0.000001 0.000001 0.000001 0.000001 0.000000 0.000001
0.001807 0.000001 0.000001 0.000001 0.000001 0.000001 0.000001 0.000001
0.001875 0.000001 0.000001 0.000001 0.000001 0.000001 0.000001 0.000001
0.001946 0.000001 0.000001 0.000001 0.000001 0.000001 0.000001 0.000001
0.002019 0.000001 0.000001 0.000001 0.000001 0.000001 0.000001 0.000001
0.002095 0.000001 0.000001 0.000001 0.000001 0.000001 0.000001 0.000001
0.002174 0.000001 0.000001 0.000001 0.000001 0.000002 0.000001 0.000002
0.002256 0.000001 0.000001 0.000002 0.000001 0.000002 0.000001 0.000002
0.002341 0.000002 0.000001 0.000002 0.000001 0.000002 0.000001 0.000002
0.002430 0.000002 0.000002 0.000002 0.000001 0.000002 0.000001 0.000002
0.002521 0.000002 0.000002 0.000002 0.000002 0.000002 0.000001 0.000003
0.002616 0.000002 0.000002 0.000002 0.000002 0.000003 0.000002 0.000003
0.002715 0.000002 0.000002 0.000003 0.000002 0.000003 0.000002 0.000003
0.002817 0.000003 0.000002 0.000003 0.000002 0.000003 0.000002 0.000004
0.002923 0.000003 0.000003 0.000003 0.000003 0.000004 0.000002 0.000004
0.003033 0.000003 0.000003 0.000004 0.000003 0.000004 0.000003 0.000004
0.003148 0.000004 0.000003 0.000004 0.000003 0.000005 0.000003 0.000005
0.003266 0.000004 0.000004 0.000005 0.000004 0.000005 0.000003 0.000006
0.003389 0.000005 0.000004 0.000005 0.000004 0.000006 0.000004 0.000006
0.003517 0.000005 0.000005 0.000006 0.000004 0.000006 0.000004 0.000007
0.003650 0.000006 0.000005 0.000007 0.000005 0.000007 0.000005 0.000008
0.003787 0.000007 0.000006 0.000007 0.000006 0.000008 0.000005 0.000009
0.003930 0.000007 0.000007 0.000008 0.000006 0.000009 0.000006 0.000010
0.004078 0.000008 0.000008 0.000009 0.000007 0.000010 0.000006 0.000011
0.004232 0.000009 0.000008 0.000010 0.000008 0.000011 0.000007 0.000012
0.004391 0.000010 0.000009 0.000011 0.000009 0.000012 0.000008 0.000013
0.004557 0.000012 0.000011 0.000013 0.000010 0.000014 0.000009 0.000015
0.004728 0.000013 0.000012 0.000014 0.000011 0.000016 0.000010 0.000017
0.004906 0.000014 0.000013 0.000016 0.000012 0.000017 0.000011 0.000019
0.005091 0.000016 0.000015 0.000018 0.000013 0.000019 0.000012 0.000021
0.005283 0.000018 0.000016 0.000020 0.000015 0.000022 0.000014 0.000023
0.005482 0.000020 0.000018 0.000022 0.000017 0.000024 0.000015 0.000026
0.005689 0.000023 0.000021 0.000025 0.000019 0.000027 0.000017 0.000029
0.005903 0.000025 0.000023 0.000028 0.000021 0.000030 0.000019 0.000033
0.006126 0.000028 0.000026 0.000031 0.000023 0.000034 0.000021 0.000036
0.006356 0.000031 0.000029 0.000035 0.000026 0.000038 0.000024 0.000041
0.006596 0.000035 0.000032 0.000039 0.000029 0.000042 0.000027 0.000045
0.006844 0.000039 0.000036 0.000043 0.000033 0.000047 0.000030 0.000051
0.007102 0.000044 0.000040 0.000048 0.000036 0.000053 0.000033 0.000057
0.007370 0.000049 0.000045 0.000054 0.000041 0.000059 0.000037 0.000063
0.007648 0.000055 0.000050 0.000060 0.000045 0.000066 0.000042 0.000071
0.007936 0.000061 0.000056 0.000068 0.000051 0.000074 0.000046 0.000079
0.008235 0.000068 0.000062 0.000075 0.000057 0.000082 0.000052 0.000088
0.008545 0.000076 0.000070 0.000084 0.000063 0.000092 0.000058 0.000099
0.008867 0.000085 0.000078 0.000094 0.000071 0.000103 0.000065 0.000110
0.009201 0.000095 0.000087 0.000105 0.000079 0.000115 0.000072 0.000123
0.009548 0.000106 0.000097 0.000118 0.000088 0.000128 0.000081 0.000137
0.009908 0.000119 0.000108 0.000131 0.000099 0.000143 0.000090 0.000154
0.010281 0.000133 0.000121 0.000147 0.000110 0.000160 0.000101 0.000172
0.010669 0.000148 0.000135 0.000164 0.000123 0.000178 0.000113 0.000192
0.011071 0.000166 0.000151 0.000183 0.000138 0.000199 0.000126 0.000214
0.011488 0.000185 0.000169 0.000204 0.000154 0.000223 0.000141 0.000239
0.011921 0.000207 0.000188 0.000228 0.000172 0.000249 0.000157 0.000267
0.012370 0.000231 0.000211 0.000255 0.000192 0.000278 0.000176 0.000298
0.012836 0.000258 0.000235 0.000285 0.000214 0.000310 0.000196 0.000333
0.013320 0.000288 0.000263 0.000318 0.000239 0.000346 0.000219 0.000372
0.013822 0.000322 0.000293 0.000355 0.000267 0.000387 0.000245 0.000415
0.014343 0.000359 0.000328 0.000397 0.000298 0.000432 0.000273 0.000464
0.014883 0.000401 0.000366 0.000443 0.000333 0.000482 0.000305 0.000518
0.015444 0.000448 0.000408 0.000495 0.000372 0.000538 0.000341 0.000578
0.016026 0.000500 0.000456 0.000552 0.000416 0.000601 0.000381 0.000645
0.016630 0.000559 0.000509 0.000617 0.000464 0.000671 0.000425 0.000721
0.017256 0.000624 0.000569 0.000688 0.000518 0.000749 0.000474 0.000804
0.017907 0.000697 0.000635 0.000768 0.000579 0.000836 0.000530 0.000898
0.018581 0.000778 0.000709 0.000858 0.000646 0.000934 0.000592 0.001002
0.019281 0.000868 0.000791 0.000957 0.000721 0.001042 0.000660 0.001119
0.020008 0.000969 0.000883 0.001069 0.000805 0.001163 0.000737 0.001249
0.020762 0.001081 0.000986 0.001193 0.000899 0.001298 0.000823 0.001393
0.021544 0.001207 0.001101 0.001331 0.001003 0.001449 0.000919 0.001555
0.022356 0.001347 0.001228 0.001485 0.001120 0.001616 0.001025 0.001735
0.023199 0.001503 0.001371 0.001657 0.001250 0.001803 0.001144 0.001935
0.024073 0.001676 0.001530 0.001849 0.001395 0.002011 0.001277 0.002158
0.024980 0.001870 0.001707 0.002062 0.001556 0.002244 0.001425 0.002407
0.025921 0.002086 0.001904 0.002300 0.001737 0.002502 0.001590 0.002684
0.026898 0.002327 0.002124 0.002565 0.001937 0.002790 0.001774 0.002993
0.027911 0.002594 0.002368 0.002860 0.002161 0.003111 0.001979 0.003337
0.028963 0.002893 0.002641 0.003189 0.002410 0.003467 0.002207 0.003719
0.030055 0.003225 0.002945 0.003555 0.002688 0.003865 0.002461 0.004144
0.031187 0.003594 0.003283 0.003962 0.002997 0.004306 0.002744 0.004617
0.032362 0.004005 0.003659 0.004414 0.003341 0.004798 0.003060 0.005143
0.033582 0.004462 0.004078 0.004918 0.003724 0.005344 0.003411 0.005728
0.034847 0.004971 0.004543 0.005478 0.004150 0.005951 0.003801 0.006377
0.036160 0.005536 0.005060 0.006099 0.004624 0.006625 0.004235 0.007099
0.037523 0.006164 0.005635 0.006790 0.005151 0.007374 0.004718 0.007899
0.038937 0.006862 0.006273 0.007557 0.005736 0.008204 0.005255 0.008788
0.040404 0.007636 0.006981 0.008408 0.006387 0.009126 0.005852 0.009773
0.041927 0.008495 0.007767 0.009351 0.007109 0.010148 0.006514 0.010864
0.043507 0.009447 0.008640 0.010396 0.007910 0.011280 0.007250 0.012073
0.045146 0.010502 0.009608 0.011555 0.008799 0.012534 0.008066 0.013412
0.046847 0.011670 0.010683 0.012839 0.009785 0.013922 0.008972 0.014892
0.048612 0.012964 0.011873 0.014259 0.010878 0.015458 0.009975 0.016529
0.050444 0.014398 0.013189 0.015830 0.012088 0.017156 0.011087 0.018336
0.052345 0.015986 0.014643 0.017566 0.013427 0.019032 0.012319 0.020331
0.054317 0.017739 0.016250 0.019481 0.014908 0.021101 0.013681 0.022530
0.056364 0.019671 0.018024 0.021592 0.016545 0.023383 0.015187 0.024952
0.058488 0.021800 0.019981 0.023919 0.018353 0.025896 0.016852 0.027618
0.060692 0.024148 0.022147 0.026471 0.020348 0.028661 0.018689 0.030549
0.062979 0.026734 0.024533 0.029275 0.022548 0.031701 0.020716 0.033767
0.065352 0.029576 0.027147 0.032370 0.024970 0.035038 0.022949 0.037296
0.067815 0.032694 0.030020 0.035775 0.027635 0.038698 0.025408 0.041161
0.070370 0.036122 0.033173 0.039502 0.030565 0.042694 0.028112 0.045389
0.073022 0.039871 0.036630 0.043586 0.033781 0.047063 0.031083 0.050007
0.075774 0.043966 0.040418 0.048019 0.037307 0.051832 0.034343 0.055044
0.078629 0.048431 0.044559 0.052861 0.041192 0.057030 0.037915 0.060528
0.081592 0.053330 0.049090 0.058148 0.045411 0.062686 0.041825 0.066490
0.084666 0.058671 0.054031 0.063931 0.050018 0.068830 0.046098 0.072959
0.087857 0.064487 0.059410 0.070185 0.055042 0.075492 0.050762 0.079966
0.091167 0.070797 0.065257 0.076944 0.060509 0.082697 0.055844 0.087540
0.094603 0.077624 0.071607 0.084239 0.066458 0.090488 0.061372 0.095710
0.098168 0.084995 0.078513 0.092102 0.072913 0.098882 0.067375 0.104506
0.101867 0.092981 0.085982 0.100576 0.079880 0.107908 0.073881 0.113952
0.105705 0.101567 0.093978 0.109732 0.087445 0.117594 0.080921 0.124074
0.109688 0.110777 0.102666 0.119501 0.095600 0.127962 0.088522 0.134894
0.113822 0.120698 0.111903 0.129997 0.104340 0.139033 0.096711 0.146444
0.118111 0.131297 0.121861 0.141151 0.113630 0.150824 0.105514 0.158826
0.122561 0.142468 0.132448 0.153136 0.123639 0.163349 0.114956 0.171973
0.127180 0.154385 0.143779 0.165881 0.134257 0.176665 0.125059 0.185894
0.131972 0.167094 0.155885 0.179282 0.145564 0.190779 0.135842 0.200592
0.136945 0.180543 0.168610 0.193366 0.157727 0.205658 0.147320 0.215842
0.142105 0.194732 0.182060 0.208150 0.170622 0.221281 0.159507 0.232167
0.147460 0.209551 0.196350 0.223879 0.184254 0.237405 0.172397 0.249265
0.153017 0.225188 0.211369 0.240371 0.198614 0.254520 0.185957 0.267022
0.158783 0.241458 0.227117 0.257583 0.213655 0.272342 0.200222 0.285449
0.164766 0.258406 0.243349 0.275481 0.229409 0.290722 0.215184 0.304544
0.170975 0.276249 0.260182 0.293861 0.245798 0.309890 0.230828 0.324267
0.177417 0.294663 0.277839 0.312796 0.262792 0.329465 0.247132 0.344570
0.184103 0.313595 0.296111 0.332348 0.280298 0.349804 0.264071 0.365474
0.191040 0.333232 0.314948 0.352490 0.298198 0.370641 0.281610 0.387096
0.198239 0.353355 0.334303 0.372996 0.316666 0.391620 0.299711 0.409159
0.205709 0.373783 0.353891 0.394283 0.335894 0.412514 0.318329 0.431594
0.213460 0.394626 0.374136 0.415413 0.355529 0.433903 0.337413 0.454330
0.221504 0.415683 0.394555 0.437084 0.375405 0.456062 0.356910 0.477294
0.229851 0.437219 0.415422 0.458910 0.395292 0.478647 0.376784 0.500409
0.238512 0.458986 0.436635 0.480985 0.415244 0.501360 0.397096 0.523599
0.247499 0.480625 0.458060 0.503384 0.435920 0.524124 0.417651 0.546788
0.256826 0.502081 0.479186 0.525443 0.456859 0.546453 0.438379 0.569900
0.266503 0.523780 0.500342 0.547574 0.477854 0.568537 0.459213 0.592862
0.276546 0.545330 0.521231 0.569605 0.498836 0.590421 0.480084 0.615604
0.286967 0.566694 0.542065 0.591448 0.519725 0.612034 0.500923 0.638059
0.297780 0.587853 0.562566 0.612745 0.540495 0.633963 0.521662 0.660165
0.309001 0.608320 0.582710 0.633739 0.561026 0.655491 0.542190 0.681864
0.320645 0.628795 0.602315 0.654347 0.581224 0.676386 0.562233 0.703104
0.332727 0.648762 0.621885 0.674577 0.601082 0.697185 0.581980 0.723836
0.345265 0.668411 0.640932 0.694607 0.620625 0.717987 0.601377 0.744021
0.358275 0.687381 0.659606 0.714112 0.639064 0.737398 0.620377 0.763623
0.371776 0.706175 0.677917 0.733440 0.657008 0.755961 0.638937 0.782611
0.385785 0.724423 0.695274 0.751620 0.674358 0.774642 0.657018 0.800963
0.400322 0.741658 0.711982 0.769491 0.690930 0.792701 0.673701 0.818658
0.415407 0.758814 0.728468 0.786589 0.706820 0.809912 0.690118 0.835684
0.431060 0.775095 0.743789 0.803265 0.722191 0.826889 0.706355 0.852032
0.447304 0.790874 0.759417 0.818811 0.736933 0.842996 0.720541 0.867699
0.464159 0.805623 0.773615 0.833976 0.751075 0.858436 0.734099 0.882684
0.481649 0.819979 0.787898 0.848469 0.764410 0.873211 0.747742 0.896991
0.499799 0.833852 0.801472 0.862478 0.777291 0.887396 0.760743 0.910629
0.518632 0.846974 0.814182 0.875954 0.789582 0.901260 0.772885 0.923607
0.538175 0.858766 0.826216 0.888429 0.801396 0.914452 0.784454 0.935939
0.558455 0.870778 0.837377 0.900159 0.812365 0.926206 0.795461 0.947639
0.579498 0.882088 0.848365 0.911798 0.822999 0.937832 0.805916 0.959446
0.601335 0.892897 0.858751 0.923191 0.833026 0.948635 0.815833 0.970668
0.623994 0.902934 0.868440 0.933862 0.842523 0.959477 0.825227 0.981290
0.647508 0.912054 0.877715 0.943869 0.851506 0.969434 0.834114 0.991330
0.671907 0.920841 0.886632 0.952812 0.860322 0.978193 0.842513 1.000811
0.697226 0.929084 0.895116 0.962043 0.868447 0.986852 0.850440 1.009753
0.723499 0.937249 0.902608 0.970311 0.876159 0.995010 0.857914 1.018179
0.750762 0.944924 0.910276 0.978414 0.883518 1.002687 0.864954 1.026111
0.779052 0.951768 0.917147 0.985910 0.890336 1.010565 0.871580 1.033571
0.808408 0.958370 0.923397 0.992824 0.896222 1.017424 0.877809 1.040581
0.838870 0.964700 0.929472 0.999389 0.902448 1.024046 0.883661 1.047163
0.870480 0.970616 0.935051 1.005304 0.908295 1.030071 0.888991 1.053339
0.903282 0.976270 0.940382 1.010807 0.913693 1.036024 0.893754 1.059130
0.937319 0.981481 0.945810 1.015963 0.918349 1.041904 0.898216 1.064557
0.972639 0.986363 0.950156 1.021199 0.922595 1.047414 0.902393 1.069393
1.009290 0.990933 0.954134 1.025981 0.926569 1.052576 0.906302 1.073902
1.047322 0.995209 0.958427 1.030288 0.930285 1.057407 0.909957 1.078119
1.086787 0.999635 0.962330 1.034651 0.934181 1.061928 0.913374 1.082061
1.127740 1.003297 0.965804 1.038719 0.937686 1.066155 0.916566 1.085743
1.170235 1.006902 0.968984 1.042348 0.940682 1.070106 0.919547 1.089182
1.214332 1.010186 0.972192 1.045542 0.943555 1.073798 0.922331 1.092393
1.260090 1.013291 0.975046 1.048524 0.946403 1.077245 0.924928 1.095389
1.307573 1.015962 0.977551 1.051358 0.949060 1.079955 0.927352 1.098184
1.356845 1.018596 0.980111 1.054102 0.951540 1.082456 0.929612 1.100791
1.407973 1.020966 0.982417 1.056640 0.953760 1.084788 0.931719 1.103493
1.461028 1.023217 0.984691 1.059054 0.955648 1.086961 0.933683 1.106048
1.516083 1.025343 0.986798 1.061335 0.957407 1.088986 0.935513 1.108429
1.573212 1.027366 0.988732 1.063263 0.959045 1.091251 0.937218 1.110649
1.632493 1.029092 0.990533 1.065218 0.960584 1.093370 0.938806 1.112716
1.694009 1.030887 0.992210 1.067035 0.962177 1.095344 0.940285 1.114643
1.757842 1.032573 0.993772 1.068735 0.963660 1.097210 0.941662 1.116437
1.824081 1.034143 0.995227 1.070314 0.965040 1.099000 0.942944 1.118107
1.892816 1.035594 0.996581 1.071784 0.966325 1.100668 0.944137 1.119662
1.964141 1.036912 0.997841 1.073153 0.967521 1.102220 0.945247 1.121110
2.038154 1.038105 0.999014 1.074426 0.968634 1.103665 0.946280 1.122457
2.114955 1.039187 1.000103 1.075611 0.969628 1.104889 0.947241 1.123711
2.194651 1.040183 1.001088 1.076713 0.970526 1.105933 0.948135 1.124877
2.277350 1.041109 1.002005 1.077711 0.971362 1.106948 0.948966 1.125962
2.363165 1.041971 1.002840 1.078622 0.972139 1.107983 0.949740 1.126971
2.452213 1.042811 1.003607 1.079468 0.972917 1.108945 0.950459 1.127910
2.544617 1.043600 1.004386 1.080255 0.973680 1.109841 0.951127 1.128783
2.640503 1.044341 1.005109 1.080987 0.974390 1.110673 0.951749 1.129594
2.740003 1.045041 1.005773 1.081668 0.975049 1.111447 0.952327 1.130349
2.843251 1.045693 1.006417 1.082300 0.975663 1.112167 0.952864 1.131051
2.950391 1.046284 1.007019 1.082888 0.976233 1.112836 0.953364 1.131703
3.061567 1.046786 1.007529 1.083473 0.976763 1.113457 0.953828 1.132309
3.176933 1.047295 1.008036 1.084019 0.977236 1.114036 0.954259 1.132848
3.296646 1.047768 1.008453 1.084527 0.977668 1.114573 0.954660 1.133337
3.420870 1.048208 1.008831 1.084999 0.978070 1.115072 0.955033 1.133792
3.549775 1.048613 1.009207 1.085438 0.978444 1.115536 0.955379 1.134215
3.683537 1.048971 1.009557 1.085845 0.978791 1.115968 0.955701 1.134608
3.822340 1.049275 1.009867 1.086224 0.979113 1.116368 0.956000 1.134973
3.966373 1.049566 1.010160 1.086576 0.979413 1.116741 0.956277 1.135312
4.115834 1.049839 1.010452 1.086903 0.979691 1.117087 0.956536 1.135627
4.270926 1.050091 1.010723 1.087207 0.979950 1.117408 0.956775 1.135920
4.431863 1.050362 1.010965 1.087489 0.980190 1.117707 0.956998 1.136192
4.598864 1.050615 1.011190 1.087752 0.980414 1.117985 0.957205 1.136444
4.772158 1.050826 1.011399 1.087995 0.980621 1.118243 0.957397 1.136679
4.951983 1.051044 1.011593 1.088222 0.980814 1.118482 0.957576 1.136897
5.138583 1.051247 1.011773 1.088432 0.980993 1.118705 0.957742 1.137100
5.332215 1.051435 1.011940 1.088627 0.981159 1.118911 0.957896 1.137288
5.533143 1.051610 1.012101 1.088809 0.981314 1.119103 0.958039 1.137463
5.741642 1.051772 1.012269 1.088977 0.981457 1.119282 0.958172 1.137626
5.957999 1.051923 1.012426 1.089134 0.981590 1.119448 0.958296 1.137776
6.182508 1.052054 1.012571 1.089280 0.981714 1.119602 0.958411 1.137917
6.415476 1.052167 1.012696 1.089415 0.981829 1.119745 0.958517 1.138047
6.657224 1.052273 1.012825 1.089540 0.981936 1.119877 0.958616 1.138168
6.908081 1.052371 1.012945 1.089657 0.982035 1.120001 0.958708 1.138280
7.168391 1.052462 1.013056 1.089765 0.982128 1.120115 0.958794 1.138384
7.438510 1.052546 1.013156 1.089866 0.982213 1.120222 0.958873 1.138481
7.718807 1.052625 1.013249 1.089959 0.982293 1.120321 0.958947 1.138571
8.009667 1.052698 1.013336 1.090046 0.982367 1.120413 0.959015 1.138655
8.311487 1.052766 1.013416 1.090127 0.982435 1.120498 0.959079 1.138733
8.624680 1.052829 1.013491 1.090201 0.982499 1.120577 0.959138 1.138805
8.949674 1.052887 1.013561 1.090271 0.982558 1.120651 0.959193 1.138872
9.286915 1.052941 1.013625 1.090336 0.982613 1.120719 0.959244 1.138934
9.636864 1.052992 1.013685 1.090396 0.982664 1.120783 0.959291 1.138992
10.000000 1.053039 1.013741 1.090451 0.982712 1.120842 0.959335 1.139045
