0.010000 0.000226 0.000103 0.000523 0.000054 0.000804 0.000042 0.000956
0.012068 0.000249 0.000113 0.000571 0.000067 0.000816 0.000054 0.000964
0.014563 0.000275 0.000122 0.000599 0.000079 0.000849 0.000065 0.000973
0.017575 0.000290 0.000129 0.000631 0.000089 0.000863 0.000074 0.000977
0.021210 0.000306 0.000134 0.000657 0.000095 0.000887 0.000083 0.000981
0.025595 0.000313 0.000136 0.000680 0.000100 0.000904 0.000089 0.000983
0.030888 0.000323 0.000138 0.000695 0.000102 0.000919 0.000092 0.000985
0.037276 0.000330 0.000140 0.000711 0.000104 0.000927 0.000095 0.000986
0.044984 0.000335 0.000141 0.000718 0.000105 0.000932 0.000097 0.000987
0.054287 0.000338 0.000142 0.000725 0.000106 0.000937 0.000098 0.000988
0.065513 0.000340 0.000143 0.000727 0.000107 0.000944 0.000099 0.000988
0.079060 0.000341 0.000143 0.000729 0.000107 0.000946 0.000100 0.000988
0.095410 0.000343 0.000144 0.000729 0.000107 0.000952 0.000100 0.000990
0.115140 0.000343 0.000144 0.000731 0.000107 0.000956 0.000101 0.000991
0.138950 0.000344 0.000145 0.000731 0.000107 0.000957 0.000101 0.000992
0.167683 0.000345 0.000145 0.000731 0.000107 0.000957 0.000101 0.000993
0.202359 0.000345 0.000145 0.000731 0.000107 0.000957 0.000101 0.000994
0.244205 0.000345 0.000145 0.000731 0.000107 0.000957 0.000101 0.000994
0.294705 0.000345 0.000145 0.000731 0.000107 0.000957 0.000101 0.000995
0.355648 0.000345 0.000145 0.000731 0.000107 0.000957 0.000101 0.000995
0.429193 0.000346 0.000145 0.000731 0.000107 0.000957 0.000101 0.000995
0.517947 0.000346 0.000145 0.000731 0.000107 0.000957 0.000101 0.000996
0.625055 0.000346 0.000145 0.000731 0.000107 0.000957 0.000101 0.000996
0.754312 0.000346 0.000145 0.000731 0.000107 0.000957 0.000101 0.000996
0.910298 0.000346 0.000145 0.000731 0.000107 0.000957 0.000101 0.000996
1.098541 0.000346 0.000145 0.000731 0.000107 0.000957 0.000101 0.000996
1.325711 0.000346 0.000145 0.000731 0.000107 0.000957 0.000101 0.000996
1.599859 0.000346 0.000145 0.000731 0.000107 0.000957 0.000101 0.000996
1.930698 0.000346 0.000145 0.000731 0.000107 0.000957 0.000101 0.000996
2.329952 0.000346 0.000145 0.000731 0.000107 0.000957 0.000101 0.000996
2.811769 0.000346 0.000145 0.000731 0.000107 0.000957 0.000101 0.000996
3.393222 0.000346 0.000145 0.000731 0.000107 0.000957 0.000101 0.000996
4.094915 0.000346 0.000145 0.000731 0.000107 0.000957 0.000101 0.000996
4.941713 0.000346 0.000145 0.000731 0.000107 0.000957 0.000101 0.000996
5.963623 0.000346 0.000145 0.000731 0.000107 0.000957 0.000101 0.000996
7.196857 0.000346 0.000145 0.000731 0.000107 0.000957 0.000101 0.000996
8.685114 0.000346 0.000145 0.000731 0.000107 0.000957 0.000101 0.000996
10.481131 0.000346 0.000145 0.000731 0.000107 0.000957 0.000101 0.000996
12.648552 0.000346 0.000145 0.000731 0.000107 0.000957 0.000101 0.000996
15.264180 0.000346 0.000145 0.000731 0.000107 0.000957 0.000101 0.000996
18.420700 0.000346 0.000145 0.000731 0.000107 0.000957 0.000101 0.000996
22.229965 0.000346 0.000145 0.000731 0.000107 0.000957 0.000101 0.000996
26.826958 0.000346 0.000145 0.000731 0.000107 0.000957 0.000101 0.000996
32.374575 0.000346 0.000145 0.000731 0.000107 0.000957 0.000101 0.000996
39.069399 0.000346 0.000145 0.000731 0.000107 0.000957 0.000101 0.000996
47.148664 0.000346 0.000145 0.000731 0.000107 0.000957 0.000101 0.000996
56.898660 0.000346 0.000145 0.000731 0.000107 0.000957 0.000101 0.000996
68.664885 0.000346 0.000145 0.000731 0.000107 0.000957 0.000101 0.000996
82.864277 0.000346 0.000145 0.000731 0.000107 0.000957 0.000101 0.000996
100.000000 0.000346 0.000145 0.000731 0.000107 0.000957 0.000101 0.000996
