0.01 4.39825304091885 2.0286026992586477 6.705130366957207 0.8464066965768581 7.819440633842914 0.4551991428810422 8.424037250488272
0.012068 3.974919737313142 1.906033066938624 5.975356447262877 0.7899064205462651 6.916544231069951 0.42585387075592135 7.487485151028139
0.014563 3.6025390416271925 1.7972774955424806 5.320044677827101 0.7582741660349457 6.119608271984613 0.43013871057820596 6.692774117076431
0.017575 3.277162456712443 1.6830130210086371 4.7047701637804344 0.7486104826991264 5.515503286025854 0.4390054006502385 5.983582213125296
0.02121 3.0307738776950557 1.5901539112478775 4.183678353148104 0.7349094932327945 4.938872360673059 0.3835412313123423 5.329295222326822
0.025595 2.7552702520034673 1.4894903777050164 3.717170802383801 0.7168187965514087 4.418402724699949 0.3409699935358295 4.73686927451728
0.030888 2.4928910901446155 1.3953163723073145 3.3025503070020203 0.7152182634787249 3.9490679879753414 0.3529174649726083 4.22823074012259
0.037276 2.267605208009752 1.3230417944996526 2.941297860076985 0.7130748564699961 3.5353597566799793 0.3588646201321227 3.7988892194130086
0.044984 2.0558928339540583 1.2636213226652493 2.618004128858589 0.7007341627830946 3.1627159417994686 0.343531196740604 3.3787525775659817
0.054287 1.8401926478000195 1.175500709337456 2.3325802176054533 0.6838071379660919 2.824916925343767 0.32529387242040764 3.023021875654687
0.065513 1.6643010535101996 1.1087573135492281 2.0820696228785223 0.6738482771328154 2.5330828897254807 0.3322763459752864 2.705262415870054
0.07906 1.5021902361993382 1.0299307108196154 1.8613909622384144 0.6516258451066294 2.2671166332242803 0.34271386882311805 2.4209191898189144
0.09541 1.3476641384432984 0.9585352537221993 1.6798945743022544 0.6308611686300865 2.0118745088598233 0.3545285809926962 2.152331895014636
0.11514 1.213089291534407 0.8927926255240928 1.5117567248468704 0.6076923080763532 1.7999119912004482 0.36647590804624 1.932586122732341
0.13895 1.0945005370200391 0.8196614228804915 1.3604664808324038 0.5756710558159681 1.6191023408100038 0.3560947551234232 1.7322416478493914
0.167683 0.9916155540852598 0.7530693529787271 1.225845136058495 0.5219945083395235 1.4494809517996166 0.3367897437357589 1.5455797929756951
0.202359 0.9007929256949837 0.692334947774389 1.1049857639074967 0.5006191739687277 1.3076216836418153 0.31734408312342643 1.3842662505876917
0.244205 0.8174316770942105 0.6333869016828971 0.9985853871499368 0.4695406337117103 1.168553290143476 0.2973010640924251 1.241193015488673
0.294705 0.737943996083525 0.5884993206657994 0.8997720790018889 0.4425900330449243 1.0456629402810653 0.2791410136254641 1.1058815430448254
0.355648 0.6719170726256517 0.5381777387847516 0.8119329218775314 0.41281445948433493 0.9342167929897043 0.2708787559453396 0.993095310633451
0.429193 0.6098347514947658 0.49203396616039086 0.7291241745580044 0.3807780340169193 0.8315763291978124 0.2659669666384688 0.8788922925770855
0.517947 0.5553442461769444 0.45000901197312276 0.6578679701714096 0.3494354257469346 0.7418058593647059 0.242321900305163 0.7849074754819199
0.625055 0.5063105462268822 0.41181771805552464 0.5990757555804187 0.3159367797423644 0.6636556047550599 0.22176103596339175 0.6961594111616233
0.754312 0.46183362810652273 0.375757795614849 0.5446811994641808 0.2881079652148797 0.594615380252687 0.20823094061834949 0.6480684761859127
0.910298 0.4233953386055317 0.3439430579410334 0.5007820765242619 0.2600736549724196 0.560233249099645 0.19136379572017528 0.6569189205959745
1.098541 0.38691754386815885 0.31622834635203295 0.4537441488318023 0.23887004535620818 0.5820078160385621 0.17215825626120185 0.6559351165450382
1.325711 0.35134566152928726 0.28834941061867864 0.4170439491793462 0.2162544941628206 0.5125636957098574 0.15539906980591287 0.6024642607850897
1.599859 0.3185915593380683 0.2630008723542987 0.37769472621852823 0.195309901033211 0.45967296227364046 0.1408735608238784 0.49344028308452176
1.930698 0.288567836020319 0.23876934465195168 0.3310223192570164 0.1766029570650866 0.38366804883952416 0.128337203325775 0.42126331368265013
2.329952 0.25728739218107766 0.21631545527538076 0.2867246633568357 0.1630660509358456 0.3387424666739978 0.11746642514635815 0.369790363801313
2.811769 0.22567346275776556 0.19617485459364176 0.25199146075747 0.1483924923315699 0.2882751223881953 0.1081213935933801 0.3162603229699253
3.393222 0.1978128185348259 0.1746144758304085 0.22030966300376567 0.1349039905589784 0.2525200349501923 0.10008978998141714 0.28089466398925855
4.094915 0.17240911868350647 0.15305486910420887 0.1944888385577554 0.12324467268187184 0.22146669276384504 0.09330871906455848 0.24474862811236184
4.941713 0.15006374887719254 0.13366621401115739 0.16955184865750697 0.10697764884423454 0.19293494931705138 0.0876980307450088 0.20854004946185087
5.963623 0.131126122495951 0.1142122298673318 0.14828884936074416 0.09074106148498402 0.16928415153629778 0.08053745296009375 0.18313714484855223
7.196857 0.11402024873597799 0.09769386372523116 0.12953577808181208 0.07482895251123739 0.14707230908283128 0.06522297353512152 0.16230849550657467
8.685114 0.09875163892982709 0.08323659246580067 0.11329727766794771 0.060974979285854464 0.1276552280188671 0.0528200003773069 0.14324936469892394
10.481131 0.08506538376644131 0.0696488384199848 0.09857002123624933 0.049283824257785214 0.1127113852081754 0.04279616908219266 0.12574040633739147
