0.010000 4722.446839 1411.273521 10375.469632 544.527772 16374.606170 313.971339 23597.487663
0.012068 7454.569227 2336.385517 15496.531946 952.162214 24738.876398 533.708687 34918.307474
0.014563 11763.913800 3877.263251 23604.402189 1664.028675 36967.915879 907.206278 51567.758213
0.017575 18126.722362 6442.357735 35310.095745 2894.221095 54290.480092 1542.028784 75976.579278
0.021210 28673.683096 10773.792690 53136.753841 4985.271542 79655.229017 2620.957712 111627.233515
0.025595 45332.929171 17674.509374 79758.686895 8583.999665 119213.859483 4454.553462 166856.149992
0.030888 70576.611155 29109.772805 118051.879135 14607.068085 172383.478467 7570.408472 245809.944240
0.037276 108379.071934 47332.534496 173712.365726 24631.437438 254907.422416 12864.657595 357202.804733
0.044984 166813.361288 77252.344503 257904.928223 41503.352694 370108.132037 21859.071182 513309.029677
0.054287 255915.745193 125575.778672 380135.266140 71448.566585 539797.910127 37137.084511 731213.206553
0.065513 388883.820636 205085.269679 561414.883980 123134.371692 782835.808357 63082.804839 1034268.269666
0.079060 590287.838018 330000.538679 827561.501049 205456.454748 1121947.173539 107132.402859 1453563.674125
0.095410 881501.479439 527681.046692 1211451.903076 340042.289661 1607141.905726 181890.611830 2066269.190078
0.115140 1309060.156882 849451.203129 1762333.800982 561580.961365 2300469.844758 308704.615910 2861855.968132
0.138950 1953602.566033 1350634.008419 2546995.451706 932035.233309 3298423.448535 523685.582654 3925861.302334
0.167683 2882187.315225 2133831.364963 3695520.729049 1518577.901191 4652604.210772 887823.478025 5339289.845498
0.202359 4265847.672277 3329023.615457 5340711.275566 2462196.684790 6463483.298499 1503906.530627 7265601.643309
0.244205 6262960.486572 5132378.720884 7615087.347162 3978000.912172 8959483.625576 2548839.764480 9741092.619733
0.294705 9193748.995197 7795160.015902 10766484.557373 6391269.372558 12226078.190313 4335852.623163 13174605.493727
0.355648 13391491.825224 11719357.503647 15116415.751006 10018828.744926 16523189.551468 7363433.804571 17532739.647921
0.429193 19232956.773388 17282933.127246 21078882.027523 15431966.281973 22787341.586142 12479473.191695 24509674.133382
0.517947 27207874.374769 25082474.262130 29764229.189863 22709120.377071 32550617.285238 20392433.335764 36916152.336091
0.625055 38321444.517896 35021562.186356 42402075.819489 32277180.370574 47293246.676733 29087475.871267 54032796.745367
0.754312 53468495.869980 47612338.918499 60888033.845875 42689919.202584 69872822.428987 37159399.339253 80993738.374469
0.910298 73605889.478823 63582595.729474 87602266.928096 53961484.647617 102901935.373956 45450280.585473 115737730.563176
1.098541 100792174.995947 82825832.044138 123422629.384509 66348137.205401 150299555.821936 54186684.120239 179303783.302010
1.325711 135080570.928553 106336626.681932 173038362.436040 79519972.873471 219114941.061557 63495117.390254 279250086.822328
1.599859 177238700.519140 132978432.527760 238705328.279537 94615842.909417 310100119.205781 73574729.803710 438245837.455504
1.930698 228706233.098851 161337292.384231 322273699.793951 108276837.772005 423345122.928068 84146738.352123 645411393.639402
2.329952 286701556.187386 187681759.824535 422143913.016018 123791360.810796 584137340.986066 92307000.626053 859805197.229830
2.811769 351272661.563743 215877317.063249 552552276.120693 140024539.433138 768958194.787220 99938067.766038 1008887693.712988
3.393222 420044587.657304 240650973.917979 709204390.108083 152951283.703759 1049611265.381464 107074258.214350 1388983929.486376
4.094915 493763552.042337 261385148.079769 888092818.740547 168886235.095954 1389508527.788617 114659896.217847 1876550708.759703
4.941713 563023240.461226 282551003.628512 1087953802.158730 178272332.133718 1847919050.378569 116605333.450408 2520219624.235918
5.963623 621418984.530362 304366216.159998 1278635869.188523 186762288.876144 2361917394.336230 118112613.437678 3287006637.298237
7.196857 682674243.054541 321546151.825975 1457111544.846238 193111584.302383 3072394253.251202 119281503.993718 4189627982.070214
8.685114 735502089.792959 338199650.081504 1649241262.707763 200236772.404442 3743373589.847060 120187671.462689 5689550288.570419
10.481131 788340142.043691 351169522.609102 1823536245.894030 203590204.387192 4813016918.036044 120890166.215151 7644880777.516712
12.648552 839280724.280799 363369037.955840 1997042501.061925 206233126.117819 5507531622.554407 121434766.296412 9433680906.633572
15.264180 876706551.766479 375453232.784487 2177077566.498712 208314531.482660 6252197083.279293 121856960.551202 11743300396.628790
18.420700 908303769.349913 383770067.419639 2346901611.841536 209886714.757902 7424676203.239205 122184261.252966 14831524899.463280
22.229965 926567903.377156 390696896.717820 2475581914.189437 211188491.789836 8361522833.207153 122437996.940175 18222856525.745064
26.826958 952955644.748647 396837987.173390 2572548537.644695 212266370.856198 9284177855.396515 122634702.289772 21535166936.142719
32.374575 981922833.781639 399854069.502262 2673315957.896573 213158861.085479 9882783717.417465 122787195.598796 24666646511.969086
39.069399 996566995.198459 405635594.489184 2771638301.647271 213897848.263372 10328755354.792040 122905414.088251 27627167453.193420
47.148664 1011503477.345088 407675966.445129 2898640834.401628 214509734.008643 10718689384.059307 122997061.461755 30426063001.191704
56.898660 1030019710.029934 408237427.681557 2922843438.246534 215016379.017469 11208502737.799480 123068109.917111 33072156862.417625
68.664885 1047387680.004254 409996314.864587 2977942984.500384 215435884.075320 11795255263.232906 123123189.324358 35573791025.730759
82.864277 1059058135.246006 411397053.818330 3020693120.061939 215783236.739408 12346668554.313873 123165888.931092 37938852061.077408
100.000000 1071861150.531972 413316061.463960 3114438726.926122 216070846.795571 12894299529.277958 123198991.255651 40174795982.432800
