0.010000 6.915241 6.218995 7.677480 5.578494 8.438202 5.048096 9.282533
0.012068 6.910679 6.216257 7.673259 5.579617 8.428279 5.052464 9.271969
0.014563 6.901706 6.204758 7.660170 5.574841 8.418678 5.049899 9.258814
0.017575 6.894702 6.196901 7.650136 5.567695 8.408270 5.045470 9.243671
0.021210 6.888428 6.187239 7.635992 5.561040 8.397994 5.042578 9.226289
0.025595 6.885020 6.185477 7.628202 5.559399 8.392723 5.043299 9.205828
0.030888 6.886429 6.189735 7.617088 5.565642 8.400820 5.048948 9.181091
0.037276 6.883026 6.196576 7.614694 5.581826 8.404913 5.060680 9.150793
0.044984 6.896761 6.216158 7.619917 5.606172 8.378648 5.080029 9.113964
0.054287 6.916801 6.247932 7.628629 5.637441 8.353029 5.109195 9.092526
0.065513 6.944210 6.301850 7.636686 5.681001 8.350436 5.151929 9.077285
0.079060 6.993803 6.359691 7.663539 5.744515 8.368464 5.214128 9.067857
0.095410 7.059374 6.443929 7.704973 5.816167 8.424831 5.304095 9.071531
0.115140 7.158863 6.564792 7.783754 5.950927 8.437056 5.432969 9.099030
0.138950 7.317975 6.735759 7.927321 6.129753 8.548426 5.615566 9.165148
0.167683 7.537108 6.963006 8.128901 6.403222 8.766129 5.871005 9.288689
0.202359 7.855401 7.260833 8.454694 6.692403 9.022242 6.218157 9.661846
0.244205 8.280657 7.649554 8.881768 7.060336 9.421671 6.580300 9.919345
0.294705 8.763990 8.106639 9.422592 7.509034 9.996403 6.866599 10.565488
0.355648 9.312123 8.597541 10.032991 8.016948 10.633899 7.130834 11.277475
0.429193 9.856631 9.099236 10.675835 8.403025 11.277955 7.392870 11.876849
0.517947 10.315849 9.456535 11.132097 8.632057 11.982331 7.703036 12.822426
0.625055 10.595450 9.672024 11.515198 8.791569 12.520423 7.953189 13.282790
0.754312 10.737782 9.696035 11.709184 8.812610 12.873378 8.118235 13.873817
0.910298 10.747140 9.616343 11.830243 8.651430 13.151574 7.875624 14.465543
1.098541 10.665764 9.482785 11.888704 8.508485 13.478587 7.675691 15.040925
1.325711 10.552335 9.363360 11.894086 8.406606 13.701325 7.546077 15.426422
1.599859 10.407938 9.225531 11.850765 8.252645 13.886875 7.402881 15.477673
1.930698 10.230110 9.034536 11.786777 8.114490 13.982811 7.231332 15.617147
2.329952 10.048026 8.875261 11.789703 7.983329 14.036967 7.196191 16.030737
2.811769 9.808949 8.550508 11.778592 7.850347 13.949600 7.218120 16.361042
3.393222 9.560642 8.231308 11.608994 7.530790 13.996771 7.072626 16.742569
4.094915 9.245671 7.845385 11.500431 7.054615 13.835095 6.578473 16.918718
4.941713 8.895849 7.431745 11.322456 6.516791 13.795569 5.993418 16.783311
5.963623 8.475034 6.974152 11.004282 5.994869 13.828984 5.502698 16.242534
7.196857 8.071953 6.477797 10.641987 5.515781 13.618695 5.042399 15.952157
8.685114 7.642189 5.978116 10.183813 5.053854 13.286069 4.610118 16.161252
10.481131 7.101345 5.495184 9.666421 4.594893 12.976984 4.172612 16.148620
12.648552 6.560120 5.006082 9.011906 4.155355 12.415656 3.715725 15.798924
15.264180 5.918135 4.475540 8.184421 3.671162 11.607558 3.259445 14.947234
18.420700 5.103699 3.802902 7.137240 3.065013 10.315796 2.533054 13.463895
22.229965 3.564401 2.490448 5.136452 1.816112 7.502252 1.258452 10.046163
26.826958 0.000000 0.000000 0.000000 0.000000 0.000000 0.000000 0.000000
32.374575 0.000000 0.000000 0.000000 0.000000 0.000000 0.000000 0.000000
39.069399 0.000000 0.000000 0.000000 0.000000 0.000000 0.000000 0.000000
47.148664 0.000000 0.000000 0.000000 0.000000 0.000000 0.000000 0.000000
56.898660 0.000000 0.000000 0.000000 0.000000 0.000000 0.000000 0.000000
68.664885 0.000000 0.000000 0.000000 0.000000 0.000000 0.000000 0.000000
82.864277 0.000000 0.000000 0.000000 0.000000 0.000000 0.000000 0.000000
100.000000 0.000000 0.000000 0.000000 0.000000 0.000000 0.000000 0.000000
