0.010000 4.409323 3.940987 4.809887 3.572409 5.122692 3.383455 5.486869
0.012068 4.404526 3.937186 4.804311 3.569086 5.116224 3.380378 5.479742
0.014563 4.397786 3.931668 4.796218 3.564262 5.106836 3.375910 5.469400
0.017575 4.386864 3.923667 4.784489 3.557266 5.093236 3.369431 5.454419
0.021210 4.370961 3.912050 4.765501 3.547107 5.073513 3.360022 5.432699
0.025595 4.348634 3.895214 4.738934 3.532381 5.044978 3.346382 5.401282
0.030888 4.317154 3.868957 4.699721 3.511141 5.003936 3.326706 5.356110
0.037276 4.272032 3.834386 4.646782 3.480623 4.945198 3.298432 5.291497
0.044984 4.207107 3.784980 4.569323 3.436820 4.860734 3.257840 5.199371
0.054287 4.111384 3.714974 4.461347 3.374695 4.737180 3.200249 5.069920
0.065513 3.983805 3.612673 4.310999 3.287574 4.566258 3.119449 4.890752
0.079060 3.811531 3.471486 4.103526 3.167046 4.341106 3.007591 4.647476
0.095410 3.574864 3.271327 3.833784 3.004079 4.040863 2.856202 4.326930
0.115140 3.279333 3.017359 3.487661 2.790578 3.670564 2.657607 3.921218
0.138950 2.912515 2.706200 3.072445 2.519921 3.227124 2.407241 3.430437
0.167683 2.488036 2.339490 2.614465 2.199284 2.724302 2.108060 2.878229
0.202359 2.034919 1.929570 2.132527 1.843103 2.204653 1.773209 2.304371
0.244205 1.588746 1.509084 1.659661 1.456614 1.718567 1.420601 1.769261
0.294705 1.188673 1.131835 1.243282 1.089734 1.293539 1.057559 1.337577
0.355648 0.863329 0.816962 0.902302 0.781333 0.949445 0.756230 0.986793
0.429193 0.612375 0.577720 0.641798 0.551383 0.678521 0.534144 0.708253
0.517947 0.430133 0.407660 0.452038 0.387764 0.476843 0.372386 0.499067
0.625055 0.301435 0.286909 0.316264 0.272673 0.331658 0.261009 0.347126
0.754312 0.208250 0.198845 0.218183 0.189745 0.227390 0.182485 0.236296
0.910298 0.139677 0.133367 0.146200 0.127808 0.151375 0.124803 0.156101
1.098541 0.090019 0.085614 0.094300 0.081962 0.097733 0.080293 0.101089
1.325711 0.055241 0.052319 0.058345 0.049803 0.060871 0.048187 0.062869
1.599859 0.032108 0.030183 0.034150 0.028478 0.036058 0.027357 0.037377
1.930698 0.017789 0.016575 0.019126 0.015558 0.020335 0.014859 0.021178
2.329952 0.009500 0.008788 0.010344 0.008218 0.011015 0.007826 0.011540
2.811769 0.004904 0.004501 0.005379 0.004205 0.005762 0.003990 0.006043
3.393222 0.002457 0.002240 0.002707 0.002094 0.002911 0.001977 0.003060
4.094915 0.001216 0.001104 0.001345 0.001030 0.001450 0.000971 0.001527
4.941713 0.000593 0.000538 0.000658 0.000501 0.000712 0.000472 0.000750
5.963623 0.000285 0.000258 0.000317 0.000240 0.000344 0.000226 0.000362
7.196857 0.000136 0.000123 0.000152 0.000114 0.000164 0.000108 0.000174
8.685114 0.000065 0.000059 0.000073 0.000055 0.000079 0.000051 0.000083
10.481131 0.000031 0.000028 0.000035 0.000026 0.000038 0.000024 0.000040
12.648552 0.000015 0.000013 0.000016 0.000012 0.000018 0.000011 0.000019
15.264180 0.000007 0.000006 0.000008 0.000006 0.000008 0.000005 0.000009
18.420700 0.000003 0.000003 0.000004 0.000003 0.000004 0.000003 0.000004
22.229965 0.000002 0.000001 0.000002 0.000001 0.000002 0.000001 0.000002
26.826958 0.000000 0.000000 0.000000 0.000000 0.000000 0.000000 0.000000
32.374575 0.000000 0.000000 0.000000 0.000000 0.000000 0.000000 0.000000
39.069399 0.000000 0.000000 0.000000 0.000000 0.000000 0.000000 0.000000
47.148664 0.000000 0.000000 0.000000 0.000000 0.000000 0.000000 0.000000
56.898660 0.000000 0.000000 0.000000 0.000000 0.000000 0.000000 0.000000
68.664885 0.000000 0.000000 0.000000 0.000000 0.000000 0.000000 0.000000
82.864277 0.000000 0.000000 0.000000 0.000000 0.000000 0.000000 0.000000
100.000000 0.000000 0.000000 0.000000 0.000000 0.000000 0.000000 0.000000
