0.010000 164513333.916974 60119852.503455 729802321.519763 31159799.615259 1257754785.580801 12871774.749920 2142658570.041683
0.012068 153210242.178388 58198860.278074 647604825.061736 30588182.571734 1094790863.862427 12694885.930356 1799261206.225830
0.014563 144073076.088678 57081881.887019 549772950.701028 30362909.915820 939621060.497887 12519717.117804 1498526957.275753
0.017575 135502062.563337 54721159.899572 474189085.556206 29886166.541896 790032612.985745 12379715.085970 1239437343.845456
0.021210 125791785.368032 53628474.009376 413549658.032022 29188872.252280 659021210.168594 12357313.704964 1020282215.166247
0.025595 118327773.238482 52225798.361909 356761668.851934 28918773.132175 562970713.088928 12332322.362304 837890326.360989
0.030888 110526709.499105 50428509.918027 306210908.543080 28045347.976551 468878749.050723 12304216.896643 687684358.202397
0.037276 104067439.032243 48846132.992243 263335974.605783 27394494.171100 392697838.292100 12272369.983070 564433031.878802
0.044984 95876932.292094 47103332.894798 223468848.610408 26754179.889037 329313914.144346 12236032.001849 463151729.810318
0.054287 89185637.833493 45550802.072211 190946878.133713 26107746.220739 274195218.032688 12194308.892909 379657759.326390
0.065513 82811650.754435 43913254.276286 161722321.321293 25559334.159532 229561765.065349 12146136.766373 310662982.478863
0.079060 76981489.455105 41937231.602493 138216375.278105 24784173.728070 189596691.189626 12090253.155333 253599190.593590
0.095410 70844086.233394 39920414.704055 116807307.636434 23878289.294911 158865911.393551 11925899.793399 206411254.919973
0.115140 64108777.145497 37873905.752976 98266447.417020 23022773.615837 132693794.160177 11681459.691863 169617042.027843
0.138950 58215082.185485 35345485.537738 83966389.553904 22220217.863719 111738014.714758 11428352.826574 142085966.956460
0.167683 52132428.689677 32825864.383567 71436395.668653 21358615.011654 93023263.584038 11164604.662431 117731831.593661
0.202359 45874774.206456 30603430.764120 60929153.362114 20479430.788827 79130476.236968 10887961.185623 96379904.147244
0.244205 40179487.214801 27849220.531256 52141730.270677 19641300.697448 66428268.225647 10595868.992777 80382460.328336
0.294705 35242373.319316 25231854.273197 44882687.590574 18120146.569114 55118223.996485 10285463.384677 68217319.748392
0.355648 30170768.521244 22652643.315058 38254332.697371 17213791.328716 46506777.746379 9953569.621424 60061045.442627
0.429193 25796622.956339 19919109.300301 32501861.464463 15334820.391398 38970565.165918 9596724.363112 48756561.699117
0.517947 21757910.443264 17113957.589037 27617623.330743 13261776.300137 33501905.927080 9211226.737742 39302019.464788
0.625055 18109986.843489 14552696.269683 23203636.093900 11594692.598272 28282865.832149 8793231.710328 34596235.176512
0.754312 14925020.205707 11918840.067095 19007067.277452 9859000.789679 24550642.357421 7655146.551207 31534071.233944
0.910298 12101788.176527 9652535.755495 15559967.071566 7861843.566961 21346681.472715 6246233.155496 30121729.442302
1.098541 9620272.659314 7625315.964866 12674325.643823 6246086.112265 18111211.082153 5090966.432522 24046918.898979
1.325711 7490425.935509 5928065.036983 9942120.087506 4755196.852473 13858516.626663 4062367.108632 18885341.877456
1.599859 5596441.410498 4370154.274783 7592829.100582 3449648.540385 10885071.787473 3081898.397967 13978303.771040
1.930698 4112464.423968 3072248.688276 5511849.886548 2205005.083611 7926337.897684 1372507.339279 10530538.087840
2.329952 2830404.547693 1957471.995022 3888476.962059 1223003.391121 5720644.554796 561926.054663 8186958.510073
2.811769 1893878.328493 1139806.940196 2758549.192877 568705.226772 4012267.422465 230061.349672 5502626.923133
3.393222 1202505.855792 607833.476635 1961801.411770 249527.350404 2840104.703374 94190.728786 4204532.045508
4.094915 730412.753732 300507.365418 1335375.262866 109566.278420 1933410.415425 37516.138139 2645994.970806
4.941713 418680.020180 149556.532008 889803.846158 47967.137808 1324113.072242 14913.359943 1686817.955834
5.963623 224476.507316 73017.831309 553027.833623 19204.476047 929499.772453 5928.336866 1264004.233027
7.196857 122030.653462 34621.118223 333345.496465 8134.099857 618117.823774 2356.623734 870940.418822
8.685114 63287.324411 16360.393585 178681.205574 3457.461833 404101.232853 936.801594 615067.576755
10.481131 31951.605824 7289.541600 93693.280343 1419.597399 256464.377244 372.395989 397861.926746
12.648552 15788.300566 3300.253530 51347.778180 584.497541 156834.790860 148.034305 251158.327910
15.264180 7972.601273 1407.935447 25948.427414 238.172427 88555.725217 58.846379 154623.527877
18.420700 3891.416757 629.856240 12921.225874 97.067386 45636.403473 23.392526 99699.097365
22.229965 1824.331181 292.238415 6380.835764 39.559900 21511.672521 9.298962 53329.993299
26.826958 882.585964 131.062943 3136.265590 16.840795 10867.512357 3.696510 30082.847655
32.374575 433.787220 56.552215 1575.602091 7.123409 5466.567991 1.469431 16969.395026
39.069399 198.757682 25.299372 791.982390 2.939651 2897.531364 0.584126 9572.244319
47.148664 93.754244 11.355320 401.150026 1.171892 1492.471707 0.232201 5399.595045
56.898660 44.540542 5.092585 203.114550 0.483886 828.438414 0.092304 3045.850657
68.664885 20.395006 2.283169 107.146500 0.190251 445.074599 0.036693 1718.129998
82.864277 9.690899 1.023618 55.625592 0.078871 233.629510 0.014586 969.177751
100.000000 4.597715 0.448690 29.355773 0.031666 128.700153 0.005798 546.702237
