0.010000 0.001493 0.000292 0.006633 0.000042 0.037689 0.000001 0.282196
0.012068 0.001815 0.000360 0.007811 0.000053 0.043860 0.000001 0.301704
0.014563 0.002199 0.000446 0.009263 0.000065 0.050667 0.000002 0.320735
0.017575 0.002649 0.000565 0.010827 0.000080 0.058397 0.000002 0.339095
0.021210 0.003181 0.000707 0.012915 0.000101 0.068209 0.000003 0.356617
0.025595 0.003830 0.000867 0.015405 0.000129 0.078199 0.000003 0.373168
0.030888 0.004677 0.001070 0.018092 0.000164 0.088646 0.000004 0.388650
0.037276 0.005597 0.001331 0.022029 0.000203 0.100171 0.000005 0.403002
0.044984 0.006785 0.001650 0.025633 0.000255 0.112802 0.000007 0.416194
0.054287 0.008195 0.002009 0.030094 0.000322 0.126544 0.000009 0.424155
0.065513 0.009895 0.002412 0.034805 0.000400 0.141427 0.000011 0.424599
0.079060 0.011957 0.002986 0.040999 0.000493 0.157250 0.000014 0.435568
0.095410 0.014274 0.003755 0.048431 0.000605 0.175528 0.000018 0.453006
0.115140 0.017300 0.004671 0.056601 0.000740 0.191581 0.000023 0.465507
0.138950 0.020786 0.005635 0.066327 0.000903 0.204033 0.000030 0.472424
0.167683 0.025098 0.006962 0.076547 0.001126 0.223802 0.000038 0.478528
0.202359 0.029960 0.008522 0.088152 0.001335 0.241816 0.000048 0.483894
0.244205 0.035345 0.010212 0.100472 0.001592 0.266848 0.000061 0.490062
0.294705 0.041235 0.012412 0.114273 0.001894 0.286920 0.000078 0.496159
0.355648 0.048727 0.014635 0.128970 0.002191 0.304561 0.000098 0.501150
0.429193 0.057112 0.016913 0.144543 0.002566 0.323293 0.000123 0.505218
0.517947 0.066632 0.019862 0.160199 0.003062 0.336971 0.000155 0.508523
0.625055 0.077319 0.023162 0.175146 0.003822 0.351143 0.000186 0.511199
0.754312 0.089786 0.027722 0.194799 0.004593 0.365092 0.000221 0.513363
0.910298 0.103026 0.032141 0.212540 0.005453 0.378139 0.000258 0.515107
1.098541 0.115206 0.036480 0.232471 0.006388 0.392304 0.000298 0.516512
1.325711 0.131694 0.040815 0.248745 0.007609 0.405854 0.000346 0.517643
1.599859 0.144339 0.045578 0.267862 0.008789 0.424124 0.000416 0.518551
1.930698 0.158830 0.050227 0.284296 0.009520 0.431908 0.000494 0.519281
2.329952 0.174692 0.056424 0.302751 0.010383 0.442327 0.000577 0.521146
2.811769 0.187561 0.060977 0.319096 0.011295 0.455996 0.000664 0.523451
3.393222 0.198786 0.065697 0.331550 0.012056 0.464802 0.000751 0.525447
4.094915 0.210129 0.069388 0.346429 0.012507 0.476265 0.000836 0.530138
4.941713 0.218790 0.072882 0.360018 0.012789 0.488023 0.000902 0.533838
5.963623 0.227347 0.076264 0.371555 0.013043 0.491887 0.000935 0.536745
7.196857 0.235899 0.078833 0.384021 0.013268 0.495236 0.000965 0.539024
8.685114 0.242199 0.080446 0.395400 0.013469 0.501771 0.000992 0.540806
10.481131 0.246901 0.083284 0.405254 0.013646 0.508285 0.001016 0.543279
12.648552 0.250668 0.084182 0.412018 0.013911 0.514455 0.001037 0.546869
15.264180 0.253136 0.084853 0.421533 0.014313 0.518043 0.001056 0.546963
18.420700 0.257387 0.086793 0.428735 0.014665 0.520588 0.001072 0.549314
22.229965 0.262174 0.088405 0.435280 0.014972 0.525221 0.001086 0.551539
26.826958 0.265714 0.088832 0.438389 0.015237 0.528564 0.001098 0.553306
32.374575 0.267782 0.089294 0.441410 0.015464 0.531019 0.001109 0.554706
39.069399 0.269310 0.090507 0.444565 0.015659 0.531906 0.001118 0.555815
47.148664 0.269770 0.091532 0.447018 0.015825 0.533217 0.001126 0.556693
56.898660 0.270824 0.092395 0.450758 0.015965 0.535557 0.001132 0.557386
68.664885 0.271378 0.093112 0.453571 0.016084 0.537687 0.001138 0.557934
82.864277 0.271814 0.093184 0.455102 0.016184 0.539382 0.001143 0.558367
100.000000 0.272125 0.093243 0.456883 0.016268 0.540450 0.001147 0.558708
