0.010000 -0.343453 -0.735846 -0.098885 -0.962412 -0.023169 -0.996345 -0.006983
0.012068 -0.349046 -0.744816 -0.102115 -0.965822 -0.025837 -0.997607 -0.007571
0.014563 -0.352731 -0.768087 -0.105543 -0.976676 -0.028011 -1.002076 -0.008280
0.017575 -0.358106 -0.780339 -0.109784 -0.994114 -0.030653 -1.024852 -0.009136
0.021210 -0.366184 -0.791049 -0.113035 -1.004103 -0.033870 -1.063071 -0.010167
0.025595 -0.374399 -0.808156 -0.119911 -1.028490 -0.037793 -1.079091 -0.012285
0.030888 -0.382266 -0.819438 -0.128456 -1.037870 -0.043119 -1.073649 -0.013221
0.037276 -0.389793 -0.836460 -0.137956 -1.041897 -0.050590 -1.085755 -0.014720
0.044984 -0.401914 -0.857289 -0.147320 -1.043456 -0.059299 -1.085032 -0.016900
0.054287 -0.411829 -0.879415 -0.160488 -1.048828 -0.064567 -1.084853 -0.019526
0.065513 -0.423358 -0.908073 -0.177512 -1.048018 -0.075572 -1.096706 -0.022689
0.079060 -0.440325 -0.927084 -0.192186 -1.061581 -0.083340 -1.095527 -0.026497
0.095410 -0.458769 -0.953598 -0.214606 -1.062330 -0.092161 -1.104090 -0.031081
0.115140 -0.480562 -0.987723 -0.234746 -1.070579 -0.104795 -1.124275 -0.036595
0.138950 -0.511626 -1.007001 -0.261482 -1.081293 -0.117470 -1.148071 -0.043224
0.167683 -0.551107 -1.017322 -0.291067 -1.096609 -0.130382 -1.175997 -0.051187
0.202359 -0.596876 -1.023980 -0.329780 -1.115830 -0.147030 -1.208596 -0.060747
0.244205 -0.647374 -1.038969 -0.363448 -1.139217 -0.166886 -1.254479 -0.072212
0.294705 -0.706449 -1.052952 -0.402783 -1.174473 -0.197620 -1.304257 -0.085692
0.355648 -0.770711 -1.074318 -0.450683 -1.225339 -0.234240 -1.347325 -0.102385
0.429193 -0.839678 -1.108745 -0.511624 -1.297405 -0.264185 -1.423699 -0.122033
0.517947 -0.930167 -1.159371 -0.577808 -1.371582 -0.290561 -1.548036 -0.145489
0.625055 -1.018343 -1.222834 -0.657576 -1.474310 -0.326040 -1.727335 -0.173459
0.754312 -1.076992 -1.314744 -0.737517 -1.590627 -0.373614 -1.995420 -0.218448
0.910298 -1.135240 -1.415205 -0.824419 -1.707180 -0.423887 -2.155923 -0.253823
1.098541 -1.219576 -1.539225 -0.933556 -1.924991 -0.506762 -4.750985 -0.293659
1.325711 -1.317859 -1.746800 -1.050553 -3.795687 -0.593759 -4.945103 -0.414158
1.599859 -1.452299 -1.991092 -1.132539 -4.167272 -0.747332 -4.945103 -0.486207
1.930698 -1.634312 -2.601640 -1.221559 -4.677568 -0.896982 -4.981824 -0.537554
2.329952 -1.831951 -3.521152 -1.342281 -4.791689 -1.064606 -4.998664 -0.694810
2.811769 -2.056157 -3.852382 -1.450390 -4.869185 -1.143901 -4.998664 -0.825583
3.393222 -2.354144 -4.051644 -1.625039 -4.874156 -1.252502 -4.998664 -1.066029
4.094915 -2.773190 -4.230848 -1.814022 -4.887762 -1.327882 -4.998664 -1.085868
4.941713 -3.107959 -4.347937 -1.982767 -4.897429 -1.432088 -4.998664 -1.103583
5.963623 -3.320435 -4.449794 -2.252845 -4.937765 -1.555759 -4.998664 -1.261217
7.196857 -3.515215 -4.521547 -2.445116 -4.937998 -1.698794 -4.998664 -1.311198
8.685114 -3.625175 -4.565423 -2.689406 -4.943393 -1.904467 -4.998664 -1.550654
10.481131 -3.724993 -4.617046 -2.880764 -4.945103 -2.048218 -4.998664 -1.641097
12.648552 -3.783111 -4.647692 -3.075409 -4.950131 -2.259619 -4.998664 -1.754426
15.264180 -3.878044 -4.688877 -3.165937 -4.957296 -2.583836 -4.999702 -1.845062
18.420700 -3.953657 -4.721463 -3.269880 -4.958348 -3.013575 -4.999702 -2.225417
22.229965 -3.970917 -4.724330 -3.309903 -4.961852 -3.062895 -4.999702 -3.013128
26.826958 -3.970917 -4.724330 -3.309903 -4.961852 -3.062895 -4.999702 -3.013128
32.374575 -3.970917 -4.724330 -3.309903 -4.961852 -3.062895 -4.999702 -3.013128
39.069399 -3.970917 -4.724330 -3.309903 -4.961852 -3.062895 -4.999702 -3.013128
47.148664 -3.970917 -4.724330 -3.309903 -4.961852 -3.062895 -4.999702 -3.013128
56.898660 -3.970917 -4.724330 -3.309903 -4.961852 -3.062895 -4.999702 -3.013128
68.664885 -3.970917 -4.724330 -3.309903 -4.961852 -3.062895 -4.999702 -3.013128
82.864277 -3.970917 -4.724330 -3.309903 -4.961852 -3.062895 -4.999702 -3.013128
100.000000 -3.970917 -4.724330 -3.309903 -4.961852 -3.062895 -4.999702 -3.013128
