0.01 1.9558996774024395 0.8855377170258291 5.393375347617219 0.48380731308826896 7.3349801516935145 0.23580177416940884 8.042340508302486
0.012068 1.788563996066974 0.8058417981309899 4.7912517922042355 0.4198846218537967 6.385727283458413 0.2018246376291364 6.956597612517184
0.014563 1.6411620719376285 0.7475867057351548 4.280237069491437 0.3791178517566695 5.6399604115168325 0.1821539882315313 6.094253759284324
0.017575 1.5149511312797501 0.7015772373296744 3.7302968120994136 0.35994577326283805 4.909634179588517 0.19069622057848556 5.331128176893366
0.02121 1.4104812517054552 0.6732474881638929 3.2903893540411673 0.3566832121101517 4.28993092031248 0.19618652727948807 4.701125487860119
0.025595 1.299120794072547 0.6475402979687093 2.9228491599395605 0.3583036969098775 3.7730311235240244 0.19448088355194657 4.110055957781642
0.030888 1.2152518983251368 0.6306689249838914 2.614812949650543 0.3498150363106203 3.303424323720549 0.1766509571572484 3.596685214622716
0.037276 1.1459819883580886 0.6088251393316008 2.3280171791152857 0.34678240672036104 2.9065056766152444 0.18308902149842507 3.1738150492569726
0.044984 1.0835791913548456 0.5965770635473708 2.044223178127209 0.3577732607986814 2.5580494569296186 0.19008668887194327 2.802705401508054
0.054287 1.0276257157626052 0.5727175555939624 1.8381861424958887 0.3496780416470641 2.2685048295052583 0.18545518861869162 2.4730902417363203
0.065513 0.9818452233499064 0.5578152768292992 1.637973564872305 0.34303375410679865 1.99428197458101 0.18321105018462008 2.1833131867555693
0.07906 0.9306995496631084 0.536463471671887 1.4708490505392187 0.33979896122210823 1.762127789682549 0.18498097234557268 1.9280477546609938
0.09541 0.8781897447972568 0.5229568386737109 1.3203323371045605 0.3343125974701963 1.5579202864365294 0.18142448422318214 1.7092803011314734
0.11514 0.8298087920270896 0.5083619230683798 1.1769533532163552 0.33181715918614213 1.3826991981572427 0.17885125557799386 1.5255058056872544
0.13895 0.7773820171459886 0.49151376053196805 1.0593958142335989 0.3243838159333165 1.2334993519824116 0.1771001257845969 1.3484356667825832
0.167683 0.7219386490047203 0.48048061643938783 0.9559285286872353 0.3175262278067219 1.1038787506017285 0.1769460132618295 1.210017168416539
0.202359 0.6721129759486046 0.4602667227668925 0.8592830496286531 0.3165450773394317 1.0000963372606078 0.17853647629766628 1.0730214554229127
0.244205 0.6228730986380782 0.4427280493246614 0.7783324820776675 0.3122202581298541 0.896033383931269 0.179247489689346 0.9762126770506896
0.294705 0.576251100522739 0.42610627111769545 0.7145595635740506 0.30534577628988185 0.809525874286825 0.17945969990965993 0.8759388184338708
0.355648 0.5326555621948706 0.4087129185825704 0.649968323757539 0.30114323417098293 0.7348189246894606 0.18066064675516272 0.796815779433277
0.429193 0.4974994575673656 0.39159695238278963 0.5913969818131333 0.29382686629444316 0.6728081740572258 0.18185479259915055 0.7296947191687444
0.517947 0.46123623255445534 0.3709177967620534 0.5438781833627199 0.2814152030315307 0.6163614995053971 0.18269106478491423 0.6784780479775088
0.625055 0.42687155926834913 0.3469961259298653 0.50332462625157 0.2675157474723792 0.5633426453166205 0.18322633367606642 0.6174674171213218
0.754312 0.3981438963402104 0.3266199050902932 0.46582139120267635 0.25443176334635137 0.5269425050104355 0.18380238563570497 0.5547439690471136
0.910298 0.3691328698305493 0.3042775753222349 0.4327710098822991 0.24209621723636132 0.5181343306271317 0.18346111387561656 0.5787241750242922
1.098541 0.3419660754285385 0.28387901647224006 0.4068238417539129 0.22535223480823927 0.5367705510863181 0.18125177809898677 0.639953104358919
1.325711 0.3173652591709309 0.26249279620205296 0.3817181002144233 0.20988995689015968 0.4937464906834364 0.1716902906113618 0.5874467934625716
1.599859 0.2926075687558041 0.2425061541453078 0.36815422856007435 0.19389598106506087 0.46009253151930746 0.16317829486438698 0.5264691261758635
1.930698 0.2695047189392356 0.22250487043547174 0.3411514330829862 0.1779754589024965 0.4037640453264009 0.15171854884074448 0.4558152843078256
2.329952 0.2467064379879822 0.20467783359737507 0.295830539456989 0.1623546489982586 0.3465295400848331 0.14195038188514655 0.3923340820697414
2.811769 0.22133735754053502 0.18798492366375538 0.2579166968620251 0.15015273985211858 0.2977565194450581 0.13228472202614125 0.32587769967957636
3.393222 0.1951520139591163 0.17122815361077867 0.22188887205743082 0.1387801514634089 0.26321493942128193 0.12084804426436727 0.2908857811455419
4.094915 0.17170051981196666 0.15359261753253822 0.19197550378884062 0.12592086786130027 0.22479453169606034 0.11075691391710503 0.26133180665318634
4.941713 0.149609649411667 0.13351787865663892 0.16855678619560677 0.11345249169566567 0.19395822788935466 0.09893055833355749 0.23259237006040687
5.963623 0.13062253503003063 0.11626297543037699 0.14577812355452732 0.09677018837851865 0.17016995637772678 0.0811547031775436 0.18794523256429999
7.196857 0.11269089399920562 0.09896098106705951 0.12724152211541104 0.08133467142080608 0.14607374074136587 0.06608172720539408 0.16199738665452842
8.685114 0.09768708609728106 0.08396163092158614 0.11005050282509586 0.0662678018536888 0.12496924427465368 0.053837834740052624 0.14059478054094054
10.481131 0.08427155130815772 0.07026013307883229 0.0955080169748542 0.053596489198397566 0.10919200556054393 0.04390227015649992 0.12487759585694326
12.648552 0.07275036512469668 0.05857775127370721 0.08326783997846557 0.04326913535031127 0.09658370876320624 0.035826894023978186 0.10902662124975146
15.26418 0.062381984399943975 0.04893121119471289 0.07168958524055007 0.03542862871163968 0.0847919331386611 0.029232396345646523 0.09572120717531633
18.4207 0.05365769602846823 0.04076038151326526 0.06157299937650743 0.028791841834043156 0.07174661332610681 0.02385986537939448 0.08400732545667773
22.229965 0.04606371131664534 0.0339510246185559 0.05209576933216347 0.023385570569260116 0.058299395741478854 0.019474822775481727 0.06741343074426724
