0.001000 0.000214 0.000177 0.000249 0.000162 0.000263 0.000159 0.000265
0.001038 0.000239 0.000198 0.000278 0.000181 0.000294 0.000178 0.000296
0.001077 0.000267 0.000221 0.000310 0.000203 0.000328 0.000199 0.000331
0.001117 0.000298 0.000247 0.000347 0.000226 0.000367 0.000222 0.000370
0.001159 0.000333 0.000276 0.000388 0.000253 0.000410 0.000248 0.000413
0.001203 0.000373 0.000308 0.000433 0.000283 0.000458 0.000277 0.000462
0.001248 0.000416 0.000344 0.000484 0.000316 0.000511 0.000310 0.000516
0.001296 0.000465 0.000384 0.000541 0.000353 0.000571 0.000346 0.000576
0.001344 0.000520 0.000429 0.000604 0.000394 0.000639 0.000387 0.000644
0.001395 0.000581 0.000480 0.000675 0.000440 0.000713 0.000432 0.000720
0.001448 0.000649 0.000536 0.000754 0.000492 0.000797 0.000483 0.000804
0.001502 0.000725 0.000599 0.000843 0.000550 0.000891 0.000540 0.000899
0.001559 0.000810 0.000669 0.000942 0.000614 0.000995 0.000603 0.001004
0.001617 0.000905 0.000748 0.001052 0.000687 0.001112 0.000674 0.001122
0.001678 0.001011 0.000836 0.001176 0.000767 0.001243 0.000753 0.001254
0.001742 0.001130 0.000934 0.001314 0.000857 0.001388 0.000842 0.001401
0.001807 0.001263 0.001043 0.001468 0.000958 0.001551 0.000940 0.001565
0.001875 0.001411 0.001166 0.001640 0.001070 0.001733 0.001051 0.001749
0.001946 0.001577 0.001303 0.001833 0.001196 0.001937 0.001174 0.001954
0.002019 0.001762 0.001456 0.002048 0.001336 0.002164 0.001312 0.002183
0.002095 0.001968 0.001626 0.002288 0.001493 0.002418 0.001466 0.002439
0.002174 0.002199 0.001817 0.002556 0.001668 0.002702 0.001638 0.002726
0.002256 0.002457 0.002031 0.002857 0.001864 0.003019 0.001830 0.003046
0.002341 0.002746 0.002269 0.003192 0.002082 0.003373 0.002045 0.003403
0.002430 0.003068 0.002535 0.003566 0.002327 0.003769 0.002285 0.003802
0.002521 0.003428 0.002833 0.003985 0.002600 0.004211 0.002553 0.004248
0.002616 0.003830 0.003165 0.004452 0.002905 0.004706 0.002852 0.004747
0.002715 0.004280 0.003536 0.004975 0.003246 0.005258 0.003187 0.005304
0.002817 0.004782 0.003951 0.005559 0.003627 0.005875 0.003561 0.005926
0.002923 0.005343 0.004415 0.006211 0.004052 0.006564 0.003979 0.006622
0.003033 0.005970 0.004933 0.006940 0.004528 0.007334 0.004446 0.007399
0.003148 0.006670 0.005512 0.007754 0.005059 0.008195 0.004967 0.008267
0.003266 0.007453 0.006159 0.008664 0.005653 0.009157 0.005550 0.009237
0.003389 0.008328 0.006881 0.009681 0.006316 0.010231 0.006201 0.010321
0.003517 0.009305 0.007689 0.010817 0.007057 0.011432 0.006929 0.011532
0.003650 0.010397 0.008591 0.012086 0.007885 0.012773 0.007742 0.012885
0.003787 0.011617 0.009599 0.013504 0.008811 0.014272 0.008650 0.014397
0.003930 0.012980 0.010725 0.015088 0.009844 0.015947 0.009665 0.016087
0.004078 0.014503 0.011984 0.016859 0.011000 0.017818 0.010800 0.017974
0.004232 0.016204 0.013390 0.018837 0.012290 0.019908 0.012067 0.020083
0.004391 0.018106 0.014961 0.021047 0.013732 0.022244 0.013482 0.022440
0.004557 0.020230 0.016716 0.023516 0.015343 0.024854 0.015064 0.025072
0.004728 0.022603 0.018678 0.026275 0.017143 0.027770 0.016832 0.028014
0.004906 0.025255 0.020869 0.029358 0.019155 0.031028 0.018807 0.031301
0.005091 0.028218 0.023317 0.032802 0.021402 0.034668 0.021013 0.034973
0.005283 0.031529 0.026053 0.036651 0.023913 0.038735 0.023478 0.039076
0.005482 0.035228 0.029109 0.040950 0.026718 0.043280 0.026232 0.043660
0.005689 0.039360 0.032524 0.045754 0.029852 0.048357 0.029310 0.048782
0.005903 0.043977 0.036339 0.051122 0.033354 0.054029 0.032748 0.054504
0.006126 0.049136 0.040602 0.057118 0.037267 0.060367 0.036589 0.060897
0.006356 0.054900 0.045365 0.063818 0.041638 0.067448 0.040881 0.068041
0.006596 0.061339 0.050686 0.071304 0.046522 0.075359 0.045676 0.076021
0.006844 0.068533 0.056631 0.079667 0.051979 0.084198 0.051034 0.084938
0.007102 0.076571 0.063272 0.089010 0.058075 0.094073 0.057019 0.094900
0.007370 0.085551 0.070693 0.099449 0.064886 0.105106 0.063706 0.106029
0.007648 0.095584 0.078983 0.111112 0.072495 0.117431 0.071177 0.118463
0.007936 0.106792 0.088245 0.124141 0.080996 0.131202 0.079524 0.132355
0.008235 0.119315 0.098592 0.138698 0.090493 0.146586 0.088848 0.147875
0.008545 0.133304 0.110152 0.154960 0.101104 0.163774 0.099266 0.165213
0.008867 0.148933 0.123067 0.173127 0.112957 0.182975 0.110904 0.184583
0.009201 0.166393 0.137494 0.193424 0.126199 0.204425 0.123905 0.206222
0.009548 0.185897 0.153612 0.216097 0.140993 0.228388 0.138430 0.230395
0.009908 0.207687 0.171617 0.241426 0.157519 0.255158 0.154655 0.257400
0.010281 0.232028 0.191730 0.269721 0.175980 0.285063 0.172781 0.287568
0.010669 0.259219 0.214199 0.301330 0.196603 0.318469 0.193029 0.321267
0.011071 0.289593 0.239297 0.336638 0.219640 0.355785 0.215647 0.358912
0.011488 0.323522 0.267334 0.376079 0.245373 0.397469 0.240913 0.400962
0.011921 0.361421 0.298651 0.420135 0.274118 0.444031 0.269135 0.447934
0.012370 0.403754 0.333632 0.469345 0.306225 0.496041 0.300658 0.500400
0.012836 0.451039 0.372704 0.524311 0.342088 0.554133 0.335869 0.559003
0.013320 0.503852 0.416345 0.585704 0.382144 0.619018 0.375197 0.624458
0.013822 0.562839 0.465088 0.654274 0.426882 0.691488 0.419122 0.697565
0.014343 0.628720 0.519527 0.730858 0.476849 0.772427 0.468181 0.779216
0.014883 0.702298 0.580325 0.816388 0.532654 0.862823 0.522971 0.870405
0.015444 0.784468 0.648224 0.911907 0.594975 0.963774 0.584159 0.972244
0.016026 0.876230 0.724050 1.018577 0.664572 1.076511 0.652491 1.085972
0.016630 0.978701 0.808724 1.137694 0.742290 1.202404 0.728796 1.212971
0.017256 1.093124 0.903275 1.270706 0.829074 1.342981 0.814002 1.354783
0.017907 1.220888 1.008849 1.419225 0.925975 1.499948 0.909142 1.513129
0.018581 1.363540 1.126725 1.585051 1.034169 1.675205 1.015369 1.689927
0.019281 1.522805 1.258330 1.770190 1.154963 1.870875 1.133967 1.887316
0.020008 1.700609 1.405254 1.976878 1.289817 2.089319 1.266370 2.107680
0.020762 1.899096 1.569268 2.207610 1.440358 2.333174 1.414174 2.353678
0.021544 2.120655 1.752348 2.465163 1.608399 2.605376 1.579160 2.628272
0.022356 2.367951 1.956695 2.752633 1.795959 2.909197 1.763311 2.934763
0.023199 2.643950 2.184760 3.073469 2.005289 3.248281 1.968835 3.276827
0.024073 2.951957 2.439273 3.431512 2.238895 3.626690 2.198195 3.658561
0.024980 3.295651 2.723275 3.831040 2.499568 4.048942 2.454129 4.084524
0.025921 3.679128 3.040151 4.276814 2.790414 4.520070 2.739687 4.559793
0.026898 4.106945 3.393667 4.774131 3.114889 5.045674 3.058264 5.090016
0.027911 4.584174 3.788013 5.328888 3.476841 5.631984 3.413636 5.681478
0.028963 5.116454 4.227848 5.947638 3.880545 6.285928 3.810002 6.341169
0.030055 5.710054 4.718355 6.637671 4.330758 7.015208 4.252030 7.076858
0.031187 6.371942 5.265289 7.407085 4.832764 7.828385 4.744910 7.897181
0.032362 7.109858 5.875046 8.264878 5.392432 8.734967 5.294404 8.811730
0.033582 7.932396 6.554729 9.221039 6.016280 9.745513 5.906912 9.831157
0.034847 8.849092 7.312217 10.286655 6.711543 10.871739 6.589536 10.967280
0.036160 9.870525 8.156252 11.474024 7.486244 12.126643 7.350153 12.233212
0.037523 11.008425 9.096526 12.796779 8.349278 13.524634 8.197498 13.643489
0.038937 12.275785 10.143776 14.270026 9.310500 15.081676 9.141246 15.214214
0.040404 13.686993 11.309891 15.910489 10.380822 16.815445 10.192112 16.963220
0.041927 15.257967 12.608024 17.736673 11.572319 18.745499 11.361948 18.910235
0.043507 17.006308 14.052720 19.769038 12.898338 20.893460 12.663862 21.077073
0.045146 18.951459 15.660045 22.030184 14.373626 23.283216 14.112331 23.487830
0.046847 21.114880 17.447732 24.545060 16.014461 25.941133 15.723338 26.169105
0.048612 23.520236 19.435335 27.341175 17.838790 28.896284 17.514503 29.150226
0.050444 26.193597 21.644398 30.448832 19.866385 32.180699 19.505239 32.463504
0.052345 29.163649 24.098623 33.901378 22.119004 35.829619 21.716908 36.144491
0.054317 32.461922 26.824064 37.735465 24.620560 39.881781 24.172989 40.232264
0.056364 36.123025 29.849321 41.991326 27.397303 44.379707 26.899254 44.769718
0.058488 40.184899 33.205745 46.713065 30.478008 49.370008 29.923955 49.803874
0.060692 44.689073 36.927653 51.948957 33.894174 54.903707 33.278019 55.386203
0.062979 49.680935 41.052548 57.751763 37.680224 61.036565 36.995243 61.572957
0.065352 55.210002 45.621348 64.179044 41.873713 67.829417 41.112500 68.425505
0.067815 61.330197 50.678612 71.293485 46.515540 75.348512 45.669944 76.010678
0.070370 68.100128 56.272768 79.163213 51.650156 83.665854 50.711219 84.401113
0.073022 75.583353 62.456337 87.862113 57.325766 92.859529 56.283653 93.675583
0.075774 83.848646 69.286147 97.470129 63.594530 103.014030 62.438459 103.919322
0.078629 92.970232 76.823532 108.073546 70.512745 114.220547 69.230910 115.224322
0.081592 103.028007 85.134513 119.765239 78.141008 126.577240 76.720500 127.689606
0.084666 114.107722 94.289947 132.644889 86.544354 140.189457 84.971084 141.421449
0.087857 126.301117 104.365641 146.819140 95.792365 155.169911 94.050977 156.533551
0.091167 139.706009 115.442425 162.401700 105.959230 171.638775 104.033021 173.147144
0.094603 154.426307 127.606160 179.513357 117.123756 189.723709 114.994590 191.391009
0.098168 170.571946 140.947689 198.281908 129.369325 209.559776 127.017549 211.401397
0.101867 188.258733 155.562705 218.841970 142.783768 231.289252 140.188134 233.321832
0.105705 207.608071 171.551527 241.334671 157.459164 255.061292 154.596749 257.302781
0.109688 228.746578 189.018782 265.907196 173.491545 281.031451 170.337680 283.501168
0.113822 251.805550 208.072964 292.712172 190.980491 309.361040 187.508699 312.079718
0.118111 276.920287 228.825873 321.906879 210.028621 340.216281 206.210557 343.206117
0.122561 304.229247 251.391922 353.652268 230.740947 373.767283 226.546359 377.051966
0.127180 333.873040 275.887298 388.111790 253.224113 410.186792 248.620808 413.791531
0.131972 365.993229 302.428981 425.450008 277.585489 449.648731 272.539324 453.600263
0.136945 400.730973 331.133611 465.831010 303.932133 492.326521 298.407019 496.653108
0.142105 438.225480 362.116222 509.416620 332.369629 538.391191 326.327556 543.122597
0.147460 478.612308 395.488826 556.364419 363.000790 588.009284 356.401880 593.176736
0.153017 522.021519 431.358898 606.825596 395.924260 641.340590 388.726841 646.976719
0.158783 568.575713 469.827745 660.942669 431.233025 698.535730 423.393735 704.674493
0.164766 618.387978 510.988814 718.847097 469.012855 759.733643 460.486774 766.410216
0.170975 671.559804 554.925969 780.656857 509.340724 825.059016 500.081532 832.309671
0.177417 728.179001 601.711769 846.474025 552.283233 894.619729 542.243399 902.481687
0.184103 788.317688 651.405807 916.382435 597.895079 968.504386 587.026077 977.015645
0.191040 852.030413 704.053160 990.445497 646.217634 1046.780003 634.470187 1055.979152
0.198239 919.352476 759.682995 1068.704247 697.277671 1129.489950 684.602015 1139.415957
0.205709 990.298521 818.307413 1151.175705 751.086296 1216.652215 737.432465 1227.344208
0.213460 1064.861459 879.920557 1237.851633 807.638134 1308.258092 792.956260 1319.755121
0.221504 1143.011806 944.498063 1328.697755 866.910821 1404.271355 851.151442 1416.612153
0.229851 1224.697462 1011.996879 1423.653509 928.864844 1504.627997 911.979216 1517.850734
0.238512 1309.843999 1082.355504 1522.632375 993.443752 1609.236578 975.384158 1623.378620
0.247499 1398.355475 1155.494659 1625.522825 1060.574779 1717.979225 1041.294825 1733.076902
0.256826 1490.115782 1231.318400 1732.189889 1130.169863 1830.713293 1109.624756 1846.801682
0.266503 1584.990529 1309.715679 1842.477345 1202.127077 1947.273672 1180.273875 1964.386399
0.276546 1682.829424 1390.562304 1956.210483 1276.332432 2067.475718 1253.130268 2085.644786
0.286967 1783.469105 1473.723285 2073.199404 1352.662027 2191.118729 1328.072284 2210.374376
0.297780 1886.736350 1559.055486 2193.242746 1430.984483 2317.989890 1404.970934 2338.360487
0.309001 1992.451588 1646.410522 2316.131765 1511.163606 2447.868584 1483.692498 2469.380560
0.320645 2100.432591 1735.637814 2441.654630 1593.061185 2580.530931 1564.101280 2603.208751
0.332727 2210.498254 1826.587710 2569.600814 1676.539863 2715.754431 1646.062417 2739.620601
0.345265 2322.472328 1919.114573 2699.765437 1761.465964 2853.322551 1729.444666 2878.397675
0.358275 2436.187003 2013.079736 2831.953428 1847.712215 2993.029123 1814.123065 3019.331994
0.371776 2551.486206 2108.354232 2965.983357 1935.160241 3134.682400 1899.981393 3162.230126
0.385785 2668.228517 2204.821202 3101.690832 2023.702785 3278.108637 1986.914341 3306.916800
0.400322 2786.289605 2302.377910 3238.931324 2113.245547 3423.155087 2074.829325 3453.237924
0.415407 2905.564098 2400.937284 3377.582343 2203.708610 3569.692291 2163.647880 3601.062903
0.431060 3025.966825 2500.428944 3517.544881 2295.027376 3717.615610 2253.306582 3750.286180
0.447304 3147.433386 2600.799676 3658.744075 2387.152999 3866.845925 2343.757475 3900.827937
0.464159 3269.920024 2702.013322 3801.129063 2480.052296 4017.329478 2434.967975 4052.633946
0.481649 3393.402806 2804.050105 3944.672020 2573.707111 4169.036864 2526.920261 4205.674543
0.499799 3517.876114 2906.905385 4089.366418 2668.113185 4321.961182 2619.610148 4359.942767
0.518632 3643.350505 3010.587882 4235.224527 2763.278525 4476.115401 2713.045498 4515.451700
0.538175 3769.849980 3115.117431 4382.274249 2859.221335 4631.529009 2807.244184 4672.231090
0.558455 3897.408751 3220.522303 4530.555354 2955.967561 4788.244039 2902.231683 4830.323338
0.579498 4026.067588 3326.836185 4680.115233 3053.548126 4946.310577 2998.038353 4989.778971
0.601335 4155.869846 3434.094903 4831.004286 3151.995913 5105.781889 3094.696479 5150.651725
0.623994 4286.857303 3542.332979 4983.271077 3251.342606 5266.709302 3192.237171 5312.993375
0.647508 4419.065905 3651.580118 5136.957393 3351.615471 5429.136981 3290.687197 5476.848475
0.671907 4552.521578 3761.857740 5292.093370 3452.834169 5593.096773 3390.065863 5642.249153
0.697226 4687.236198 3873.175660 5448.692813 3555.007708 5758.603271 3490.382012 5809.210129
0.723499 4823.203876 3985.529014 5606.748879 3658.131623 5925.649241 3591.631260 5977.724107
0.750762 4960.397667 4098.895532 5766.230242 3762.185475 6094.201577 3693.793540 6147.757688
0.779052 5098.766800 4213.233265 5927.077887 3867.130759 6264.197905 3796.831048 6319.247952
0.808408 5238.234545 4328.478807 6089.202617 3972.909280 6435.543957 3900.686644 6492.099800
0.838870 5378.696779 4444.546118 6252.483392 4079.442064 6608.111808 4005.282792 6666.184184
0.870480 5520.021300 4561.325959 6416.766537 4186.628846 6781.739041 4110.521049 6841.337261
0.903282 5662.047943 4678.685980 6581.865866 4294.348148 6956.228880 4216.282146 7017.360525
0.937319 5804.589464 4796.471456 6747.563716 4402.457956 7131.351283 4322.426649 7194.021911
0.972639 5947.433202 4914.506662 6913.612879 4510.796978 7306.844982 4428.796201 7371.057856
1.009290 6090.343444 5032.596822 7079.739350 4619.186441 7482.420385 4535.215276 7548.176224
1.047322 6233.064431 5150.530596 7245.645821 4727.432364 7657.763276 4641.493420 7725.060036
1.086787 6375.323900 5268.083006 7411.015799 4835.328252 7832.539159 4747.427892 7901.371857
1.127740 6516.837049 5385.018714 7575.518214 4942.658096 8006.398134 4852.806612 8076.758712
1.170235 6657.310799 5501.095542 7738.812378 5049.199616 8178.980134 4957.411336 8250.857370
1.214332 6796.448225 5616.068134 7900.553127 5154.727607 8349.920365 5061.020958 8423.299831
1.260090 6933.953010 5729.691634 8060.396007 5259.017332 8518.854779 5163.414823 8593.718849
1.307573 7069.533801 5841.725293 8218.002334 5361.847814 8685.425431 5264.375972 8761.753331
1.356845 7202.908352 5951.935882 8373.044010 5463.004985 8849.285559 5363.694230 8927.053469
1.407973 7333.807338 6060.100853 8525.207958 5562.284579 9010.104280 5461.169042 9089.285472
1.461028 7461.977765 6166.011151 8674.200084 5659.494712 9167.570772 5556.612014 9248.135786
1.516083 7587.185904 6269.473638 8819.748688 5754.458115 9321.397882 5649.849098 9403.314736
1.573212 7709.219702 6370.313091 8961.607270 5847.013957 9471.325088 5740.722388 9554.559509
1.632493 7827.890650 6468.373741 9099.556696 5937.019264 9617.120794 5829.091509 9701.636474
1.694009 7943.035104 6563.520364 9233.406737 6024.349922 9758.583950 5914.834602 9844.342815
1.757842 8054.515063 6655.638928 9362.996974 6108.901265 9895.545015 5997.848904 9982.507499
1.824081 8162.218448 6744.636817 9488.197121 6190.588286 10027.866288 6078.050955 10115.991617
1.892816 8266.058907 6830.442678 9608.906797 6269.345494 10155.441683 6155.376453 10244.688151
1.964141 8365.975212 6913.005917 9725.054827 6345.126448 10278.195975 6229.779802 10368.521212
2.038154 8461.930288 6992.295896 9836.598114 6417.903031 10396.083614 6301.233396 10487.444854
2.114955 8553.909951 7068.300898 9943.520170 6487.664485 10509.087177 6369.726672 10601.441497
2.194651 8641.921406 7141.026874 10045.829370 6554.416274 10617.215514 6435.264995 10710.520070
2.277350 8725.991564 7210.496061 10143.556995 6618.178808 10720.501686 6497.868404 10814.713925
2.363165 8806.165234 7276.745487 10236.755136 6678.986073 10819.000746 6557.570268 10914.078599
2.452213 8882.503253 7339.825423 10325.494512 6736.884211 10912.787436 6614.415888 11008.689491
2.544617 8955.080583 7399.797810 10409.862263 6791.930075 11001.953851 6668.461086 11098.639505
2.640503 9023.984421 7456.734703 10489.959751 6844.189800 11086.607120 6719.770793 11184.036710
2.740003 9089.312361 7510.716747 10565.900425 6893.737406 11166.867144 6768.417684 11265.002063
2.843251 9151.170632 7561.831719 10637.807772 6940.653461 11242.864432 6814.480862 11341.667219
2.950391 9209.672424 7610.173153 10705.813368 6985.023813 11314.738048 6858.044615 11414.172463
3.061567 9264.936334 7655.839047 10770.055079 7026.938412 11382.633694 6899.197258 11482.664779
3.176933 9317.084928 7698.930680 10830.675379 7066.490217 11446.701953 6938.030060 11547.296073
3.296646 9366.243432 7739.551531 10887.819841 7103.774206 11507.096675 6974.636271 11608.221546
3.420870 9412.538559 7777.806305 10941.635761 7138.886483 11563.973533 7009.110250 11665.598241
3.549775 9456.097457 7813.800067 10992.270942 7171.923482 11617.488740 7041.546677 11719.583741
3.683537 9497.046791 7847.637483 11039.872626 7202.981272 11667.797910 7072.039874 11770.335031
3.822340 9535.511940 7879.422158 11084.586563 7232.154946 11715.055084 7100.683206 11818.007503
3.966373 9571.616320 7909.256073 11126.556215 7259.538108 11759.411884 7127.568576 11862.754112
4.115834 9605.480798 7937.239103 11165.922087 7285.222429 11801.016805 7152.785987 11904.724659
4.270926 9637.223221 7963.468628 11202.821169 7309.297290 11840.014631 7176.423197 11944.065200
4.431863 9666.958026 7988.039211 11237.386490 7331.849485 11876.545956 7198.565420 11980.917564
4.598864 9694.795936 8011.042343 11269.746757 7352.962989 11910.746810 7219.295107 12015.418976
4.772158 9720.843724 8032.566255 11300.026092 7372.718786 11942.748371 7238.691767 12047.701768
4.951983 9745.204048 8052.695775 11328.343829 7391.194736 11972.676763 7256.831847 12077.893172
5.138583 9767.975341 8071.512241 11354.814392 7408.465494 12000.652917 7273.788644 12106.115182
5.332215 9789.251750 8089.093447 11379.547222 7424.602466 12026.792500 7289.632265 12132.484480
5.533143 9809.123116 8105.513633 11402.646755 7439.673790 12051.205887 7304.429611 12157.112413
5.741642 9827.674993 8120.843494 11424.212444 7453.744356 12073.998188 7318.244391 12180.105014
5.957999 9844.988697 8135.150223 11444.338816 7466.875837 12095.269306 7331.137158 12201.563064
6.182508 9861.141383 8148.497575 11463.115558 7479.126750 12115.114030 7343.165365 12221.582184
6.415476 9876.206134 8160.945940 11480.627626 7490.552525 12133.622150 7354.383433 12240.252954
6.657224 9890.252079 8172.552441 11496.955380 7501.205592 12150.878593 7364.842841 12257.661047
6.908081 9903.344514 8183.371034 11512.174723 7511.135475 12166.963580 7374.592210 12273.887390
7.168391 9915.545036 8193.452618 11526.357260 7520.388892 12181.952791 7383.677411 12289.008327
7.438510 9926.911691 8202.845157 11539.570464 7529.009867 12195.917535 7392.141667 12303.095793
7.718807 9937.499111 8211.593797 11551.877845 7537.039836 12208.924934 7400.025661 12316.217503
8.009667 9947.358673 8219.740989 11563.339125 7544.517765 12221.038108 7407.367651 12328.437127
8.311487 9956.538642 8227.326617 11574.010409 7551.480260 12232.316353 7414.203576 12339.814486
8.624680 9965.084323 8234.388119 11583.944364 7557.961684 12242.815331 7420.567175 12350.405729
8.949674 9973.038212 8240.960608 11593.190387 7563.994266 12252.587249 7426.490092 12360.263524
9.286915 9980.440138 8247.076997 11601.794780 7569.608214 12261.681042 7432.001986 12369.437233
9.636864 9987.327406 8252.768111 11609.800906 7574.831823 12270.142540 7437.130636 12377.973092
10.000000 9993.734936 8258.062807 11617.249360 7579.691578 12278.014647 7441.902047 12385.914379
