6633712113.999434 27.862426 0.809560 5.451615 4.601401 4.639314 42.951811
6346325967.721853 38.609459 0.913103 7.161085 1.869781 4.886078 46.906161
2694742597.797487 9.359900 0.559824 1.427740 7.489856 4.839823 23.834169
1269580173.156529 12.437864 0.487326 0.225529 5.341012 4.476488 19.799230
12658128384.709398 18.708047 0.914038 2.688543 1.460161 4.705023 47.417414
4307503578.785197 18.587489 0.895174 2.826991 2.508970 4.977959 33.045274
32441977080.085346 3.399992 0.344518 1.749254 4.959885 4.816437 46.833915
7899590624.480142 3.888155 0.065271 5.273220 14.160746 4.342487 29.599332
1872176657.700990 45.743517 0.844663 3.344208 15.041767 3.462039 33.014742
1701093508.453579 25.151199 0.406736 3.570448 2.825199 4.811809 26.456208
53338292374.059593 1.992768 0.239891 0.146550 7.897145 3.258815 54.313479
1556064157.940140 11.432376 0.094140 0.057558 11.398813 4.160190 20.764491
2178642795.167211 35.524206 0.959385 2.766921 2.299210 4.076007 31.974302
67494105446.359596 7.658802 0.677168 4.269718 1.511279 4.664954 66.933562
21038806622.645149 4.954541 0.992049 0.926355 14.064660 3.237945 42.225343
3575850073.498004 12.996759 0.919776 0.916791 6.774669 4.422946 28.265001
5922953437.337518 34.196700 0.920991 7.953658 2.994876 4.551983 44.087196
12523140744.177931 6.492267 0.812133 0.997846 1.745442 4.074036 37.039085
227541228413.975037 4.974193 0.908999 1.415548 1.021278 3.691531 93.430326
5517922528.753851 14.762078 0.723362 2.591623 7.560456 3.349942 33.734593
6108292937.127731 7.785551 0.629356 1.112821 8.173733 3.585800 30.147019
7036683927.008619 6.240574 0.306398 0.422808 7.854762 3.751101 30.359055
6636021370.851442 40.158180 0.932078 7.707920 2.027119 4.454820 48.222414
53809630296.610893 3.003449 0.243141 0.074647 8.604381 4.384209 54.969031
5368138487.355352 7.122352 0.454955 0.121732 4.178296 4.225876 28.393161
7185489536.918608 5.678955 0.598752 0.261947 14.870942 3.154864 30.109336
5659212933.805549 6.446117 0.403158 0.211402 8.907447 4.830193 28.388381
3373078313.692790 12.145909 0.646056 1.092726 2.004897 3.703411 27.264612
9644652602.117912 7.779053 0.711372 0.662643 4.864488 4.190629 35.099099
26756826638.674114 3.724226 0.354598 0.017023 4.897635 3.804842 44.266934
4842816237.548277 6.993124 0.736943 0.012105 11.204956 3.082829 27.343153
18085372488.665840 5.752073 0.059241 0.011100 2.869415 4.161269 41.038595
1092337224.030134 32.152801 0.699277 1.853101 3.976948 3.887134 24.610937
1066004761.769515 26.449604 0.990397 1.325185 11.539228 3.214716 22.985049
1339276681.568712 16.497833 0.667783 0.344460 8.088272 3.475592 21.669284
3614439290.764407 8.225800 0.674030 0.068592 3.488333 3.056494 25.586830
5063340445.799329 6.941083 0.890437 0.263667 17.876263 4.042283 27.714427
4166758654.195368 16.299789 0.657709 3.106248 1.910748 4.963168 31.531795
2130541033.128381 18.188659 0.699113 2.020026 17.408823 4.080282 25.976985
1398284064.303034 16.952924 0.698516 1.061682 6.368174 3.655589 22.144767
15735135717.604200 4.167512 0.054212 0.259640 5.087907 4.888677 37.516315
4933869549.929350 22.185184 0.839600 2.426550 1.320157 4.255633 36.358767
17873879030.875908 4.593172 0.794782 0.039882 3.315587 3.596205 39.597201
2355260008.763586 46.348177 0.728184 5.852357 15.077564 4.552988 35.796382
40825155606.654457 3.813279 0.699311 0.091573 2.982338 3.627519 51.076656
7901627462.829285 9.062215 0.672162 1.033548 4.608368 4.644594 33.879173
1151446881.265716 39.657245 0.943611 1.704942 3.030942 4.893059 26.786552
30065169335.125290 21.334567 0.979586 6.068412 2.051425 4.757897 65.663334
4159298230.092941 8.610758 0.816282 0.088995 2.714120 4.730778 27.063953
15511427016.903673 4.332414 0.474294 0.059546 5.208945 4.086142 37.503057
16205112543.635614 5.774161 0.752876 1.341582 2.382360 3.163058 39.587899
6296124732.838296 41.876613 0.904325 8.543581 4.811319 4.404514 48.039285
2157220211.733322 27.219300 0.906782 2.136354 8.455948 4.977135 29.327059
5428422780.063384 16.532486 0.529084 8.869952 5.714433 3.952511 34.569280
1983171365.308026 19.299407 0.347184 5.526973 18.163243 3.884277 25.785644
4101876799.738432 9.644871 0.932038 0.787901 8.217303 3.485176 27.596199
6737045687.089022 13.947942 0.510355 9.703318 3.716172 3.416280 35.534363
13897231129.974169 35.190845 0.943753 8.138970 3.441726 4.488398 59.120749
48983325754.677872 7.044903 0.979432 2.318450 1.980330 3.568241 59.212951
2508949769.644915 36.078805 0.786425 5.860351 6.573804 4.129168 33.681469
218317791597.565063 2.091805 0.680804 0.948252 2.092598 3.558656 86.836101
3626695051.241245 16.594836 0.569729 4.519571 9.050527 4.612111 30.251165
12775273301.369141 4.103450 0.657616 0.478964 9.401106 3.065133 34.939356
284396923438.111389 2.177793 0.974654 0.296986 1.597696 3.056177 94.827997
3204168735.911921 48.693413 0.806747 6.172770 13.287149 4.462540 40.324986
122042660857.911011 4.618322 0.727617 1.000663 1.105408 4.353598 75.172783
10316240982.560253 5.052993 0.325183 0.018712 5.104704 3.231811 33.387531
4023946086.892874 12.316644 0.827569 0.965795 2.616022 3.866556 29.014176
2336250062.624697 28.193027 0.916742 2.624827 3.004796 3.414566 30.441770
5475021755.062421 9.713570 0.261355 2.880512 16.259133 4.008026 30.431653
4306728988.093278 9.277011 0.795564 0.726109 2.623747 4.248892 27.812893
4916512313.999114 17.190057 0.867240 3.995576 5.866412 4.610810 33.800833
702897855.233490 43.762660 0.951211 1.775425 18.562455 3.508248 23.469817
26089191568.305698 3.419707 0.204202 0.014440 16.777009 4.138046 43.572322
1473962350.234859 46.114324 0.680275 3.543673 18.926296 4.627420 30.567210
51107709443.179077 3.275862 0.954324 0.552367 7.442522 4.818080 54.341218
4417262186.683331 6.749285 0.204432 0.034260 8.238265 3.234006 26.348835
8521984836.132591 14.014150 0.730831 4.311748 6.723637 4.954158 38.476504
1929737159.319934 20.277663 0.390238 5.945277 5.992750 3.423419 25.911268
8922785666.251476 21.847416 0.784379 8.048375 2.851045 3.870885 44.100868
3082551371.118982 12.746724 0.918905 0.917594 2.568912 3.046473 26.771652
1883106195.626951 14.950362 0.271783 1.001061 8.250176 3.448519 23.652190
1904707117.357761 19.688695 0.680597 2.044350 19.345513 3.507945 25.584326
3039896718.582496 31.966076 0.711055 7.315895 2.575131 3.766054 34.554225
50280657765.056061 5.172712 0.680748 3.450701 2.690877 4.756142 56.794974
3353227324.458083 8.701470 0.843706 0.288879 15.629876 4.396479 25.243378
182640457238.243622 2.210452 0.370739 0.040745 2.490818 3.638451 81.817164
4243956897.096059 16.700513 0.778705 2.777135 3.859329 4.272445 31.932827
124566303542.023941 6.907377 0.628767 5.003577 1.980644 4.359398 80.533784
11098588044.038736 4.720177 0.034756 0.010274 19.155404 4.849017 33.899304
5272379536.313085 29.421125 0.770559 8.043930 2.119986 3.416646 40.457232
1591730286.092826 10.728722 0.722391 0.178627 16.084817 3.933911 20.614866
3983027102.806529 5.955009 0.012257 0.539837 6.298219 4.864392 24.920310
1441041230.604086 21.945457 0.958832 0.869779 4.178262 4.967329 24.047458
11145620775.821175 5.874230 0.706523 0.013362 5.449074 3.329783 35.039980
1728343489.711029 25.102698 0.993366 1.593125 5.583798 4.074385 26.581381
2929725104.611767 15.434112 0.220715 4.758108 3.412507 4.055488 27.635872
73802936140.888824 4.966212 0.819126 2.054352 1.884615 3.277748 64.179589
104517733699.458374 2.567203 0.364441 0.222627 2.397188 3.438450 68.105693
26858256458.729462 3.117936 0.672283 0.280986 6.356838 3.510495 43.703949
1992190466.874366 14.406758 0.743109 1.093260 2.231332 4.286578 23.870562
64513120600.091965 2.838924 0.866370 0.725014 4.910112 4.510340 58.220350
1007216488.080705 39.620477 0.995613 1.538666 4.170430 4.854833 25.610137
2032246683.409845 12.993750 0.163087 4.105879 8.372137 3.119715 23.411170
277190430541.780579 15.130228 0.923075 8.707491 1.154568 3.840374 125.273762
8449685134.447053 6.160961 0.662378 0.156478 2.788812 4.685805 32.199452
45315648240.944099 19.842610 0.921202 7.195137 1.128089 3.109384 73.745504
15789616487.371731 6.669417 0.992928 0.934303 1.635190 4.871610 40.202488
60167418738.572609 5.881175 0.561128 1.167918 1.470091 4.787265 61.479680
4208022101.452387 10.515168 0.954689 0.807074 2.771089 3.342532 28.374003
1524791055.769929 44.181615 0.927652 3.289739 14.139613 3.724839 30.477921
40576389919.141556 3.654033 0.512154 0.300745 2.442695 4.887762 50.769043
10626568137.039116 4.776386 0.270274 0.090538 13.653492 4.932931 33.463332
13492312217.437357 4.538098 0.286243 0.896638 14.482672 4.336773 35.999871
13788654688.614389 7.040962 0.164547 4.895078 2.914295 4.308574 38.802835
4298057925.684505 6.520753 0.379512 1.150730 14.781353 3.878651 25.952287
36378009719.552078 4.989737 0.223487 6.086816 1.980032 4.255137 50.730218
122042660857.911011 4.618322 0.727617 1.000663 1.105408 4.353598 75.172783
1551604340.048995 21.814679 0.527793 2.296504 3.975140 4.218886 24.604739
68775752812.498672 5.319908 0.592842 3.026707 2.544537 4.826331 63.301638
89743665309.457687 3.764459 0.245187 0.020111 1.968988 3.675679 66.329912
2121348153.784740 14.737944 0.618012 1.199703 19.990372 3.180481 24.519041
5977902587.969277 8.118993 0.408550 3.281865 5.933090 4.904601 30.179671
7290947530.420874 44.014195 0.943744 9.117217 4.060065 4.350096 51.281877
4956181837.159911 8.492226 0.973027 0.030045 10.541130 4.393271 28.610751
13450223033.410559 14.112640 0.895128 4.211757 2.800947 4.855921 44.878054
4097185530.752710 11.154798 0.732272 0.714783 5.763277 3.225974 28.508141
1744363927.808252 16.526673 0.827110 0.424122 6.941029 3.478896 23.675753
2745062149.342882 13.667905 0.984472 0.840380 18.706371 4.074104 26.208640
1692256586.802447 15.035080 0.906892 0.713881 4.732538 4.131950 22.858149
3893159514.625076 32.890173 0.811778 8.433209 6.817275 3.914291 37.862608
6678745944.524398 10.808798 0.738464 1.073264 1.678337 4.187111 33.306707
22384231749.119572 9.979935 0.927103 2.361879 1.503474 4.559216 48.952191
10373496957.701231 9.901062 0.914675 0.797350 1.055079 4.007527 37.815403
2405444168.733648 14.157852 0.343884 1.220682 4.199886 3.240673 25.305257
1410662164.542092 15.835548 0.870998 0.558296 7.420941 4.124741 21.808000
1883280345.145719 19.921595 0.663732 2.123610 19.821497 3.457510 25.572845
2143231746.327676 8.061276 0.855600 0.033974 7.072401 3.955866 21.409359
2649267437.780327 7.078546 0.143552 0.011736 15.630025 4.336381 22.412399
2924784214.948255 8.694631 0.330961 0.142181 7.595468 4.261867 24.114979
2716570010.726310 16.135802 0.707842 1.180002 3.456158 3.832416 27.267813
4958931593.084125 9.367678 0.920019 1.542532 6.352540 4.359347 29.212453
5807857194.745811 8.571264 0.581687 1.831337 9.855890 4.258791 30.221198
1829235616.490620 24.823164 0.779695 1.970299 6.200638 4.686589 26.998430
194817331350.948364 1.774949 0.160243 0.021517 5.835095 4.981303 83.896565
2636505011.956583 8.983806 0.766140 0.432024 6.852478 3.630807 23.455167
56621084431.620010 2.788175 0.934754 0.014091 2.247108 3.884046 55.695072
6094720757.822443 6.102549 0.664753 0.289600 2.054696 3.899821 28.831581
34756072809.368340 10.608929 0.642970 3.320629 1.176861 3.960413 57.471251
92476862677.010803 5.497667 0.673328 2.759193 1.963699 3.913542 70.210623
258173940599.253204 3.954549 0.471593 8.265689 2.566894 3.309903 94.797771
2396220065.288280 20.637845 0.716506 2.468306 4.294451 4.955847 27.990445
49887108311.722855 2.872727 0.849870 0.095285 3.481478 3.885623 53.469940
9897037094.477774 9.218311 0.811033 0.833017 1.238672 4.181465 36.652893
8613743545.181477 7.936287 0.818296 1.039001 1.922550 3.605417 33.933924
8646561021.917397 7.158021 0.070755 0.528036 3.233035 4.044855 33.313539
30381610226.537712 3.590991 0.459685 1.258098 10.573986 4.888090 46.029705
21264213715.818527 3.968378 0.875806 0.057699 3.017680 3.366032 41.260407
4086887436.767453 39.255607 0.937728 6.335840 1.678020 3.354762 40.724981
3832079034.147224 10.556411 0.775635 0.748126 9.785898 4.126858 27.527071
14779179602.363056 5.209759 0.871414 0.012187 13.156631 4.540468 37.800965
32068682995.014660 5.015600 0.631086 0.357608 1.472975 3.101082 48.676965
1984024512.763101 15.120692 0.157693 1.915021 2.528627 3.956628 24.138569
2447876760.244424 31.125813 0.604079 8.052986 12.066683 3.393964 31.880318
6844592515.118416 18.532671 0.914631 3.086010 6.091859 3.450172 38.529544
55924321918.522728 3.357424 0.864321 0.564571 6.223003 4.565423 56.100388
2814428753.293211 8.563407 0.432323 0.434507 13.099705 4.900988 23.733100
12160620582.326326 12.479507 0.724485 1.958461 2.314859 4.024508 42.082457
5116455158.613810 16.530089 0.816254 2.251286 11.217065 3.070553 33.892629
6118826498.636586 18.737358 0.828077 4.519634 15.884235 3.044406 37.230023
948507875.602863 41.838493 0.937333 1.484880 3.733568 4.959606 25.553818
2592642516.773831 19.834539 0.470380 4.841671 2.395057 4.888228 28.413000
2408302818.510931 12.464772 0.970578 0.418549 1.793969 3.139264 24.522285
2970503109.537634 33.092738 0.642447 6.489570 2.266258 3.025280 34.665297
2625899899.532913 28.519118 0.628212 7.806782 4.236480 4.472052 31.762987
1955351429.806079 28.166723 0.992473 2.161865 2.852640 3.518447 28.680115
3395107824.310228 11.289999 0.685688 0.750535 8.635901 3.040580 26.852386
2412918571.689279 10.356092 0.803308 0.726399 7.160546 4.411595 23.491310
126974503856.101471 3.184394 0.746272 0.014013 1.594916 4.014183 73.452601
11366923065.091085 10.554264 0.959204 0.863777 1.107569 4.171415 39.549654
1030350956.757211 16.539771 0.630195 0.854692 13.502106 4.748615 19.869132
2289208566.889081 25.927438 0.982281 2.110750 2.749188 3.641298 29.476424
57779113029.335457 3.101295 0.982913 0.031599 1.751843 3.485705 56.398755
2905496214.577493 34.238688 0.754991 5.397450 6.064573 4.137501 34.783703
2018131479.266552 18.741540 0.996410 1.453882 9.170899 4.400593 25.724526
6060687659.628634 6.910608 0.349766 2.064693 9.316984 3.613719 29.402791
1049847377.463701 23.043420 0.830804 0.622009 10.811349 3.416838 21.948313
104610012755.574738 8.541854 0.743593 3.312691 1.177351 3.953657 79.163278
3379717476.368493 13.996421 0.774803 1.445964 3.038697 3.286361 28.259785
1677726972.297498 8.205088 0.486731 0.058290 10.746951 3.964454 19.801120
6712276748.332114 5.016514 0.903649 0.662282 13.003356 3.053485 28.902185
3070918106.872797 14.733090 0.950313 1.058453 19.003339 4.985135 27.734384
1373798358.072957 10.834271 0.913660 0.013546 5.408190 3.075129 19.671765
5534160086.478452 10.200271 0.962400 1.335326 2.277756 4.607691 30.874058
2904453567.927536 26.107789 0.697445 7.487763 19.634984 3.722989 31.977281
3949413479.705148 35.708659 0.791705 7.441886 4.851607 3.895605 39.051370
6023320868.096398 7.949839 0.646780 0.828312 14.535042 4.040123 30.129707
3499284065.881678 10.753048 0.933517 0.752226 4.500574 4.094798 26.819029
9943399885.514214 39.078608 0.951885 9.124666 4.054902 4.554141 54.693656
1502918027.385106 25.901677 0.705463 2.524496 6.813499 4.711748 25.611095
2884342072.084448 7.092637 0.687073 0.026989 5.405495 3.883147 23.065026
191244874969.576050 3.596222 0.609652 0.510339 1.103835 3.783111 85.000219
38614650964.397774 6.849869 0.297738 5.252077 1.859617 3.598786 54.422065
4467394198.140475 6.483675 0.290375 0.012687 4.530362 3.603137 26.262815
4344277849.814517 8.179552 0.878628 0.552646 2.836217 4.316938 27.173782
2990272359.975418 14.898291 0.953404 1.052656 6.008760 3.781205 27.569098
46101336158.437027 7.289354 0.656894 4.768583 1.942747 3.313604 58.395499
11398145282.422167 6.008218 0.696149 0.019283 2.998806 3.079251 35.431296
12431074477.809759 12.517313 0.885970 2.311009 1.208967 3.216580 42.423488
4782862893.221225 7.405878 0.824615 0.052383 7.237297 3.088709 27.521111
3886272272.678744 8.646061 0.096081 1.135035 11.467392 3.352499 26.480697
2403478018.494701 41.604228 0.967756 3.716871 16.646636 4.846185 34.774015
1799804808.138714 42.559367 0.729325 4.455101 11.164169 3.773965 31.814440
5601875058.374979 8.369076 0.283486 0.023138 1.946687 3.424730 29.714181
32246516130.422295 4.612559 0.629406 0.265511 1.527233 3.123514 48.229850
1214579000.147487 28.966145 0.937663 2.183063 11.608447 3.567626 24.682048
3380172637.622341 35.474625 0.996926 5.936853 6.666815 3.468740 36.999118
15130372321.920490 4.915074 0.302006 0.360052 3.205382 3.562714 37.790053
1800236166.005036 16.832705 0.779413 0.697582 1.946004 4.658790 24.044387
64388915954.443283 5.449772 0.876818 2.137464 1.737906 3.276738 62.147592
20982853714.636143 4.861973 0.695937 0.073074 4.089805 3.405080 42.080539
10315605116.770222 4.440269 0.266422 0.050942 8.065421 4.917466 32.830799
4125150697.339636 19.213049 0.743642 4.374565 6.437334 4.890245 32.874438
37530802845.840973 5.425908 0.976377 1.481261 1.813137 3.237927 51.879819
5451625106.072478 7.398430 0.862464 0.081549 16.784409 4.397148 28.742823
24297593224.998543 11.597725 0.865529 2.967324 1.536001 3.653066 52.076508
14425985251.980616 5.886885 0.923758 0.200273 1.352034 3.331626 38.199741
8268507643.770718 6.595244 0.676985 0.525385 15.925724 4.947866 32.340932
9164060916.597031 21.664590 0.637168 6.600711 1.652549 3.916997 44.386808
1473962350.234859 46.114324 0.680275 3.543673 18.926296 4.627420 30.567210
256310952240.555023 18.437673 0.951620 8.733645 1.256338 3.721246 128.720603
48504814659.342705 9.688869 0.922327 2.975781 1.462210 4.066944 62.933622
34629031840.887909 5.310258 0.309413 1.541377 1.733743 4.775272 50.346345
10627031695.071852 4.932760 0.660256 0.034179 3.975815 4.683684 33.608030
10620069419.178791 36.334720 0.891240 9.261862 2.832933 4.562665 54.607774
5190831129.083994 10.702810 0.586674 1.079624 13.203299 3.795146 30.553572
36831763919.988205 3.776450 0.601948 0.663055 4.600795 4.053304 49.307631
18880646137.803707 4.656406 0.079850 0.237217 3.812702 3.766134 40.396917
4004824504.516696 10.133187 0.288448 0.440187 18.981453 4.487454 27.677613
2548513633.051525 13.151117 0.880536 0.581358 2.277755 4.040817 25.321665
1656881239.589685 12.770569 0.169591 0.507243 11.113515 3.253560 21.777201
17207644410.968266 5.074127 0.826255 0.042964 12.492326 3.891318 39.619029
32950258105.549828 3.728688 0.392425 0.081203 6.208270 4.167463 47.453639
39435028122.208206 8.733619 0.919396 2.547755 1.539825 3.683440 57.449544
2701014759.199523 14.231113 0.962354 1.229601 2.457961 3.750816 26.336697
1695547877.730250 16.795509 0.704416 0.944676 4.157327 4.383260 23.554898
11682659350.466219 9.558892 0.454235 9.111815 3.368652 4.270518 39.040956
1267279469.986281 30.624014 0.804686 2.386008 12.098915 4.799043 25.469229
1899975872.492218 14.799135 0.595101 0.622944 2.952476 4.474917 23.660029
2247826908.361068 30.580352 0.525802 6.811703 2.838179 4.414633 30.816718
2560155228.650409 10.846661 0.536497 0.886451 6.734116 3.155763 24.214319
30377685471.296654 14.249076 0.708009 6.638820 1.403281 3.853674 59.026111
9465613371.259336 4.067764 0.435614 0.028977 10.117430 3.939885 31.586271
48727589605.678871 5.254222 0.289529 0.776971 1.433115 3.895911 56.330404
126761390822.450562 8.749737 0.816970 5.706581 1.452632 3.663572 84.818019
2572665564.225938 11.469637 0.677668 1.276581 3.463418 4.077798 24.571978
10941910342.156662 5.577884 0.954723 0.042629 3.158335 3.630126 34.544459
3559735431.204597 19.788145 0.581568 2.258034 1.838358 3.842624 31.558870
18711773178.053478 3.443932 0.189539 0.606062 15.263312 3.351762 39.024902
1492369993.049051 10.196183 0.888071 0.010944 5.836134 3.068720 19.944795
14762268129.571754 4.000521 0.696923 0.034724 3.803924 3.699650 36.565036
5876478382.246187 9.343700 0.616959 0.828040 12.126479 3.363496 30.896165
40484882010.135208 3.331929 0.800788 0.020129 2.196024 3.169810 50.343627
3273345609.241035 13.833989 0.591922 2.899665 12.605412 4.958348 27.877347
3378381808.736460 7.224096 0.492600 0.050511 11.878618 4.852399 24.395847
10946104716.693281 5.648401 0.323909 1.486871 7.022026 3.244530 34.615659
277251078024.325745 2.179604 0.046443 0.016960 1.790798 4.766526 94.027132
3823982208.048983 9.568647 0.902921 0.528666 1.923476 3.057121 26.911731
6839299405.296109 9.428992 0.917623 1.283791 2.311376 3.521152 32.562742
127307981368.460251 7.641216 0.773926 4.739787 1.583854 3.642681 82.663671
21998855361.721870 2.534315 0.708313 0.214756 10.542875 3.040766 40.496715
5774907529.363457 10.888567 0.904950 2.618436 3.563667 3.268148 31.784729
2442365476.056244 12.425558 0.762746 0.473033 4.870854 4.230981 24.618427
1022914639.999121 39.170260 0.819773 2.089361 5.247102 3.517090 25.646954
2119593763.531581 10.470414 0.937243 0.239285 16.654627 4.522908 22.554038
1677988488.739758 18.014478 0.536418 1.338855 2.522773 4.390548 23.925967
98695568866.668167 1.962146 0.472910 0.829352 3.524468 4.343842 66.696857
1144532958.572403 36.334528 0.832527 2.523704 6.081747 3.232788 25.986875
21121903656.888287 4.493213 0.966347 0.801675 5.401378 3.730908 41.749598
3333712676.180038 35.669657 0.890481 5.079287 14.671840 4.475380 36.893474
8329484779.988794 5.662934 0.360553 3.220921 12.820119 3.340042 31.615361
49851040978.312294 3.920855 0.680342 0.028870 2.138169 3.228444 54.744291
25243122017.414734 5.323350 0.304805 4.521496 2.450998 4.153944 45.327175
4087806526.747039 37.016219 0.976556 6.917263 8.590751 3.107091 39.961090
8946904019.570002 4.909866 0.493186 0.156952 16.427555 3.118071 31.714385
61555093549.292488 3.431183 0.102270 0.082723 1.858037 4.940967 58.022304
7420804037.217701 5.748250 0.833391 0.092401 2.793744 3.014105 30.492170
33632212512.915581 4.814796 0.927820 2.529966 6.012272 3.671461 49.182990
1267935010.763438 13.827539 0.983391 0.289503 3.622899 3.281246 20.318976
11440363356.936207 11.007075 0.498016 3.892547 1.847749 3.329184 40.019563
3038179413.613752 9.154252 0.239210 0.043061 9.774852 4.324129 24.688679
1617007639.235152 41.802790 0.955428 2.726635 4.059778 4.645138 30.518117
1639245412.546603 16.907636 0.728386 1.052592 5.164046 3.886121 23.333134
7807856394.670529 5.048070 0.556659 0.016825 3.502833 4.536061 30.422544
6024471381.534125 6.200431 0.038757 0.016308 5.166923 4.282687 28.796275
5722213231.147956 27.123680 0.968812 6.679611 6.762643 4.721463 40.553374
46087295188.383858 5.189325 0.682304 1.029669 1.920993 4.814282 55.195297
11432125157.058773 9.672209 0.805079 1.024419 5.048989 4.961852 38.859724
10281003923.893114 6.383577 0.632467 1.085283 2.833104 4.051644 34.581357
1487000671.319303 41.694336 0.853552 3.015853 4.706115 4.894221 29.651974
2544224174.896889 38.333125 0.946796 4.884850 11.406624 3.749536 34.506142
4100745452.307116 6.289364 0.990964 0.218018 7.879918 4.603917 25.391525
2546257381.416066 38.604371 0.724350 5.647478 1.840875 4.532892 34.594307
2198514243.818221 28.875529 0.737384 3.936984 2.225233 3.486712 30.051306
1226570713.787666 46.965761 0.987969 2.573916 5.279686 4.261878 28.927426
9520606161.320063 5.880324 0.078191 0.014059 5.591795 4.175389 33.252371
50272419548.538719 3.508862 0.172129 0.132125 4.798446 4.306178 54.335315
6698908243.987632 12.268418 0.624023 2.506544 9.249570 3.439584 34.354254
10818873395.844624 6.182089 0.893745 0.050122 16.943720 3.537850 34.984543
3231417725.274946 6.077538 0.428677 0.010067 7.234507 4.897834 23.319616
1866187203.547621 23.230788 0.853511 2.377614 9.411569 4.494117 26.650775
19676210302.549568 3.998836 0.706409 0.177114 6.584110 4.180610 40.238612
10184448711.379423 8.598330 0.576938 1.433566 2.377315 4.840793 36.467080
3928399856.198212 8.759590 0.166205 0.039534 2.686963 3.165937 26.648093
34711404285.080780 3.282589 0.259070 1.432253 12.078911 4.724400 47.773776
3204721214.539261 7.600313 0.027119 0.028710 17.984282 3.967677 24.201621
3163894994.529508 10.165903 0.683977 0.382448 6.287549 3.402710 25.604818
3595356355.722800 34.380467 0.728756 5.774282 2.240669 3.195136 37.392705
2313409285.075047 11.068991 0.849397 0.244692 13.821260 4.152139 23.520297
10706750929.894407 8.481371 0.336612 8.328207 9.845911 4.226807 36.975922
24464629400.679306 4.301018 0.192270 0.849600 8.677077 4.335217 43.617594
2509969759.136014 22.877757 0.896524 2.002398 13.242456 4.871551 29.286251
1240728624.757560 30.268284 0.883848 1.786340 5.530795 3.401528 25.198369
4696919344.911681 27.922314 0.736990 7.344137 6.086249 3.959412 38.307637
3187782696.742052 13.246319 0.992791 1.056785 12.050615 4.242663 27.332155
12344955939.354977 5.739526 0.749567 0.963470 6.964735 3.150459 36.121387
47973893448.690857 12.933587 0.780342 4.550739 1.162139 3.880626 67.081083
7979930889.160040 5.855683 0.318230 0.024917 4.119399 3.441304 31.331146
6026348210.117003 12.500734 0.611706 2.878502 6.377927 3.609570 33.315592
8666443397.900389 16.849172 0.587291 4.526662 1.907401 3.480100 40.609926
1391076509.321784 18.468067 0.595095 1.179851 2.778856 4.603154 22.631203
3103239700.176557 35.186894 0.678047 6.380601 3.961322 3.760859 35.866310
43110068653.954887 3.464843 0.355962 0.328814 4.231081 3.045445 51.567624
206614638857.417236 8.718610 0.573989 9.167280 1.149735 3.695507 99.744962
10160214964.924652 10.749479 0.481359 8.791571 3.919158 3.444128 38.257608
63610758677.229233 5.399806 0.456705 5.877671 2.643441 4.405470 61.811287
882111690.388944 28.101365 0.729277 1.405776 14.550858 3.343782 21.980531
4656932402.976707 5.865301 0.419302 0.113260 6.330525 4.530499 26.189280
3448614501.935367 36.259796 0.916730 5.090896 2.465932 4.164942 37.509315
9661122865.109228 9.347433 0.867471 0.884370 1.271762 3.984242 36.468013
8202677998.051476 5.217536 0.414626 0.124323 3.258532 3.061757 31.071653
10591633320.655516 13.427041 0.937453 3.017765 1.480587 3.275908 40.923377
7302685383.686488 21.155945 0.995626 5.543242 4.665749 4.707706 40.870736
73365093971.028091 25.328796 0.972857 7.351297 1.027535 4.945103 92.974262
9098266951.686083 9.119156 0.919206 1.272137 1.830145 3.871029 35.556947
54058904072.184769 11.796501 0.800284 4.479638 1.318826 4.521547 68.260105
287346636633.887268 3.044498 0.386466 5.743394 3.173317 3.390983 96.157516
50153495012.807991 2.946056 0.416362 0.011255 4.643135 4.248981 53.636203
18209370349.508533 3.875564 0.109667 0.068042 16.608604 3.922664 39.087492
13235072164.586283 4.436722 0.910533 0.137132 3.196914 3.234008 35.671128
2049146600.308942 7.654493 0.375745 0.186585 13.587014 4.711288 20.878495
1895983534.116351 28.150686 0.742379 4.260955 4.708645 3.725200 28.381916
1915206637.611763 13.581479 0.485711 0.756136 10.455986 3.571287 23.207993
2155713722.618832 17.140391 0.973439 0.986264 17.424345 4.475455 25.658472
13550016064.077141 4.940494 0.314667 0.204608 5.595820 3.609855 36.451169
102899088942.813080 5.351769 0.701598 0.995274 1.092364 4.506648 72.463791
156958256229.427490 6.494192 0.583703 9.416007 2.026041 3.505131 86.041136
1335351580.478198 17.150775 0.800939 0.782435 4.002344 3.238076 21.876124
1321749271.299046 28.161743 0.893590 1.492041 2.547886 3.358432 25.168971
1642550441.688089 21.547394 0.902394 1.839446 9.953519 4.245958 24.987178
245809120173.363953 4.323572 0.258890 9.541418 1.775897 4.905307 94.177083
2514579159.190560 15.128358 0.555234 3.616647 14.414717 4.981861 26.126133
1759455853.570138 14.994375 0.460115 2.643883 3.347330 4.230355 23.140440
6839041905.429875 5.174381 0.031996 1.693747 8.370645 3.815179 29.209760
11269414007.216581 5.139137 0.729401 0.013628 5.555191 3.255991 34.467385
3676370731.904083 10.881449 0.946491 1.123281 3.429579 3.253543 27.338686
3213851441.034379 9.654513 0.606711 0.671572 19.872792 3.935655 25.446336
1279611588.998639 24.637164 0.848839 1.118682 15.155151 4.556726 23.913032
7315943974.441572 7.174678 0.714223 0.068241 8.321753 4.107850 31.522200
3546535968.561799 8.189842 0.200487 0.190790 3.547033 3.327171 25.403209
1171547056.673978 13.650459 0.259267 0.011759 17.046642 4.781019 19.726059
7714558210.887196 5.107013 0.847551 0.011396 2.792347 3.663413 30.350128
4472129705.991014 6.469835 0.880246 0.253138 5.540696 3.756645 26.262410
6648557445.742290 6.408343 0.643316 0.011003 9.075159 4.555235 29.924485
286724196175.814880 2.191005 0.165180 8.994033 3.112678 4.154001 95.087019
7577090585.833735 6.959991 0.402073 1.020985 2.412742 3.613209 31.715766
2754683109.575022 11.440386 0.199726 1.784357 3.148435 3.381768 25.123170
2525934963.924556 22.452192 0.769826 1.952201 15.312942 4.771652 29.187678
13871307166.674028 6.619718 0.815969 1.107259 6.521035 3.962008 38.453049
5595862161.889092 13.006322 0.363901 7.778506 7.064909 3.817153 32.821427
161627048427.685883 4.418199 0.643619 1.647207 1.025974 3.032172 82.103429
9919145805.728807 6.279325 0.156814 0.478695 2.589708 4.640319 34.075505
4940784456.519643 23.163788 0.860763 3.111442 3.123341 4.030071 36.837346
5969090462.089100 10.246798 0.789882 1.218437 4.656384 3.617376 31.694946
168796438435.107269 2.391349 0.840992 0.021465 1.939797 3.938941 79.765475
2004288839.334307 21.387301 0.596235 2.839878 5.995764 4.156379 26.643865
11692883747.277365 5.235248 0.550554 0.216675 6.299909 4.899929 34.986314
93895764737.818970 2.741144 0.981641 0.606543 5.934643 4.818141 65.874094
9567865685.480997 7.472965 0.938732 0.772049 3.536979 3.569808 34.736330
11630374449.572096 7.816446 0.401818 1.859936 2.043788 4.515068 37.394231
5166777786.038363 40.310390 0.892454 6.196715 1.990714 4.972464 44.417696
9022694650.166685 10.255661 0.391965 9.887905 4.553907 3.382917 36.381774
4601628285.592466 6.509261 0.866212 0.233756 3.710513 4.098258 26.541331
2107403959.580261 10.658031 0.975166 0.637148 7.604524 4.766441 22.602077
4839524754.566993 7.729344 0.159956 0.342812 3.972555 4.705062 27.856512
189525045377.015717 2.554263 0.496947 0.264555 1.612510 3.188766 83.037702
186670360584.529846 3.163254 0.614475 0.489742 1.185455 3.778711 83.483047
4986374579.674984 10.528802 0.904650 0.472287 2.921104 3.488043 30.034311
1095473444.473136 25.299394 0.921423 0.998012 5.355356 4.837335 22.886661
1279080809.691617 39.701526 0.684206 3.930950 5.924161 4.312718 27.751900
64118552621.738235 2.711383 0.451498 0.210650 3.922030 4.790943 57.982513
10610200317.323545 33.314275 0.997448 8.682682 3.095716 4.793195 53.101721
2446875496.682538 26.565610 0.877445 2.234061 1.927860 4.288700 30.360198
4899803956.274853 10.670542 0.993564 1.343573 2.189277 4.558098 29.950817
3862626484.963222 12.115566 0.789819 1.791848 5.237388 4.447809 28.507274
1960944737.852082 28.053199 0.997045 1.420695 10.492377 3.316400 28.671961
4175111203.905357 19.077057 0.626270 1.930546 1.144088 3.302656 32.941043
1300860099.878580 20.039852 0.767568 1.042343 2.991274 3.266070 22.643597
9342462113.965879 5.857235 0.932098 0.229747 13.113542 3.505809 33.022912
9000285265.914452 14.373575 0.715775 2.702266 2.459092 3.490081 39.437899
1464643591.051745 11.885563 0.414247 0.786308 5.380912 3.226433 20.538563
9502619211.559477 6.231872 0.962886 0.021684 1.665199 3.515215 33.548910
4307567622.877866 33.251470 0.917644 3.650529 1.812372 4.070408 39.296359
3313592580.250811 9.452441 0.028874 2.858254 3.390635 3.013575 25.588818
2734821241.493512 8.142307 0.469739 0.086119 11.882776 3.214132 23.267880
5304886119.494986 7.031387 0.472583 0.096003 4.044517 4.204130 28.214573
2286322134.301551 12.427671 0.489833 1.494684 13.772543 4.256180 24.083554
21419785148.271721 4.634458 0.038410 0.055811 7.536696 4.494267 42.106917
2701858347.930117 38.811827 0.752613 4.762414 6.520740 3.568029 35.346516
1479257770.884630 15.836633 0.555732 0.568338 1.816705 3.172528 22.156305
1742383374.339780 21.181552 0.850772 2.132073 9.245007 4.923590 25.358124
3071106882.722940 10.316873 0.820614 0.729939 8.170718 4.220698 25.436216
5262625572.950697 14.766605 0.639919 2.095051 9.817328 3.509965 33.208731
1809812987.862273 19.850138 0.947747 0.936662 1.733240 4.175873 25.210257
2655576611.966933 46.043584 0.897469 7.198968 7.506905 3.569051 37.175578
1105907061.325450 14.792500 0.165086 0.707686 5.640063 3.062895 19.752479
1430144403.066314 38.811559 0.994470 2.643723 18.405751 4.100266 28.592453
2982388143.734348 10.010674 0.446909 0.723187 5.131070 4.070831 25.019377
5232811288.037012 15.620551 0.989461 1.658573 2.223333 3.269880 33.636924
43828580402.478073 16.306803 0.916320 5.139482 1.162612 4.123153 69.095806
5358145496.331992 6.560122 0.237358 0.065692 6.205358 4.396336 27.960428
1539087083.072182 11.423648 0.365157 0.459104 9.814071 3.651320 20.684973
8406434550.573669 8.130707 0.116495 9.670055 4.328136 3.645616 33.821585
1508692141.004370 23.651201 0.324691 9.745869 9.679582 4.558200 24.958487
127223044162.271118 5.395762 0.731717 2.406570 1.528775 4.839177 77.868993
940113620.130423 30.594109 0.847727 1.848015 16.315238 4.013389 23.049049
13217962266.790182 7.157520 0.676873 2.336784 5.704532 4.348735 38.375629
3985986993.247046 10.185998 0.902523 0.845402 8.773395 4.604863 27.666356
11535578937.104076 13.132160 0.767753 7.438642 5.731842 4.428030 41.871687
7254979679.138841 9.191849 0.216975 5.898205 5.176192 3.696918 33.028219
8765967777.774305 5.911469 0.466276 0.020377 7.561202 3.378701 32.376914
9756926381.184019 10.179661 0.914588 0.443129 1.207821 4.277186 37.280671
185631700684.681183 4.311253 0.359366 6.643722 2.571081 4.347488 85.733886
18127298398.264797 4.374402 0.751506 1.065855 3.275078 3.843282 39.547537
85386481654.690781 5.847301 0.555534 8.324279 3.152161 4.020995 69.025122
3786277859.460130 22.480525 0.874769 3.744506 1.863510 3.306735 33.416117
96437076462.715607 2.942294 0.421735 1.415644 3.207030 4.555853 66.692229
2121259714.809319 11.293843 0.185551 0.028580 5.389027 4.238759 22.957839
103499575113.441330 3.329553 0.179862 0.018373 2.135352 3.819249 68.834002
13510747831.153372 9.776214 0.501511 4.882026 3.463755 4.890548 41.181633
202894615956.791901 2.931421 0.290346 2.950181 2.168975 3.724360 85.440408
4009664477.474314 29.396029 0.952472 3.969667 2.281651 4.998664 36.918904
61723851670.542503 9.150492 0.927830 2.954917 1.390868 4.219213 67.360665
1909939682.816765 36.135080 0.794145 4.180045 3.736875 3.079994 30.769281
7899454326.012632 6.030025 0.853014 0.018128 2.713142 3.664308 31.373611
1125763471.131953 20.216210 0.968333 0.735799 5.414047 3.320435 21.632023
1341679318.455798 15.813938 0.265442 0.820642 7.734869 3.403737 21.438805
10228952489.162020 13.212108 0.353140 7.442517 2.033987 3.715191 40.287883
7801835783.022882 5.711732 0.168623 0.946426 8.129050 3.559507 30.974463
1793261210.348382 10.097271 0.929164 0.552173 16.679566 4.279645 21.157799
9833487775.613453 5.338641 0.777970 0.470762 3.129887 3.347322 33.117907
8319329065.961861 6.665328 0.802509 0.676797 12.108952 4.586874 32.467207
4023887638.769753 6.160182 0.152713 0.080715 9.628031 4.582785 25.144392
4745782294.561091 9.349418 0.466562 1.052217 8.270004 3.442624 28.775664
2468881568.273695 34.794494 0.764915 4.602704 2.148807 3.375322 33.115249
20406633494.499409 5.193314 0.015055 0.024786 3.632005 3.378433 42.073939
3074610678.585639 8.278471 0.250619 0.143141 6.888088 4.112397 24.274951
4100021265.842170 12.659164 0.536112 4.600300 5.712653 4.746383 29.392138
2077668539.643655 19.831219 0.775062 1.762798 15.137039 3.592576 26.390103
7219334202.045210 7.893343 0.252322 2.646731 3.433556 4.876057 31.959899
2543706909.849065 14.859436 0.720305 1.151069 5.159175 3.300743 26.104376
9380922419.759811 8.721715 0.516472 5.453500 7.617409 4.666122 35.586443
731621692.118690 33.107756 0.959010 0.851117 18.496760 4.857736 21.732483
91131722181.595993 3.782100 0.371409 5.992686 3.130467 4.479545 66.699927
2309689484.990385 28.271429 0.875456 2.593445 17.374555 4.059392 30.351786
3626739831.807072 44.849797 0.929164 5.445505 2.396785 3.699548 40.886725
3399672191.928125 11.074836 0.591340 0.704921 1.717820 3.364038 26.743876
1878069710.979753 12.368502 0.272248 1.172061 4.678500 3.697642 22.528925
1717206878.276189 48.594800 0.943071 4.179063 13.554427 3.664709 32.732631
14042658852.600525 6.076025 0.842349 0.307002 5.762949 3.980324 38.053012
8486740074.651295 8.131076 0.875867 2.796558 3.585144 4.803706 33.929250
2314594821.442768 7.205621 0.863643 0.015894 4.845456 3.281761 21.496345
1244932372.827614 42.906994 0.945209 2.245306 5.396943 3.412122 28.211665
71428031967.599197 6.531294 0.549833 3.380262 2.332899 4.874156 66.246474
51673180425.820343 7.839605 0.754157 3.905469 1.997999 3.560190 61.510084
1912667799.682220 22.031150 0.282773 5.472296 18.389996 3.129574 26.457436
235925479384.119812 3.495553 0.649306 1.970485 1.902664 4.981824 90.940880
7249259447.476772 5.998053 0.284600 0.011634 4.390765 3.372233 30.461682
48743874504.006210 3.880969 0.990135 0.039422 1.800790 3.505345 54.280014
4233098857.909934 8.775162 0.124351 4.996083 6.456186 4.051893 27.330093
4089182630.942051 8.194522 0.991453 0.342446 2.605195 3.836511 26.640913
23013088791.718288 4.196516 0.146673 0.074051 14.199504 4.593283 42.617773
1363830763.088198 13.492202 0.299407 0.505660 6.324275 4.841868 20.690226
4348034468.156153 27.163582 0.804207 7.166260 5.975554 3.413166 37.022356
4525915067.244122 6.528230 0.226440 0.032360 7.866449 3.310541 26.408272
48990350417.067612 3.010729 0.410151 0.106159 9.496276 4.362976 53.283938
6594231820.212565 41.698588 0.862925 8.346620 1.769537 3.387318 48.717594
11350731783.103737 5.852708 0.698112 0.383279 10.823988 3.320947 35.232978
1959397734.231161 15.980174 0.432777 3.118433 8.348107 3.973215 24.391045
2106693879.071798 38.828250 0.924032 2.490716 2.766357 4.950131 32.537627
10878114116.510649 8.701973 0.849014 0.919927 1.536472 4.167272 37.369408
3619738966.274045 8.108433 0.832766 0.024398 10.412621 3.079667 25.525708
1764799815.265603 14.232858 0.112180 0.010361 11.421475 4.190069 22.854117
2744310472.962603 9.469724 0.544107 0.212244 6.562345 3.054603 24.039945
19807937709.775356 4.462266 0.302532 0.427360 4.450881 3.274132 40.830904
5749535596.556483 6.657053 0.266548 0.475865 8.396847 4.643035 28.698870
28711198584.792244 16.139207 0.799127 5.476171 1.853484 4.677568 59.843669
2770166934.384861 11.271254 0.330979 2.458130 11.331280 3.235711 25.082128
850997699.628508 33.998068 0.846478 1.366544 11.426896 4.553664 23.048311
35478374609.487770 4.942577 0.807560 1.248583 1.856387 3.884363 50.243244
4708142803.350389 10.598122 0.316337 2.043949 15.614357 3.847117 29.509092
1034262904.389198 36.350074 0.772441 1.904438 6.344956 3.335357 25.127421
2381409826.396285 8.387697 0.682918 0.022076 8.190825 3.417562 22.352541
36571192404.709343 4.680245 0.572884 0.344545 1.313828 3.123238 50.389400
1652748019.594394 17.731234 0.275614 2.442983 4.424521 3.268007 23.701969
115672688621.195053 3.036656 0.770829 0.718819 3.903873 4.234198 70.988932
5287428245.095801 17.282804 0.876061 1.533619 1.138350 3.574456 34.681026
11113097427.922276 16.526880 0.538764 5.835841 5.458442 4.722274 43.890574
27374837716.044727 14.385818 0.713307 8.942248 2.672496 4.422100 57.153197
18865680974.566574 3.844302 0.463021 0.086336 4.247433 3.979915 39.519824
6634379087.076698 5.876592 0.200102 0.049129 3.585836 4.507471 29.477485
5415724677.336349 16.152588 0.586778 2.590460 1.502631 3.724993 34.328061
8777218165.828501 5.437019 0.948925 0.113367 5.637916 3.956796 31.973296
1129316171.006264 39.785549 0.943335 1.682171 3.311665 4.872107 26.641853
84404027258.867279 5.854697 0.627569 4.473924 1.895136 4.150838 68.773210
1829764821.295326 21.716402 0.878828 1.812802 11.874406 4.874138 25.961088
821095386.979360 25.017898 0.945893 0.580158 16.909412 3.815592 20.720147
1541839121.565271 27.282579 0.995001 1.945873 5.614713 4.156440 26.239578
16623045255.268068 4.751248 0.998797 0.321944 3.065710 4.412226 38.818788
9419469569.558651 5.220069 0.621937 0.054035 10.673054 3.418739 32.540053
10342557281.934616 4.520210 0.317964 0.058447 8.242042 3.369936 32.930862
2121132794.057452 13.480673 0.306215 3.523589 9.660841 4.904329 23.966672
5639601180.007360 31.289905 0.753049 9.316184 4.430009 4.277729 42.175068
41920347376.848694 4.800193 0.278795 1.953676 3.313624 4.798487 52.909112
810462411.852914 22.174364 0.506786 1.476504 10.065402 3.147224 19.909605
15154676355.202951 4.178361 0.293581 0.310466 9.726306 3.684635 37.059912
18237455287.459957 3.467184 0.368417 0.012331 5.089692 3.924555 38.713551
30871637846.638184 7.070565 0.597283 2.684993 3.252751 4.542825 50.801486
12768707456.984699 7.127977 0.768364 0.575124 1.978380 4.568828 37.906878
1469161106.177946 11.746280 0.566046 0.130679 6.090038 3.066915 20.501804
6671024781.997508 7.086642 0.132345 7.659004 10.298164 3.131662 30.497793
10058219124.697729 8.478876 0.933429 1.097405 14.133713 4.940880 36.211567
115177302892.986755 5.220256 0.605837 3.510246 1.819740 3.049255 74.966511
19138218962.256847 6.617832 0.363614 2.806994 2.041835 4.701591 42.805918
8060559628.003041 10.921748 0.625857 0.837339 1.730598 3.689945 35.546550
4933125548.662798 23.306786 0.676231 5.579149 1.636473 4.283903 36.884939
189421730537.281219 1.697031 0.196353 0.652149 3.052383 3.729953 83.268571
8107554053.129584 15.040315 0.435193 4.061640 1.914148 3.280866 38.537929
96061665258.552307 8.266706 0.739520 6.260410 1.573791 3.584190 76.434072
4146858950.650212 18.378974 0.847358 6.022566 7.099818 4.791108 32.527334
8981902864.140182 5.511382 0.801477 0.089303 2.877304 3.115119 32.285788
5040585740.416387 22.730419 0.603441 7.594610 7.329377 3.761680 36.879109
16651439103.347527 20.255972 0.869875 7.308039 1.779964 4.769414 53.130158
8910178179.713518 7.815674 0.652263 0.574041 12.043808 4.690473 34.215833
3289226735.387745 37.342308 0.969044 3.556467 3.495194 3.872438 37.273446
57899764299.523781 4.332750 0.268914 3.530708 2.373896 4.744763 58.176236
5320747132.186010 7.341080 0.216588 1.052799 4.203147 4.964157 28.469176
23999224675.014809 3.392163 0.320595 0.015075 5.807197 3.899944 42.349181
8945810090.690208 11.138254 0.387312 6.165225 9.663537 4.132160 36.971165
1941253292.898231 10.904894 0.618815 0.014163 13.777316 4.862307 22.107925
8560038259.535387 46.139673 0.932701 9.252136 4.033468 4.439579 54.953892
8111910719.958687 7.107286 0.788300 1.792057 5.959003 4.779190 32.569483
4584554194.944983 10.500961 0.196835 2.172135 2.918301 3.555147 29.187264
24570670485.019764 3.895444 0.024906 3.157758 6.229393 4.428998 43.214987
25875341454.667507 15.048358 0.995481 5.249125 1.778667 4.449794 56.747621
1990644397.107433 30.502665 0.670557 4.290722 2.043206 3.752865 29.570105
3107820436.664948 7.009940 0.153550 0.091787 3.847881 3.119710 23.595252
9494789921.808132 5.878555 0.694592 0.013280 6.303343 3.316540 33.220690
7986297354.447809 10.150040 0.539597 1.504004 1.327874 3.580837 34.850650
3126050329.067965 48.580555 0.831501 6.157700 10.432257 4.660547 39.963416
48984781112.748497 12.857418 0.743341 3.823102 1.007305 3.644965 67.450417
12533874249.539736 9.115003 0.584239 3.935103 3.937640 3.510682 39.560152
18403501650.097752 6.390211 0.410727 0.854457 3.648455 4.291832 41.995943
1361282618.057924 32.638034 0.778317 2.918938 19.002635 3.180649 26.609628
1546421353.309521 29.735563 0.855486 1.950852 13.962220 3.377763 26.968977
9096817826.749531 6.446823 0.153118 0.645578 6.507448 4.716870 33.255229
7328082246.988454 5.802113 0.048617 0.070123 6.797831 4.282181 30.409289
9325672658.099524 9.698917 0.341360 3.624456 4.019013 3.894209 36.331208
6616538004.978282 6.127736 0.281815 0.140732 16.654119 4.784916 29.652144
3057967838.145875 40.107171 0.942332 4.074827 9.106033 4.272204 37.231499
19570885046.908535 3.398381 0.213944 0.220758 8.426114 3.249256 39.571146
3366038548.468510 8.658408 0.459832 0.547096 7.857388 3.944848 25.249509
41770368186.073097 3.571509 0.465179 0.044277 3.373631 4.385050 51.158513
915741091.272733 24.715498 0.845997 0.679782 13.087424 3.461315 21.409677
19289528423.674381 9.098540 0.920617 4.754914 3.253929 4.019191 45.656559
4495007266.508810 17.909557 0.533387 6.409390 12.738908 3.743107 33.175593
11896930422.356821 6.105207 0.124734 2.186823 16.408444 4.990695 36.035178
9601306292.879272 5.181248 0.884647 0.067644 11.217866 4.551743 32.713109
1847233761.951929 29.814323 0.896707 3.805285 9.618468 3.560115 28.638586
2623928457.792222 44.324163 0.844575 7.651599 4.906067 3.974515 36.561952
1895846178.754988 14.455247 0.244280 4.488090 15.153867 4.945356 23.499687
3266588644.249212 5.931759 0.526303 0.014021 17.686372 4.196235 23.311651
1622179592.487811 18.109285 0.459012 1.398126 4.917414 4.764527 23.691961
2904231854.712418 9.566609 0.925372 0.011596 5.339659 3.125469 24.552362
7122248261.841406 25.867116 0.677722 7.858084 7.112942 4.721500 43.001230
4432352080.711876 25.604027 0.842039 3.550818 1.694364 3.692089 36.600361
11923833442.949467 5.112245 0.582545 0.037255 19.918018 4.937333 35.096037
2973205488.782617 19.453534 0.566143 7.658138 9.491451 4.526746 29.578074
19099871130.292942 5.564104 0.875635 0.028600 4.629306 4.414235 41.577668
2381092391.533796 21.405172 0.901985 1.191715 8.579187 4.929971 28.225418
1486331038.015939 9.582480 0.520830 0.018555 9.348490 3.192925 19.646185
9713688273.349459 11.535892 0.459183 8.028805 2.561196 4.571281 38.314684
149042713233.814331 1.484344 0.192111 0.092453 4.283304 4.713418 77.475240
1239984548.839250 33.678867 0.956021 2.138329 4.746588 3.495275 26.051688
9154535421.097216 5.794445 0.788033 0.014781 7.160247 4.571618 32.743929
1459499693.056539 38.288003 0.923058 2.892998 8.230835 3.093792 28.660269
113208451642.541245 4.623122 0.704431 1.033979 1.173080 4.317106 73.322966
1738942706.919295 13.966547 0.219288 2.257240 8.583853 3.268784 22.632594
24327829893.957897 23.730364 0.975737 6.908213 1.538871 3.532463 63.117164
9657695860.550955 22.088584 0.596919 7.550799 5.578607 4.551568 45.424197
4696847658.813681 6.224940 0.385033 0.018409 12.351383 3.356756 26.520712
15971839885.079430 4.028027 0.703460 0.840520 6.670267 3.573067 37.564682
7130382281.892467 5.787168 0.699988 0.148787 9.908353 4.885544 30.121051
2127498197.433027 8.419794 0.312375 0.317123 4.937840 4.041827 21.544830
26207021290.378864 5.029216 0.308853 3.189724 3.358980 3.956647 45.526602
1496971970.898654 20.511061 0.998082 0.805071 16.878248 3.155923 23.885919
7112608721.946761 8.864946 0.803070 1.436126 4.289459 4.104477 32.560325
1550107104.519420 16.555851 0.246377 5.356045 16.781754 4.875948 22.772871
33618081365.347317 3.824942 0.642024 0.105639 3.148064 3.625175 47.888738
3707530254.107478 44.357379 0.983612 7.375629 19.112574 4.257290 41.037550
844932833.491282 21.029258 0.728328 1.143301 3.346751 3.156303 19.881241
5179505835.277030 28.039967 0.926275 3.443205 1.176308 4.176799 39.628018
43066739406.093361 3.133743 0.830961 0.358647 7.790928 3.070059 51.170302
64038048100.468903 5.083941 0.396493 4.961910 2.088450 4.813750 61.412976
3203292832.899312 9.615665 0.126969 0.993597 16.352513 4.042370 25.396049
3147288505.999029 7.932925 0.388252 0.758219 13.290603 3.823694 24.257499
2040625067.252477 14.684846 0.173573 4.564132 8.206211 3.632728 24.181400
4445725903.674786 34.298299 0.731006 9.950452 4.898979 4.551544 40.104218
11638427470.264225 33.654853 0.971710 9.009962 2.025641 4.878213 54.941064
1098619959.957110 15.993649 0.997642 0.645213 10.370978 3.160456 20.117284
18719227720.648888 21.328723 0.868187 7.818914 3.088578 4.026505 56.065638
1778202816.447718 23.898675 0.572530 2.803963 2.287791 4.791689 26.445214
2865839841.990489 13.009330 0.820009 0.776437 6.783944 3.591081 26.260964
3872118384.913535 14.185954 0.638938 3.829211 3.115423 4.224500 29.672128
6913034674.250357 7.471842 0.620570 1.108099 15.235841 3.711070 31.168991
23164530506.895599 3.937877 0.014260 0.044577 3.186888 3.301827 42.420941
8540809135.535910 5.866532 0.114014 0.927985 10.753464 4.184424 32.058102
1270111144.645295 29.056987 0.813375 0.982533 1.637378 3.893684 25.076803
9098553458.496437 26.395394 0.821952 9.770800 8.242318 4.378196 46.944043
3750437309.548676 47.223517 0.730271 9.142174 7.594189 3.755810 42.063067
15618267105.961229 4.117530 0.009465 0.031573 3.721750 4.481687 37.373551
1117202836.008411 31.194878 0.756533 2.224865 3.693405 4.267903 24.562402
307484189941.013245 1.528795 0.007474 0.042472 5.216532 3.861815 98.429514
1472538765.289097 18.385761 0.675675 0.946673 9.047437 4.471512 23.036086
3047010965.429407 10.271291 0.261157 1.326543 2.118990 4.082865 25.344206
193819760128.487640 2.484836 0.737387 0.045893 1.936648 4.081913 83.596591
74513378501.019684 16.897988 0.868420 5.970408 1.203335 3.639735 83.259952
47406292532.689262 18.540760 0.879709 9.639833 2.302968 4.733037 73.452954
1695908586.800915 11.391159 0.511723 0.253731 3.242544 3.414978 21.350591
24242907117.204525 4.159138 0.666266 1.189024 4.226147 3.737626 43.320632
2438019557.584297 35.888124 0.788895 4.394258 2.322434 3.362176 33.304410
1676575868.355339 15.123140 0.316472 3.493763 8.242277 3.270154 22.822083
7281600735.648938 7.253233 0.564188 1.856026 4.162879 3.674684 31.536550
3310682996.584337 11.149781 0.737827 0.745949 7.715754 3.594250 26.550169
2012907985.463525 19.775929 0.469440 6.112332 7.114438 3.641093 26.092424
1411137675.206111 39.719346 0.806049 3.852815 2.495502 4.505625 28.680057
1817794024.713783 11.582241 0.962155 0.206080 5.563325 3.970895 21.936367
203585352110.785095 4.044197 0.340853 3.250028 2.266681 4.098854 87.786574
2023760843.355999 13.574957 0.601985 0.408254 2.595510 4.768156 23.635578
48707823749.975548 12.097950 0.995864 7.449531 2.114330 3.264686 66.329773
5301034463.388741 6.553266 0.515215 0.924858 7.381649 4.652110 27.855663
2890589761.184148 32.643853 0.823003 5.352242 2.920094 3.378327 34.203923
2069300911.011827 10.743112 0.914839 0.474612 7.507391 4.856640 22.506032
35132526365.193214 6.317983 0.589143 1.905634 1.535692 4.241277 51.996116
61593161714.865601 4.282084 0.754592 0.022003 1.448814 3.089306 59.306901
10998629476.266996 9.587187 0.782178 1.006363 5.102886 4.943393 38.288270
20839446253.547745 24.397726 0.935443 6.441090 1.621143 4.556469 60.437871
4249486194.131422 20.983822 0.671416 5.624571 18.114246 3.047639 34.041773
4934822096.139456 14.364697 0.645507 3.842541 3.958793 4.037239 32.273787
1131648026.500389 22.609547 0.577287 1.779718 10.572759 4.723039 22.379347
4822425487.526551 21.932470 0.571700 8.805221 4.093710 4.897429 35.963147
8831431638.393341 8.917868 0.914480 1.257837 1.850575 3.855254 35.040108
10091283992.722252 5.693313 0.689349 0.022771 2.347237 4.930723 33.731452
57902847299.191521 4.155672 0.166579 0.180889 2.244807 4.806006 57.901945
21783432973.429985 10.676072 0.357955 4.639815 1.628499 4.869185 49.254143
66425911509.008118 15.477734 0.989354 5.040382 1.005347 3.795687 78.276694
10966391137.617802 8.568047 0.931549 0.854456 3.376120 4.223346 37.350296
5785808043.384213 6.298040 0.486036 0.134673 4.036091 4.164473 28.485484
2510183226.110291 11.846762 0.453311 1.624745 13.169681 4.811313 24.559592
1639736901.199469 36.532457 0.999794 3.451024 8.241814 3.084660 29.346786
4871880389.084244 11.378602 0.506864 4.667440 3.420239 4.135522 30.343231
8033959494.421148 13.457020 0.535089 4.642720 5.600304 3.745601 37.342505
3287172231.594135 18.724232 0.309518 8.793684 2.767458 3.882173 30.259380
3197636447.634341 9.005022 0.198385 0.943207 4.970401 3.149580 25.025822
3103042186.214895 33.412190 0.540500 9.173885 3.997582 3.833790 35.280371
1688962490.937267 34.706300 0.701691 2.184805 17.708487 4.822480 29.155250
7056734400.884140 21.519678 0.627436 6.275244 1.421972 3.867857 40.605444
2053128371.680816 8.309500 0.033333 0.203829 5.529245 3.064196 21.233854
1591576829.045357 32.531065 0.861322 2.185129 4.436377 4.382180 28.003748
964372372.030823 44.301367 0.873721 2.068619 15.576594 3.700913 26.185021
1141197478.277188 40.528683 0.921633 1.725897 9.499963 3.300343 26.896929
5840861094.720673 12.761156 0.412650 4.575787 2.141783 3.167833 33.137394
11745279746.847620 5.123053 0.616900 0.049311 4.453153 4.338190 34.930373
18383539587.751816 11.358941 0.462683 6.274650 4.297810 4.347937 47.220356
3856517766.513360 11.469050 0.913220 1.339763 7.105541 4.052785 28.121525
21581838783.037201 4.295534 0.612710 0.773602 10.528860 3.371091 41.826120
7896490046.319029 6.916305 0.298892 0.024892 2.437143 3.132153 32.118648
7063447696.190827 23.265520 0.920167 4.361199 1.742179 4.570834 41.551594
44826842392.791046 5.761215 0.661737 1.033655 2.852565 4.473262 55.552602
183261571516.049835 2.610648 0.038257 0.148958 2.346910 3.865614 82.170079
5096380306.746326 6.042855 0.920633 0.042772 19.330472 4.104458 27.118785
17438235780.455639 9.874758 0.610226 2.221472 2.444072 4.360808 44.937152
5821303684.399333 34.440456 0.966859 5.201273 6.949747 4.296900 43.932624
13773671543.912796 20.640660 0.914612 9.281853 2.097645 3.771622 50.141931
872896635.976051 29.774959 0.904890 1.189256 9.445853 4.626000 22.297398
3786726878.823548 7.489141 0.223131 0.157374 3.107139 3.999193 25.514016
4230271942.557114 8.398584 0.041600 0.267060 5.334509 3.946731 27.078188
2180519759.542778 16.771815 0.367786 4.606118 8.821167 4.277773 25.605454
20247600404.020367 3.650420 0.210185 0.124300 5.886277 4.211080 40.264922
39145400427.074348 3.854882 0.164497 0.321793 8.517397 4.979676 50.419929
15968153036.275829 19.260615 0.839646 6.270127 1.478541 3.347422 51.653254
2720885961.950833 20.216883 0.545495 6.085623 2.133518 3.375903 29.030575
2134349182.282776 33.531520 0.749260 3.262779 3.746750 3.809727 31.178063
4545029211.403816 6.475009 0.651973 0.336092 6.370470 3.338846 26.407981
4781464431.651414 29.328240 0.693616 5.612643 1.948891 3.483395 39.122215
22848805243.184986 4.237858 0.521778 0.115850 9.830775 4.283947 42.563139
13011179623.879194 4.795251 0.068043 1.306445 4.582266 3.735605 35.818064
4357895063.248302 45.584237 0.888683 7.083941 2.630823 4.416857 43.703243
13143401942.283747 5.643871 0.161559 0.249536 6.192247 3.938275 36.787604
4510276223.046375 6.902816 0.162048 0.140269 6.568430 3.826797 26.639569
3763297271.367299 37.904686 0.854052 5.892352 3.865596 3.107959 39.173071
2493212833.011064 17.766457 0.517463 4.300281 9.013020 4.603563 27.198085
10152197514.257240 5.929468 0.946898 0.143314 11.184222 4.874518 34.017408
2209572025.890480 16.442469 0.911089 1.195470 13.324848 4.178568 25.581864
33664314390.250420 4.095586 0.026298 0.017498 3.159356 4.307408 48.249306
1897201270.579067 22.078184 0.702810 1.924423 19.907043 4.465378 26.402264
2905255295.229976 8.433619 0.745416 0.862035 8.835954 4.723580 23.910762
8657189212.889313 13.443049 0.892413 2.835141 3.129281 3.122466 38.274186
3096605353.930033 11.604506 0.653817 1.529385 2.379093 4.616827 26.210559
81116158277.669754 2.817301 0.092673 0.019484 2.712311 3.107717 62.815803
45620452988.421654 5.448143 0.343388 0.941671 1.665646 4.863235 55.401438
2073776084.785256 11.954055 0.551334 0.354229 2.838384 3.172586 23.094681
1440088962.564782 27.029324 0.619191 1.993094 1.892307 3.256441 25.576567
1053179723.356213 15.345473 0.122074 2.296132 15.944972 3.390241 19.620405
2818720692.373200 9.765269 0.584476 1.316170 6.916065 3.676811 24.418598
4090300203.462496 5.219358 0.102744 0.026907 16.018258 4.602321 24.640678
2135181372.164021 24.597657 0.815036 2.058438 9.515630 4.347584 28.349540
3365016042.712536 10.658537 0.888681 1.091328 11.890666 4.178839 26.417975
58860159016.492188 3.969211 0.244571 0.027743 2.456460 4.120856 57.934017
2011144618.972761 41.245582 0.902863 4.722069 6.777567 4.810819 32.675531
14064633322.587763 10.444752 0.526837 2.429839 1.659131 4.612074 42.358536
19986380618.813274 3.927629 0.536525 0.285044 5.613064 3.881104 40.373994
50822287122.959610 3.696464 0.412464 1.187393 3.392704 3.804789 54.783626
192309634839.265717 2.168297 0.906493 0.167613 2.032544 3.045004 83.232629
1921864879.556691 42.987096 0.917225 2.979912 6.812076 3.133475 32.625329
14237736544.249947 4.440866 0.547120 0.040526 3.462824 4.793832 36.554195
3566594001.012786 7.178203 0.199087 2.303414 6.977389 3.069970 24.811354
23487529238.456329 5.485272 0.830219 0.853958 1.224627 3.080477 44.448433
5938693206.797286 8.474287 0.983947 0.565300 5.031250 4.125614 30.375433
12394220168.342127 6.360559 0.452029 0.217120 11.223467 4.418679 36.782050
12452016261.324072 7.208931 0.567402 1.018373 5.356648 3.076146 37.669505
41949049920.169846 3.186992 0.375280 0.051952 3.456967 3.878044 50.780834
12863443745.179209 6.452152 0.547690 1.715862 8.662367 4.842742 37.331683
8600625873.842810 6.938444 0.557772 0.391643 11.192179 4.724330 33.065390
3241394358.381539 8.833441 0.066559 0.664070 19.572758 3.462079 25.037980
2566855559.446463 16.079995 0.922075 1.300756 2.811708 4.550517 26.732704
2458793036.754358 11.948336 0.243864 2.978427 2.940068 3.781072 24.440801
2022093840.565601 11.306682 0.262233 3.267399 10.338628 4.957296 22.600392
7657721589.608205 7.705107 0.612384 0.951544 10.609286 3.375650 32.441028
3071106977.872150 12.169501 0.627512 0.688778 5.012914 4.920567 26.437836
19326307339.045341 3.176614 0.627690 0.037945 14.006538 3.472274 39.211421
12511191584.708063 4.348264 0.628557 0.015590 5.592305 4.706030 34.924860
24324242553.868252 8.758447 0.400001 3.562140 1.564283 4.824702 48.932291
14301942092.195324 8.281643 0.873686 1.199348 1.287206 3.734632 40.525364
28926537383.866791 20.803796 0.804511 8.008843 1.531660 3.785227 64.356706
2591297012.560237 49.156756 0.781792 8.597067 5.518946 3.404719 37.689821
278326023243.917480 4.309039 0.578039 3.609384 1.890480 4.970824 98.120673
3334046559.348310 11.906850 0.274438 5.180606 6.455692 3.788307 27.029389
4455410093.697521 7.902104 0.946317 0.672514 5.121860 4.984541 27.216375
157962344219.700226 2.868263 0.141056 0.788811 3.564579 3.533925 78.511036
4277163968.191750 17.589002 0.653570 2.444639 2.198142 4.849215 32.469563
3869991854.926695 7.586695 0.153510 0.868337 5.320988 3.072320 25.763303
11842067760.971249 9.037042 0.907430 1.115087 1.221557 3.281678 38.747815
8903160018.402279 16.149299 0.606348 9.699460 15.741144 4.712746 40.512423
11218378592.060776 9.635738 0.626462 5.874077 4.584552 4.937765 38.584110
6195280602.696851 8.621368 0.863408 1.105463 4.120677 4.629350 30.915904
843686863.846944 27.273104 0.889078 1.071601 18.566300 3.314656 21.459768
2873841216.070032 33.206453 0.662258 6.451401 2.176607 4.789676 34.322314
1567726206.861878 14.449133 0.954364 0.513073 3.169793 4.128506 22.054836
13110693603.718626 11.520147 0.767201 4.266325 4.001073 3.498332 42.329068
1129180123.779785 18.786326 0.987357 0.587657 8.173087 3.948038 21.211626
68142327716.246170 2.127390 0.323842 0.019006 7.275225 4.248866 58.899200
9645382460.067852 6.607957 0.571260 1.260287 3.328486 4.654447 34.056204
9946407552.848528 6.376678 0.202312 1.917953 2.250806 4.127497 34.195753
7822464844.156722 10.727999 0.676014 3.174875 6.516580 4.057004 35.048156
4371384865.288673 28.547867 0.934936 3.916683 2.297623 4.968903 37.656159
1529880944.068469 25.809809 0.851566 2.158666 13.031777 3.819471 25.735816
2145224498.539320 25.301799 0.779608 2.776771 18.412786 4.765371 28.634203
2030480709.473471 10.698602 0.821911 0.017523 4.557574 3.209346 22.343102
5366007771.001655 9.779105 0.940182 1.226268 6.666801 3.332467 30.273023
22007128705.802021 5.127972 0.034999 0.030750 3.538204 3.379621 43.068732
3929761726.670711 43.685742 0.966044 5.009259 1.566777 3.674731 41.630829
1415021475.693084 20.794995 0.907937 0.921855 1.529987 3.269030 23.534055
2246459685.160392 13.848965 0.716277 2.382200 14.341102 3.932918 24.596474
14349195793.625061 19.284573 0.904010 2.807373 1.045910 3.868394 49.862426
1626025354.777804 12.485896 0.631223 0.197353 2.682798 3.558938 21.521832
15854089510.634270 3.646734 0.487966 0.010068 5.384513 3.767813 37.108767
6788920878.395169 13.510656 0.536913 6.354518 2.716351 3.852382 35.339565
115469616305.873779 2.157177 0.922355 0.410694 2.936473 3.092606 70.218111
245997883687.716675 2.167921 0.165265 0.759190 3.340453 3.981871 90.351844
43697952527.197647 7.101962 0.540692 4.897068 1.922797 3.012981 57.086090
6283318792.195524 6.798665 0.596022 0.372068 10.926060 3.119945 29.671348
3507896174.215184 19.856465 0.569239 2.913180 14.150441 3.117104 31.435527
6785728970.699261 22.450928 0.848965 5.316837 2.393516 3.291928 40.574254
7226126587.790998 6.632014 0.072236 1.847706 5.150124 3.253085 30.950535
150000855340.698090 5.289799 0.455288 7.322162 3.417982 3.514836 82.024044
1279821642.873628 41.374685 0.943923 1.950085 4.823537 4.803663 28.134315
1823426467.683383 17.717950 0.982052 0.508303 6.336747 4.858426 24.486258
2660682392.283897 14.752340 0.761941 0.971464 10.684169 4.228353 26.448864
2488474385.860241 16.443361 0.902426 1.818386 2.060054 3.379651 26.616249
19706182665.600338 5.328307 0.006893 1.164684 7.073461 4.242760 41.741787
5602134864.058185 9.678516 0.399769 3.765639 4.619053 3.382500 30.641068
3341668314.041151 14.163558 0.808350 2.568219 4.818644 3.954826 28.238709
5439272139.583382 11.437662 0.404277 5.228106 7.444188 3.135661 31.516628
8334811014.874666 11.196268 0.919522 1.388536 1.322356 3.164682 36.153373
1448154012.212911 20.418904 0.617231 1.379529 15.555636 4.188638 23.593106
18919440377.679657 3.554961 0.730486 0.102536 16.718848 3.161782 39.272653
5053865512.691382 6.483946 0.269232 0.043755 9.963019 4.623107 27.365342
9915202305.705095 7.455393 0.450740 3.461137 8.813346 4.893191 35.135968
192894221946.511383 4.670418 0.725613 1.849177 1.305194 4.963740 87.689781
3903133859.848650 15.325737 0.643190 4.217323 3.216909 3.728821 30.352768
8165257166.841784 44.386912 0.949794 9.883071 3.487257 4.923430 53.403815
32616465317.615444 18.966483 0.952955 4.517400 1.175502 4.523465 65.256132
6750033568.422423 13.193470 0.501889 6.938868 13.186527 3.490857 35.062792
10776243923.767061 6.204915 0.621249 0.329105 2.244749 4.519386 34.960010
13165274448.130112 5.926824 0.968577 0.324085 3.350514 4.901156 37.093116
4359926687.736773 5.902067 0.524600 0.031700 16.981736 3.460308 25.645879
2308122753.169044 28.220295 0.771552 2.686727 9.051667 3.385009 30.328090
3439246067.451795 12.954726 0.611785 1.139808 4.523999 4.530698 27.878008
19533690913.267189 4.258385 0.356823 0.629998 3.727871 4.310807 40.418438
3442687062.275291 11.129177 0.204912 1.344515 12.864408 4.097665 26.886844
11381254742.673903 5.622403 0.734022 0.275684 3.670404 3.970917 35.043466
3605194175.326333 24.983270 0.463335 9.986378 9.374129 4.688877 33.914975
51304668047.564056 7.311703 0.725160 2.824244 1.619608 4.374811 60.549349
11031194296.558649 5.777147 0.346503 0.035335 5.520805 3.146732 34.827422
3011134665.943440 13.028057 0.635823 1.342294 4.684773 4.292545 26.706997
3230666572.435666 12.293409 0.502923 2.479314 17.237394 4.440673 26.954072
6172071752.883647 36.148609 0.997353 5.593249 3.937707 4.488123 45.496005
11151664483.999084 19.438149 0.824182 2.736245 1.262225 3.940153 45.945700
156365902454.009705 6.158243 0.741114 4.038381 1.682593 4.340785 85.162913
3283922106.620985 34.198228 0.825387 5.460483 2.301395 3.596722 36.219030
3794403266.122445 9.648729 0.573232 0.622228 16.347410 3.375054 26.891037
100222339596.725723 8.284040 0.760976 9.061201 2.380726 4.925411 77.554825
784943540.917567 30.338804 0.973224 0.599632 19.123771 4.966745 21.647463
3396184252.387099 6.547682 0.173513 0.013138 9.827636 3.199599 24.010028
29708714697.744209 4.031920 0.700676 0.328145 2.915964 3.792760 46.202671
2725906061.108456 23.279726 0.801213 3.498899 3.257405 3.678381 30.257310
257822471246.902618 3.435491 0.221979 9.984057 1.861034 4.969289 93.538640
10302865038.300718 4.674959 0.372070 0.650722 11.969200 3.249316 33.028024
4276885114.243539 34.359131 0.842073 5.927039 2.045355 4.170890 39.612267
6471539060.403009 11.758160 0.408302 6.174861 4.087198 4.599022 33.615754
125962487876.128922 17.225414 0.855940 9.905818 1.586205 3.727487 99.700643
12559104837.336983 10.324884 0.620902 9.352606 16.891301 4.355443 40.683330
36481366412.774971 3.446183 0.892743 0.388788 2.431614 3.880324 48.754740
15628001862.109575 5.392940 0.688270 1.232017 2.857813 4.489024 38.705864
65389412356.034401 2.406342 0.582999 0.075014 7.835193 4.676923 58.154170
2459553527.603268 8.442345 0.658902 0.180026 3.173906 3.132947 22.624331
2140769117.642518 42.113301 0.655162 6.936034 2.200727 3.646596 33.591796
20559113016.586971 18.075752 0.799444 5.699006 1.695916 3.119166 55.209553
21384484621.539883 12.708033 0.525015 7.512922 3.080634 4.612687 51.020714
16738767453.670464 4.542345 0.210820 1.307968 19.690339 3.045994 38.686870
1887157176.557112 14.463749 0.985367 0.479179 1.829736 3.060701 23.467282
4166355339.771116 11.311866 0.681031 0.922687 1.901290 4.999899 28.761689
36263263052.562401 3.247383 0.238436 0.020207 5.761505 4.979074 48.437660
6030192826.676379 16.645356 0.928157 2.397709 9.374244 4.868981 35.867734
2358098974.824775 8.643867 0.121385 0.470324 4.817940 4.430387 22.417278
1185654627.838750 32.092328 0.993357 1.512998 6.021410 3.537309 25.277752
1700816905.806429 21.642540 0.621614 1.785704 8.616081 4.633716 25.311390
3762227806.864446 19.471275 0.766599 3.177777 14.556966 4.207746 32.000341
6780792315.034866 15.609243 0.686778 3.747205 1.762682 3.446577 36.664722
2745554724.708767 26.243252 0.967365 3.390548 4.357478 4.240935 31.432202
294500698112.859192 3.063063 0.772936 1.519133 1.800012 3.589213 96.984950
4120490966.356532 14.202463 0.465157 3.867448 4.600597 4.228902 30.302468
51992608070.209412 4.541609 0.819674 1.534314 2.036190 3.052284 56.445275
1873205735.259492 23.066129 0.956873 2.956576 6.029240 3.638855 26.628480
848074110.764826 22.797830 0.921970 0.430947 10.828859 3.415180 20.377024
3396071188.020061 15.405847 0.380577 6.473481 13.690961 4.612029 29.016647
7889444412.888626 14.212594 0.796658 2.109357 1.996661 3.245763 37.634810
1043031625.252487 21.330572 0.532223 1.505826 2.720628 3.467185 21.414640
74513378501.019684 16.897988 0.868420 5.970408 1.203335 3.639735 83.259952
2392436383.888547 15.438137 0.878316 0.834551 8.017263 3.446375 25.832957
12666751280.437004 4.982008 0.914835 0.010193 13.261241 4.753202 35.682043
1991866348.298147 9.557910 0.217949 0.052360 10.745088 3.465643 21.647956
19101765745.702614 4.363474 0.743010 0.033977 14.796532 4.669748 40.231972
30352318446.153450 12.052522 0.535646 7.229643 1.380680 3.075409 56.603804
4255318407.264161 11.561668 0.983540 0.832052 18.037709 3.235980 29.114599
25758967935.834080 4.753187 0.938147 0.739098 4.056436 4.747171 44.923236
825429854.249141 40.847452 0.932739 1.287706 3.824160 4.970454 24.205941
50632442298.798508 2.649893 0.289738 0.160303 5.626320 4.683098 53.546106
23211843499.230747 9.988518 0.920232 3.190081 1.499320 3.185104 49.557676
4572064502.627082 10.382997 0.754063 1.537952 9.965461 3.170880 29.086088
5827683057.061470 6.113070 0.042565 1.118082 10.379082 3.281670 28.412267
3221784811.558535 14.855192 0.608940 3.530936 12.790332 4.970510 28.241704
1008991920.836377 39.359862 0.421420 4.175499 12.363226 4.562743 25.570187
23427918967.932339 2.832998 0.746383 0.031334 19.248803 3.147457 41.532953
151985354831.786499 4.629326 0.673856 1.579317 1.635521 4.792339 80.901147
3264468443.731724 8.069737 0.782622 0.016639 10.280135 4.140584 24.638188
3295804836.107674 11.134582 0.779770 0.586960 16.997557 3.701410 26.501899
1697927824.023332 19.580488 0.701010 1.873597 4.132716 3.273539 24.584592
1313978511.962632 33.514679 0.747102 2.374284 4.092658 4.814046 26.518828
6098665204.269818 17.395191 0.819926 4.499421 10.927636 3.993781 36.435279
3284876051.848482 15.098564 0.385659 6.973813 9.155936 4.734828 28.545397
142170057873.133240 1.878346 0.272702 0.056690 4.842259 4.738863 75.398304
37072099624.092117 4.141874 0.855053 0.079667 2.772721 4.367382 49.886493
17526196309.376015 4.817616 0.040404 0.025061 16.604757 4.610221 39.581538
1447572265.867233 13.458574 0.296026 0.011039 16.905621 4.824898 21.092088
3106073436.452481 20.014780 0.802052 2.558632 6.224298 3.493948 30.254159
278235767763.579468 2.190334 0.143834 0.734925 2.428971 3.742786 94.139190
23732002649.875351 3.552417 0.003107 1.646712 5.528441 3.799288 42.351832
6381372622.552485 36.560574 0.913450 5.432086 1.959047 3.779015 46.172272
1742117739.998085 18.688782 0.803773 1.755647 17.405916 4.846264 24.474625
1476346348.378855 15.079035 0.785799 0.471999 4.560955 3.630240 21.858102
3470051535.181928 21.067788 0.683784 3.858251 2.484047 4.731185 31.854895
10336550171.425945 5.554446 0.345847 1.285117 15.824041 3.410376 33.873508
13173831376.645447 19.665695 0.559759 9.015511 2.665496 4.882372 48.729517
4175039148.554693 31.682851 0.644594 9.425905 5.468592 3.922726 38.302130
2374465491.802779 20.920007 0.330358 8.577353 9.907729 4.344101 28.014070
1974808402.838268 10.795583 0.760455 0.025070 4.559728 3.090387 22.182953
1900990046.313053 9.987392 0.953076 0.458304 10.845860 4.202746 21.520720
1352931244.014185 28.715128 0.463036 2.871854 10.591321 3.262297 25.517291
51154305036.572365 4.283085 0.295185 2.208199 3.105039 4.752484 55.748537
2307747803.617433 17.741703 0.697273 2.322634 2.253744 3.588897 26.496099
6084376253.240730 28.225945 0.907540 4.715688 1.480703 4.408168 41.897755
7373783786.583807 6.179617 0.149378 0.362426 5.230443 4.941545 30.785774
11509394251.255814 5.245723 0.751412 0.010558 5.772751 3.218580 34.812382
36978359349.817101 7.225198 0.716084 1.706798 2.012294 4.617046 54.167799
18687247875.757202 8.882565 0.610010 5.341330 3.567824 4.599137 44.947793
44437052056.510048 3.596952 0.221985 0.363494 7.846122 4.997182 52.257216
4885737368.730793 7.006555 0.838904 0.193305 2.415234 3.935593 27.433282
3698026912.673172 12.353705 0.618343 2.556395 4.816026 3.759157 28.229299
27027175357.658764 7.589487 0.934029 1.025595 1.193798 3.223312 49.248810
2121557118.346001 17.337017 0.992771 0.963503 17.647964 4.505597 25.601514
3337268171.834746 39.466038 0.947277 5.606634 13.208207 3.630401 38.131371
295525889545.937744 1.990772 0.896986 0.449487 1.841950 3.081561 96.109517
9494440256.010756 11.362195 0.275613 8.512918 5.061249 4.897350 37.888313
2554180099.104070 9.913736 0.096554 0.437179 3.839771 3.473405 23.708308
2331815032.774074 18.917600 0.419759 2.576228 10.045036 4.274648 27.064135
2048193820.554471 21.950020 0.716998 1.854719 4.238352 3.129279 27.039183
3156222534.135610 8.937286 0.177228 0.605744 9.595492 4.823761 24.877667
2789890213.520354 8.462903 0.254671 2.893332 9.732411 4.787802 23.606693
20879185821.890869 2.729121 0.612389 0.089278 18.397314 4.577595 39.901586
1397682323.050951 29.182430 0.988401 1.319856 8.311996 4.004629 25.924154
9177034973.659052 5.481123 0.138457 4.569611 5.473273 3.185233 32.490920
32409246036.043316 7.287711 0.543963 4.020347 1.796358 3.262091 51.921377
2801833475.072473 9.597395 0.557667 1.104609 16.932729 4.572101 24.277341
207775891457.630096 16.905474 0.928620 9.085781 1.103138 4.907872 117.203827
250498216837.858582 2.993352 0.340098 2.324710 1.568617 4.684520 91.765960
48747612259.379105 4.993851 0.321829 3.107316 2.621927 3.899554 55.935484
3286447893.767752 49.728027 0.877949 9.879567 18.569607 4.487950 40.955907
36656888489.281487 3.091538 0.258281 0.016117 13.190371 4.894354 48.451931
300903799362.048401 2.005875 0.006656 0.015912 3.214745 4.230848 96.678322
2462028247.104840 19.934624 0.440598 5.084155 15.397908 3.884484 27.967399
34762184865.655991 11.125812 0.655339 4.143260 1.148546 3.958428 58.109307
5970045394.128475 23.651669 0.828625 6.962866 4.103147 3.616053 39.477211
6996816228.530173 5.657400 0.896383 0.432389 3.345775 3.452578 29.825873
7005702159.586231 5.988160 0.834420 0.090130 2.817671 3.023125 30.108568
2950930827.028595 15.086438 0.935096 0.949198 11.776426 4.101818 27.537532
19674495946.307110 3.513854 0.200253 0.022614 6.593109 4.906393 39.748923
3784967536.750701 29.795670 0.765199 6.407558 2.349141 3.596445 36.367559
2723381076.639189 20.998163 0.844029 3.012372 10.595692 3.655271 29.355394
42117467532.010872 3.636240 0.112832 0.036401 2.987062 4.082285 51.381207
27923035437.611134 4.932313 0.774274 0.305631 2.414603 4.238607 46.375427
300373228915.954224 1.827041 0.029134 0.012941 3.207927 4.204166 96.826157
2051302315.677255 11.963420 0.604504 0.902752 10.510855 3.718814 23.015280
4837296188.642549 19.300558 0.704870 3.217667 1.790453 4.232327 34.710915
14621153302.880096 5.076524 0.275694 0.908503 3.614753 3.370063 37.527755
6257361953.228407 11.816627 0.334923 7.134959 6.367833 3.228325 33.280145
4528715084.886937 12.073601 0.845392 2.941779 6.260845 4.437696 30.034672
56577529164.013550 6.818721 0.991664 2.434607 1.843358 3.582462 61.761463
5945977422.582538 7.956767 0.490050 0.673871 14.551344 4.999702 30.005347
3142835162.188964 9.945403 0.227278 0.727624 5.430733 3.719566 25.423246
16214393181.567747 4.619400 0.709921 0.514377 9.274997 3.093818 38.359220
2496299337.503328 10.859238 0.606421 1.546243 18.849683 3.368944 24.017724
178397965258.322327 1.286481 0.222196 0.106364 6.164614 3.411437 83.265545
176782892797.222748 2.934258 0.585042 1.093177 1.634804 3.483963 81.609859
198624698963.403809 1.213802 0.316847 0.078019 4.180553 3.550993 86.825755
4767990398.146364 8.084091 0.341528 0.022788 8.852295 3.392982 27.964267
2869532163.988520 32.243913 0.878412 2.718961 1.739517 3.975269 33.988540
3525004589.440215 7.372214 0.471076 0.729106 3.866565 3.355696 24.837992
1536183972.422307 11.508941 0.713202 0.142644 9.569786 3.735431 20.708306
2329015565.006181 8.023888 0.022104 1.315078 12.567346 4.541733 21.990597
142386832388.929169 2.251248 0.781435 0.603560 4.980618 4.937998 75.309056
183764861018.046021 2.235760 0.788846 0.097286 2.087511 3.121301 81.989439
3268190186.690149 6.476904 0.220790 0.365879 16.014138 3.596843 23.659959
9563325340.930880 5.127902 0.657952 0.112818 4.054516 4.043892 32.621938
23861138792.541611 9.178314 0.724466 3.751861 2.395846 4.578153 49.102114
20192312745.009457 4.882533 0.176351 0.563636 5.063477 4.077168 41.568794
2642164858.119462 28.497523 0.793713 4.445203 2.709850 3.013128 31.821031
15307221370.762289 21.805811 0.615081 9.041689 1.444151 3.912109 52.764211
4063651480.001559 49.829485 0.849399 9.138942 2.916746 3.871312 43.989063
2751542552.680270 10.524931 0.896263 0.592680 6.378142 3.864637 24.632685
5981909700.894753 7.168892 0.807813 0.696427 1.983644 3.908125 29.471902
3024159399.840853 10.753778 0.912106 0.016855 4.982476 3.218065 25.546122
1375895411.986472 24.681813 0.575298 1.494020 2.381384 4.882427 24.511576
1143160954.557336 36.725882 0.855661 2.283986 11.704511 3.430252 26.066073
6666211205.626474 40.549730 0.883688 8.488238 2.204185 4.647692 48.448739
4364661034.529789 7.373038 0.915996 0.057071 17.687624 4.710252 26.672020
139035803397.674774 17.484100 0.896175 8.153609 1.052329 4.750985 103.456263
74603940911.178131 2.399934 0.844235 0.072860 3.525023 4.026516 60.763591
1096273674.954195 27.706136 0.982887 1.157297 12.363578 3.699839 23.530043
