0.010000 -0.000405 -0.007156 0.007024 -0.009514 0.009963 -0.009976 0.016468
0.012068 -0.000233 -0.007118 0.007133 -0.009498 0.010064 -0.009972 0.017953
0.014563 -0.000133 -0.007061 0.007333 -0.009512 0.010638 -0.009965 0.019732
0.017575 -0.000010 -0.007018 0.007460 -0.009509 0.011871 -0.009955 0.021857
0.021210 0.000201 -0.006811 0.007727 -0.009467 0.012673 -0.010344 0.024389
0.025595 0.000455 -0.006637 0.008089 -0.009401 0.014239 -0.010865 0.027590
0.030888 0.000799 -0.006494 0.008467 -0.009387 0.017391 -0.011549 0.031575
0.037276 0.001132 -0.006191 0.008977 -0.009356 0.019974 -0.012442 0.036637
0.044984 0.001850 -0.005819 0.009648 -0.009244 0.023799 -0.013599 0.043263
0.054287 0.002478 -0.005346 0.010397 -0.009112 0.028153 -0.015086 0.053149
0.065513 0.003414 -0.004952 0.012219 -0.009099 0.034441 -0.016974 0.066156
0.079060 0.004626 -0.004180 0.015436 -0.009249 0.042692 -0.019208 0.078991
0.095410 0.005999 -0.003625 0.020319 -0.009296 0.051342 -0.021014 0.095335
0.115140 0.007622 -0.002771 0.026923 -0.009312 0.064240 -0.023500 0.120658
0.138950 0.010137 -0.001312 0.034048 -0.010350 0.081703 -0.026778 0.148592
0.167683 0.014490 0.000417 0.044391 -0.012501 0.098245 -0.030464 0.178234
0.202359 0.020303 0.002648 0.060072 -0.015124 0.121555 -0.034506 0.211645
0.244205 0.029449 0.004982 0.080147 -0.019210 0.152702 -0.041615 0.248550
0.294705 0.043010 0.008329 0.102149 -0.024378 0.196924 -0.049802 0.300765
0.355648 0.059942 0.011949 0.133570 -0.029489 0.240502 -0.055384 0.374775
0.429193 0.082550 0.018495 0.174169 -0.036727 0.302820 -0.060238 0.439439
0.517947 0.110114 0.023681 0.222235 -0.040996 0.376632 -0.064594 0.535740
0.625055 0.143909 0.030998 0.276280 -0.044300 0.459185 -0.072269 0.636448
0.754312 0.180738 0.036477 0.344727 -0.048607 0.523610 -0.079194 0.716625
0.910298 0.217006 0.042395 0.409735 -0.053982 0.582680 -0.082842 0.789143
1.098541 0.246340 0.046121 0.475931 -0.059129 0.648196 -0.087569 0.846039
1.325711 0.272132 0.047328 0.538351 -0.060059 0.733710 -0.091693 0.886590
1.599859 0.292273 0.049228 0.588504 -0.061034 0.778750 -0.094321 0.922731
1.930698 0.310735 0.052004 0.629956 -0.063906 0.830561 -0.095876 0.944850
2.329952 0.325351 0.053368 0.660688 -0.065963 0.871773 -0.096949 0.958039
2.811769 0.332983 0.055115 0.683257 -0.066251 0.896137 -0.097682 0.965782
3.393222 0.342067 0.055304 0.700824 -0.066614 0.916176 -0.098179 0.970286
4.094915 0.347195 0.055431 0.713972 -0.067051 0.927264 -0.098515 0.972891
4.941713 0.352199 0.055909 0.724344 -0.067328 0.935919 -0.098741 0.975190
5.963623 0.355864 0.056214 0.729436 -0.067503 0.944706 -0.098893 0.976982
7.196857 0.356130 0.056217 0.738105 -0.067614 0.948529 -0.098995 0.978107
8.685114 0.360590 0.056219 0.740819 -0.067683 0.950299 -0.099064 0.978814
10.481131 0.360807 0.056220 0.744078 -0.067727 0.950934 -0.099109 0.979315
12.648552 0.361491 0.056221 0.744428 -0.067778 0.952643 -0.099140 0.979605
15.264180 0.361555 0.056221 0.745182 -0.067860 0.953571 -0.099161 0.979772
18.420700 0.361632 0.056221 0.747147 -0.067917 0.953616 -0.099174 0.979869
22.229965 0.362856 0.056221 0.748716 -0.067958 0.953642 -0.099184 0.979924
26.826958 0.362869 0.056221 0.750688 -0.067987 0.953658 -0.099190 0.979956
32.374575 0.363189 0.056265 0.750966 -0.068007 0.953666 -0.099194 0.979975
39.069399 0.363456 0.056336 0.751762 -0.068021 0.953672 -0.099197 0.979986
47.148664 0.363651 0.056393 0.752395 -0.068031 0.953675 -0.099198 0.979992
56.898660 0.363793 0.056438 0.752900 -0.068038 0.954728 -0.099200 0.979995
68.664885 0.363896 0.056474 0.753301 -0.068043 0.955229 -0.099200 0.979997
82.864277 0.364109 0.056503 0.753415 -0.068047 0.955230 -0.099201 0.979998
100.000000 0.364274 0.056526 0.753483 -0.068049 0.955230 -0.099201 0.979999
