217.999498
218.000949
218.000578
218.000129
217.999111
218.001516
217.998887
217.999253
218.000808
217.998554
218.000266
218.002060
217.997841
217.999741
217.997853
217.999007
217.998212
217.999339
217.999371
218.000305
217.999087
218.001843
218.001188
218.000940
217.999433
217.998738
217.999211
218.001474
218.000666
217.999371
218.002112
217.999774
217.999154
218.000250
217.999783
217.999806
218.001949
218.000976
218.000694
218.001913
217.998178
218.000115
217.999780
217.998538
217.998158
217.998466
217.999089
217.999264
218.000737
217.998982
217.998092
217.999756
217.999502
218.000302
217.998020
218.000397
217.998609
217.998865
217.997840
217.998971
217.998940
217.999159
217.998518
217.999825
217.998996
217.999126
218.001645
217.997929
218.000839
217.999121
217.998413
218.000407
218.001971
217.999045
217.998106
218.000415
217.998642
217.999372
218.001313
217.999722
217.999897
218.000374
218.000619
218.001143
217.999808
218.001765
217.998947
217.998944
218.001983
218.000406
218.001062
217.999969
218.000148
217.999110
218.001722
218.000590
218.001353
217.999720
217.998832
217.999075
217.999944
218.000018
217.998864
217.999250
217.998569
218.000572
218.001677
218.001985
217.998318
218.001367
218.001177
217.998563
218.000831
217.999679
218.001553
218.000507
218.001600
217.999126
217.999148
217.998499
218.000952
218.000749
217.998973
217.999753
217.999851
218.000873
218.001696
217.999914
218.000578
218.000074
217.999724
218.000323
217.999739
217.998233
217.999594
217.999792
218.000529
218.000389
217.999000
218.000217
218.001849
218.001564
217.999595
217.999478
218.000434
217.999286
218.001475
217.998914
217.998044
217.998355
217.998176
217.998994
218.000583
217.999444
217.998518
218.000155
218.001854
217.998940
218.001075
218.001386
218.000167
218.002083
218.001548
218.000419
218.001012
217.999323
217.999090
218.000305
218.000310
217.999347
217.998971
218.000408
217.998384
218.000662
217.998355
218.001247
217.998733
217.999507
217.997863
217.998918
217.998823
218.000846
218.000462
217.999069
217.998488
218.002150
218.000569
218.002141
218.001229
218.000058
218.000590
218.001071
217.999742
218.001427
217.999416
217.998393
218.000269
217.999332
217.998894
218.000493
217.998513
217.999347
217.998149
218.000647
218.002111
218.001140
217.999830
218.000725
218.000887
217.997900
217.999837
218.001933
218.002001
218.000446
218.001939
218.000919
218.000514
218.001608
217.998537
217.998322
217.998512
217.999112
217.999509
217.998540
217.999525
218.000061
218.002170
217.999254
218.001763
217.998106
217.998618
218.000425
217.998482
218.002044
217.998672
217.998484
217.997899
218.001094
218.001671
217.999392
217.998028
217.999253
218.001558
217.999428
218.001166
217.999731
217.999504
217.999911
217.999864
217.999915
217.999929
218.000335
217.998162
217.999900
217.999165
217.999813
217.999931
217.997939
218.001867
217.999932
217.999739
218.000159
217.998250
218.000946
217.999163
217.999432
218.000169
218.001736
217.998887
217.997879
218.000847
218.000261
218.000490
218.000198
217.998642
218.000079
218.000158
217.998969
218.000853
218.000677
218.000769
217.999429
218.002143
218.000457
217.998917
218.000639
217.997880
218.000139
218.000825
217.999513
217.999510
217.999240
218.000607
218.000306
217.999490
217.999286
218.000405
218.000624
218.000535
217.999063
218.000878
217.998630
217.998260
217.998732
217.999146
218.000266
217.998333
218.000858
217.999208
217.998187
217.999775
218.001564
218.000609
217.998211
218.000226
218.001703
217.997892
218.001106
218.000099
217.999146
217.998101
218.000057
218.000731
217.999748
218.001657
217.998207
218.000029
218.001580
217.998482
218.001745
217.999678
217.998646
217.999894
217.998857
217.998550
217.999015
217.998751
217.999219
217.999386
217.998439
218.001127
218.001772
218.001038
217.998525
218.001825
217.999808
217.998069
218.001610
218.001801
217.999149
217.999255
218.000337
217.998020
217.998521
218.000774
217.998768
217.998302
218.000943
218.001305
218.000555
218.001438
217.997907
217.998016
217.999342
218.001764
218.000660
218.000232
217.998640
217.998879
217.999187
217.999612
217.999077
218.002095
217.999985
218.001034
218.001853
217.998388
217.999958
218.001541
217.999275
217.999075
218.001627
217.998689
218.002136
217.998243
218.000080
218.000558
217.999492
218.001838
218.000086
218.001014
217.998691
218.000829
217.998210
217.998695
217.998117
217.999257
218.001395
217.999359
217.999510
218.000668
217.998871
218.000444
218.001405
218.001814
218.000627
218.001865
218.000043
217.998343
217.999620
217.998000
217.999909
218.000281
217.999610
217.998615
217.999278
217.999568
218.000549
217.998208
217.998249
217.998043
217.998036
218.001316
217.999123
218.001357
218.001690
218.000283
218.000898
217.998790
217.997821
218.001723
217.998118
218.002138
218.002106
218.001540
218.001869
217.998266
217.999555
217.999878
217.998303
217.999672
217.999232
217.998666
218.001682
217.999341
218.000381
217.999464
217.999751
217.999085
217.999184
218.001761
218.001661
218.000366
217.999799
217.999164
218.000521
218.000412
217.998984
218.001020
217.998657
217.997869
217.999429
218.001298
217.999881
217.999684
218.000476
218.000223
217.999031
218.001293
217.999369
218.000573
217.998581
217.998499
217.998979
218.001830
217.997987
217.998954
218.000100
218.001052
217.998740
218.000098
218.000367
218.001606
217.998526
218.001940
217.998569
218.002129
217.998576
218.000531
218.000631
217.998594
217.998280
218.002115
217.999416
218.002054
218.000755
217.999511
217.998263
218.001853
217.999128
217.998005
217.997847
217.999127
217.998386
218.002007
217.999461
217.997953
217.997948
217.998380
217.999708
217.998178
217.999832
217.998166
218.002119
217.998409
218.001585
217.999194
217.999195
218.000134
217.998785
217.998959
217.998069
218.000242
217.999073
217.999883
218.001931
218.001037
218.000659
217.998388
217.998123
218.001136
217.999841
217.999652
217.999699
218.000988
218.000618
217.999115
217.999941
218.000049
217.998526
217.999177
217.998659
217.998301
217.999455
217.999597
218.000144
217.999254
217.999549
217.998214
217.999973
217.997897
218.000774
217.998252
218.000720
218.001508
217.999888
217.999555
217.999186
217.999076
218.000635
217.999144
218.002138
217.998308
217.999873
217.998852
218.000126
217.998756
217.998028
218.000853
217.999199
218.000049
218.002011
218.000271
218.001962
217.999165
218.001649
218.001238
217.998425
218.002055
217.999326
218.000340
218.000655
218.001397
218.000310
217.998693
218.001315
218.001532
217.998080
217.998756
217.998608
218.000874
218.000729
217.998756
218.001961
217.999026
217.998746
218.000321
217.999393
217.999520
217.999009
217.998761
217.999503
217.998764
218.001481
218.000154
217.998432
217.999147
217.999754
218.002159
217.999074
217.999596
217.999906
217.999074
218.000585
217.998598
217.998597
217.998371
218.000601
217.998293
217.999960
217.998200
217.999905
217.999379
217.998549
218.000396
218.001197
218.000164
217.999001
218.002111
218.000205
218.000221
217.998647
217.999842
217.998598
218.000139
218.000402
218.000323
218.000419
217.999215
217.998412
217.999285
218.000324
217.998199
217.999453
217.999876
217.998567
217.999435
217.999120
217.998912
217.999765
217.999777
217.998218
218.000086
218.000476
218.001333
217.998663
218.000367
217.998596
218.000403
218.000313
217.998763
218.002002
217.998071
217.998473
217.999283
218.000625
217.998755
217.998211
217.998627
218.001861
217.998377
217.997904
218.001709
218.000089
217.998754
217.999383
217.999127
217.998857
217.999217
217.999005
217.997848
217.998280
218.000218
217.999325
217.999352
218.000068
217.998297
217.999933
217.999936
217.999118
217.999962
218.000052
217.999253
218.001477
217.999280
217.999352
217.999137
217.999679
217.999196
217.997912
218.000987
217.999290
217.998684
217.998195
218.000539
217.998304
218.001747
217.998654
217.998722
217.998679
218.000082
217.998531
217.998250
218.001411
218.000680
218.000662
218.000714
218.000552
218.001900
218.000864
218.000853
217.999033
217.998927
218.001836
217.999250
218.000588
217.997822
218.001673
218.000481
218.001099
217.998108
217.998776
218.001846
218.001128
218.001560
218.001360
218.000321
218.001699
217.999333
218.000130
217.999911
217.999111
217.999221
217.999791
218.001059
218.001800
218.000333
218.000368
218.001445
217.997822
217.999160
217.998158
218.001990
218.000732
218.002146
218.000543
218.001967
217.999928
217.998482
218.001231
217.997939
217.999504
217.998920
218.001413
217.999072
218.002089
217.998490
218.000896
217.999324
217.997829
218.000412
217.999714
218.000104
218.000254
217.998672
217.999203
217.998382
218.000939
217.999636
217.999802
218.001951
217.998177
217.998768
218.001276
217.998585
218.001606
217.998610
217.999902
218.001286
218.000713
218.000348
218.000981
217.999362
218.000048
218.000362
217.998901
217.999307
217.999361
218.000105
217.997849
217.999917
217.997938
217.997911
217.999894
218.000049
217.998291
217.998276
218.000165
217.999779
217.999786
217.998871
218.000741
217.998370
217.998100
218.000334
218.001709
217.999918
218.000903
218.000352
218.002157
218.000238
217.998240
217.998340
217.999094
218.000744
217.998288
218.001889
218.002050
218.001856
218.000248
218.001037
218.000750
217.999018
217.998552
217.998924
217.998921
218.000612
217.999330
218.000243
218.001918
217.998908
218.001657
217.999060
218.000259
218.002104
217.998565
218.000291
218.001004
217.999357
217.999347
217.998585
217.998619
218.000319
217.999792
218.000165
218.001658
218.000569
218.001697
218.001385
217.999019
218.001874
217.998549
218.000436
217.998289
217.999619
218.001026
217.998391
218.001374
218.000626
217.999581
217.998610
217.999781
217.997861
217.998219
218.000283
218.001886
217.999819
217.999920
217.998443
217.999435
218.000870
218.000070
218.000603
218.000474
217.999134
218.000859
217.999942
217.999086
218.000048
218.002079
217.999967
218.002116
218.000945
218.000451
217.999627
218.002107
217.997861
218.001122
218.000573
217.998315
217.998237
217.998129
217.998197
217.999328
218.002069
217.999365
218.000837
217.998283
217.999906
217.998250
218.001114
217.998010
218.000744
218.002032
217.999708
218.000586
217.999184
217.999592
217.999963
217.999188
217.999633
217.999922
217.999522
217.998164
218.001802
217.999452
217.999343
217.998511
217.999027
218.000440
218.000108
217.998517
218.001241
217.999766
217.998493
218.002068
218.000700
218.000050
218.000683
218.002033
217.999283
218.002151
217.997863
217.998262
218.001101
217.999007
217.998007
217.999611
217.999744
218.001135
218.001063
218.000972
217.998033
218.001267
218.002069
217.997886
217.998295
217.998573
217.999651
218.000316
218.000961
217.999153
218.001047
217.999077
218.001073
217.998981
217.997962
218.001241
217.997835
217.998328
218.001791
218.001189
218.000313
217.999315
217.999473
217.999348
217.998007
217.999606
217.998264
217.997960
217.999709
218.000952
217.999332
218.001269
217.999725
217.998013
218.001605
217.999618
218.001941
217.999685
217.998298
217.999274
218.001897
217.998157
218.001698
218.002079
218.000844
217.999019
217.999947
217.998973
