0.010000 1.162159 1.086773 1.244443 1.033439 1.329039 0.994057 1.396491
0.012068 1.161727 1.086427 1.243991 1.033104 1.328520 0.993744 1.395932
0.014563 1.161082 1.085925 1.243334 1.032618 1.327766 0.993288 1.395121
0.017575 1.160141 1.085192 1.242376 1.031907 1.326665 0.992624 1.393937
0.021210 1.158772 1.084126 1.240983 1.030875 1.325066 0.991658 1.392217
0.025595 1.156787 1.082578 1.238962 1.029377 1.322745 0.990256 1.389721
0.030888 1.154017 1.080110 1.236026 1.027200 1.319375 0.988218 1.386096
0.037276 1.150160 1.076467 1.231637 1.024036 1.314491 0.985257 1.380834
0.044984 1.144733 1.071540 1.225143 1.019317 1.307621 0.980974 1.373234
0.054287 1.136890 1.064447 1.215793 1.012496 1.297727 0.974797 1.362295
0.065513 1.125115 1.053768 1.202398 1.003054 1.283478 0.965879 1.346552
0.079060 1.108717 1.038586 1.183487 0.989715 1.262507 0.952790 1.324126
0.095410 1.085144 1.018022 1.157309 0.970247 1.232664 0.933876 1.292496
0.115140 1.052588 0.989076 1.121308 0.942900 1.190709 0.907318 1.248402
0.138950 1.007206 0.947901 1.070313 0.905080 1.133314 0.870609 1.188073
0.167683 0.946083 0.891753 1.002522 0.854223 1.057065 0.821087 1.107820
0.202359 0.866766 0.819927 0.914844 0.787634 0.963413 0.756277 1.004777
0.244205 0.767273 0.729097 0.806393 0.703455 0.847035 0.674837 0.878641
0.294705 0.651072 0.622056 0.681629 0.601343 0.708184 0.577882 0.733606
0.355648 0.523867 0.503238 0.545623 0.487321 0.563400 0.470509 0.578895
0.429193 0.396583 0.382288 0.411030 0.370404 0.421468 0.359983 0.429626
0.517947 0.280457 0.270435 0.290191 0.261699 0.297329 0.256535 0.301390
0.625055 0.184958 0.177579 0.191561 0.171359 0.196622 0.167557 0.199585
0.754312 0.113823 0.108563 0.118035 0.104607 0.122113 0.101013 0.124499
0.910298 0.066297 0.062810 0.069021 0.060181 0.071856 0.057817 0.073654
1.098541 0.036535 0.034477 0.038236 0.032811 0.039995 0.031448 0.041213
1.325711 0.019278 0.018123 0.020248 0.017141 0.021238 0.016383 0.021993
1.599859 0.009872 0.009262 0.010413 0.008724 0.010959 0.008320 0.011372
1.930698 0.004953 0.004634 0.005238 0.004355 0.005530 0.004148 0.005744
2.329952 0.002432 0.002272 0.002578 0.002130 0.002726 0.002027 0.002834
2.811769 0.001174 0.001095 0.001247 0.001026 0.001320 0.000975 0.001374
3.393222 0.000568 0.000529 0.000604 0.000496 0.000640 0.000471 0.000667
4.094915 0.000272 0.000253 0.000289 0.000237 0.000307 0.000225 0.000320
4.941713 0.000129 0.000120 0.000137 0.000112 0.000146 0.000107 0.000152
5.963623 0.000061 0.000057 0.000065 0.000053 0.000069 0.000051 0.000072
7.196857 0.000029 0.000027 0.000031 0.000025 0.000033 0.000024 0.000034
8.685114 0.000014 0.000013 0.000015 0.000012 0.000016 0.000011 0.000016
10.481131 0.000006 0.000006 0.000007 0.000006 0.000007 0.000005 0.000008
12.648552 0.000003 0.000003 0.000003 0.000003 0.000003 0.000003 0.000004
15.264180 0.000001 0.000001 0.000002 0.000001 0.000002 0.000001 0.000002
18.420700 0.000001 0.000001 0.000001 0.000001 0.000001 0.000001 0.000001
22.229965 0.000000 0.000000 0.000000 0.000000 0.000000 0.000000 0.000000
26.826958 0.000000 0.000000 0.000000 0.000000 0.000000 0.000000 0.000000
32.374575 0.000000 0.000000 0.000000 0.000000 0.000000 0.000000 0.000000
39.069399 0.000000 0.000000 0.000000 0.000000 0.000000 0.000000 0.000000
47.148664 0.000000 0.000000 0.000000 0.000000 0.000000 0.000000 0.000000
56.898660 0.000000 0.000000 0.000000 0.000000 0.000000 0.000000 0.000000
68.664885 0.000000 0.000000 0.000000 0.000000 0.000000 0.000000 0.000000
82.864277 0.000000 0.000000 0.000000 0.000000 0.000000 0.000000 0.000000
100.000000 0.000000 0.000000 0.000000 0.000000 0.000000 0.000000 0.000000
