0.010000 0.002532 -0.012212 0.015897 -0.018629 0.020987 -0.019861 0.031448
0.012068 0.002808 -0.012042 0.016141 -0.018567 0.022820 -0.019800 0.036413
0.014563 0.003051 -0.011778 0.016576 -0.018531 0.024714 -0.019710 0.042320
0.017575 0.003543 -0.011452 0.017252 -0.018374 0.026581 -0.019578 0.049330
0.021210 0.004287 -0.010888 0.017705 -0.018218 0.029873 -0.019492 0.057620
0.025595 0.005113 -0.010295 0.018584 -0.018008 0.033896 -0.019416 0.067385
0.030888 0.006191 -0.009532 0.019317 -0.017789 0.040628 -0.019364 0.078837
0.037276 0.007045 -0.008975 0.020741 -0.017828 0.048957 -0.019285 0.092192
0.044984 0.008209 -0.008317 0.024177 -0.017551 0.059722 -0.019425 0.107669
0.054287 0.009694 -0.007599 0.028179 -0.017173 0.072774 -0.021087 0.125474
0.065513 0.012193 -0.005829 0.034424 -0.016790 0.089677 -0.023335 0.145786
0.079060 0.015165 -0.004252 0.043377 -0.016490 0.109006 -0.026143 0.173211
0.095410 0.018978 -0.002324 0.055918 -0.015823 0.131157 -0.029621 0.205798
0.115140 0.024523 0.000134 0.074382 -0.015291 0.157563 -0.033887 0.242457
0.138950 0.033983 0.003313 0.095804 -0.015502 0.192562 -0.039735 0.283000
0.167683 0.046882 0.007885 0.122260 -0.016616 0.229929 -0.047371 0.327000
0.202359 0.065129 0.013760 0.157414 -0.020973 0.275326 -0.055761 0.373786
0.244205 0.088313 0.022784 0.199265 -0.027264 0.335364 -0.065836 0.434644
0.294705 0.119547 0.033931 0.251421 -0.031779 0.397647 -0.080350 0.509112
0.355648 0.155689 0.051082 0.311089 -0.038978 0.485864 -0.095666 0.605528
0.429193 0.199970 0.068004 0.377665 -0.048531 0.566003 -0.110944 0.694716
0.517947 0.251493 0.090064 0.442395 -0.054294 0.648012 -0.125351 0.766933
0.625055 0.305365 0.111867 0.514476 -0.063655 0.710384 -0.138235 0.818605
0.754312 0.358607 0.131996 0.572583 -0.073986 0.767507 -0.151247 0.864734
0.910298 0.414461 0.152364 0.627198 -0.088092 0.813221 -0.166508 0.900705
1.098541 0.460450 0.169195 0.683882 -0.097713 0.852308 -0.177609 0.926040
1.325711 0.499170 0.181839 0.729653 -0.101731 0.877838 -0.184689 0.941216
1.599859 0.530614 0.195345 0.770196 -0.105643 0.904241 -0.189032 0.957470
1.930698 0.551085 0.200607 0.805657 -0.108099 0.920050 -0.191633 0.970225
2.329952 0.565225 0.201361 0.827385 -0.112281 0.932744 -0.193168 0.978026
2.811769 0.583754 0.206069 0.848199 -0.112570 0.944746 -0.194066 0.982757
3.393222 0.593204 0.209468 0.863014 -0.112754 0.955657 -0.194590 0.985611
4.094915 0.601991 0.211558 0.873583 -0.112870 0.962578 -0.196995 0.987327
4.941713 0.606529 0.213024 0.879822 -0.113881 0.966390 -0.201462 0.988358
5.963623 0.612937 0.216405 0.884841 -0.116867 0.970745 -0.204871 0.988976
7.196857 0.617779 0.216476 0.888231 -0.117918 0.972958 -0.207443 0.989346
8.685114 0.620874 0.216541 0.891461 -0.118189 0.975989 -0.209152 0.989568
10.481131 0.621171 0.217340 0.893041 -0.118395 0.977879 -0.209306 0.989701
12.648552 0.623046 0.217928 0.894048 -0.118552 0.979361 -0.209418 0.989780
15.264180 0.625463 0.218359 0.896091 -0.118671 0.979897 -0.209500 0.989828
18.420700 0.626270 0.218675 0.897730 -0.118762 0.980794 -0.209558 0.989856
22.229965 0.626796 0.218907 0.897766 -0.118830 0.981546 -0.209601 0.989874
26.826958 0.627603 0.219076 0.898180 -0.118883 0.982099 -0.209632 0.989884
32.374575 0.628256 0.219200 0.898873 -0.118922 0.982360 -0.209654 0.989890
39.069399 0.628472 0.219290 0.899380 -0.118952 0.983020 -0.209670 0.989894
47.148664 0.628476 0.219356 0.899654 -0.118975 0.983887 -0.209682 0.989896
56.898660 0.628479 0.219405 0.900023 -0.118992 0.984617 -0.209690 0.989897
68.664885 0.628480 0.219440 0.900128 -0.119005 0.985097 -0.209696 0.989898
82.864277 0.628481 0.219466 0.900137 -0.119015 0.985808 -0.209701 0.989898
100.000000 0.628482 0.219485 0.900144 -0.119023 0.986523 -0.209704 0.989899
