0.001000 0.000000 0.000000 0.000000 0.000000 0.000000 0.000000 0.000000
0.001038 0.000000 0.000000 0.000000 0.000000 0.000000 0.000000 0.000000
0.001077 0.000000 0.000000 0.000000 0.000000 0.000000 0.000000 0.000000
0.001117 0.000000 0.000000 0.000000 0.000000 0.000000 0.000000 0.000000
0.001159 0.000000 0.000000 0.000000 0.000000 0.000000 0.000000 0.000000
0.001203 0.000000 0.000000 0.000000 0.000000 0.000000 0.000000 0.000000
0.001248 0.000000 0.000000 0.000000 0.000000 0.000000 0.000000 0.000000
0.001296 0.000000 0.000000 0.000000 0.000000 0.000000 0.000000 0.000000
0.001344 0.000000 0.000000 0.000000 0.000000 0.000000 0.000000 0.000000
0.001395 0.000000 0.000000 0.000000 0.000000 0.000000 0.000000 0.000000
0.001448 0.000000 0.000000 0.000000 0.000000 0.000000 0.000000 0.000000
0.001502 0.000000 0.000000 0.000000 0.000000 0.000000 0.000000 0.000000
0.001559 0.000000 0.000000 0.000000 0.000000 0.000000 0.000000 0.000000
0.001617 0.000000 0.000000 0.000000 0.000000 0.000000 0.000000 0.000000
0.001678 0.000000 0.000000 0.000000 0.000000 0.000000 0.000000 0.000000
0.001742 0.000000 0.000000 0.000000 0.000000 0.000000 0.000000 0.000000
0.001807 0.000000 0.000000 0.000000 0.000000 0.000000 0.000000 0.000000
0.001875 0.000000 0.000000 0.000000 0.000000 0.000000 0.000000 0.000000
0.001946 0.000000 0.000000 0.000000 0.000000 0.000000 0.000000 0.000000
0.002019 0.000000 0.000000 0.000000 0.000000 0.000000 0.000000 0.000000
0.002095 0.000000 0.000000 0.000000 0.000000 0.000000 0.000000 0.000000
0.002174 0.000000 0.000000 0.000000 0.000000 0.000000 0.000000 0.000000
0.002256 0.000000 0.000000 0.000000 0.000000 0.000000 0.000000 0.000000
0.002341 0.000000 0.000000 0.000000 0.000000 0.000000 0.000000 0.000000
0.002430 0.000000 0.000000 0.000000 0.000000 0.000000 0.000000 0.000000
0.002521 0.000000 0.000000 0.000000 0.000000 0.000000 0.000000 0.000000
0.002616 0.000000 0.000000 0.000000 0.000000 0.000000 0.000000 0.000000
0.002715 0.000000 0.000000 0.000000 0.000000 0.000000 0.000000 0.000000
0.002817 0.000000 0.000000 0.000000 0.000000 0.000000 0.000000 0.000000
0.002923 0.000000 0.000000 0.000000 0.000000 0.000000 0.000000 0.000000
0.003033 0.000000 0.000000 0.000000 0.000000 0.000000 0.000000 0.000000
0.003148 0.000000 0.000000 0.000000 0.000000 0.000000 0.000000 0.000000
0.003266 0.000000 0.000000 0.000000 0.000000 0.000000 0.000000 0.000000
0.003389 0.000000 0.000000 0.000000 0.000000 0.000000 0.000000 0.000000
0.003517 0.000000 0.000000 0.000000 0.000000 0.000000 0.000000 0.000000
0.003650 0.000000 0.000000 0.000000 0.000000 0.000000 0.000000 0.000000
0.003787 0.000000 0.000000 0.000000 0.000000 0.000000 0.000000 0.000001
0.003930 0.000000 0.000000 0.000000 0.000000 0.000001 0.000000 0.000001
0.004078 0.000000 0.000000 0.000001 0.000000 0.000001 0.000000 0.000001
0.004232 0.000001 0.000000 0.000001 0.000000 0.000001 0.000000 0.000001
0.004391 0.000001 0.000001 0.000001 0.000001 0.000001 0.000000 0.000001
0.004557 0.000001 0.000001 0.000001 0.000001 0.000001 0.000001 0.000001
0.004728 0.000001 0.000001 0.000001 0.000001 0.000001 0.000001 0.000001
0.004906 0.000001 0.000001 0.000001 0.000001 0.000001 0.000001 0.000001
0.005091 0.000001 0.000001 0.000001 0.000001 0.000001 0.000001 0.000001
0.005283 0.000001 0.000001 0.000001 0.000001 0.000001 0.000001 0.000001
0.005482 0.000001 0.000001 0.000001 0.000001 0.000001 0.000001 0.000002
0.005689 0.000001 0.000001 0.000001 0.000001 0.000002 0.000001 0.000002
0.005903 0.000001 0.000001 0.000002 0.000001 0.000002 0.000001 0.000002
0.006126 0.000002 0.000002 0.000002 0.000001 0.000002 0.000001 0.000002
0.006356 0.000002 0.000002 0.000002 0.000002 0.000002 0.000001 0.000002
0.006596 0.000002 0.000002 0.000002 0.000002 0.000003 0.000002 0.000003
0.006844 0.000002 0.000002 0.000003 0.000002 0.000003 0.000002 0.000003
0.007102 0.000003 0.000002 0.000003 0.000002 0.000003 0.000002 0.000003
0.007370 0.000003 0.000003 0.000003 0.000002 0.000003 0.000002 0.000004
0.007648 0.000003 0.000003 0.000004 0.000003 0.000004 0.000003 0.000004
0.007936 0.000004 0.000003 0.000004 0.000003 0.000004 0.000003 0.000005
0.008235 0.000004 0.000004 0.000004 0.000003 0.000005 0.000003 0.000005
0.008545 0.000004 0.000004 0.000005 0.000004 0.000005 0.000004 0.000006
0.008867 0.000005 0.000005 0.000006 0.000004 0.000006 0.000004 0.000006
0.009201 0.000006 0.000005 0.000006 0.000005 0.000007 0.000005 0.000007
0.009548 0.000006 0.000006 0.000007 0.000005 0.000008 0.000005 0.000008
0.009908 0.000007 0.000006 0.000008 0.000006 0.000008 0.000006 0.000009
0.010281 0.000008 0.000007 0.000009 0.000007 0.000009 0.000006 0.000010
0.010669 0.000009 0.000008 0.000010 0.000007 0.000011 0.000007 0.000011
0.011071 0.000010 0.000009 0.000011 0.000008 0.000012 0.000008 0.000013
0.011488 0.000011 0.000010 0.000012 0.000009 0.000013 0.000009 0.000014
0.011921 0.000012 0.000011 0.000013 0.000010 0.000015 0.000010 0.000016
0.012370 0.000014 0.000012 0.000015 0.000012 0.000016 0.000011 0.000017
0.012836 0.000015 0.000014 0.000017 0.000013 0.000018 0.000012 0.000020
0.013320 0.000017 0.000015 0.000019 0.000014 0.000021 0.000014 0.000022
0.013822 0.000019 0.000017 0.000021 0.000016 0.000023 0.000015 0.000024
0.014343 0.000021 0.000019 0.000023 0.000018 0.000026 0.000017 0.000027
0.014883 0.000024 0.000022 0.000026 0.000020 0.000029 0.000019 0.000030
0.015444 0.000026 0.000024 0.000029 0.000022 0.000032 0.000021 0.000034
0.016026 0.000030 0.000027 0.000033 0.000025 0.000036 0.000024 0.000038
0.016630 0.000033 0.000030 0.000036 0.000028 0.000040 0.000027 0.000042
0.017256 0.000037 0.000034 0.000041 0.000031 0.000045 0.000030 0.000047
0.017907 0.000041 0.000038 0.000045 0.000035 0.000050 0.000033 0.000053
0.018581 0.000046 0.000042 0.000051 0.000039 0.000056 0.000037 0.000059
0.019281 0.000051 0.000047 0.000057 0.000044 0.000062 0.000042 0.000066
0.020008 0.000057 0.000052 0.000063 0.000049 0.000070 0.000046 0.000074
0.020762 0.000064 0.000059 0.000071 0.000055 0.000078 0.000052 0.000082
0.021544 0.000072 0.000065 0.000079 0.000061 0.000087 0.000058 0.000092
0.022356 0.000080 0.000073 0.000088 0.000068 0.000097 0.000065 0.000103
0.023199 0.000090 0.000082 0.000099 0.000076 0.000109 0.000072 0.000115
0.024073 0.000100 0.000091 0.000110 0.000085 0.000121 0.000081 0.000128
0.024980 0.000112 0.000102 0.000123 0.000095 0.000135 0.000090 0.000143
0.025921 0.000125 0.000114 0.000137 0.000106 0.000151 0.000101 0.000160
0.026898 0.000139 0.000127 0.000154 0.000119 0.000169 0.000113 0.000179
0.027911 0.000156 0.000142 0.000171 0.000132 0.000189 0.000126 0.000200
0.028963 0.000174 0.000158 0.000192 0.000148 0.000211 0.000140 0.000223
0.030055 0.000194 0.000177 0.000214 0.000165 0.000235 0.000157 0.000249
0.031187 0.000217 0.000198 0.000239 0.000185 0.000263 0.000175 0.000279
0.032362 0.000242 0.000221 0.000267 0.000206 0.000294 0.000196 0.000311
0.033582 0.000271 0.000247 0.000298 0.000230 0.000328 0.000219 0.000347
0.034847 0.000302 0.000275 0.000333 0.000257 0.000366 0.000244 0.000388
0.036160 0.000338 0.000308 0.000372 0.000287 0.000409 0.000273 0.000433
0.037523 0.000377 0.000343 0.000415 0.000321 0.000457 0.000304 0.000484
0.038937 0.000421 0.000384 0.000463 0.000358 0.000510 0.000340 0.000540
0.040404 0.000470 0.000428 0.000517 0.000400 0.000569 0.000380 0.000603
0.041927 0.000525 0.000478 0.000578 0.000446 0.000635 0.000424 0.000673
0.043507 0.000586 0.000534 0.000645 0.000498 0.000709 0.000473 0.000752
0.045146 0.000654 0.000596 0.000720 0.000557 0.000792 0.000528 0.000839
0.046847 0.000730 0.000665 0.000804 0.000621 0.000884 0.000590 0.000937
0.048612 0.000815 0.000743 0.000897 0.000694 0.000986 0.000659 0.001045
0.050444 0.000910 0.000829 0.001001 0.000774 0.001101 0.000735 0.001167
0.052345 0.001016 0.000926 0.001117 0.000864 0.001228 0.000821 0.001302
0.054317 0.001133 0.001033 0.001247 0.000965 0.001371 0.000916 0.001453
0.056364 0.001265 0.001153 0.001391 0.001077 0.001529 0.001022 0.001621
0.058488 0.001411 0.001286 0.001552 0.001201 0.001706 0.001141 0.001808
0.060692 0.001575 0.001435 0.001732 0.001340 0.001903 0.001273 0.002017
0.062979 0.001757 0.001601 0.001931 0.001496 0.002122 0.001420 0.002249
0.065352 0.001959 0.001786 0.002154 0.001668 0.002366 0.001585 0.002509
0.067815 0.002185 0.001992 0.002402 0.001861 0.002638 0.001768 0.002797
0.070370 0.002436 0.002221 0.002678 0.002075 0.002941 0.001972 0.003118
0.073022 0.002716 0.002477 0.002986 0.002314 0.003279 0.002199 0.003476
0.075774 0.003028 0.002761 0.003328 0.002580 0.003654 0.002452 0.003873
0.078629 0.003375 0.003078 0.003709 0.002877 0.004071 0.002733 0.004316
0.081592 0.003761 0.003430 0.004132 0.003206 0.004536 0.003047 0.004807
0.084666 0.004190 0.003822 0.004603 0.003573 0.005052 0.003395 0.005354
0.087857 0.004667 0.004257 0.005127 0.003981 0.005626 0.003783 0.005961
0.091167 0.005197 0.004742 0.005709 0.004434 0.006263 0.004215 0.006635
0.094603 0.005786 0.005280 0.006355 0.004938 0.006970 0.004694 0.007383
0.098168 0.006440 0.005879 0.007072 0.005498 0.007753 0.005227 0.008213
0.101867 0.007166 0.006543 0.007868 0.006120 0.008623 0.005819 0.009134
0.105705 0.007971 0.007280 0.008750 0.006810 0.009586 0.006476 0.010154
0.109688 0.008863 0.008098 0.009729 0.007576 0.010656 0.007205 0.011284
0.113822 0.009852 0.009004 0.010812 0.008425 0.011839 0.008013 0.012535
0.118111 0.010948 0.010009 0.012009 0.009367 0.013149 0.008909 0.013919
0.122561 0.012162 0.011121 0.013333 0.010409 0.014597 0.009902 0.015448
0.127180 0.013507 0.012351 0.014795 0.011563 0.016195 0.011002 0.017137
0.131972 0.014991 0.013712 0.016411 0.012839 0.017954 0.012218 0.019001
0.136945 0.016629 0.015216 0.018193 0.014253 0.019892 0.013563 0.021057
0.142105 0.018436 0.016877 0.020159 0.015811 0.022027 0.015049 0.023321
0.147460 0.020422 0.018708 0.022328 0.017528 0.024377 0.016690 0.025812
0.153017 0.022610 0.020722 0.024715 0.019424 0.026972 0.018499 0.028551
0.158783 0.025018 0.022935 0.027345 0.021512 0.029817 0.020493 0.031558
0.164766 0.027670 0.025369 0.030234 0.023810 0.032930 0.022688 0.034856
0.170975 0.030582 0.028053 0.033397 0.026337 0.036340 0.025102 0.038468
0.177417 0.033776 0.030998 0.036855 0.029111 0.040069 0.027754 0.042419
0.184103 0.037275 0.034225 0.040633 0.032154 0.044144 0.030664 0.046735
0.191040 0.041106 0.037775 0.044762 0.035486 0.048593 0.033852 0.051441
0.198239 0.045282 0.041630 0.049274 0.039132 0.053437 0.037342 0.056565
0.205709 0.049838 0.045837 0.054187 0.043114 0.058704 0.041156 0.062136
0.213460 0.054791 0.050432 0.059522 0.047457 0.064442 0.045318 0.068180
0.221504 0.060187 0.055443 0.065331 0.052187 0.070685 0.049854 0.074726
0.229851 0.066032 0.060862 0.071599 0.057328 0.077442 0.054787 0.081802
0.238512 0.072358 0.066750 0.078366 0.062912 0.084742 0.060144 0.089435
0.247499 0.079197 0.073127 0.085691 0.068971 0.092610 0.065951 0.097650
0.256826 0.086586 0.080001 0.093582 0.075524 0.101073 0.072232 0.106473
0.266503 0.094511 0.087417 0.102069 0.082597 0.110156 0.079015 0.115927
0.276546 0.103027 0.095390 0.111210 0.090214 0.119880 0.086322 0.126030
0.286967 0.112173 0.103945 0.120955 0.098400 0.130159 0.094178 0.136808
0.297780 0.121903 0.113102 0.131368 0.107115 0.141041 0.102603 0.148311
0.309001 0.132274 0.122877 0.142470 0.116406 0.152580 0.111619 0.160516
0.320645 0.143279 0.133314 0.154173 0.126355 0.164780 0.121241 0.173428
0.332727 0.154960 0.144445 0.166363 0.136995 0.177779 0.131484 0.187051
0.345265 0.167333 0.156286 0.179329 0.148165 0.191617 0.142360 0.201380
0.358275 0.180280 0.168613 0.193120 0.160016 0.206186 0.153875 0.216406
0.371776 0.194011 0.181611 0.207375 0.172552 0.221185 0.166033 0.232114
0.385785 0.208365 0.195303 0.222467 0.185814 0.236808 0.178831 0.248483
0.400322 0.223399 0.209627 0.238310 0.199555 0.253039 0.192118 0.265486
0.415407 0.238979 0.224502 0.254779 0.213988 0.269848 0.205927 0.283089
0.431060 0.255206 0.240166 0.271527 0.229053 0.287198 0.220302 0.301252
0.447304 0.272014 0.256315 0.289004 0.244543 0.305046 0.235220 0.319931
0.464159 0.289261 0.272694 0.306712 0.260769 0.323564 0.250648 0.339075
0.481649 0.306996 0.289684 0.325180 0.277435 0.342704 0.266554 0.358629
0.499799 0.325202 0.307244 0.343868 0.294321 0.362362 0.282895 0.378534
0.518632 0.343760 0.324891 0.363063 0.311963 0.382248 0.299628 0.398727
0.538175 0.362517 0.343230 0.382522 0.329995 0.402610 0.316703 0.419142
0.558455 0.381508 0.361637 0.401930 0.348356 0.423281 0.334069 0.439713
0.579498 0.400720 0.380398 0.421909 0.366989 0.443571 0.351672 0.460371
0.601335 0.420182 0.399313 0.441617 0.385261 0.463770 0.369453 0.481048
0.623994 0.439553 0.418292 0.461890 0.403428 0.484056 0.387354 0.501676
0.647508 0.459051 0.437420 0.481826 0.421540 0.504169 0.405317 0.522189
0.671907 0.478527 0.456260 0.501531 0.440505 0.523781 0.423283 0.542525
0.697226 0.497784 0.475288 0.521294 0.459027 0.543054 0.441193 0.562621
0.723499 0.516877 0.493850 0.541028 0.477487 0.562498 0.458991 0.582422
0.750762 0.535719 0.512392 0.560301 0.496030 0.581493 0.476602 0.601875
0.779052 0.554420 0.530617 0.579370 0.514049 0.600349 0.493995 0.620931
0.808408 0.572351 0.548548 0.597915 0.531479 0.619031 0.511128 0.639547
0.838870 0.589874 0.565948 0.616290 0.548243 0.637182 0.527956 0.657685
0.870480 0.607313 0.582949 0.633927 0.564622 0.654569 0.544497 0.675311
0.903282 0.624533 0.599638 0.650832 0.580686 0.671950 0.560589 0.692397
0.937319 0.640948 0.615887 0.667586 0.596300 0.689312 0.576220 0.708921
0.972639 0.657053 0.631647 0.684121 0.611494 0.705683 0.591461 0.724865
1.009290 0.672901 0.646527 0.700164 0.626397 0.720576 0.606229 0.740214
1.047322 0.687564 0.661150 0.715250 0.640546 0.735117 0.620486 0.754961
1.086787 0.701917 0.675618 0.729941 0.653836 0.749414 0.634207 0.769100
1.127740 0.715558 0.689231 0.743932 0.667082 0.763418 0.647278 0.782814
1.170235 0.728816 0.702018 0.757262 0.679583 0.776793 0.659825 0.795934
1.214332 0.741409 0.714629 0.769933 0.691841 0.789789 0.671844 0.808450
1.260090 0.753405 0.726099 0.782259 0.703150 0.802420 0.683337 0.820372
1.307573 0.764746 0.737349 0.793738 0.713850 0.814506 0.694308 0.831709
1.356845 0.775989 0.748202 0.804634 0.724258 0.825530 0.704761 0.842474
1.407973 0.786660 0.758141 0.815209 0.734158 0.836362 0.714706 0.852697
1.461028 0.796522 0.767586 0.825383 0.743399 0.846151 0.724154 0.862347
1.516083 0.805736 0.776830 0.835127 0.751844 0.855944 0.733115 0.871818
1.573212 0.814467 0.785667 0.843947 0.759831 0.864950 0.741605 0.880964
1.632493 0.822758 0.793633 0.852637 0.768298 0.873456 0.749637 0.889602
1.694009 0.830792 0.801393 0.860621 0.776364 0.881482 0.757227 0.897751
1.757842 0.837945 0.808692 0.868261 0.782859 0.889047 0.764391 0.905432
1.824081 0.845053 0.815510 0.875306 0.789575 0.896170 0.771019 0.912663
1.892816 0.851697 0.821859 0.881810 0.795332 0.903198 0.777231 0.919466
1.964141 0.857978 0.827823 0.888388 0.800742 0.909797 0.783076 0.925860
2.038154 0.863572 0.833332 0.894309 0.805822 0.915546 0.788570 0.931865
2.114955 0.868931 0.838316 0.899622 0.810587 0.921154 0.793730 0.937499
2.194651 0.874002 0.843156 0.904608 0.815138 0.926666 0.798572 0.942784
2.277350 0.879051 0.847991 0.909956 0.819815 0.931838 0.803114 0.947736
2.363165 0.883524 0.852294 0.914384 0.824003 0.936685 0.807370 0.952352
2.452213 0.887784 0.856374 0.918443 0.827801 0.941184 0.811357 0.956653
2.544617 0.891800 0.860136 0.922552 0.831238 0.945332 0.815089 0.960676
2.640503 0.895316 0.863941 0.926398 0.834452 0.949023 0.818580 0.964438
2.740003 0.898848 0.867191 0.929994 0.837456 0.952474 0.821845 0.967954
2.843251 0.901876 0.870335 0.933354 0.840261 0.955870 0.824897 0.971238
2.950391 0.904739 0.873349 0.936434 0.842881 0.959041 0.827716 0.974536
3.061567 0.907500 0.875965 0.939424 0.845470 0.961864 0.830346 0.977427
3.176933 0.910152 0.878441 0.942121 0.847939 0.964462 0.832801 0.980124
3.296646 0.912659 0.880835 0.944683 0.850242 0.967250 0.835092 0.982640
3.420870 0.915140 0.883047 0.946904 0.852391 0.969750 0.837229 0.984986
3.549775 0.917455 0.885143 0.948999 0.854395 0.972176 0.839222 0.987174
3.683537 0.919512 0.887116 0.951078 0.856263 0.974445 0.841080 0.989212
3.822340 0.921353 0.888900 0.952944 0.858081 0.976561 0.842811 0.991112
3.966373 0.923027 0.890561 0.954670 0.859790 0.978532 0.844425 0.992882
4.115834 0.924606 0.892178 0.956341 0.861382 0.980356 0.845928 0.994530
4.270926 0.926134 0.893661 0.957904 0.862865 0.981948 0.847328 0.996064
4.431863 0.927606 0.895068 0.959303 0.864246 0.983328 0.848632 0.997493
4.598864 0.928969 0.896245 0.960668 0.865532 0.984570 0.849846 0.998823
4.772158 0.930234 0.897340 0.961845 0.866729 0.985866 0.850975 1.000061
4.951983 0.931361 0.898498 0.962956 0.867844 0.987137 0.852027 1.001213
5.138583 0.932374 0.899534 0.964093 0.868881 0.988319 0.853005 1.002285
5.332215 0.933316 0.900469 0.965087 0.869845 0.989420 0.853916 1.003282
5.533143 0.934193 0.901314 0.966021 0.870743 0.990405 0.854763 1.004209
5.741642 0.935008 0.902100 0.966921 0.871578 0.991300 0.855551 1.005071
5.957999 0.935766 0.902857 0.967758 0.872355 0.992134 0.856283 1.005874
6.182508 0.936471 0.903565 0.968537 0.873077 0.992909 0.856965 1.006619
6.415476 0.937127 0.904223 0.969209 0.873725 0.993629 0.857599 1.007313
6.657224 0.937731 0.904780 0.969825 0.874294 0.994299 0.858188 1.007958
6.908081 0.938272 0.905292 0.970397 0.874822 0.994922 0.858736 1.008557
7.168391 0.938808 0.905816 0.970929 0.875313 0.995501 0.859245 1.009114
7.438510 0.939319 0.906303 0.971424 0.875770 0.996039 0.859718 1.009632
7.718807 0.939774 0.906751 0.971884 0.876194 0.996539 0.860158 1.010114
8.009667 0.940197 0.907142 0.972311 0.876589 0.997004 0.860567 1.010561
8.311487 0.940590 0.907550 0.972732 0.876955 0.997437 0.860947 1.010977
8.624680 0.940959 0.907929 0.973124 0.877296 0.997838 0.861301 1.011363
8.949674 0.941313 0.908269 0.973489 0.877613 0.998211 0.861629 1.011723
9.286915 0.941643 0.908583 0.973827 0.877907 0.998558 0.861934 1.012056
9.636864 0.941949 0.908875 0.974142 0.878180 0.998880 0.862218 1.012366
10.000000 0.942234 0.909146 0.974434 0.878450 0.999180 0.862481 1.012654
