0.010000 1284477209.543722 301632211.315388 3188806146.743748 91388796.855189 5941282382.924170 35004233.661030 7872850798.540663
0.012068 1137816913.033484 282358328.788257 2739685244.923380 88440532.831088 4950014666.565439 34821221.774270 6819534746.820324
0.014563 997758763.659845 268850025.654234 2319437363.497054 83273581.189131 4214749336.481271 34622293.340004 5604950186.177547
0.017575 866105810.322783 244324744.243166 1977882203.940128 79328324.722001 3552702496.752899 34404331.608076 4551485429.083683
0.021210 761299890.889781 224264736.112766 1693850355.278250 77222633.545690 2911579595.690301 33990794.532945 3705682562.730224
0.025595 663804989.675995 210116049.556525 1434530244.552057 73623830.498089 2365960042.579466 32998753.696328 2995699096.492394
0.030888 572636003.985200 188316006.689105 1214498380.379468 67622599.833461 1899435639.040291 32012389.095644 2451714412.331900
0.037276 493949449.120262 175383303.789010 1019402941.438173 63142647.010953 1523214303.146605 30979360.408788 2043433739.618860
0.044984 421277482.645060 160900482.943695 831954367.555459 59752028.378538 1246553947.923302 30042991.157729 1633949031.022314
0.054287 354180185.310874 146921922.391663 678129018.830292 55226510.757706 987449038.052645 29052197.939763 1272479004.263971
0.065513 301452076.460053 133005660.251672 549153970.782835 52148189.116929 780477243.817730 28051526.881418 984197725.968684
0.079060 251709105.171737 119460113.671952 441059634.478565 49489522.354146 618879527.628536 27036135.851215 754367455.222891
0.095410 209228543.232493 105529086.446717 351769971.977619 45459156.624661 473943977.761075 26000831.810613 572740517.387164
0.115140 171538250.222604 92078505.482453 275060882.788105 41684179.014043 362109700.824481 24865683.229846 430688954.863490
0.138950 138785186.512280 78612737.722526 210149776.288166 37843960.908083 271721719.281534 23580750.919008 325796814.979316
0.167683 110748366.612960 67403149.512112 157379229.227025 34369189.474621 198745225.307428 22351387.012160 244169378.475908
0.202359 86553332.761635 57115602.267202 117514214.361633 31522991.910775 144933405.315131 21173432.749229 174092452.981430
0.244205 67222141.483257 47631176.856566 86494298.004674 29008798.929467 105802880.529470 20042656.053120 121936499.945547
0.294705 51261182.806508 38541225.727000 63205786.487772 24379972.676779 75322065.498556 18740498.118952 89239720.810939
0.355648 38025068.396127 30408566.987610 45561652.129117 21680795.731586 53195888.139993 16029298.887901 64669938.761949
0.429193 27830842.256663 23067712.115817 33131374.681983 18616391.923649 37936553.941071 14043139.284251 44701494.054964
0.517947 20131574.116562 16714885.135382 24181809.308422 14061033.224991 28375487.520144 12279957.739294 33523738.534488
0.625055 14419536.910119 11719186.107952 17870458.281960 9541921.701139 21194962.384624 8193670.772017 24580626.751424
0.754312 10057703.630777 7886440.290467 13066899.648604 6149116.975488 16503548.676679 5103910.628345 19927556.797990
0.910298 6954263.251805 5051742.056093 9607167.947247 3896929.267238 12843520.872739 3140470.345412 17291127.808361
1.098541 4600660.726346 3173066.540186 6962729.360521 2388467.256507 9808792.188418 1911199.309974 14965225.776616
1.325711 2923039.355865 1935250.869908 4750304.439656 1376166.701324 7065033.732333 1010052.277606 9837881.599321
1.599859 1756091.964820 1121961.423136 3101875.365140 759879.252379 4933400.797290 406663.802941 7749871.897531
1.930698 1011774.684806 621470.717171 1963049.380833 359754.801755 3350891.574099 163729.593298 5582203.181062
2.329952 589081.319238 327286.199453 1223049.024570 149298.636961 2218500.890729 65920.250408 3373610.687996
2.811769 335539.543820 169571.978115 740105.438630 64703.629131 1501517.173882 26540.586379 2292638.827076
3.393222 185816.287256 81190.242689 433522.725402 27094.628321 977099.170672 10685.680364 1576361.012562
4.094915 101079.780216 37491.469849 256828.233026 11432.046263 651070.108455 4302.232182 1154006.600537
4.941713 54716.119485 17092.335538 150094.503610 4854.524346 400811.935412 1732.150047 842804.290021
5.963623 28533.593097 7920.944100 84745.784989 2061.433805 242192.217806 697.392344 614023.410942
7.196857 14757.156168 3552.254652 48752.934985 861.839521 149433.335473 280.781727 452590.687688
8.685114 7543.562141 1581.243293 25896.290332 346.089914 90168.364507 113.047381 297074.626356
10.481131 3920.814323 688.296787 13839.733350 138.979735 49979.721954 45.514751 202650.188342
12.648552 1965.331208 298.596018 7243.962368 55.810256 27443.867330 18.324994 135837.187788
15.264180 953.579132 126.733663 3834.280227 22.496078 14434.197791 7.377947 71122.701985
18.420700 465.136344 56.325172 1957.256717 9.045310 7090.149147 2.970484 35110.844180
22.229965 229.663902 24.018515 1009.556057 3.726423 3503.976238 1.195966 17357.012864
26.826958 111.001762 10.453098 514.937230 1.566369 1930.947763 0.481516 9069.721660
32.374575 54.702376 4.508084 245.969062 0.648056 981.642336 0.193866 4739.286168
39.069399 25.897324 1.958045 127.781243 0.276757 509.310735 0.078054 2476.463361
47.148664 12.439408 0.852024 65.578465 0.109999 253.104406 0.031426 1294.049475
56.898660 5.621688 0.366810 33.881143 0.043224 135.609976 0.012653 676.191730
68.664885 2.648841 0.154643 18.084674 0.017005 74.233043 0.005094 353.336765
82.864277 1.239703 0.064509 9.583373 0.007110 41.654546 0.002051 184.632352
100.000000 0.585651 0.026820 5.062625 0.002868 23.373704 0.000826 96.477663
