0.010000 0.000233 0.000097 0.000509 0.000053 0.000814 0.000039 0.000941
0.012068 0.000255 0.000110 0.000542 0.000065 0.000833 0.000050 0.000948
0.014563 0.000281 0.000118 0.000576 0.000076 0.000851 0.000060 0.000950
0.017575 0.000299 0.000125 0.000612 0.000086 0.000857 0.000070 0.000951
0.021210 0.000310 0.000130 0.000636 0.000093 0.000872 0.000078 0.000961
0.025595 0.000318 0.000135 0.000652 0.000098 0.000887 0.000084 0.000964
0.030888 0.000323 0.000138 0.000664 0.000101 0.000904 0.000090 0.000965
0.037276 0.000327 0.000141 0.000677 0.000103 0.000906 0.000094 0.000974
0.044984 0.000329 0.000143 0.000683 0.000104 0.000916 0.000097 0.000981
0.054287 0.000331 0.000144 0.000691 0.000105 0.000922 0.000099 0.000984
0.065513 0.000333 0.000145 0.000697 0.000106 0.000930 0.000100 0.000985
0.079060 0.000334 0.000146 0.000700 0.000106 0.000937 0.000100 0.000986
0.095410 0.000335 0.000147 0.000700 0.000106 0.000940 0.000101 0.000987
0.115140 0.000336 0.000147 0.000700 0.000106 0.000942 0.000101 0.000987
0.138950 0.000336 0.000147 0.000700 0.000106 0.000943 0.000101 0.000987
0.167683 0.000336 0.000147 0.000701 0.000107 0.000943 0.000101 0.000988
0.202359 0.000336 0.000147 0.000701 0.000107 0.000943 0.000101 0.000989
0.244205 0.000336 0.000147 0.000701 0.000107 0.000943 0.000101 0.000990
0.294705 0.000336 0.000147 0.000701 0.000107 0.000943 0.000101 0.000990
0.355648 0.000337 0.000147 0.000701 0.000107 0.000943 0.000101 0.000990
0.429193 0.000337 0.000147 0.000701 0.000107 0.000943 0.000101 0.000991
0.517947 0.000337 0.000147 0.000701 0.000107 0.000943 0.000101 0.000991
0.625055 0.000337 0.000147 0.000701 0.000107 0.000943 0.000101 0.000991
0.754312 0.000337 0.000147 0.000701 0.000107 0.000943 0.000101 0.000991
0.910298 0.000337 0.000147 0.000701 0.000107 0.000943 0.000101 0.000991
1.098541 0.000337 0.000147 0.000701 0.000107 0.000943 0.000101 0.000991
1.325711 0.000337 0.000147 0.000701 0.000107 0.000943 0.000101 0.000991
1.599859 0.000337 0.000147 0.000701 0.000107 0.000943 0.000101 0.000991
1.930698 0.000337 0.000147 0.000701 0.000107 0.000943 0.000101 0.000991
2.329952 0.000337 0.000147 0.000701 0.000107 0.000943 0.000101 0.000991
2.811769 0.000337 0.000147 0.000701 0.000107 0.000943 0.000101 0.000991
3.393222 0.000337 0.000147 0.000701 0.000107 0.000943 0.000101 0.000991
4.094915 0.000337 0.000147 0.000701 0.000107 0.000943 0.000101 0.000991
4.941713 0.000337 0.000147 0.000701 0.000107 0.000943 0.000101 0.000991
5.963623 0.000337 0.000147 0.000701 0.000107 0.000943 0.000101 0.000991
7.196857 0.000337 0.000147 0.000701 0.000107 0.000943 0.000101 0.000991
8.685114 0.000337 0.000147 0.000701 0.000107 0.000943 0.000101 0.000991
10.481131 0.000337 0.000147 0.000701 0.000107 0.000943 0.000101 0.000991
12.648552 0.000337 0.000147 0.000701 0.000107 0.000943 0.000101 0.000991
15.264180 0.000337 0.000147 0.000701 0.000107 0.000943 0.000101 0.000991
18.420700 0.000337 0.000147 0.000701 0.000107 0.000943 0.000101 0.000991
22.229965 0.000337 0.000147 0.000701 0.000107 0.000943 0.000101 0.000991
26.826958 0.000337 0.000147 0.000701 0.000107 0.000943 0.000101 0.000991
32.374575 0.000337 0.000147 0.000701 0.000107 0.000943 0.000101 0.000991
39.069399 0.000337 0.000147 0.000701 0.000107 0.000943 0.000101 0.000991
47.148664 0.000337 0.000147 0.000701 0.000107 0.000943 0.000101 0.000991
56.898660 0.000337 0.000147 0.000701 0.000107 0.000943 0.000101 0.000991
68.664885 0.000337 0.000147 0.000701 0.000107 0.000943 0.000101 0.000991
82.864277 0.000337 0.000147 0.000701 0.000107 0.000943 0.000101 0.000991
100.000000 0.000337 0.000147 0.000701 0.000107 0.000943 0.000101 0.000991
