790.001239
790.005286
790.004938
790.005413
789.998276
790.003089
789.993226
789.998031
789.996882
790.000909
790.004434
789.998034
789.998725
790.003258
790.004631
790.002721
790.000453
790.006540
790.001825
790.006854
790.003641
789.999685
789.996915
790.004122
790.005345
789.997416
790.003901
789.999968
789.995817
790.003356
790.000831
789.994709
789.993584
789.996525
790.002213
790.001267
789.996610
789.996759
789.993368
790.002897
790.006310
789.998298
789.993483
789.996856
790.002290
789.994917
790.003166
789.994336
789.993047
790.000051
790.004864
789.993360
790.003141
790.002280
789.996262
789.992186
789.997997
789.997099
789.993801
789.997577
789.994883
790.000675
789.999559
789.996692
790.000993
790.004327
790.004830
790.005425
789.995979
790.006144
789.993254
790.004619
789.992394
789.993175
790.006357
789.997560
790.007117
789.998513
790.001293
789.993405
790.007184
790.005006
789.999675
789.994709
789.993774
790.004395
789.999862
790.000060
789.993452
789.993989
790.003150
789.994204
790.002987
789.992339
790.002928
789.995509
789.992187
790.004202
789.995458
789.993576
789.993985
790.001464
790.004385
790.000858
790.002010
790.000519
789.992194
790.005597
790.005711
789.993074
789.997800
790.001163
790.000190
790.003761
790.003337
790.000663
790.007467
789.997764
789.999787
789.995557
789.998585
790.007468
789.998813
790.005282
790.005155
790.004005
790.006033
789.996081
789.995625
790.003983
789.994568
789.997110
790.003832
789.992760
790.001955
790.006502
789.998196
790.002964
789.992536
790.001034
790.006472
790.005664
789.999737
790.001463
790.005094
790.004004
790.004520
790.006217
789.999359
790.001916
789.995401
790.002169
789.998411
790.001935
789.998691
789.996965
789.995886
790.005973
789.992470
790.005230
790.006351
790.007568
789.995669
790.004267
790.001291
790.000858
789.993960
789.992666
789.995696
789.998776
789.996805
790.007219
790.002165
789.999408
789.996995
789.993117
789.994786
790.001694
790.004430
789.997855
790.007679
790.000716
790.003339
789.997585
789.998892
789.999977
789.998498
790.001800
790.003705
790.004606
790.000945
790.001223
790.006740
790.005123
789.995042
790.004954
789.997757
789.998900
790.002286
790.007437
789.996241
790.001747
790.003766
790.001010
790.003907
789.997714
789.993776
789.996375
789.995432
790.005149
790.007126
789.997417
790.002042
789.994081
789.997100
789.995308
790.001726
790.003718
789.998826
790.001744
789.994775
789.999470
789.998642
790.000084
789.999636
789.996015
790.007494
790.001276
790.001616
789.998337
789.999441
790.002823
790.006797
789.993484
790.006068
789.993343
789.998686
790.003079
789.996764
790.004387
789.993983
790.005517
789.992750
789.999821
790.001837
789.999742
789.997622
789.998316
790.001785
789.999443
790.000580
789.997317
789.999478
790.001019
790.007436
789.998091
790.003702
790.001715
790.000778
789.997089
789.998396
790.002280
790.003139
790.000993
789.994956
790.007104
790.003720
789.997392
790.006501
790.003416
789.993692
790.004878
789.997753
790.002916
789.993095
789.999641
790.007281
789.999708
789.997865
789.995830
790.003099
789.996015
790.006711
789.992803
790.005475
790.003591
789.997799
789.994989
789.999802
789.999542
790.007264
789.997109
790.001087
789.997598
790.005748
790.001557
790.006278
789.997686
790.003694
790.006787
790.005530
789.998431
789.992844
790.007488
789.999781
790.007624
790.000430
789.994869
790.001263
789.993280
789.997335
789.992788
790.000619
790.001810
789.995292
789.998436
789.996235
789.993409
790.005653
790.003208
789.993478
790.004514
790.002990
790.007763
789.994350
790.001846
790.007745
789.995984
789.995611
790.001014
790.004820
790.006654
789.997146
790.000638
790.005805
790.006060
790.001135
789.997720
789.997309
790.000175
789.995916
789.992427
790.003880
790.005217
789.998973
789.996019
790.002214
789.999646
789.999037
789.992486
790.004388
790.003943
790.004857
790.006183
790.005573
790.003878
789.999952
790.001606
789.996828
789.999057
790.003281
789.998733
790.000825
789.996939
790.007356
789.994161
789.992909
789.999526
790.002854
789.999421
789.999690
789.999876
790.000612
790.001391
789.998801
789.993380
790.000300
790.007169
790.004459
790.007820
790.001629
789.992466
790.007365
790.001661
789.996980
790.006823
790.002367
789.996978
790.006226
789.996335
790.002060
789.999424
790.006210
790.003273
789.998879
790.004159
789.992618
790.001701
790.002198
789.999974
790.007019
790.004121
789.998222
790.002934
789.995520
789.992685
790.000261
789.997926
790.005311
789.993501
789.993919
790.007283
790.001930
790.006783
790.005928
790.005371
790.002874
789.992169
789.997789
789.998340
790.002093
790.006427
790.001446
790.002686
790.001387
789.994839
790.006852
790.003300
790.006819
790.005365
790.005486
790.003712
790.007264
790.002034
790.002538
790.004603
790.004621
789.995154
790.005196
790.000481
789.993187
789.992178
790.004711
790.003248
789.995626
789.997485
789.993332
789.993609
789.998314
790.005241
789.998401
790.000008
789.995100
790.003897
789.995874
789.999919
790.006911
790.004749
790.000657
790.007777
790.003188
790.006136
789.999201
790.003449
789.996425
789.996840
789.997811
790.001839
789.999789
789.994006
789.996769
789.994170
790.003518
789.992267
790.006699
789.995743
789.992272
790.002293
790.001430
789.992793
790.005814
790.007871
790.000660
789.995108
790.006233
790.003687
789.993927
790.003706
790.001325
789.992807
790.002558
790.006362
790.001069
789.998420
789.999740
789.999817
790.004961
789.999212
789.998855
789.997885
790.001892
790.002749
790.006973
790.000965
790.007361
790.000854
790.007545
789.994560
790.001681
790.006276
789.999754
789.999980
789.996085
789.999158
790.000466
790.003253
789.997749
789.994502
789.992625
790.003997
790.006606
790.006562
790.001485
790.004683
790.006933
789.999778
790.006327
789.992184
790.001523
789.998221
790.007599
789.998896
789.995133
789.996129
789.996698
789.994133
789.997331
790.003911
790.007264
790.007569
789.992938
790.004941
789.997169
789.995786
789.998246
790.000368
789.994420
790.006500
790.002588
790.001961
790.001113
789.998155
790.007477
789.999002
789.994433
790.000355
790.003045
789.999810
789.997310
790.006482
789.994550
789.992128
789.999797
790.001515
789.998090
790.007795
790.002675
789.992957
789.992141
789.994176
789.996170
790.002189
789.995440
790.003345
790.003327
790.000126
789.999175
789.994698
789.994028
789.998949
789.993237
789.995516
789.993714
790.002463
789.999012
790.000328
790.003868
789.996310
789.994490
789.997228
789.997279
789.998812
790.005872
790.004155
789.997649
789.999927
790.002908
789.996712
789.998727
789.998229
789.994166
790.001299
789.997029
789.995395
790.000845
790.005204
790.001022
789.992399
790.000919
790.005795
789.993350
790.004840
789.995198
789.993457
790.001961
790.006408
789.994972
789.996279
790.002573
790.003394
790.000937
789.993685
790.000946
789.993681
790.001663
789.999976
790.003799
790.002186
790.007393
790.003188
789.999831
789.996653
790.004857
790.003627
789.999352
789.999960
789.996766
790.007678
790.003374
789.996692
790.002258
790.003323
790.002925
790.003893
789.999552
789.996344
790.004555
790.004406
789.995337
789.996125
790.005220
790.001515
790.007537
789.996805
790.007313
789.997417
790.007808
789.996863
789.993661
790.006091
789.995512
790.002414
790.003808
790.002724
790.004010
789.992661
790.000626
790.007124
789.999128
790.005735
790.002668
789.999180
790.003808
790.007694
790.001821
789.994137
789.999358
790.002614
790.007182
790.005772
789.993014
789.997698
789.999738
789.994461
790.001381
790.002845
790.004977
790.007296
790.004270
790.005198
790.004048
790.007162
789.995241
790.006127
789.992721
789.994176
790.006245
789.996268
790.002428
790.006692
789.999629
790.003787
789.995424
790.005658
790.001613
790.000808
790.005748
789.993268
790.003602
790.004196
790.007378
789.994476
790.001936
790.002829
790.000713
789.993364
790.001626
789.997784
790.003918
790.005197
790.006715
789.999279
790.005610
790.006148
790.007598
790.003881
790.000745
790.005914
789.998056
789.992131
789.996822
789.996526
789.995976
790.000956
790.000428
790.004577
790.001458
789.995109
789.995889
789.994033
789.992186
790.000416
789.997386
790.001516
789.992708
790.003039
790.002010
790.005420
789.995657
789.999274
790.006857
789.995827
789.993915
790.004617
789.996474
790.007091
789.997945
790.007724
790.003324
790.006255
790.002323
790.003979
789.993496
789.994447
790.003568
789.998192
790.002000
790.005865
789.999214
790.002573
789.992217
790.007841
789.996179
790.000589
790.004400
790.000703
789.996718
790.001978
790.005159
790.004050
790.004276
789.997958
789.993603
790.005933
790.006204
790.003312
790.006200
789.997947
789.996102
789.998156
789.995098
790.001945
790.001534
790.004503
789.998948
789.999500
790.005683
789.997659
790.001655
790.003697
790.004864
790.007373
789.994147
790.002344
789.995274
789.996002
790.003258
790.006725
789.993853
789.996784
790.003487
789.992747
790.003289
789.999445
790.002094
790.007255
789.999953
789.993949
789.993589
789.995650
789.995134
790.000780
790.003749
789.995456
790.007151
790.001347
789.997729
789.996972
789.994784
789.997356
789.997461
790.000851
789.997452
790.007886
790.001617
790.001214
790.006766
790.007004
790.000747
790.003894
789.993317
789.997733
789.992385
790.000236
789.998827
789.995499
790.003810
789.998985
790.000124
789.993725
789.993122
789.994189
789.997231
789.998017
790.006709
790.000353
790.003918
789.997586
790.003695
790.001479
790.001540
790.000134
789.998020
790.002749
789.998086
789.998294
789.995368
790.001497
790.000645
790.002190
790.000513
789.994892
790.006364
790.000789
789.994743
790.007007
789.993516
790.001060
790.001859
789.998081
790.007791
789.992591
790.001202
790.002610
790.007645
789.993876
790.005600
790.007274
790.007581
790.000735
789.995951
789.995807
790.003796
789.995381
789.999285
790.004324
789.995479
790.003391
790.001621
789.995910
789.999365
790.006408
790.000705
789.994750
790.007011
789.997464
790.002626
789.992828
789.993670
789.998520
789.994568
789.997182
790.004688
790.004838
790.006829
789.992771
789.998589
789.993074
789.995767
789.997385
790.005780
790.007443
789.998467
789.998434
789.999354
790.003757
789.995844
789.992547
789.998396
789.993918
789.998801
790.005109
790.001206
790.001965
790.007149
789.999771
789.998338
790.006921
789.995936
790.005140
790.004482
789.993240
790.006532
790.003359
790.003259
790.001006
789.997362
789.999862
789.995725
789.996315
790.005490
789.999160
790.007678
789.993188
790.004567
790.007221
789.995151
789.996721
789.993196
790.003719
789.992886
789.998869
789.996840
790.005192
790.007599
789.996680
789.993499
789.997222
790.006829
790.004248
789.995702
790.001250
790.007404
789.992244
789.999674
789.998441
790.000948
789.995990
789.994248
790.004336
789.998139
790.003906
789.995181
790.003547
789.992467
789.999918
790.000357
789.995138
789.994380
790.003374
789.994445
790.003387
789.993900
790.000325
790.000498
790.004627
789.996183
789.996899
790.001208
789.996821
