0.010000 0.001268 -0.006069 0.008012 -0.009228 0.010605 -0.009833 0.015975
0.012068 0.001406 -0.005985 0.008136 -0.009198 0.011542 -0.009803 0.018544
0.014563 0.001528 -0.005855 0.008357 -0.009180 0.012512 -0.009759 0.021617
0.017575 0.001774 -0.005693 0.008701 -0.009103 0.013469 -0.009694 0.025289
0.021210 0.002148 -0.005415 0.008932 -0.009027 0.015163 -0.009652 0.029664
0.025595 0.002563 -0.005121 0.009379 -0.008924 0.017240 -0.009615 0.034867
0.030888 0.003105 -0.004744 0.009753 -0.008816 0.020735 -0.009589 0.041036
0.037276 0.003535 -0.004467 0.010479 -0.008835 0.025093 -0.009551 0.048323
0.044984 0.004121 -0.004141 0.012236 -0.008699 0.030780 -0.009619 0.056897
0.054287 0.004871 -0.003785 0.014291 -0.008513 0.037761 -0.010434 0.066936
0.065513 0.006134 -0.002906 0.017514 -0.008325 0.046943 -0.011533 0.078624
0.079060 0.007640 -0.002121 0.022170 -0.008177 0.057645 -0.012903 0.094817
0.095410 0.009580 -0.001161 0.028763 -0.007849 0.070181 -0.014594 0.114702
0.115140 0.012414 0.000067 0.038628 -0.007587 0.085519 -0.016661 0.137952
0.138950 0.017285 0.001659 0.050312 -0.007691 0.106539 -0.019480 0.164822
0.167683 0.024004 0.003958 0.065110 -0.008239 0.129898 -0.023137 0.195457
0.202359 0.033660 0.006928 0.085431 -0.010378 0.159639 -0.027124 0.229850
0.244205 0.046196 0.011523 0.110657 -0.013449 0.201464 -0.031869 0.277665
0.294705 0.063574 0.017258 0.143786 -0.015641 0.248164 -0.038623 0.341482
0.355648 0.084416 0.026211 0.184195 -0.019116 0.320886 -0.045650 0.434235
0.429193 0.111093 0.035199 0.232791 -0.023691 0.394703 -0.052557 0.532234
0.517947 0.143833 0.047156 0.284022 -0.026430 0.479303 -0.058979 0.621972
0.625055 0.180195 0.059248 0.346326 -0.030846 0.550849 -0.064649 0.692914
0.754312 0.218477 0.070661 0.401132 -0.035673 0.622727 -0.070307 0.761702
0.910298 0.261401 0.082464 0.456874 -0.042188 0.685234 -0.076856 0.819347
1.098541 0.299081 0.092415 0.519620 -0.046581 0.742628 -0.081561 0.862267
1.325711 0.332596 0.100012 0.574373 -0.048403 0.782275 -0.084538 0.888960
1.599859 0.361113 0.108245 0.626275 -0.050172 0.825218 -0.086354 0.918409
1.930698 0.380343 0.111486 0.674561 -0.051278 0.851938 -0.087438 0.942171
2.329952 0.393947 0.111952 0.705589 -0.053156 0.873965 -0.088077 0.956997
2.811769 0.412184 0.114870 0.736411 -0.053286 0.895278 -0.088451 0.966098
3.393222 0.421670 0.116986 0.759036 -0.053368 0.915080 -0.088668 0.971630
4.094915 0.430606 0.118292 0.775541 -0.053420 0.927856 -0.089666 0.974972
4.941713 0.435265 0.119210 0.785430 -0.053873 0.934966 -0.091513 0.976984
5.963623 0.441896 0.121331 0.793467 -0.055208 0.943153 -0.092917 0.978192
7.196857 0.446947 0.121376 0.798935 -0.055676 0.947340 -0.093974 0.978917
8.685114 0.450194 0.121416 0.804177 -0.055797 0.953105 -0.094675 0.979351
10.481131 0.450506 0.121919 0.806751 -0.055889 0.956715 -0.094739 0.979612
12.648552 0.452481 0.122289 0.808396 -0.055959 0.959557 -0.094784 0.979767
15.264180 0.455036 0.122561 0.811743 -0.056012 0.960586 -0.094818 0.979861
18.420700 0.455890 0.122760 0.814437 -0.056052 0.962311 -0.094842 0.979917
22.229965 0.456448 0.122906 0.814496 -0.056083 0.963760 -0.094859 0.979950
26.826958 0.457305 0.123012 0.815178 -0.056106 0.964827 -0.094872 0.979970
32.374575 0.457998 0.123091 0.816321 -0.056124 0.965332 -0.094881 0.979982
39.069399 0.458228 0.123148 0.817158 -0.056137 0.966607 -0.094888 0.979989
47.148664 0.458232 0.123189 0.817611 -0.056147 0.968285 -0.094892 0.979994
56.898660 0.458235 0.123220 0.818220 -0.056155 0.969700 -0.094896 0.979996
68.664885 0.458237 0.123242 0.818393 -0.056161 0.970632 -0.094898 0.979998
82.864277 0.458238 0.123258 0.818409 -0.056165 0.972014 -0.094900 0.979999
100.000000 0.458238 0.123270 0.818420 -0.056169 0.973405 -0.094901 0.979999
