0.001000 28801.147758 3094.370528 120188.136911 647.819159 327170.379423 205.986973 649538.942991
0.001038 28190.209386 3070.916104 116387.485954 644.712899 316160.368037 205.789480 626013.006833
0.001077 27554.069571 3059.351720 112706.809109 641.621370 305518.937797 205.591552 603335.034780
0.001117 26932.185085 3032.407913 109142.315486 639.968690 295233.745670 205.393167 581474.463997
0.001159 26439.878246 3005.682572 107294.290479 639.865675 285292.862004 205.194304 560401.833384
0.001203 25978.018128 2979.173411 103678.392946 639.760650 275684.756683 204.994940 540088.743694
0.001248 25529.875651 2944.630603 100221.939286 639.653539 266398.285779 204.795050 520507.819423
0.001296 24867.848107 2924.520391 97523.080969 639.544267 257422.678607 204.594609 501632.671773
0.001344 24270.791917 2900.920282 95100.807171 639.432754 248747.525213 204.393593 483437.863191
0.001395 24124.646961 2861.255214 92533.780074 639.318916 240362.764314 204.191975 465898.873022
0.001448 23695.159864 2802.132610 89851.673820 639.202670 232258.671609 203.989727 448992.064487
0.001502 23116.902886 2756.109406 87429.985865 639.083926 223957.428083 203.595524 432694.652838
0.001559 22380.324607 2719.853051 85073.009686 638.962593 215947.976493 203.157225 416984.674618
0.001617 21805.851185 2689.244388 82779.010406 638.838575 208223.646352 202.719767 401840.958098
0.001678 21517.813274 2663.515619 80546.299583 638.711775 200774.288286 202.283146 387243.094703
0.001742 21386.668346 2638.009126 78625.576955 638.582091 194469.978265 201.847357 373171.411543
0.001807 20792.725348 2612.722365 77267.090311 638.449418 189023.281774 201.412394 359606.944882
0.001875 20468.307114 2587.652808 75073.258228 638.313646 182637.616207 200.978254 346531.414568
0.001946 20148.816031 2557.539849 73113.151615 638.174662 176465.678266 200.544930 333927.199429
0.002019 19829.664762 2523.015359 71081.050140 638.032350 170500.311582 200.112420 321777.313491
0.002095 19456.960418 2490.659837 68879.287982 637.194618 164734.599510 199.680715 310065.383111
0.002174 19060.771560 2485.912945 67041.788067 635.317914 159161.857107 199.249812 298775.624891
0.002256 18597.045148 2455.493853 64991.447673 633.444712 154273.888845 198.819706 287892.824417
0.002341 18151.932153 2441.656480 63141.141735 631.574936 150640.555445 198.390392 277402.315754
0.002430 17776.656873 2418.037453 61342.594631 629.708511 147381.409187 197.961863 267289.961677
0.002521 17560.134600 2397.217016 59591.542642 627.845360 144184.208559 197.534115 257542.134618
0.002616 17244.073252 2390.677484 57977.898717 625.985402 141047.466067 197.107142 248145.698305
0.002715 16983.550451 2384.141051 56376.245854 624.128555 137969.718177 196.680939 239087.990056
0.002817 16666.640023 2377.607096 54818.879100 622.274736 133853.051184 196.255501 230356.803707
0.002923 16267.983084 2371.074975 53390.630817 620.423857 128996.684992 195.830821 221940.373177
0.003033 16022.639882 2364.544008 51917.121886 618.575831 124315.255154 195.406895 213827.356595
0.003148 15654.390114 2341.826424 50618.488038 616.730566 119802.461921 194.983716 206006.821027
0.003266 15279.966735 2300.842163 49160.563040 614.887967 115452.232491 194.561280 198468.227736
0.003389 15042.277839 2278.079722 47761.256383 613.047940 111258.712838 194.139581 191201.417984
0.003517 14659.338640 2263.649562 46465.221944 611.210384 107216.259832 193.718612 184196.599338
0.003650 14307.904013 2232.966818 45204.259164 609.375199 103319.433637 193.298370 177444.332478
0.003787 14128.464451 2208.511391 44090.050891 607.542279 100069.331790 192.878847 170935.518474
0.003930 13796.864801 2203.347857 42999.286063 605.711517 97266.348159 192.460039 164661.386525
0.004078 13512.928363 2198.153526 41682.201849 603.882804 94539.568579 192.041940 158613.482144
0.004232 13288.689385 2184.742075 40424.384381 602.056025 91886.890690 191.624545 152783.655762
0.004391 13116.204148 2170.305458 39305.695366 600.231063 89306.269459 191.207849 147164.051749
0.004557 12941.867721 2151.893306 38344.365427 598.407799 86610.942860 190.791846 141747.097829
0.004728 12827.566773 2145.248616 37218.909702 596.586109 83700.853663 190.041715 136525.494878
0.004906 12707.410327 2118.304145 35992.279118 594.765866 81865.361989 189.050671 131492.207090
0.005091 12464.536547 2080.506145 35118.049634 592.946940 79110.550974 188.064180 126640.452499
0.005283 12169.659007 2043.373736 34031.061696 591.129197 76298.003507 187.082208 121963.693842
0.005482 11909.875411 2015.709388 33375.209834 589.312498 73584.019242 186.104719 117455.629755
0.005689 11651.541275 2014.111531 32614.121838 585.692448 70965.146026 185.131679 113110.186280
0.005903 11399.671052 2012.425978 31891.946221 582.085731 68438.052759 184.163055 108921.508691
0.006126 11107.559408 1977.997370 31284.784575 578.496460 65999.525156 183.198812 104883.953604
0.006356 10765.471327 1943.732121 30389.413000 574.924434 63849.406368 182.238918 100992.081380
0.006596 10628.415711 1923.999926 29518.468219 571.369450 61912.234989 181.283339 97240.648799
0.006844 10427.927569 1917.915167 28814.112297 567.831308 60029.863461 180.332042 93624.601998
0.007102 10167.360248 1900.050209 27916.020397 564.309808 58200.693874 179.384995 90139.069673
0.007370 9918.917184 1859.834816 27549.125590 560.804747 56423.174433 178.442167 86779.356514
0.007648 9686.289613 1838.465194 26716.994613 557.315927 54695.798190 177.503525 83540.936888
0.007936 9473.598918 1820.817772 25955.924716 553.843146 53017.101828 176.569041 80419.448750
0.008235 9299.383898 1793.105762 25165.482783 550.386205 51372.274861 175.638683 77410.687766
0.008545 9141.326156 1770.580417 24458.092519 544.148248 49446.157435 174.712423 74510.601659
0.008867 8931.181872 1754.618649 23731.587055 536.622254 47599.487997 173.790231 71791.378018
0.009201 8746.460270 1738.722410 23059.282774 529.201203 46761.311444 172.872082 69260.618009
0.009548 8524.434902 1713.863473 22351.817663 521.883704 45229.286858 171.957947 66816.347950
0.009908 8343.817238 1701.337438 21691.126540 514.668383 43662.289006 171.047802 64455.623688
0.010281 8179.615164 1678.351047 20981.801149 507.553894 42326.298319 170.141623 62175.601932
0.010669 7997.311283 1657.287825 20425.391236 500.538911 41156.179667 169.239386 59973.536813
0.011071 7883.526177 1624.901678 19784.630513 493.622133 39878.144080 168.341071 57846.776571
0.011488 7680.592992 1607.481187 19272.396649 486.802279 38717.328275 167.446656 55792.760347
0.011921 7489.709458 1595.729824 18690.468305 480.078094 37537.631296 166.556124 53809.015087
0.012370 7279.897178 1575.315491 18265.921187 478.767336 36195.752966 165.669459 51893.152554
0.012836 7068.277220 1546.045296 17774.877977 478.314612 35030.795640 164.786646 50042.866440
0.013320 6871.335756 1523.518778 17344.175238 477.853460 33901.878753 163.907673 48255.929573
0.013822 6667.213418 1506.825449 16801.593136 477.383609 33194.065516 163.032530 46546.049241
0.014343 6501.294286 1477.657922 16274.952794 470.667451 32337.477329 162.637820 45386.454508
0.014883 6355.618388 1451.135663 15751.975622 463.916730 31155.490036 162.485553 44233.072309
0.015444 6232.244742 1439.072737 15265.074826 457.260126 30209.984693 162.331755 43086.228236
0.016026 6123.977063 1416.772559 14710.685949 450.843621 29439.974215 162.176415 41946.315460
0.016630 5989.321190 1379.891637 14240.978720 448.638544 28552.312586 162.019523 40692.037533
0.017256 5830.976892 1350.216129 13865.088454 446.442385 27480.666806 161.861073 39142.690423
0.017907 5675.649020 1334.948664 13477.122724 442.660410 26545.023505 161.701063 37648.299338
0.018581 5522.993499 1323.504662 13044.963276 440.600104 25782.915865 161.539497 36206.955044
0.019281 5371.998619 1309.169277 12676.141443 438.524871 24974.080875 161.376381 34816.816890
0.020008 5234.085135 1289.638839 12305.082432 436.225474 24292.576184 161.211728 33476.110434
0.020762 5095.960503 1274.695266 11927.624157 430.920417 23564.375001 161.045555 32183.125158
0.021544 4967.939185 1259.829444 11609.595735 425.684190 22663.969194 160.877887 30936.212249
0.022356 4830.715045 1246.822384 11267.212422 420.645382 21774.399299 160.708755 29733.782460
0.023199 4712.397337 1234.766287 10961.883881 415.626718 20917.434623 160.538199 28574.304032
0.024073 4580.895938 1221.023812 10646.626081 410.383043 20091.919234 160.366265 27456.300680
0.024980 4473.562246 1202.985202 10356.412512 404.367896 19296.739087 160.193011 26378.349646
0.025921 4342.298469 1199.043677 10003.051914 398.862996 18530.820506 160.018502 25339.079794
0.026898 4230.255397 1182.615779 9753.246187 393.440062 17870.922284 159.842817 24337.169774
0.027911 4109.737203 1161.993244 9414.535444 388.098354 17250.816619 158.946529 23371.346224
0.028963 3972.672074 1153.823983 9093.091878 382.837168 16642.264499 157.530569 22440.382024
0.030055 3875.584500 1129.368332 8811.809871 380.130020 16046.101549 156.129185 21543.094592
0.031187 3810.515312 1115.228782 8523.654153 376.969840 15463.061567 154.742446 20678.344224
0.032362 3712.454525 1102.842392 8313.805505 372.369723 14897.253146 153.370433 19845.032474
0.033582 3640.097123 1081.705300 8016.734690 367.836408 14447.678255 152.013244 19042.100566
0.034847 3535.353470 1057.049608 7752.136354 363.603909 13909.987612 150.670990 18279.285637
0.036160 3440.245823 1046.811171 7508.010688 359.343442 13338.045116 149.343803 17587.649109
0.037523 3371.167467 1027.265746 7244.818363 355.089217 12787.645473 148.031830 16920.314477
0.038937 3267.288781 1013.869719 7012.504777 350.898664 12268.537468 146.735241 16276.476817
0.040404 3184.897496 990.444643 6807.104722 346.771797 11823.212082 145.454223 15655.359057
0.041927 3085.821348 980.516926 6618.072599 342.151933 11431.464502 144.188988 15056.210999
0.043507 3002.707024 970.592338 6378.080921 337.961233 11006.387449 142.939770 14478.308384
0.045146 2915.812264 960.671591 6169.222891 334.774265 10555.973878 141.706829 13920.951980
0.046847 2839.664278 950.685196 5968.465481 331.232134 10122.645204 140.490450 13383.466699
0.048612 2766.732392 934.030847 5761.643399 327.097097 9770.986851 139.290948 12865.200746
0.050444 2689.832746 917.532375 5542.550361 323.917580 9363.914296 138.108669 12365.524794
0.052345 2603.831440 901.216747 5386.582395 319.727508 8972.399933 136.943990 11883.831179
0.054317 2531.042047 888.766741 5227.212507 316.069964 8591.904154 135.797322 11419.533129
0.056364 2471.888441 877.303500 5041.705074 312.526569 8224.858164 134.669115 10972.064011
0.058488 2396.346507 860.447497 4851.917487 309.050410 7872.199146 133.559856 10540.876605
0.060692 2334.067376 843.911085 4683.129968 305.642267 7533.439434 132.470076 10125.442397
0.062979 2255.398858 831.311858 4522.453561 302.303014 7208.105140 131.400350 9725.250900
0.065352 2197.081563 821.565226 4352.381956 297.661983 6900.860386 130.483523 9339.808988
0.067815 2138.038962 803.648502 4175.925117 294.419008 6626.478065 129.870062 8968.640259
0.070370 2092.455082 791.089061 4015.801537 291.250024 6342.194839 129.270806 8611.284412
0.073022 2031.655128 778.561762 3879.620515 288.156311 6069.333652 128.686677 8267.296648
0.075774 1962.244806 769.650002 3759.950610 285.139283 5846.759233 128.118670 7936.247086
0.078629 1895.529924 759.768122 3633.385389 282.200491 5690.593028 127.567855 7617.720201
0.081592 1839.395716 749.960428 3508.153318 279.341636 5532.099670 127.035385 7311.314279
0.084666 1781.330846 734.309576 3374.872082 276.564576 5295.246110 126.522499 7016.640890
0.087857 1724.034674 716.608475 3252.237790 273.871341 5059.215444 126.030530 6733.324377
0.091167 1665.776095 707.492281 3136.093911 270.571802 4876.899384 125.560914 6461.001365
0.094603 1622.952728 698.475094 3018.333348 267.736143 4669.413702 125.115192 6199.320284
0.098168 1572.124526 684.344715 2908.460786 265.762075 4470.538809 124.695022 5947.940912
0.101867 1520.808453 673.272739 2796.176906 263.983819 4279.980771 124.302187 5706.533931
0.105705 1485.986955 661.147008 2688.616719 261.746932 4097.454720 123.938602 5474.780503
0.109688 1445.472120 651.950440 2582.509287 258.590018 3922.684595 123.606326 5252.371860
0.113822 1407.339535 643.390409 2491.323317 254.843420 3752.021674 123.307573 5039.008911
0.118111 1364.547753 635.092149 2397.439579 251.238395 3586.740480 123.044720 4834.401862
0.122561 1320.403702 625.896065 2304.482923 247.776593 3422.799511 122.820323 4638.269859
0.127180 1280.604124 613.523063 2212.121022 246.293590 3264.161847 122.637129 4450.340641
0.131972 1240.920116 603.129625 2135.013765 244.619864 3112.938144 122.498091 4252.157360
0.136945 1202.145833 593.285992 2054.612248 241.785916 2974.228630 122.406383 4060.058038
0.142105 1170.168722 578.693131 1975.999993 239.100631 2851.031838 122.365417 3876.974164
0.147460 1136.697163 568.581084 1906.550720 236.567520 2733.268592 122.378863 3702.570417
0.153017 1102.710556 557.399906 1843.813955 234.190449 2621.154833 122.450665 3536.521867
0.158783 1070.939061 543.574909 1769.966197 233.064039 2520.791078 122.585069 3378.513653
0.164766 1037.705356 535.561661 1707.787657 233.575345 2407.585502 122.786642 3228.240673
0.170975 1006.510958 525.599604 1646.509965 234.214426 2304.099980 123.060300 3085.407294
0.177417 975.614534 514.135561 1592.034001 232.720634 2199.863017 123.411333 2949.727084
0.184103 946.842228 506.303696 1535.193842 230.620841 2116.746358 123.845441 2820.922553
0.191040 919.587174 498.271212 1482.591483 228.894700 2035.798840 124.368762 2698.724925
0.198239 895.766893 491.788870 1440.614019 227.152768 1946.650897 124.987912 2582.873918
0.205709 870.736638 485.754829 1389.349990 225.628203 1872.195604 125.710023 2473.117536
0.213460 849.828818 480.203217 1339.223744 224.328158 1801.295059 126.542788 2369.211888
0.221504 829.285219 475.584418 1293.359215 224.536473 1733.875511 127.494504 2270.921012
0.229851 808.513927 471.124473 1255.241936 225.863640 1668.428098 128.574130 2178.016710
0.238512 786.919839 466.620601 1214.473142 226.095257 1605.338774 129.791339 2090.278400
0.247499 768.140930 459.373244 1173.986687 227.255187 1542.715572 131.156580 2007.492975
0.256826 753.160583 455.136997 1137.937074 228.601118 1490.209264 132.681147 1929.454667
0.266503 736.461506 449.790740 1101.763231 230.415163 1437.551983 134.377250 1855.964922
0.276546 721.119298 446.653489 1067.647596 232.450758 1397.456205 136.258095 1786.832279
0.286967 705.343034 441.842564 1033.130318 234.816238 1352.207529 138.337972 1721.872252
0.297780 693.841214 438.046045 1005.791643 235.978906 1312.371182 140.632352 1660.907217
0.309001 682.185719 433.839730 978.012297 233.993170 1269.704107 143.157981 1603.766298
0.320645 668.747218 434.982875 952.791946 235.136045 1235.764568 145.933003 1550.285250
0.332727 657.382111 432.165766 932.887401 238.358690 1196.875631 148.977071 1500.306353
0.345265 648.713234 430.660284 912.113480 241.986729 1164.245772 152.311487 1453.678287
0.358275 638.775037 428.726800 890.605684 246.046598 1138.711077 155.959335 1410.256015
0.371776 629.272210 426.605737 874.506668 249.952616 1112.342933 159.945640 1369.900659
0.385785 623.078657 427.273641 855.344816 251.259386 1090.112657 164.297534 1332.479371
0.400322 615.039857 429.236775 844.213231 256.923649 1071.747469 169.044428 1297.865198
0.415407 610.850008 430.481009 831.524948 264.358034 1049.467662 174.218207 1265.936937
0.431060 605.109094 428.127812 818.348635 268.037013 1029.425604 179.853432 1236.578994
0.447304 602.786504 432.212653 805.356365 273.366573 1015.359894 185.987560 1216.861563
0.464159 598.885345 434.150231 801.001311 281.233472 1002.995563 191.608513 1216.855111
0.481649 595.955739 438.496317 791.501323 289.880384 992.288021 195.580818 1217.857441
0.499799 595.040451 442.551487 786.190509 299.370828 983.195188 199.941928 1219.878286
0.518632 595.485441 446.716191 782.128713 309.355896 975.696209 204.711865 1222.926761
0.538175 598.565102 448.613490 777.647426 320.607140 978.694979 209.911784 1227.011452
0.558455 599.862369 455.090125 777.564265 329.162444 981.390696 215.564025 1232.140517
0.579498 603.463641 460.970280 778.597758 336.842390 977.339024 221.692158 1238.321782
0.601335 606.947580 467.084687 779.440583 346.014690 974.731490 230.329038 1245.562845
0.623994 610.215459 475.816484 782.898444 356.443296 973.535340 241.923144 1253.871178
0.647508 615.656586 484.129800 788.074764 363.870588 972.211069 254.528555 1263.254223
0.671907 625.977492 492.698215 794.311774 373.643566 970.213203 268.230147 1273.719473
0.697226 632.924419 498.748070 805.265817 385.225345 978.110311 283.119760 1285.274552
0.723499 642.647619 506.982349 816.752643 396.129466 988.769834 299.296684 1297.927269
0.750762 652.711223 515.954723 827.125088 406.915963 1003.792038 316.868163 1311.685654
0.779052 662.042920 524.017352 836.974145 423.779356 1019.122743 335.949915 1323.626939
0.808408 675.446349 535.008526 851.195007 434.638753 1039.437813 355.676006 1330.330616
0.838870 686.036293 549.651235 865.649789 445.832917 1056.609784 370.508439 1338.592570
0.870480 697.730627 560.595628 879.163315 460.151722 1071.969138 386.546023 1348.376126
0.903282 713.791708 570.798369 901.097622 475.819815 1091.608225 402.252876 1359.646077
0.937319 729.941615 584.230647 924.219125 487.447732 1131.909525 403.799573 1375.064872
0.972639 748.989644 595.906541 946.607365 498.542545 1164.432991 405.763159 1439.669851
1.009290 765.866524 607.467444 972.473153 508.447726 1203.717474 408.128163 1462.582837
1.047322 781.863410 619.734279 1002.695263 515.129850 1241.942651 410.879840 1486.678057
1.086787 804.831938 631.814731 1025.964805 527.748427 1287.465715 428.625580 1511.962565
1.127740 825.977976 649.419939 1055.081926 539.770121 1333.425921 437.880230 1556.813635
1.170235 847.030670 665.808068 1096.001459 547.835941 1393.521017 441.445111 1642.436010
1.214332 864.763808 682.157315 1131.830850 556.397531 1442.637216 445.358652 1734.520825
1.260090 889.620248 695.840035 1172.095267 563.795181 1485.356685 449.607628 1833.516531
1.307573 910.488538 713.803301 1208.520823 572.142060 1541.817200 454.179379 1939.902796
1.356845 936.896607 726.893610 1251.740782 583.129566 1603.032395 459.061776 2054.192434
1.407973 959.854969 740.610052 1293.510332 595.051619 1653.916494 464.243186 2176.933440
1.461028 983.990404 756.298303 1340.588444 603.189482 1718.259923 469.712444 2308.711141
1.516083 1012.243840 772.129350 1389.593878 611.693955 1786.767348 475.458819 2430.577100
1.573212 1040.516641 785.198024 1428.915290 618.590232 1845.221674 481.471996 2508.335476
1.632493 1068.736831 803.064362 1479.769981 628.960780 1927.712581 487.742046 2585.524122
1.694009 1092.636036 818.256134 1527.951971 639.632702 2015.274170 494.259411 2662.239780
1.757842 1123.592674 835.603434 1573.021153 649.144830 2088.182442 501.014879 2738.565682
1.824081 1157.800011 851.018021 1618.460250 661.739349 2176.918032 507.999572 2927.815806
1.892816 1194.508492 866.382309 1663.656313 672.244465 2250.799227 515.204925 3136.759440
1.964141 1226.712034 882.065251 1717.956943 682.417108 2352.681425 522.622676 3359.897822
2.038154 1252.920504 899.557185 1782.160936 693.971498 2420.502401 530.244852 3595.749289
2.114955 1280.689797 911.418102 1842.995903 706.294650 2485.059649 538.063753 3822.262516
2.194651 1308.496475 928.033813 1900.311943 719.089981 2608.180052 546.071947 4000.574647
2.277350 1337.861661 942.175936 1955.352203 726.548628 2689.328199 554.262254 4150.730663
2.363165 1371.213013 960.767938 2023.345299 737.888157 2766.282495 562.627742 4300.264110
2.452213 1402.195817 978.443425 2091.324166 744.933407 2868.880862 571.161715 4449.255112
2.544617 1425.440400 998.106506 2150.317234 752.685601 2974.527161 579.857706 4597.773073
2.640503 1455.751437 1015.490873 2209.364425 760.817925 3083.250932 588.709467 4745.877858
2.740003 1484.696055 1026.952303 2280.750401 764.148890 3195.077577 597.710967 4893.620861
2.843251 1518.197129 1043.815180 2341.537321 773.787946 3325.936230 606.856382 5041.045952
2.950391 1553.211439 1058.694014 2409.086762 779.740663 3476.844662 616.140089 5188.190331
3.061567 1583.687887 1073.206330 2462.201168 784.257492 3633.420747 625.556658 5335.085294
3.176933 1611.723308 1088.785291 2538.778528 791.370432 3795.757537 634.013526 5481.756913
3.296646 1638.195002 1101.753551 2585.215436 798.304186 3873.444817 635.322084 5658.985863
3.420870 1660.236067 1119.489582 2646.486400 804.102326 3997.869076 639.452410 5781.614204
3.549775 1683.917039 1135.070288 2724.397055 812.854560 4082.615429 649.516470 5920.626538
3.683537 1703.219553 1146.049311 2791.483313 825.550491 4243.224489 659.530669 6143.404916
3.822340 1738.195184 1163.430936 2861.830882 833.110077 4379.117490 659.766984 6526.620448
3.966373 1765.522035 1178.449935 2942.368465 846.312985 4517.898211 659.991197 6932.357384
4.115834 1791.808999 1194.479682 3024.246389 859.641716 4689.683719 660.204165 7361.724131
4.270926 1816.878917 1210.405909 3107.429542 873.091436 4933.572460 660.406642 7697.884218
4.431863 1856.347896 1223.873839 3154.491269 877.052461 5131.822544 660.599299 8031.061287
4.598864 1881.224768 1236.857867 3237.275322 879.157068 5308.155332 660.782732 8375.109968
4.772158 1905.613419 1251.008856 3313.246852 881.172203 5516.654574 660.957476 8730.138386
4.951983 1927.594879 1265.079488 3389.666541 883.101614 5658.202570 661.124013 9096.244596
5.138583 1959.236170 1275.361472 3480.409213 884.948866 5817.099218 661.282780 9473.516366
5.332215 1989.703076 1288.079164 3561.650763 886.717352 6012.904816 661.434175 9862.030995
5.533143 2015.353859 1297.387758 3626.496921 888.410305 6210.391693 661.578563 10261.855181
5.741642 2034.041511 1312.942268 3704.589860 890.030817 6429.993454 661.716283 10673.044914
5.957999 2055.865030 1324.913522 3807.904901 898.959325 6653.931098 661.847646 11095.645416
6.182508 2077.702032 1338.661947 3885.133239 906.781418 6848.498107 661.972942 11536.528140
6.415476 2098.892678 1346.736932 3955.893259 912.574613 6992.494644 662.092446 12154.987564
6.657224 2117.340705 1356.514465 4064.830793 916.318301 7285.139466 662.206413 12874.444803
6.908081 2142.229160 1363.127263 4124.151950 917.026758 7463.187136 662.315085 13631.387006
7.168391 2169.585072 1372.895781 4198.278377 917.700304 7695.486167 662.418691 14427.290966
7.438510 2189.288197 1378.911495 4285.395924 918.340601 7974.462938 662.517449 15263.655281
7.718807 2203.405953 1391.471038 4378.619973 918.949233 8214.824146 662.611567 16141.997972
8.009667 2215.863402 1400.466532 4391.479745 920.588517 8452.356962 662.701242 17063.020999
8.311487 2240.139914 1408.977021 4489.981817 924.166853 8689.440646 662.786664 17986.234973
8.624680 2275.229892 1423.888009 4585.956835 927.646230 8911.951592 662.868015 18888.945185
8.949674 2298.487247 1434.260961 4632.567905 931.028978 9014.748600 662.945468 19771.658303
9.286915 2315.142927 1442.041066 4680.699921 933.051347 9115.855354 663.019192 20634.862649
9.636864 2336.659051 1449.664800 4776.224544 933.585113 9215.296961 663.089346 21479.029411
10.000000 2352.443799 1454.301526 4820.964931 937.026331 9313.098131 663.156086 22304.613724
