0.001000 0.000836 0.000693 0.000991 0.000642 0.001040 0.000632 0.001050
0.001038 0.000934 0.000775 0.001107 0.000717 0.001162 0.000706 0.001173
0.001077 0.001044 0.000866 0.001237 0.000801 0.001299 0.000789 0.001311
0.001117 0.001166 0.000967 0.001382 0.000895 0.001451 0.000882 0.001465
0.001159 0.001303 0.001081 0.001544 0.001000 0.001621 0.000985 0.001637
0.001203 0.001456 0.001208 0.001725 0.001118 0.001812 0.001101 0.001829
0.001248 0.001627 0.001350 0.001928 0.001249 0.002024 0.001230 0.002044
0.001296 0.001817 0.001508 0.002154 0.001395 0.002262 0.001374 0.002283
0.001344 0.002031 0.001685 0.002407 0.001559 0.002527 0.001535 0.002551
0.001395 0.002269 0.001883 0.002690 0.001742 0.002824 0.001716 0.002851
0.001448 0.002535 0.002104 0.003005 0.001947 0.003155 0.001917 0.003185
0.001502 0.002833 0.002351 0.003358 0.002175 0.003526 0.002142 0.003559
0.001559 0.003165 0.002626 0.003752 0.002430 0.003940 0.002393 0.003977
0.001617 0.003537 0.002935 0.004192 0.002715 0.004402 0.002674 0.004444
0.001678 0.003952 0.003279 0.004684 0.003034 0.004918 0.002988 0.004965
0.001742 0.004416 0.003664 0.005234 0.003390 0.005496 0.003339 0.005548
0.001807 0.004934 0.004094 0.005848 0.003788 0.006141 0.003730 0.006199
0.001875 0.005513 0.004574 0.006535 0.004233 0.006861 0.004168 0.006926
0.001946 0.006160 0.005111 0.007301 0.004729 0.007666 0.004657 0.007739
0.002019 0.006883 0.005711 0.008158 0.005284 0.008566 0.005204 0.008648
0.002095 0.007691 0.006381 0.009116 0.005905 0.009571 0.005815 0.009662
0.002174 0.008593 0.007130 0.010186 0.006597 0.010695 0.006497 0.010796
0.002256 0.009602 0.007967 0.011381 0.007372 0.011950 0.007260 0.012063
0.002341 0.010728 0.008902 0.012717 0.008237 0.013352 0.008111 0.013479
0.002430 0.011987 0.009946 0.014209 0.009203 0.014919 0.009063 0.015061
0.002521 0.013394 0.011114 0.015876 0.010284 0.016670 0.010127 0.016829
0.002616 0.014966 0.012418 0.017740 0.011490 0.018626 0.011316 0.018803
0.002715 0.016722 0.013875 0.019821 0.012839 0.020812 0.012643 0.021010
0.002817 0.018685 0.015503 0.022148 0.014346 0.023255 0.014127 0.023476
0.002923 0.020878 0.017323 0.024747 0.016029 0.025984 0.015785 0.026231
0.003033 0.023328 0.019356 0.027651 0.017910 0.029033 0.017638 0.029309
0.003148 0.026065 0.021627 0.030896 0.020012 0.032440 0.019707 0.032749
0.003266 0.029124 0.024165 0.034522 0.022360 0.036247 0.022020 0.036592
0.003389 0.032542 0.027001 0.038573 0.024985 0.040501 0.024604 0.040886
0.003517 0.036361 0.030170 0.043099 0.027917 0.045254 0.027492 0.045684
0.003650 0.040628 0.033710 0.048157 0.031193 0.050565 0.030718 0.051045
0.003787 0.045396 0.037666 0.053809 0.034853 0.056499 0.034323 0.057036
0.003930 0.050723 0.042086 0.060123 0.038943 0.063129 0.038351 0.063729
0.004078 0.056676 0.047025 0.067179 0.043513 0.070537 0.042851 0.071208
0.004232 0.063327 0.052544 0.075062 0.048620 0.078815 0.047880 0.079564
0.004391 0.070758 0.058710 0.083871 0.054325 0.088064 0.053498 0.088901
0.004557 0.079061 0.065599 0.093713 0.060700 0.098398 0.059776 0.099333
0.004728 0.088339 0.073297 0.104710 0.067823 0.109945 0.066791 0.110990
0.004906 0.098706 0.081899 0.116997 0.075782 0.122847 0.074629 0.124014
0.005091 0.110288 0.091509 0.130727 0.084675 0.137262 0.083386 0.138567
0.005283 0.123230 0.102248 0.146067 0.094611 0.153370 0.093172 0.154827
0.005482 0.137691 0.114246 0.163207 0.105714 0.171367 0.104105 0.172996
0.005689 0.153848 0.127652 0.182359 0.118118 0.191476 0.116321 0.193296
0.005903 0.171901 0.142631 0.203757 0.131979 0.213944 0.129970 0.215977
0.006126 0.192072 0.159367 0.227666 0.147465 0.239049 0.145221 0.241321
0.006356 0.214610 0.178068 0.254381 0.164769 0.267099 0.162262 0.269637
0.006596 0.239792 0.198962 0.284230 0.184103 0.298440 0.181301 0.301276
0.006844 0.267929 0.222308 0.317580 0.205705 0.333458 0.202575 0.336627
0.007102 0.299366 0.248392 0.354844 0.229842 0.372584 0.226344 0.376126
0.007370 0.334492 0.277537 0.396479 0.256810 0.416301 0.252902 0.420258
0.007648 0.373739 0.310101 0.442999 0.286942 0.465147 0.282575 0.469567
0.007936 0.417589 0.346485 0.494976 0.320609 0.519722 0.315730 0.524662
0.008235 0.466584 0.387137 0.553050 0.358225 0.580700 0.352773 0.586219
0.008545 0.521326 0.432558 0.617937 0.400254 0.648831 0.394163 0.654997
0.008867 0.582490 0.483307 0.690435 0.447213 0.724953 0.440407 0.731843
0.009201 0.650827 0.540009 0.771437 0.499680 0.810005 0.492075 0.817703
0.009548 0.727180 0.603361 0.861939 0.558300 0.905032 0.549804 0.913634
0.009908 0.812488 0.674143 0.963056 0.623797 1.011205 0.614303 1.020815
0.010281 0.907801 0.753227 1.076033 0.696974 1.129829 0.686367 1.140567
0.010669 1.014292 0.841586 1.202258 0.778734 1.262365 0.766883 1.274363
0.011071 1.133271 0.940305 1.343286 0.870081 1.410444 0.856840 1.423849
0.011488 1.266201 1.050601 1.500850 0.972140 1.575886 0.957345 1.590863
0.011921 1.414718 1.173830 1.676890 1.086165 1.760727 1.069635 1.777460
0.012370 1.580648 1.311506 1.873569 1.213559 1.967239 1.195091 1.985936
0.012836 1.766031 1.465323 2.093306 1.355889 2.197962 1.335255 2.218851
0.013320 1.973145 1.637172 2.338803 1.514903 2.455732 1.491849 2.479071
0.013822 2.204537 1.829164 2.613076 1.692557 2.743717 1.666799 2.769794
0.014343 2.463049 2.043658 2.919495 1.891033 3.065456 1.862254 3.094590
0.014883 2.751858 2.283291 3.261824 2.112768 3.424900 2.080616 3.457451
0.015444 3.074509 2.551003 3.644268 2.360487 3.826465 2.324565 3.862832
0.016026 3.434965 2.850083 4.071523 2.637231 4.275080 2.597097 4.315711
0.016630 3.837649 3.184201 4.548832 2.946396 4.776252 2.901557 4.821646
0.017256 4.287503 3.557457 5.082051 3.291776 5.336130 3.241681 5.386844
0.017907 4.790044 3.974428 5.677721 3.677607 5.961581 3.621640 6.018240
0.018581 5.351433 4.440228 6.343145 4.108620 6.660273 4.046094 6.723572
0.019281 5.978551 4.960565 7.086479 4.590097 7.440770 4.520243 7.511487
0.020008 6.679080 5.541812 7.916828 5.127935 8.312633 5.049897 8.391636
0.020762 7.461597 6.191088 8.844359 5.728722 9.286537 5.641540 9.374796
0.021544 8.335680 6.916339 9.880425 6.399808 10.374401 6.302414 10.472999
0.022356 9.312020 7.726434 11.037697 7.149403 11.589531 7.040601 11.699678
0.023199 10.402551 8.631277 12.330322 7.986670 12.946781 7.865126 13.069827
0.024073 11.620595 9.641921 13.774091 8.921837 14.462732 8.786061 14.600186
0.024980 12.981023 10.770704 15.386629 9.966320 16.155890 9.814649 16.309435
0.025921 14.500429 12.031397 17.187608 11.132860 18.046909 10.963437 18.218427
0.026898 16.197335 13.439365 19.198979 12.435678 20.158840 12.246427 20.350429
0.027911 18.092405 15.011756 21.445238 13.890638 22.517401 13.679246 22.731406
0.028963 20.208697 16.767701 23.953715 15.515444 25.151291 15.279325 25.390329
0.030055 22.571935 18.728543 26.754902 17.329846 28.092525 17.066114 28.359515
0.031187 25.210814 20.918091 29.882810 19.355873 31.376813 19.061309 31.675018
0.032362 28.157336 23.362901 33.375374 21.618097 35.043989 21.289106 35.377047
0.033582 31.447193 26.092584 37.274898 24.143921 39.138472 23.776490 39.510443
0.034847 35.120180 29.140160 41.628553 26.963896 43.709789 26.553550 44.125206
0.036160 39.220664 32.542442 46.488926 30.112086 48.813159 29.653830 49.277078
0.037523 43.798095 36.340460 51.914634 33.626458 54.510127 33.114719 55.028190
0.038937 48.907586 40.579942 57.971001 37.549324 60.869285 36.977886 61.447785
0.040404 54.610542 45.311838 64.730813 41.927831 67.967056 41.289758 68.613014
0.041927 60.975369 50.592907 72.275151 46.814495 75.888577 46.102055 76.609821
0.043507 68.078250 56.486359 80.694318 52.267808 84.728664 51.472378 85.533923
0.045146 76.004011 63.062576 90.088859 58.352896 94.592888 57.464861 95.491897
0.046847 84.847074 70.399904 100.570693 65.142253 105.598766 64.150895 106.602375
0.048612 94.712513 78.585525 112.264368 72.716550 117.877071 71.609924 118.997372
0.050444 105.717220 87.716426 125.308435 81.165532 131.573282 79.930326 132.823752
0.052345 117.991187 97.900468 139.856979 90.589002 146.849186 89.210386 148.244838
0.054317 131.678925 109.257553 156.081290 101.097910 163.884639 99.559366 165.442195
0.056364 146.941023 121.920927 174.171717 112.815550 182.879503 111.098683 184.617586
0.058488 163.955857 136.038593 194.339691 125.878871 204.055784 123.963202 205.995126
0.060692 182.921475 151.774877 216.819964 140.439928 227.659967 138.302664 229.823642
0.062979 204.057656 169.312137 241.873043 156.667459 253.965585 154.283238 256.379268
0.065352 227.608170 188.852633 269.787870 174.748619 283.276026 172.089232 285.968275
0.067815 253.843236 210.620574 300.884745 194.890872 315.927601 191.924954 318.930170
0.070370 283.062216 234.864349 335.518503 217.324058 352.292889 214.016744 355.641073
0.073022 315.596536 261.858952 374.081992 242.302633 392.784374 238.615186 396.517389
0.075774 351.812861 291.908613 417.009823 270.108105 437.858401 265.997505 442.019798
0.078629 392.116531 325.349654 464.782455 301.051681 488.019444 296.470170 492.657571
0.081592 436.955270 362.553564 517.930582 335.477105 543.824734 330.371696 548.993233
0.084666 486.823184 403.930316 577.039876 373.763732 605.889222 368.075664 611.647581
0.087857 542.265038 449.931916 642.756057 416.329811 674.890910 409.993957 681.305059
0.091167 603.880833 501.056203 715.790317 463.636000 751.576548 456.580224 758.719516
0.094603 672.330676 557.850882 796.925090 516.189102 836.767688 508.333555 844.720310
0.098168 748.339923 620.917803 887.020156 574.546019 931.367093 565.802375 940.218786
0.101867 832.704606 690.917454 987.019063 639.317911 1036.365487 629.588546 1046.215083
0.105705 926.297100 768.573668 1097.955852 711.174554 1152.848606 700.351649 1163.805255
0.109688 1030.072001 854.678501 1220.962024 790.848850 1282.004522 778.813433 1294.188666
0.113822 1145.072191 950.097258 1357.273723 879.141481 1425.131180 865.762397 1438.675597
0.118111 1272.434998 1055.773611 1508.239044 976.925645 1583.644074 962.058446 1598.694994
0.122561 1413.398405 1172.734749 1675.325390 1085.151816 1759.083971 1068.637593 1775.802268
0.127180 1569.307207 1302.096485 1860.126770 1204.852475 1953.124572 1186.516605 1971.687027
0.131972 1741.618996 1445.068220 2064.370890 1337.146702 2167.579961 1316.797533 2188.180596
0.136945 1931.909841 1602.957663 2289.925896 1483.244544 2404.411682 1460.672006 2427.263160
0.142105 2141.879517 1777.175161 2538.806556 1644.451019 2665.735233 1619.425184 2691.070325
0.147460 2373.356065 1969.237492 2813.179683 1822.169627 2953.825756 1794.439208 2981.898855
0.153017 2628.299501 2180.770932 3115.368513 2017.905189 3271.122641 1987.195997 3302.211322
0.158783 2908.804395 2413.513402 3447.855778 2233.265836 3620.232744 2199.279210 3654.639361
0.164766 3217.101076 2669.315467 3813.285126 2469.963927 4003.931882 2432.375146 4041.985167
0.170975 3555.555136 2950.139923 4214.460533 2729.815669 4425.164219 2688.272373 4467.220887
0.177417 3926.664921 3258.059713 4654.343332 3014.739195 4887.039138 2968.859832 4933.485456
0.184103 4333.056648 3595.253882 5136.046422 3326.750811 5392.825172 3276.123146 5444.078470
0.191040 4777.476797 3964.001257 5662.825252 3667.959157 5945.940526 3612.138862 6002.450621
0.198239 5262.781393 4366.671560 6238.065120 4040.556976 6549.939748 3979.066357 6612.190238
0.205709 5791.921832 4805.713643 6865.264365 4446.810235 7208.496077 4379.137111 7277.005473
0.213460 6367.926893 5283.640566 7548.013050 4889.044311 7925.379063 4814.641113 8000.701700
0.221504 6993.880629 5803.011251 8289.966758 5369.627019 8704.427052 5287.910144 8787.153744
0.229851 7672.895899 6366.408521 9094.815213 5890.948291 9549.514235 5801.297764 9640.272619
0.238512 8408.083350 6976.413363 9966.245518 6455.396358 10464.512056 6357.155862 10563.966561
0.247499 9202.515793 7635.575373 10907.899930 7065.330404 11453.244867 6957.807717 11562.096267
0.256826 10059.188020 8346.379407 11923.328225 7723.049713 12519.439917 7605.517622 12638.424412
0.266503 10980.972269 9111.208642 13015.934917 8430.759477 13666.671929 8302.457210 13796.559694
0.276546 11970.569723 9932.304320 14188.921766 9190.533558 14898.302737 9050.668781 15039.895896
0.286967 13030.458608 10811.722694 15445.226254 10004.274641 16217.416685 9852.026066 16371.546674
0.297780 14162.839668 11751.289778 16787.456961 10873.672370 17626.752768 10708.192994 17794.277058
0.309001 15369.580002 12752.554756 18217.826993 11800.160231 19128.634736 11620.581236 19310.432881
0.320645 16652.156460 13816.743010 19738.086883 12784.872091 20724.900645 12590.307404 20921.869667
0.332727 18011.599969 14944.709928 21349.458609 13828.599455 22416.833562 13618.150958 22629.882680
0.345265 19448.442339 16136.896767 23052.572533 14931.750627 24205.095366 14704.513987 24435.140087
0.358275 20962.667197 17393.289942 24847.409249 16094.313036 26089.665681 15849.384111 26337.621319
0.371776 22553.666780 18713.385175 26733.248364 17315.820065 28069.788097 17052.301816 28336.562776
0.385785 24220.206288 20096.157920 28708.626249 18595.323683 30143.925810 18312.333498 30430.413052
0.400322 25960.397444 21540.041423 30771.304697 19931.374147 32309.728714 19628.051474 32616.799701
0.415407 27771.682722 23042.913635 32918.252227 21322.007885 34564.013768 20997.522059 34892.509433
0.431060 29650.831469 24602.093995 35145.639492 22764.744532 36902.760174 22418.302631 37253.483236
0.447304 31593.948833 26214.350841 37448.849857 24256.593771 39321.120487 23887.448384 39694.827595
0.464159 33596.498009 27875.919864 39822.505769 25794.072424 41813.448302 25401.529145 42210.842441
0.481649 35653.335882 29582.533681 42260.511005 27373.231807 44373.342611 26956.656324 44795.065933
0.499799 37758.761678 31329.462207 44756.108339 28989.695089 46993.708359 28548.519698 47440.335582
0.518632 39906.577764 33111.563100 47301.951613 30638.703973 49666.832113 30172.433384 50138.864649
0.538175 42090.161287 34923.341200 49890.190645 32315.173691 52384.471218 31823.389996 52882.332139
0.558455 44302.544923 36759.015529 52512.566943 34013.755005 55137.954297 33496.121700 55661.984263
0.579498 46536.504678 38612.592145 55160.517786 35728.901616 57918.290530 35185.166607 58468.744754
0.601335 48784.652451 40477.940943 57825.285931 37454.941231 60716.284853 36884.938743 61293.331156
0.623994 51039.530888 42348.874354 60498.032046 39186.148385 63522.656008 38589.799776 64126.374004
0.647508 53293.708036 44219.225887 63169.946913 40916.817117 66328.154356 40294.130582 66958.535750
0.671907 55539.869396 46082.926503 65832.360528 42641.331642 69123.676433 41992.400837 69780.626410
0.697226 57770.905092 47934.076950 68476.845434 44354.233275 71900.373448 43679.234931 72583.713096
0.723499 59979.990192 49767.014395 71095.311922 46050.282103 74649.751243 45349.472690 75359.220920
0.750762 62160.656494 51576.371997 73680.093120 47724.512093 77363.759640 46998.223658 78099.023196
0.779052 64306.854493 53357.130320 76224.018448 49372.278673 80034.869559 48620.913946 80795.519288
0.808408 66413.004641 55104.659860 78720.474369 50989.298085 82656.136819 50213.324987 83441.699018
0.838870 68474.037397 56814.754285 81163.451872 52571.678134 85221.251986 51771.623819 86031.192985
0.870480 70485.421988 58483.654290 83547.580553 54115.940271 87724.576160 53292.384831 88558.308700
0.903282 72443.184115 60108.062291 85868.149607 55619.033186 90161.163017 54772.603148 91018.052828
0.937319 74343.913168 61685.148412 88121.116379 57078.338344 92526.767788 56209.700086 93406.140257
0.972639 76184.759765 63212.548447 90303.103448 58491.668103 94817.844197 57601.521295 95718.991008
1.009290 77963.424620 64688.354615 92411.385432 59857.257162 97031.530604 58946.328339 97953.716245
1.047322 79678.139866 66111.100067 94443.866845 61173.748220 99165.626761 60242.784573 100108.094807
1.086787 81327.644043 67479.738140 96399.052460 62440.172781 101218.562684 61489.936238 102180.541790
1.127740 82911.151997 68793.617367 98276.011619 63655.928031 103189.361187 62687.189697 104170.070721
1.170235 84428.320870 70052.453270 100074.337926 64820.750739 105077.595556 63834.285723 106076.250830
1.214332 85879.213352 71256.297866 101794.105689 65934.689036 106883.343815 64931.271714 107899.160883
1.260090 87264.259242 72405.507769 103435.824357 66998.072903 108607.140882 65978.472631 109639.340881
1.307573 88584.216265 73500.711686 105000.392073 68011.484094 110249.929803 66976.461373 111297.742834
1.356845 89840.130981 74542.777974 106489.049343 68975.726115 111813.013105 67926.029220 112875.681647
1.407973 91033.300481 75532.782865 107903.333632 69891.794822 113298.005119 68828.156871 114374.786993
1.461028 92165.235451 76471.979817 109245.035581 70760.850061 114706.786008 69683.986521 115796.956907
1.516083 93237.625050 77361.770370 110516.157381 71584.188701 116041.458064 70494.795304 117144.313658
1.573212 94252.303958 78203.676806 111718.873707 72363.219337 117304.304686 71261.970377 118419.162348
1.632493 95211.221811 78999.316792 112855.495497 73099.438825 118497.752350 71986.985817 119623.952514
1.694009 96116.415194 79750.380139 113928.436752 73794.410774 119624.335744 72671.381438 120761.242933
1.757842 96969.982248 80458.607728 114940.184432 74449.746053 120686.666164 73316.743594 121833.669719
1.824081 97774.059889 81125.772618 115893.271463 75067.085304 121687.403173 73924.687959 122843.917711
1.892816 98530.803619 81753.663285 116790.252795 75648.083435 122629.229455 74496.844256 123794.695091
1.964141 99242.369797 82344.068921 117633.684400 76194.396016 123514.828769 75034.842860 124688.711123
2.038154 99910.900288 82898.766687 118426.105066 76707.667486 124346.866832 75540.303183 125528.656858
2.114955 100538.509313 83419.510810 119170.020816 77189.521060 125127.974955 76014.823740 126317.188617
2.194651 101127.272358 83908.023376 119867.891759 77641.550215 125860.736243 76459.973757 127056.914052
2.277350 101679.216967 84365.986694 120522.121178 78065.311621 126547.674131 76877.286212 127750.380583
2.363165 102196.315245 84795.037072 121135.046643 78462.319381 127191.243056 77268.252169 128400.065974
2.452213 102680.477903 85196.759877 121708.932952 78834.040465 127793.821047 77634.316270 129008.370853
2.544617 103133.549675 85572.685738 122245.966701 79181.891188 128357.704018 77976.873278 129577.612957
2.640503 103557.305957 85924.287745 122748.252295 79507.234627 128885.101587 78297.265526 130110.022901
2.740003 103953.450501 86252.979550 123217.809222 79811.378858 129378.134206 78596.781183 130607.741292
2.843251 104323.614040 86560.114215 123656.570420 80095.575894 129838.831450 78876.653209 131072.816993
2.950391 104669.353711 86846.983738 124066.381586 80361.021243 130269.131294 79138.058916 131507.206398
3.061567 104992.153144 87114.819127 124449.001294 80608.853976 130670.880232 79382.120044 131912.773549
3.176933 105293.423130 87364.790955 124806.101781 80840.157246 131045.834104 79609.903259 132291.290974
3.296646 105574.502763 87598.010302 125139.270294 81055.959155 131395.659514 79822.421019 132644.441118
3.420870 105836.660962 87815.530025 125450.010907 81257.233930 131721.935731 80020.632723 132973.818258
3.549775 106081.098311 88018.346281 125739.746693 81444.903332 132026.156976 80205.446106 133280.930815
3.683537 106308.949143 88207.400257 126009.822195 81619.838257 132309.735014 80377.718809 133567.203973
3.822340 106521.283809 88383.580052 126261.506119 81782.860478 132574.001979 80538.260102 133833.982526
3.966373 106719.111084 88547.722674 126495.994184 81934.744495 132820.213371 80687.832694 134082.533906
4.115834 106903.380668 88700.616114 126714.412084 82076.219448 133049.551165 80827.154632 134314.051321
4.270926 107074.985738 88843.001465 126917.818519 82207.971085 133263.126988 80956.901225 134529.656964
4.431863 107234.765529 88975.575064 127107.208249 82330.643737 133461.985334 81077.707002 134730.405256
4.598864 107383.507914 89098.990630 127283.515151 82444.842302 133647.106773 81190.167653 134917.286084
4.772158 107521.951955 89213.861382 127447.615249 82551.134202 133819.411123 81294.841966 135091.228012
4.951983 107650.790420 89320.762128 127600.329692 82650.051318 133979.760587 81392.253726 135253.101434
5.138583 107770.672237 89420.231303 127742.427669 82742.091872 134128.962810 81482.893574 135403.721672
5.332215 107882.204893 89512.772954 127874.629240 82827.722267 134267.773853 81567.220816 135543.851972
5.533143 107985.956741 89598.858659 127997.608087 82907.378864 134396.901078 81645.665170 135674.206419
5.741642 108082.459242 89678.929384 128111.994157 82981.469696 134517.005927 81718.628462 135795.452742
5.957999 108172.209105 89753.397265 128218.376210 83050.376118 134628.706595 81786.486242 135908.215011
6.182508 108255.670353 89822.647311 128317.304260 83114.454388 134732.580592 81849.589346 136013.076225
6.415476 108333.276280 89887.039041 128409.291898 83174.037173 134829.167190 81908.265379 136110.580780
6.657224 108405.431334 89946.908033 128494.818522 83229.434991 134918.969753 81962.820133 136201.236824
6.908081 108472.512892 90002.567410 128574.331444 83280.937578 135002.457956 82013.538936 136285.518498
7.168391 108534.872957 90054.309236 128648.247899 83328.815188 135080.069895 82060.687928 136363.868058
7.438510 108592.839756 90102.405852 128716.956941 83373.319821 135152.214074 82104.515274 136436.697894
7.718807 108646.719263 90147.111131 128780.821245 83414.686391 135219.271300 82145.252313 136504.392431
8.009667 108696.796623 90188.661666 128840.178800 83453.133823 135281.596460 82183.114638 136567.309928
8.311487 108743.337509 90227.277894 128895.344511 83488.866088 135339.520204 82218.303117 136625.784177
8.624680 108786.589391 90263.165146 128946.611709 83522.073186 135393.350526 82251.004857 136680.126103
8.949674 108826.782735 90296.514646 128994.253569 83552.932057 135443.374261 82281.394107 136730.625261
9.286915 108864.132126 90327.504443 129038.524443 83581.607453 135489.858476 82309.633112 136777.551261
9.636864 108898.837328 90356.300285 129079.661115 83608.252746 135533.051793 82335.872906 136821.155087
10.000000 108931.084275 90383.056445 129117.883975 83633.010685 135573.185619 82360.254071 136861.670345
