171571876389.229553 11.882803 0.590786 0.575113 5.011731 3.482811 100.488708
56273430147.144295 40.655228 0.720350 7.157767 13.953528 3.472981 98.732364
89719234431.812576 12.747636 0.194959 0.141384 7.282020 4.507582 82.352079
176977405222.118225 23.543730 0.765748 5.255301 2.669208 4.042286 122.013373
267371914614.235199 10.918641 0.433724 2.621450 3.525786 4.713955 114.205160
108122551848.233093 11.441887 0.903192 0.021278 10.964181 3.063319 85.382610
236266149358.359222 8.689797 0.908639 0.010770 13.636527 4.841520 104.233187
59925098440.463539 13.403046 0.750859 0.023579 3.856456 3.222790 72.888427
88092194778.430405 11.928126 0.452382 0.251775 16.834051 4.375974 80.539844
187656931521.496765 8.460335 0.950956 0.026204 16.569976 4.440805 95.999148
135749608949.012344 28.566182 0.549301 8.031748 4.076779 3.073049 118.384472
20266310087.767555 17.874134 0.601366 0.010189 3.680988 3.128700 54.776862
194353017995.947479 8.361749 0.587033 0.020262 7.969876 4.081068 96.895984
113007478344.287796 21.239080 0.547246 5.662340 5.673608 3.822777 101.963225
58547373095.716553 14.114508 0.582432 0.240324 2.016220 3.375811 73.278179
75118704176.295822 12.753105 0.062442 0.018326 3.335910 3.935696 77.626130
285266293912.410400 19.634771 0.634122 9.670445 5.036233 3.569778 135.762202
86466816461.186615 10.965161 0.172019 0.329919 10.929478 3.146087 78.467750
45672632847.849304 35.867066 0.642122 7.008349 8.374102 4.496864 88.435444
24248440583.249004 37.129474 0.426316 7.478244 4.224299 3.496217 72.409559
224552696111.240265 8.059090 0.847364 0.010781 6.393945 3.709345 100.924505
215857507239.985809 9.200127 0.436134 0.055157 5.266532 3.206966 102.363619
124826414366.734055 11.608538 0.225336 4.365277 8.497616 3.191000 89.877774
312037454392.640015 8.965238 0.257616 2.793791 18.940124 3.790343 115.108757
62841035670.299110 11.948943 0.047652 3.033728 5.934118 4.400774 71.993704
19557899654.507366 49.014410 0.637882 4.073858 16.704169 4.488438 73.858791
69977963663.248871 13.952365 0.171458 0.547814 3.041507 3.171539 77.537919
141212507841.292145 13.894732 0.287259 6.283649 9.039399 4.630243 97.880155
81782765101.016586 13.499915 0.364222 0.335026 3.265081 4.680985 80.995591
31259185279.982330 15.933324 0.678211 0.056468 6.987186 4.929913 61.354060
35010470903.389313 23.696335 0.530299 2.372487 4.213154 3.216240 71.229795
108310802544.689835 10.471034 0.086003 0.035357 11.870074 3.136547 83.695709
104104641507.872131 16.324091 0.285209 6.320776 10.237538 4.073203 92.217289
153896143240.043976 16.234930 0.289802 5.308547 5.768259 4.072694 104.896833
31823583841.273735 18.888334 0.498080 0.815267 5.385344 3.896800 64.648463
163867244414.660553 34.871416 0.952735 6.560392 1.950084 3.116771 134.172761
78485707676.780609 12.548139 0.344078 0.039800 14.755647 3.643567 78.456382
107717642309.412704 29.435981 0.690748 6.554364 2.708291 4.107185 110.617533
49315501389.765106 24.644254 0.793141 2.046515 10.017421 3.137977 80.780576
59598257559.364983 32.877804 0.520314 9.352961 8.532901 4.394883 94.001787
39567508238.875504 18.557750 0.437788 1.438682 7.547434 3.341224 69.175758
234728127848.486664 8.667102 0.734795 0.030206 7.308789 4.430070 103.950167
52096724615.445023 25.441778 0.387495 4.583774 5.972925 3.466140 83.058169
70748051757.706085 11.638116 0.222637 0.028342 5.483667 3.714634 74.424755
104349045414.307266 10.256035 0.257391 0.044224 6.234417 4.995380 82.275686
97680465871.127426 13.320252 0.267558 3.602469 8.927853 3.632941 85.648081
57016676131.521484 16.960610 0.320375 2.060800 15.193065 3.656082 76.230110
125724266717.177216 16.944376 0.827208 2.329005 6.372455 3.873509 99.194233
147160962122.190552 32.461456 0.772632 6.751999 1.712993 3.846766 126.544993
29356592640.557365 19.696305 0.317854 1.644783 19.931377 4.137450 63.676688
71691003235.724777 11.016745 0.854056 0.060290 11.220010 4.780382 73.796513
46040693692.431015 14.187646 0.337699 0.019816 19.780263 3.696068 67.726663
287148801170.425171 7.396969 0.133348 0.150101 9.914223 3.129016 107.739153
61957200031.937859 12.828570 0.314955 0.091711 3.074443 3.423766 72.904450
44067943877.670540 14.228264 0.548542 0.099316 12.807823 4.448054 66.794033
315687748109.922363 7.840942 0.009605 0.373652 3.937914 4.158473 112.449705
90919160974.018997 30.851882 0.890151 3.707482 19.901931 4.343413 106.075056
40008288730.306221 27.776262 0.880242 2.190536 6.251857 4.699199 78.109098
18672880210.937439 39.878021 0.479075 4.535102 13.757547 4.767651 67.924272
131486410636.936569 11.648465 0.657248 1.661118 10.790248 4.351701 91.523218
94660876265.614532 13.118759 0.396749 0.654715 5.299132 4.147861 84.434609
65664422152.089485 12.806336 0.764518 0.015217 10.149284 3.965897 74.298662
122302706784.552994 13.463868 0.297744 4.651494 10.539184 3.354379 92.560936
164588972346.211761 9.914481 0.638533 0.020900 2.979489 4.819567 95.051182
196219047914.188568 9.044357 0.381985 0.045262 3.264553 4.377797 98.800579
162513827568.286072 8.599418 0.124653 0.165130 9.206314 3.896573 91.811395
61155209860.058723 13.511715 0.199706 1.926581 15.522520 3.102101 73.532725
97563186794.754883 21.169777 0.492859 7.999495 7.090864 3.696778 96.997784
296697901071.444275 9.468984 0.711686 1.181270 6.861027 3.897693 114.521366
88266298459.746597 12.123369 0.423997 0.248469 14.124615 3.859511 80.908461
64732323806.970421 12.124624 0.065006 0.248087 8.970711 4.094248 72.964827
263355424058.653107 8.992697 0.992599 0.269251 10.761051 4.449589 108.851337
23770435348.606617 35.539538 0.360980 7.367079 10.036305 4.176849 70.926965
50896240134.589195 11.870332 0.042279 0.076012 17.773374 4.621019 67.002019
185707768013.245483 10.335447 0.089643 1.684151 9.587400 3.098115 99.878934
50298991639.865685 34.375351 0.500054 9.717125 12.469190 4.489851 90.095986
104815484881.282211 10.687605 0.037418 0.161320 5.431846 4.041545 83.173172
67996124895.786217 13.231432 0.011562 0.069339 9.617714 3.708038 75.779279
60990419119.617836 29.332310 0.934861 3.511790 4.667057 3.106018 91.413207
300492136744.234680 10.120829 0.959300 1.122935 5.308259 3.609032 116.706021
235316708833.196564 9.160129 0.510808 0.013687 4.672673 3.780381 105.253617
127028275149.412231 23.499013 0.941245 3.108908 2.384240 3.959313 109.183836
168015202456.862701 27.032922 0.807848 4.763515 2.024201 4.209608 124.981642
209766165822.224487 11.111267 0.660097 1.502520 3.318961 4.515831 105.760305
64633762696.240974 21.658682 0.749519 2.325283 6.031511 3.092321 85.115799
105418922905.703735 18.184254 0.481074 4.930570 7.573610 3.237052 95.360665
37906541414.030540 15.386067 0.323942 0.265264 5.107776 4.039700 64.825583
242676023178.412781 12.203032 0.337110 3.629563 4.478353 3.228172 113.525221
117754521277.254639 10.782936 0.791581 0.953986 10.260985 4.192485 86.640258
119662527355.898407 18.473083 0.387264 6.236130 5.560582 4.170486 99.910100
71266987371.433121 11.253593 0.027351 7.924081 5.233523 3.306921 74.017128
32392117340.742222 24.338524 0.725244 1.717858 6.121870 3.138488 69.959521
82432789406.749603 23.931524 0.539793 6.169628 12.122886 4.515563 95.037810
76583038506.449753 12.647515 0.645317 0.014696 5.834011 4.078060 77.967785
43610724839.484779 31.485648 0.487235 6.669624 9.049912 4.347390 83.563760
21642526789.544559 40.507784 0.565302 4.400815 2.616621 3.379248 71.715307
66188869758.192131 11.279222 0.597797 0.239528 9.248158 3.636763 72.254135
112774377438.569763 10.680421 0.863174 0.030532 5.493670 3.126633 85.214074
73815259115.731491 32.623100 0.751260 3.673462 1.965872 4.586523 100.702934
305922693791.809021 7.944380 0.987783 0.230652 5.210630 3.022756 111.564995
51597971628.729759 16.858963 0.269519 0.800217 16.770198 3.586621 73.614652
128453222546.222885 9.864648 0.065144 0.041167 4.775586 3.896419 87.415413
173565696288.073792 15.923269 0.466466 6.823580 9.505414 3.138823 108.625699
105474867006.252289 9.048965 0.294540 0.216245 7.205940 4.807679 80.341934
178080008844.293701 9.082691 0.319758 0.042092 16.348570 3.564299 95.742977
28756259895.795444 28.269223 0.368181 4.743193 9.334321 4.545613 70.345037
39718719260.173508 13.337525 0.043906 0.444178 5.916005 4.749755 63.472795
95674566068.831131 24.681587 0.602474 7.159424 4.089222 4.191448 100.795330
38358547701.534988 34.762009 0.609874 6.747980 6.325064 4.144761 82.607484
117263329660.276596 16.926676 0.662346 2.290136 11.147443 4.881462 96.889789
175080868004.907806 11.097591 0.467074 0.979127 2.844411 3.699593 99.547986
255432114423.601349 7.857320 0.675348 0.059151 7.590776 3.894846 104.827456
175855056178.470184 10.370844 0.302655 0.019936 3.244770 3.172356 98.156203
185081683643.271790 8.575216 0.967437 0.025806 4.772255 4.536982 95.822771
270808844821.482117 7.449301 0.020257 0.058224 4.817292 4.505439 105.796586
63333209651.923851 49.707590 0.778680 8.050053 6.497788 3.767927 109.788785
72697458936.015396 15.670609 0.965553 0.821715 2.833504 3.124002 80.930317
99722072838.260666 9.542675 0.811599 0.020107 12.203796 3.215613 79.758410
313013198710.745178 7.513621 0.531252 0.031741 4.479504 4.556349 111.211167
96506889093.715271 17.320353 0.256381 3.928330 3.715426 3.345038 91.366385
186446834611.399628 19.498868 0.626192 8.626403 8.298151 3.152140 117.588337
198782521941.469757 8.489752 0.207352 0.142611 4.094054 3.739122 97.929528
36440919660.252945 13.992724 0.071519 0.059872 14.876372 4.478441 62.427501
85296434045.117035 11.444109 0.028442 0.377085 10.365803 3.861815 78.897065
174837817108.935486 8.167538 0.603045 0.071545 14.231635 4.361962 93.095357
160944418408.861084 10.333555 0.171397 0.872673 15.100172 4.604184 95.222129
34749207611.903282 40.767801 0.656234 6.681742 13.949121 3.446912 84.152336
31151901281.458897 36.039930 0.781586 2.848919 2.880421 4.477555 77.965970
244855186644.633514 9.673418 0.142269 0.019502 2.510622 4.571694 107.920935
53261031072.923759 13.292200 0.015916 0.039304 5.624672 3.716524 69.934150
41615140764.141594 14.061390 0.701006 0.018377 2.813985 3.045236 65.333846
80583126049.985886 23.857452 0.907173 3.538226 3.572593 4.648809 94.235168
152962540761.456390 9.266965 0.791146 0.066905 16.184168 4.244185 91.402434
100431676511.193283 10.142761 0.928675 0.020069 8.988759 3.956783 81.030687
237716895992.751343 35.353175 0.904132 7.399287 2.810259 4.465340 152.553553
169442809230.813934 9.477481 0.730935 0.261731 9.636693 4.734633 95.032871
30228668941.417217 19.835623 0.344587 0.907902 4.278214 4.674496 64.429179
217244213467.634491 27.912767 0.806913 6.934670 2.480744 4.028143 137.494393
89331644178.680206 11.875122 0.890363 0.013916 10.580613 3.102373 80.829470
26317975327.884460 29.600206 0.850461 1.534015 13.427738 4.352910 69.272285
146259818032.793030 10.200158 0.256281 0.012590 10.740363 3.478346 91.963834
277793745505.229065 7.909800 0.930335 0.026254 5.814927 3.421072 107.942305
25781158491.483082 49.564497 0.699829 6.240526 4.633379 3.239626 81.288026
87675304491.649399 11.546111 0.580373 0.242812 12.570886 4.074298 79.791020
19337177145.216873 18.929136 0.863718 0.423713 12.020456 3.881883 54.789968
16755850487.875050 36.277384 0.923636 1.599408 14.634940 4.693471 63.540019
136287199056.212540 12.188817 0.116943 3.475290 5.250542 3.273721 93.636656
211221676288.945709 17.561181 0.427941 8.220960 16.197696 4.883177 119.073740
151886740775.793091 11.256865 0.374122 0.367891 4.468637 4.970113 95.258917
258597059804.562439 7.636385 0.858966 0.015205 5.558139 4.919015 104.676957
60716443979.464096 27.261789 0.601787 6.232560 17.072890 3.290166 89.250748
156443314153.980591 8.508830 0.947696 0.029773 9.249558 4.724879 90.456484
78284292904.281921 12.674429 0.958242 0.841693 9.252272 3.200215 78.581904
236758151022.488251 7.719777 0.851226 0.128346 17.431818 3.769819 101.856748
157891781740.505402 9.646259 0.709100 0.010007 2.594631 3.269000 93.179828
89600503467.207169 10.555257 0.082523 0.587629 14.500097 3.456690 78.712042
83198867295.529800 11.906820 0.359183 0.093411 2.745762 3.418684 78.986197
54779630131.924370 22.076905 0.249901 9.303158 4.975704 4.583181 80.997031
144645690853.178619 9.709380 0.029221 1.788401 6.046033 4.101546 90.627008
59793581578.758072 13.714318 0.772626 0.277575 9.541147 3.287890 73.257235
45766897355.565025 19.636097 0.541168 1.792861 16.640345 4.890051 73.771306
292041853861.797546 7.688227 0.704700 0.168046 5.305723 3.666248 109.150424
103650240489.673538 27.369203 0.697616 4.810804 2.181910 3.833140 106.795518
134431016913.794403 12.161852 0.374649 1.606238 6.981694 4.677296 93.159692
71881391512.808395 13.733055 0.172467 1.746572 18.152387 3.254766 77.920979
144140924514.600250 9.936840 0.899011 0.016654 4.987588 3.237825 90.985023
56976809546.262527 20.458796 0.531528 3.253853 4.307992 3.354096 80.288684
114245537070.425140 23.392126 0.531716 9.318283 5.842494 3.805331 105.249895
136630291063.877579 10.116030 0.887541 0.056515 14.372492 4.093145 89.732924
112743956137.391846 24.118228 0.822804 4.348576 8.217349 3.053967 105.736947
33653815381.097637 16.561928 0.076623 9.286773 6.368548 3.459423 63.535747
37977141360.537979 16.377322 0.597789 0.073601 12.284519 4.133163 65.949000
196661715124.428162 9.003750 0.395070 0.047405 7.278477 3.329536 98.780749
27795737104.049522 34.935640 0.585089 4.069663 9.303003 4.544612 74.315804
140715541598.155670 9.541190 0.161300 0.922081 13.634463 3.224475 89.456528
96918609952.015854 14.051048 0.842053 1.161193 18.542320 3.733391 86.584874
21904616437.983795 37.827561 0.689679 3.200950 16.400405 3.554595 70.419136
217341122046.980530 10.746933 0.173514 3.679641 5.182449 4.014946 106.195759
97819486513.180878 16.293776 0.423583 5.517586 5.224943 4.070519 90.277916
38310310731.749039 22.007570 0.788588 1.586959 15.718985 4.363254 71.829835
74673497887.537323 12.888375 0.551943 0.134767 7.470081 3.970427 77.674375
23840591488.141972 20.539520 0.318660 0.824944 4.009168 4.828803 60.119417
196147412264.866394 9.271367 0.658585 0.048276 11.238231 4.747438 99.311869
168584821940.569550 8.951661 0.177107 0.216713 3.642697 3.645766 93.721718
32384739065.995846 15.007598 0.631109 0.016673 2.397782 3.014328 61.111840
131620717050.984436 10.264372 0.700456 0.038948 4.172072 4.302948 88.912510
83610570312.854431 24.221513 0.460770 9.355082 4.890588 3.816405 95.829589
58447713064.700188 15.645209 0.169550 1.984783 5.864677 4.837163 75.221374
37104888600.815018 15.058569 0.793838 0.118119 6.486266 4.889486 64.003862
102785240370.846786 10.602893 0.430450 0.048913 4.202329 3.495562 82.482321
99487831957.053711 19.822084 0.455853 4.440341 3.316864 3.129988 95.818443
116565169310.512878 10.830302 0.355779 0.087000 5.429621 4.364238 86.434790
187308900504.668365 9.140854 0.238746 0.014493 13.694518 3.264541 97.501364
207089579577.165588 10.435575 0.478715 1.634855 6.958387 3.810076 103.800062
236562327197.065155 8.707886 0.207210 0.727157 8.753498 3.157194 104.321730
251986947355.736359 8.382336 0.171519 0.283485 10.331839 3.199747 105.710565
122464116578.530487 21.841267 0.784067 2.942202 6.066475 4.752092 105.579890
89696562940.537994 32.060595 0.804288 5.894163 10.105230 3.890545 106.874981
261670667470.232910 9.373980 0.183663 2.428414 5.390798 3.851627 109.585555
268642147163.981750 11.648212 0.674496 1.344071 3.343958 4.578681 116.134199
58936279252.640938 23.992907 0.478223 5.797274 11.821966 3.665515 85.045861
128508511174.569550 10.528718 0.527876 0.033927 3.690098 4.649931 88.715441
35058609094.677391 42.127677 0.696576 5.745356 11.317634 4.040599 85.314644
156399443060.599365 10.963529 0.086719 0.010587 2.671964 4.695860 95.602987
25723464630.568398 34.656394 0.448785 6.753508 12.290629 4.118329 72.236085
153286943634.464630 13.320615 0.908345 1.329114 6.162145 3.195674 99.529788
74733605820.211395 16.014358 0.630901 1.969978 13.857223 3.483020 82.150133
32026182818.049530 14.679423 0.528786 0.010463 9.593002 3.168415 60.536959
57077752614.151100 16.180660 0.454611 0.784684 4.418458 3.818218 75.298652
15568094612.195898 28.735978 0.352492 1.894440 5.251260 4.766980 57.621525
175592196602.050140 12.041892 0.635054 1.602496 13.693319 3.780576 101.591590
41503006987.866447 20.516403 0.407784 2.236984 3.160637 3.549380 72.298534
147418187520.497467 13.288632 0.753332 1.961896 7.493645 3.487382 98.183986
67830777965.185448 17.593525 0.947340 1.785810 4.438132 4.586234 81.582553
85686810663.142456 19.422750 0.428866 6.096100 4.101339 3.537247 90.644101
150472306037.530457 20.558359 0.915107 2.955992 1.986513 4.045644 111.132606
159729705625.185822 9.166505 0.390687 0.140705 6.815245 4.666059 92.515061
170735239123.166687 10.334410 0.120868 0.071082 10.434711 3.803459 97.116961
278369701606.920898 15.194317 0.530381 3.594159 2.946527 3.804500 125.589873
72958161539.719345 13.820835 0.273951 0.018225 16.890577 3.561377 78.434548
129563049005.284973 10.399166 0.142371 0.393137 7.893258 4.737972 88.707685
215125426168.761108 8.389738 0.542137 0.011860 6.796601 3.667819 100.300001
209834949779.204987 14.167374 0.468963 3.128030 2.924663 4.503888 112.248245
216752754109.312103 9.174739 0.185154 0.015886 4.940793 3.162521 102.444484
49998513767.433556 13.635551 0.411348 0.027348 7.851205 3.198327 68.915946
11170126679.420547 30.065361 0.515342 0.814515 18.920834 4.454573 52.310943
302183699378.585754 8.301544 0.359717 0.014000 6.921718 4.885334 112.088991
48509147353.646622 26.060053 0.376568 9.645022 4.086081 4.282359 81.693657
34305565171.775627 19.461886 0.980726 0.653323 2.955927 3.198184 66.844989
104757360511.549561 12.124889 0.173303 1.985084 7.870888 3.844487 85.665042
95499303798.167114 16.042090 0.584355 2.155584 10.407442 4.507617 89.187285
73534937831.259598 12.793402 0.193335 0.184926 4.615540 3.627326 77.136631
58165464741.091026 13.453839 0.051224 0.148198 13.670931 3.833379 72.236416
92223602760.855316 12.477644 0.773153 0.035905 4.619257 3.362720 82.676236
164680876001.311798 8.897157 0.166241 0.679810 10.480260 3.319176 92.873243
178423582726.069275 8.671396 0.911369 0.027793 4.912280 3.427565 94.877985
12343608636.755907 29.251788 0.531867 0.654320 14.096357 4.409339 53.624993
143890039179.255310 10.436377 0.627596 0.011022 5.247443 3.054125 91.938203
50876845975.877708 28.679026 0.657993 4.427481 5.513015 4.094256 85.457085
160251617518.733917 9.443740 0.759528 0.017947 8.245498 3.954227 93.210482
134328287936.467880 9.258672 0.527792 0.068157 4.143801 3.237980 87.512187
234368166252.239044 11.389810 0.225219 3.039324 16.447183 4.290682 110.381556
230130599483.418854 14.439856 0.267644 8.272874 6.015777 4.831439 116.323316
250448034212.036194 8.191703 0.055445 0.856209 4.805560 4.263591 105.005683
43427573817.626724 23.650654 0.746996 1.754899 4.601986 3.943801 76.489815
306084915868.619568 8.205222 0.134706 0.682988 3.910645 3.213850 112.304737
25127066297.852558 45.479107 0.451000 8.953638 12.902796 4.074187 78.307205
94972601201.412399 44.544249 0.854399 8.665673 13.556055 3.392564 121.141027
65197868991.630074 10.807451 0.044926 4.058342 7.747238 4.619033 71.181215
52590787883.473557 16.024471 0.419097 0.838593 15.711457 4.061738 73.082341
120985049091.275024 10.044194 0.485088 0.012987 4.384646 4.611008 86.031143
216351877886.526306 16.746095 0.664984 4.532157 7.383299 3.760369 118.491253
70761112830.720062 14.026564 0.155599 2.329162 6.876114 4.865680 77.931228
88540258619.097641 11.979011 0.735285 0.182004 4.041781 3.504367 80.758680
125491812374.610413 17.363773 0.433830 3.092027 3.543634 3.544869 99.793360
146721136634.081940 9.804119 0.284162 0.566464 7.864242 4.997356 91.253027
225156430659.962708 12.961241 0.441332 3.121053 11.548401 4.152441 112.371502
155600852834.712616 9.937964 0.526392 0.125018 9.522485 4.688719 93.337401
81639453744.297012 14.007978 0.361227 0.789411 7.977880 3.052531 81.708392
28416634103.915470 20.656466 0.532111 0.578518 14.560788 4.613185 63.846480
28757127321.472351 19.247545 0.813527 0.515851 7.099049 4.884004 62.831672
114918742898.836777 10.391004 0.285741 0.851459 12.956871 3.436305 85.215893
83816752266.935211 13.058509 0.112291 0.593720 10.840800 3.123972 80.986073
49378187056.040588 17.544969 0.195248 3.867216 2.818849 4.555747 73.333978
63715943827.789803 18.033038 0.615433 2.119586 13.203318 4.195365 80.441295
36360490459.022987 30.458086 0.939749 2.310940 11.403151 3.964494 77.839607
112090063080.084152 37.761505 0.966812 7.572144 5.473030 3.027712 121.280001
28526447695.118195 30.927819 0.481184 4.439835 10.848624 4.418710 72.134604
172318358343.755341 10.119702 0.373725 0.057999 2.452543 3.451234 96.957615
101671879039.069977 20.094110 0.302674 6.964546 13.678057 3.037172 96.887640
40031921638.259735 25.013112 0.621423 2.178787 10.741483 3.673258 75.690079
218628011652.604675 28.701063 0.813946 6.619107 2.081981 4.107324 138.967263
114575948700.529053 11.245665 0.446595 0.345745 12.170263 4.970640 86.695297
246793638158.567535 9.028564 0.448733 0.093626 7.244045 3.995174 106.609624
307069970997.152771 8.652031 0.064298 3.524928 4.859538 4.610159 113.647391
96526846265.552521 11.585324 0.604477 0.658686 4.618257 3.685956 82.456823
178809798598.012177 14.050158 0.329629 6.229524 4.858883 4.029100 106.193123
158886614392.753235 37.310706 0.776705 8.558807 3.563634 4.747130 135.710083
60054510180.705276 17.087184 0.293096 3.068867 4.468771 4.457166 77.716984
242676023178.412781 12.203032 0.337110 3.629563 4.478353 3.228172 113.525221
31122310700.973087 19.767982 0.480028 0.950364 13.590171 3.729984 64.995174
133979326083.698151 28.673223 0.595516 9.228683 6.804309 3.147497 118.003149
284971267940.534546 11.844593 0.957752 1.703429 4.604708 3.646188 118.914279
72387675762.166519 15.622695 0.151334 5.832052 4.876715 4.231617 80.749875
117294856556.664001 11.518730 0.569465 0.446489 4.948755 3.545228 87.870647
115331368788.444672 10.341696 0.621919 0.056279 11.978703 3.711278 85.226040
66757508704.320534 21.940774 0.388314 5.668087 3.883236 4.579067 86.360843
31118935046.324924 14.503865 0.321540 0.220365 8.220558 4.445650 59.773881
176158440468.381042 10.091421 0.742279 0.010932 5.322269 3.045647 97.611476
123061020510.218063 10.334979 0.475868 0.725729 10.945260 4.982468 87.076226
166073687563.924042 21.949988 0.852715 5.610344 11.085326 3.794237 117.031644
236260139140.502869 8.355334 0.166614 1.442270 17.080859 3.141112 103.396179
19198073534.701836 23.903849 0.508529 1.350358 5.429784 3.477503 58.452129
114722393506.622940 11.105930 0.151177 1.680222 7.957587 3.848998 86.479198
264708941971.349945 7.093278 0.649388 0.047629 15.167947 3.476724 104.040344
86089609948.084106 11.752397 0.070101 0.047562 4.166602 4.501531 79.641566
103562904555.508804 18.869621 0.343277 9.396987 14.610700 3.642185 95.775958
51245762572.297401 13.395263 0.450065 0.021112 6.901186 4.016095 69.174348
199695791023.442993 8.645516 0.099651 0.130474 3.051454 4.163530 98.446961
115596061716.658859 10.440455 0.796057 0.040668 16.983756 3.945652 85.474900
59368925035.996628 19.692026 0.756079 2.022693 5.539169 4.380020 80.520233
159170223091.948975 16.267023 0.434261 4.281390 9.676982 3.620336 106.137672
198887248657.918152 8.398954 0.951372 0.023093 3.958591 4.590659 97.731908
236767403313.807434 8.795952 0.519433 0.049182 2.705994 3.814056 104.570693
161901815414.857330 8.986715 0.774787 0.087295 12.690368 4.470635 92.542788
58068622742.980904 22.084012 0.402144 3.312520 4.647721 4.299691 82.594379
257569019971.928162 24.757201 0.790480 6.437336 2.818960 3.882447 140.346619
29086268844.202435 31.724135 0.365873 9.122486 3.413669 3.557754 73.182849
174579927177.321747 14.178408 0.317145 5.977663 4.599516 4.021058 105.593737
219402670775.009613 9.773558 0.129037 3.845096 4.219795 4.194078 104.279376
26124414738.814930 35.800441 0.771533 3.068170 3.306715 3.124631 73.366515
209821543708.432678 11.510455 0.462197 1.532993 7.956200 3.945412 106.649880
37069099549.861702 30.038390 0.822779 2.109045 2.462006 3.075740 78.005090
57543918041.375725 12.129994 0.004005 0.070930 17.588164 3.852512 70.164820
30584329082.532650 24.922135 0.487029 2.448271 5.682721 3.684904 69.118966
99832885265.337769 9.510820 0.342611 0.052868 3.989152 3.199023 79.729972
114567545822.878113 10.078398 0.599843 0.115285 17.317750 3.711423 84.546379
168036020867.030548 26.456628 0.861592 7.081645 10.567930 3.679096 124.173251
13994060324.771187 40.398763 0.907535 1.670462 6.593072 3.358419 61.959514
216095045960.821198 9.346033 0.437239 0.054945 5.194988 3.212444 102.747315
157839136809.615540 10.548515 0.193437 1.857204 16.058305 4.693833 95.048663
19301057025.083363 41.726883 0.466214 4.475561 6.384593 4.219366 69.703543
49259101162.809708 21.502654 0.317246 3.568312 5.974278 4.515463 77.585283
20163099795.154819 27.283308 0.512216 1.646615 4.104596 3.327493 61.820587
285266293912.410400 19.634771 0.634122 9.670445 5.036233 3.569778 135.762202
280418172392.081421 8.346192 0.425769 0.086863 8.684687 4.927670 109.449362
181422086990.849091 9.192398 0.854397 0.023408 6.222873 4.493047 96.584774
32481109376.697895 14.185782 0.470648 0.026287 3.344177 4.915641 60.289463
67829117517.825859 14.980620 0.196292 2.290919 2.962655 4.994467 78.153255
49015655403.147804 14.637145 0.202636 0.040850 18.838536 4.236979 69.711849
38033467987.982277 15.789338 0.602577 0.109471 10.191309 3.683463 65.342218
125415368016.730286 10.644793 0.608354 0.195733 5.436476 4.082294 88.218391
50368077511.433372 17.858346 0.279827 1.251575 1.931411 3.281158 74.179735
82952770349.905396 13.098655 0.252661 0.222064 3.035628 3.229499 80.768429
66198995760.294479 13.579326 0.364914 0.525238 8.212011 3.315422 75.596002
194478942198.993958 9.396894 0.225334 0.059221 9.779147 4.690447 99.316471
108501770248.460800 11.656842 0.141632 0.315989 5.850540 4.727850 85.859985
65233873482.608025 19.960876 0.623671 2.150768 3.963747 4.298133 83.407908
46684114491.319725 12.574713 0.811681 0.043846 4.838431 3.501830 66.015520
175037653954.801727 9.014211 0.013357 0.091539 3.667164 4.730914 95.042120
136627570295.717117 8.178536 0.972387 0.160896 9.271017 3.344664 85.772128
299328779639.572632 7.262419 0.204302 0.041874 4.466262 3.900355 108.865583
31972443261.772697 26.292813 0.443132 5.143914 4.816679 4.623403 71.285978
302440746029.752014 7.337222 0.059792 0.236794 11.352454 3.109970 109.451380
118473512520.413635 27.363057 0.668733 7.754841 4.116989 4.087704 111.653834
221353060501.398956 9.023467 0.946082 0.025958 10.892947 3.304638 102.800459
33522364817.640724 29.481573 0.383201 5.727920 9.398087 4.557775 74.997644
71491744249.629196 15.931322 0.598524 1.591663 12.539195 3.494021 80.832911
257468464025.693420 12.880674 0.776558 1.614505 6.500857 3.814255 117.327404
90888625548.393097 10.649921 0.403357 0.108495 10.311731 4.814660 79.248903
207791544719.235840 9.461887 0.935039 0.010603 5.220305 3.140142 101.684268
21270192789.652443 24.812765 0.306208 1.743482 4.954287 3.436047 61.157750
264420728262.879395 8.801689 0.896173 0.038572 5.089382 4.004829 108.507635
175909453898.380951 10.966021 0.113387 3.565191 5.594831 3.286258 99.428831
112759335279.437836 18.384705 0.405670 4.297029 3.673898 3.960380 97.820613
279620279217.872009 8.054002 0.655276 0.079712 5.734220 3.907842 108.565594
65326854873.200569 10.857881 0.052463 4.014622 7.711726 4.611698 71.304623
49601712828.247925 13.130798 0.522732 0.045132 6.667508 4.669753 68.086603
206908661186.538086 12.230243 0.458123 2.728601 4.390104 4.667180 107.706997
58549263867.816719 49.799435 0.764917 9.197348 11.908446 3.443673 107.018309
36406215793.612762 15.560517 0.223149 0.224302 8.457083 4.535869 64.148817
21381995125.322708 49.673677 0.745514 4.347689 15.057118 3.377746 76.429973
165320370993.226837 10.426759 0.540854 0.550958 3.913368 3.814760 96.272833
180068316116.797180 10.290080 0.118754 8.588214 8.142905 4.824006 98.759436
158141574990.537140 10.436411 0.143550 0.163455 3.064930 3.456408 94.878566
140197405318.198090 10.521029 0.124649 0.066070 2.744898 3.182440 91.312382
266876898600.023193 8.430643 0.146407 0.020094 2.550996 3.051938 107.879196
46427420503.727280 18.180906 0.299987 2.241107 5.950082 3.716360 72.549181
88357138677.178406 10.349080 0.821173 0.016802 4.660127 3.883697 77.996254
86020140886.059677 11.616712 0.151041 0.083444 7.007446 4.386768 79.400412
52353261717.651192 24.724924 0.595738 4.660220 14.882251 3.728447 82.486550
71374766086.617172 12.558099 0.094926 0.040493 4.497668 3.781746 76.026324
33463817545.519775 48.427727 0.672402 6.285123 6.403647 4.009854 87.982512
174558180408.863770 8.971956 0.050079 1.159976 19.553180 3.017425 94.861093
29971710516.381573 28.453491 0.303721 7.972517 5.687694 4.741445 71.464766
132237649843.345337 14.323167 0.524085 2.945977 9.026368 3.361951 96.506157
43346923203.415817 46.637084 0.744799 7.919447 9.145662 3.167060 94.706449
169872543282.109772 8.777136 0.502147 0.393146 8.991126 3.835074 93.572823
81984126049.967300 12.389276 0.576226 0.063171 3.216989 3.594667 79.357974
148384029044.017456 8.924253 0.313044 0.144246 10.933648 3.984007 89.759994
26154880251.709476 24.991042 0.291263 3.401390 6.728918 4.335418 65.660856
97463798718.875259 11.828601 0.522646 0.239781 12.003364 3.800364 83.133182
220288526686.630219 9.982587 0.104894 0.045726 5.210485 4.476202 104.909385
296737328736.565613 8.806570 0.028265 0.156042 6.213221 4.215666 112.772398
88786310898.518829 10.528929 0.074441 2.363741 19.834505 3.048200 78.428258
261769127013.541260 14.308818 0.533401 4.941572 2.878541 4.060544 121.142852
290968409123.781677 9.458272 0.095365 4.647677 7.583648 4.195167 113.751501
131433231904.931992 12.483614 0.402645 1.223510 2.160038 3.947107 93.050591
155704868334.213928 8.945196 0.293558 0.106300 3.260735 3.782419 91.257533
52587413881.075020 29.413513 0.485729 8.940435 10.409039 4.636144 87.080284
103285144440.149323 13.545718 0.203800 5.986169 19.553865 4.672496 87.624060
46276313766.608788 33.787197 0.460698 9.235668 3.802423 3.594278 87.148265
282578880226.058716 9.552919 0.987704 1.050788 4.011241 3.454900 112.891352
28188059942.112316 30.787521 0.305446 9.780704 9.001214 4.551048 71.746458
173255655272.201385 11.074245 0.719915 1.182486 13.198816 3.326511 99.152213
32651092100.756813 45.211828 0.929145 3.705671 12.413028 3.254660 85.284322
205471487885.819183 8.145357 0.795708 0.040613 11.140522 4.362356 98.189165
19558967112.057068 44.459773 0.472218 5.914292 12.146972 4.000804 71.493588
146447694047.202972 14.187930 0.272729 6.478305 3.568977 4.059533 99.603698
21939335439.339508 39.028442 0.676240 3.656193 19.562458 3.554664 71.173536
99539786085.748428 13.442754 0.144953 1.495191 18.094131 3.128936 86.386027
160676598627.631897 16.209625 0.826142 3.258310 5.083751 4.519215 106.370966
96200952322.007919 30.914656 0.817382 5.984774 2.551503 3.343699 108.159137
57059414085.168144 11.373233 0.687791 0.333286 13.653137 4.156566 68.900728
71689139529.724930 11.466997 0.031657 0.053581 4.308224 4.568871 74.491467
100534812861.480728 11.304347 0.364472 0.183202 2.803530 3.634477 83.099799
93103696912.594284 10.813222 0.608003 0.172563 3.357080 3.693303 80.167187
244054361030.558502 13.843971 0.682991 2.256835 3.390610 3.902652 117.353429
69418318041.329391 13.995459 0.604579 0.893395 4.447863 3.489402 77.391360
91330507599.427017 11.144548 0.858413 0.016539 7.141855 3.798500 80.214420
31485810707.571125 27.302739 0.737480 2.123951 4.743528 4.012742 71.737530
69486826369.570114 13.620267 0.044618 0.759074 11.184055 4.541667 76.885660
195072868868.191101 11.080148 0.836844 0.771384 17.832524 3.408030 103.163508
263905605211.077057 8.233491 0.028383 0.878948 2.773944 3.400854 106.963123
98175442308.499268 28.492029 0.713488 6.335560 2.987964 4.564840 106.178404
61223143888.731857 19.089346 0.582959 1.626065 2.661059 4.361150 80.642647
104130145915.036697 10.104890 0.273111 0.122993 4.311747 3.232742 81.944786
52535359512.716019 23.073646 0.321677 8.775062 8.287716 3.360054 80.911447
174545094950.685333 18.834331 0.779325 2.692284 8.275282 4.729675 113.919385
66344479363.186455 14.132138 0.143048 0.669741 1.807173 3.214445 76.420913
259694540815.653473 10.090737 0.457526 1.029396 3.506369 3.802955 111.091481
181089529163.270599 10.298265 0.062019 8.163116 6.728528 3.093154 98.963517
37946817400.559486 39.200755 0.748274 4.344408 19.330362 3.413749 85.557416
125990493883.959106 9.273989 0.226518 0.287135 7.056694 3.130130 85.693107
137066508296.723923 10.816876 0.544643 0.162043 9.701483 4.574377 91.204990
97481507689.885834 10.769149 0.044544 4.027964 2.593831 3.235203 81.328006
180104535984.595306 11.438452 0.070877 5.703873 19.548770 3.881881 101.206432
159391393940.411285 15.869094 0.294134 7.360291 1.641156 3.877705 105.488907
63280251499.532944 11.053753 0.023034 0.062811 17.220001 4.422093 70.844943
44422277556.084023 15.688863 0.314930 0.104673 3.584937 4.559944 68.697148
81166006622.050949 13.106525 0.125484 0.693244 1.904823 3.228446 80.196288
276469939098.565674 8.645581 0.137758 0.027189 3.486213 3.365767 109.722574
24691992956.962532 34.590483 0.474072 4.358839 7.052824 3.946940 71.214186
49555939105.739044 30.710221 0.542534 3.867625 2.246505 4.160231 86.524104
15686110082.736679 44.720473 0.528868 4.208781 5.169812 4.452338 66.552706
30794296463.452358 47.426092 0.682453 5.989208 4.694235 3.163450 84.980451
61685185549.923988 36.670988 0.732986 6.660669 7.177519 3.987316 98.451995
93169755072.312912 10.575329 0.246659 0.470415 11.679004 4.483571 79.778192
66358939739.461441 15.837254 0.594890 0.317460 1.775877 3.246334 78.726395
174791827545.592682 9.568286 0.915904 0.034829 8.893699 3.072977 96.221727
98386869032.649368 11.177140 0.432047 0.059251 6.672921 3.599442 82.285321
134622016839.649124 10.107680 0.455980 0.148469 6.353302 3.819385 89.274617
151676847536.860840 11.104292 0.326442 0.064163 8.819528 3.917963 94.911846
67731217496.169121 26.056243 0.817149 2.848683 5.264533 4.534143 91.304240
300010078791.677795 11.790342 0.894805 1.678594 5.566312 3.670855 120.837661
122248187557.026489 10.114748 0.028084 0.189300 8.629821 3.971437 86.464530
25560523025.306995 34.502500 0.667620 2.746996 13.945493 3.405045 71.981187
53517754800.895699 16.726925 0.293390 1.641290 6.282881 4.944953 74.358612
101957941525.527451 14.037832 0.140771 2.650322 6.581305 3.932778 88.039149
208768383146.447601 11.545339 0.500360 1.550121 8.266337 3.999557 106.547425
97657547714.803360 12.429726 0.129862 2.634917 7.121610 4.870222 84.190071
78692565820.338821 25.125951 0.877360 3.096810 6.116918 3.974436 94.943589
77484073606.685226 35.585399 0.676909 8.724794 9.340681 4.569965 105.208051
198475563673.638306 9.120181 0.463071 0.025693 5.916605 4.547960 99.353759
128464502031.768677 10.183745 0.153988 0.042583 11.050671 3.863241 88.039891
42186369316.710899 23.269274 0.354420 5.034142 6.075453 3.101954 75.392258
112941650977.160736 10.446000 0.056112 0.896883 18.082478 3.226929 84.825798
131979516126.079742 11.219424 0.192508 2.895277 3.055250 3.360433 90.829933
288471544924.136353 8.297246 0.215129 0.232962 9.335618 4.056120 110.355707
60760199673.147514 27.154608 0.557242 5.740543 8.309878 3.690410 89.165290
62361066780.777924 27.280763 0.900503 2.601541 2.450213 3.919814 90.068489
56237401354.155533 11.008160 0.881512 0.149373 12.504731 3.771882 68.047277
65057773567.657036 23.701180 0.853977 2.828088 10.157125 3.152025 87.576648
92021709374.775864 19.722960 0.340614 5.471730 2.594680 3.866214 93.226862
26490677238.497131 26.678029 0.232776 7.542688 5.936472 4.442202 67.249167
238182785198.512878 8.547302 0.093441 0.686022 6.027225 4.369514 104.158099
66856881374.563667 20.863860 0.375569 4.544519 7.146734 4.211279 85.159944
108668929755.194183 19.737877 0.845014 3.230783 4.684382 3.685574 98.561075
177834421773.346436 8.806026 0.375708 0.209683 11.187784 3.241886 95.077647
183923468383.919159 9.016162 0.116758 1.269606 17.428965 3.642151 96.628345
56197425407.332268 24.670135 0.658840 4.848386 9.385232 3.188053 84.402184
106896200841.034424 17.713936 0.634024 2.777847 10.106900 3.962995 95.115972
55396054925.848091 12.157770 0.050773 1.384249 4.212569 3.582154 69.319047
48013350596.672539 13.462395 0.801648 0.026463 4.376046 3.292751 67.773168
34738709239.405663 15.690313 0.060060 9.581516 16.386433 3.146776 63.292697
164875458967.352539 10.703587 0.523518 0.020577 6.801339 3.941178 96.762911
305639441436.134888 8.786449 0.973876 0.031236 11.157666 4.232093 113.834661
160030884955.751587 11.254095 0.864142 0.033239 3.031539 3.104595 96.926360
99014623290.630508 19.324167 0.944632 2.665795 5.603527 4.494252 94.983308
249504236248.058624 13.308432 0.512403 3.754177 4.565942 4.589382 117.051756
37922693643.324615 17.181093 0.133206 1.690977 5.127840 4.130730 66.774895
44636466401.283157 23.073114 0.382101 3.572752 7.097000 4.709499 76.633688
171021866022.191589 9.259278 0.889929 0.021200 8.589366 3.694241 94.849713
291998642331.944519 15.940267 0.612007 6.369171 8.274999 3.413388 129.229385
67674671862.168900 20.273478 0.551746 3.296275 9.095691 3.863033 84.808461
116083215243.031952 11.236835 0.317483 0.047456 3.203340 4.136566 87.057787
210318234784.915192 11.501741 0.458644 1.565662 7.990781 3.941237 106.714852
308563733391.010437 7.187427 0.984573 0.079642 8.763689 3.287029 109.761717
109926190091.752716 18.204174 0.780438 2.480669 5.337795 4.117566 96.730052
133450168320.070587 20.690057 0.925737 2.283407 1.913179 3.932544 106.968034
65786755838.137543 25.222645 0.636078 4.440454 3.815936 4.062265 89.543268
48355996137.139587 13.106487 0.788215 0.362383 8.548759 4.503498 67.480662
169448683280.578430 9.091943 0.352401 0.137148 13.955693 4.661808 94.190798
279761869411.787048 7.863463 0.932497 0.100109 8.236212 3.330808 108.071849
230540509561.274139 8.429279 0.717663 0.036680 4.008238 4.838980 102.739030
214044433589.288269 10.027584 0.118756 2.304943 6.228825 4.417182 104.012679
262818742524.830841 8.475322 0.121218 4.604122 6.113571 3.619137 107.445562
152598531658.524780 9.402743 0.328202 0.376918 13.500719 4.606328 91.616189
111620931908.803406 10.712595 0.707095 0.488356 11.758690 4.334286 84.981153
171104862312.291290 8.957609 0.418807 0.041696 4.365852 3.538670 94.199583
42093745123.142143 17.698037 0.257541 2.461117 9.126291 4.202521 69.699826
275832142897.271851 8.757071 0.138005 0.841696 4.188892 3.286747 109.930071
147001540736.412201 11.289940 0.193577 1.504957 16.605511 3.197382 94.291335
210768278475.702515 8.718923 0.063610 1.356517 9.951474 3.829985 100.409683
67155387051.341019 14.354580 0.169820 1.317760 7.272147 3.623316 77.038497
105463390144.669586 10.320020 0.772445 0.050347 3.574382 3.115490 82.683335
190910748112.572266 9.400331 0.441622 0.057917 5.197476 3.225996 98.713111
192625254661.819000 8.272843 0.088209 0.294861 8.080698 3.250711 96.399124
196084623077.086365 9.941102 0.840256 0.032426 6.856217 3.093955 100.823856
60434631524.229515 18.803773 0.212407 8.845583 11.627320 4.187489 79.957739
243144167471.335449 10.218776 0.242133 4.736740 7.155693 3.595086 108.986961
36007004917.514503 30.568304 0.628853 3.410828 8.091134 4.116851 77.673788
149899051719.372345 9.903897 0.696959 0.170681 7.784392 4.256976 92.112981
277501087746.717529 11.637068 0.255527 6.050782 6.223994 4.159907 117.370295
284242512339.809570 10.566813 0.208816 2.287554 3.095023 3.759409 115.684650
24210084772.378956 20.004989 0.363424 0.968667 10.815394 4.044306 59.977233
273317550196.464722 8.472487 0.154077 0.019234 3.888757 4.222009 108.850179
313061156061.078064 7.929788 0.146350 0.017356 3.875850 4.234175 112.385354
238866463310.555359 7.916300 0.393492 0.014329 5.880284 4.634600 102.661149
76919070620.377975 11.776781 0.265780 0.088101 3.863817 4.547416 76.744812
40159037203.873695 15.207191 0.691905 0.187393 15.257878 3.152058 65.882688
188104331851.125732 8.863539 0.156650 0.717476 15.969728 4.726067 97.005774
170119591958.587921 10.293646 0.807257 0.651549 13.159171 3.850651 96.913630
52469774412.699135 13.393494 0.991487 0.015749 11.144576 3.299170 69.718459
69140510147.970810 22.552109 0.563868 4.575863 15.276098 4.851239 88.077584
32312634887.024956 14.527447 0.450605 0.015279 12.434983 3.471580 60.553954
70926545779.676407 12.812261 0.230377 0.033666 8.229647 4.260727 76.241264
90542429495.354599 16.001312 0.937842 1.477574 14.887651 3.770702 87.557404
35976008936.254807 17.450443 0.590608 0.626683 3.810339 3.559348 65.890653
177488609193.988678 8.341995 0.351877 0.063677 6.222358 4.365866 93.963034
272733020301.510834 8.810948 0.823065 0.024602 5.453563 4.079404 109.657014
39100338150.903275 13.013083 0.120868 0.041099 6.194780 3.751381 62.755424
285095220410.850220 8.518352 0.999727 0.042318 12.689265 4.289751 110.513919
260542686480.192810 8.248378 0.665963 0.163015 11.643722 3.012850 106.545603
275273904755.920715 8.986094 0.786750 0.016729 4.757095 3.345166 110.452110
20401588791.575813 38.445439 0.390748 8.264138 6.708869 4.884946 69.131766
109691233860.812332 15.305670 0.339872 3.172058 19.776451 4.098959 92.250460
207799998190.405365 28.744739 0.890482 5.745335 3.361672 3.864554 136.697997
26563925318.261826 17.745788 0.652616 0.148725 8.994660 3.788919 59.828849
30421385265.387836 24.923473 0.592257 2.901953 10.405572 3.436887 68.997105
154877249261.709747 9.332115 0.850799 0.029433 3.071935 3.303525 91.920445
69461574621.500916 13.554056 0.236737 0.013730 17.234443 3.478138 76.782024
109827828737.771973 10.887551 0.442752 0.052968 6.695724 3.585188 84.839533
93999583919.490433 18.756438 0.452380 5.500316 4.714563 3.857982 92.576826
50395675838.106773 22.952964 0.407712 6.817487 4.917117 4.523541 79.675137
224709081957.957275 9.089824 0.727548 0.656462 3.944964 4.241621 103.477944
86227091411.570190 24.344326 0.686866 5.162172 8.223868 4.920292 96.964412
85923076156.261826 11.459190 0.074211 0.017507 10.070983 4.179066 79.114392
90581425907.713837 11.647576 0.199400 0.879220 9.363651 4.846646 80.830667
132720670452.887848 17.898284 0.627261 2.256760 10.715214 4.637970 102.521019
86760203101.924332 16.791798 0.417678 2.363186 2.884588 3.752954 87.443092
301912290761.388733 11.167163 0.238260 6.498628 7.704959 4.529241 119.549101
210924632483.235840 12.989986 0.578742 2.487747 5.417949 4.060693 110.012548
208333909798.560577 9.820564 0.783399 0.660405 9.572141 3.974475 102.603817
103946074564.545105 30.828249 0.888408 3.838206 19.782161 4.373216 110.890345
55843766379.943062 15.265591 0.421006 1.328449 11.012622 4.201911 73.610141
260324642341.277496 7.555196 0.055415 1.745031 17.088490 4.297706 104.694470
193448035133.146545 11.970745 0.178184 6.738328 4.149154 4.192705 104.775165
141247864581.808868 10.233313 0.208807 0.452660 2.686893 3.075914 90.967442
51600468855.400955 19.997192 0.468264 2.739629 8.353521 3.589548 77.177537
10607598895.898413 38.868021 0.897123 1.042881 7.586795 3.318638 55.787312
78773001111.626144 11.643902 0.353478 0.065291 4.243869 3.086928 77.147704
160735568666.019562 11.360864 0.608736 1.060430 5.224197 3.446779 97.283870
28728940808.826527 27.039424 0.290394 5.812809 6.948162 4.789055 69.374782
74369542649.195389 16.649267 0.958095 1.458845 14.578992 3.665451 82.874205
95228803550.825378 11.441972 0.908463 0.024447 8.942390 4.470325 81.844129
40305012309.913872 15.709621 0.011065 4.648818 7.632492 3.075131 66.528835
101550247758.367935 11.217670 0.005805 6.389871 7.629847 3.601029 83.228345
64569830447.242882 17.210939 0.296490 2.755986 4.047689 4.548650 79.774027
193635815266.153564 8.252187 0.023681 0.010619 11.070922 3.217560 96.518718
172034430685.563873 9.968944 0.594152 0.010573 6.613007 4.054756 96.580667
153820279715.796173 8.853717 0.030362 0.798166 16.637346 3.116807 90.691856
79822462308.093185 15.285087 0.404695 1.892492 4.721254 3.885458 82.946816
136488343955.512970 10.464971 0.072040 0.203939 3.316958 4.061368 90.390055
119778316537.373123 15.320746 0.365000 4.184139 2.803891 3.625915 95.020237
76986269308.018387 17.075989 0.464020 1.946484 16.704397 4.083594 84.410142
105372424045.136719 13.529757 0.204664 6.086171 19.661162 4.677793 88.184226
128802118351.116699 9.921301 0.157354 0.037055 2.777771 3.832141 87.605451
77575211362.884155 14.544270 0.358667 1.260523 9.246259 3.944678 81.106496
275720952301.775208 7.811252 0.995622 0.089416 3.650735 4.775265 107.408892
129848954115.084198 9.962105 0.663326 0.267444 5.112093 3.478785 87.922165
290269815090.000366 8.834749 0.950163 0.041895 15.457494 4.176727 112.021850
228478615019.703003 8.533411 0.894270 0.013286 18.173160 4.551943 102.689564
78134803715.343414 24.521484 0.432213 9.305729 5.828908 4.095010 94.033333
301613234132.121948 8.381870 0.717918 0.011042 2.903603 3.162557 112.237400
77381659776.273438 11.646611 0.583002 0.022475 9.881492 4.996411 76.695032
33453567107.299973 40.888555 0.760809 4.386137 6.636938 3.564220 83.173636
296304274638.904297 7.843050 0.181336 1.032707 15.363398 3.259597 110.105220
74851364873.504715 11.903295 0.404089 0.010578 4.072608 3.658373 76.245546
251346016541.667419 7.996142 0.827777 0.094625 12.743047 4.395531 104.625791
183614497012.486298 8.543345 0.873865 0.205928 17.205754 3.175822 95.495721
233188350835.883148 8.997081 0.105795 5.922677 17.553575 4.972676 104.536191
88245897552.131027 16.585708 0.735143 2.029691 8.735585 3.258459 87.647397
41318204075.465378 23.418000 0.681459 2.824101 17.360277 3.676290 75.011937
139674517142.307709 15.890879 0.968418 2.207280 4.305084 3.579291 100.983159
50080302007.196999 19.458277 0.211936 7.756872 12.511933 4.022517 75.825217
245981732352.592896 13.139165 0.562660 3.006513 2.719238 4.023081 116.126834
40624613548.035591 17.434103 0.096251 8.775802 7.302237 3.390356 68.596964
50648527003.786537 21.929672 0.625969 2.406343 6.037531 3.393285 78.754503
30374156655.604988 37.700082 0.810502 3.047947 15.028193 3.952173 78.440399
54779630131.924370 22.076905 0.249901 9.303158 4.975704 4.583181 80.997031
162534957496.727356 10.210894 0.484712 0.099404 3.449480 3.446129 95.278208
57529566823.439316 12.924896 0.196290 1.592934 6.263780 4.257886 71.256289
281127033913.895447 9.246192 0.744391 1.020965 11.267731 4.529127 111.906354
239489490493.360016 9.797634 0.958940 0.733410 5.180982 3.803154 107.427438
155947798259.504211 10.903866 0.419577 0.033257 4.313024 3.828523 95.390296
136787945843.789719 12.601033 0.579784 1.047768 3.793375 3.328861 94.513697
63467686514.839798 15.193297 0.284666 1.099728 5.223673 3.555623 76.722704
238369799909.123138 8.807951 0.538626 0.263362 9.506313 4.635503 104.835905
101769605087.554565 10.917466 0.987331 0.027625 3.520831 3.705612 82.764168
169314492007.839569 9.212634 0.288236 0.119800 3.282826 3.771701 94.430880
43999256826.815636 16.675246 0.107945 1.675569 2.882068 3.687437 69.601468
92653243812.532883 12.073061 0.388848 0.769539 6.633941 3.485633 82.144803
36653704125.252075 35.205008 0.551565 5.482424 7.866572 4.411644 81.694394
86931425320.655014 24.472108 0.688197 5.435555 8.239070 4.932348 97.379067
17036894973.835907 32.080735 0.813398 1.483032 8.835036 3.439414 61.446892
63788437288.805344 26.672872 0.692764 3.491156 7.083716 3.919752 90.131746
58508465806.403725 16.163001 0.290151 2.426826 6.649717 3.429644 75.900499
254949235154.195801 11.237153 0.976967 1.399575 16.064789 3.226638 113.163210
129622268687.696869 9.977230 0.957710 0.040029 18.129356 4.465132 87.900588
261981196305.116699 8.231173 0.954238 0.019436 4.273317 3.285464 106.696446
87164041129.094604 11.427229 0.125053 0.175607 7.278542 3.454601 79.441077
96667055657.520599 14.083427 0.909601 1.380925 14.740955 4.026604 86.560689
128250867591.565811 10.549869 0.086030 7.020023 19.931550 3.679643 88.696656
138602988196.998749 16.823320 0.525346 5.515699 7.728009 3.091262 102.273397
197490493898.978333 10.818174 0.234949 1.288630 12.901593 3.305763 103.015416
58113801038.189171 10.763831 0.173136 0.113004 8.629290 3.213912 68.439969
60396965476.940231 31.159540 0.722137 4.742619 5.665313 3.251407 92.842054
111493672013.192444 33.210085 0.838082 5.979954 11.657487 3.173132 116.194986
153032759655.945038 19.386788 0.740420 3.450166 7.847460 3.800556 109.918350
36639227467.454796 27.913992 0.508254 3.478017 2.852654 4.162277 75.966744
90964574707.721237 10.549934 0.081181 0.051556 4.673677 3.765736 79.100371
121805510142.487457 9.499391 0.248966 0.058089 15.679724 4.313831 85.173796
240284505225.656311 8.903900 0.098065 9.515928 6.023254 3.441790 105.354699
73476870201.671753 11.248107 0.340081 0.258313 12.471490 3.131607 74.765865
207759226506.100006 9.235384 0.180693 0.345292 7.327494 3.507838 101.149848
40445595895.042976 14.538305 0.244723 0.448536 2.968609 4.758632 65.271830
56154868387.243126 19.880583 0.393551 3.713271 2.615507 3.785215 79.253181
133310252263.131226 10.160694 0.925137 0.021548 6.671885 3.471755 89.087953
27571529893.159382 16.002108 0.358394 0.237505 10.466761 3.422332 58.907175
156417658649.838409 21.864641 0.716716 5.638830 6.251637 3.132643 114.588588
160145408251.159210 10.856470 0.313837 0.019760 2.610616 4.632177 96.141798
19827317161.998844 25.727571 0.783246 0.804822 8.879562 4.789954 60.393468
21904616437.983795 37.827561 0.689679 3.200950 16.400405 3.554595 70.419136
168414421079.317322 10.061218 0.352982 0.071630 6.007180 4.385064 96.095315
84385421413.486938 12.083890 0.184746 0.503943 2.537370 3.530086 79.642138
60461876637.026253 16.932005 0.409994 2.385921 6.866625 4.090789 77.700078
56973355104.825195 41.590637 0.968197 4.232941 1.749818 3.518800 99.881599
109131732696.847672 10.255255 0.884661 0.149291 18.366028 4.775514 83.512522
139268393308.748322 10.066554 0.543283 0.060793 4.835369 4.030951 90.207924
127268522576.096466 9.587245 0.837592 0.025450 6.955126 4.536027 86.601841
301486269440.181946 8.124768 0.166095 0.025271 3.025289 3.017555 111.519059
106643645715.460693 16.234004 0.527027 2.183047 2.678552 4.086756 92.823551
279799337879.126770 7.062804 0.699668 0.126625 8.014934 3.255600 105.897241
77483527506.019821 13.345085 0.782144 0.025751 5.137744 3.249226 79.320835
151012045820.255859 9.666369 0.266401 0.040125 13.271676 3.154533 91.848165
48373408215.992538 13.804926 0.236708 0.137796 3.149463 3.455221 68.374094
73417053617.507050 11.627736 0.577621 0.022354 9.712177 4.986342 75.333159
154387299813.977173 8.502292 0.744785 0.043069 18.108967 4.133108 90.044278
113381064024.902374 28.563398 0.642702 8.479456 13.172662 3.533723 111.484817
75352290213.234024 12.662875 0.803089 0.289112 8.603680 4.808975 77.570970
85049255961.343781 22.053769 0.852374 3.566829 3.145512 4.636527 93.760676
25763429486.444866 15.033610 0.129777 0.059888 13.422691 4.467643 56.651205
38549772924.676582 24.652428 0.284638 6.072734 6.680072 4.379378 74.421078
39640372865.347633 28.539570 0.636721 3.400460 5.566769 4.106006 78.518164
135202113808.168930 8.722946 0.831651 0.221980 16.387131 4.248364 86.605067
248371492782.835419 8.433157 0.427950 0.281746 18.446738 3.596137 105.332173
66086038115.108780 32.411178 0.590246 6.133384 2.738857 3.384211 96.858738
171154592926.440826 9.947426 0.560695 0.227952 7.433473 3.959097 96.369495
59991940516.332672 30.478248 0.863577 3.088394 16.517091 4.312272 91.997866
213947749820.295715 8.561674 0.685717 0.141733 13.555010 4.095598 100.533054
117263329660.276596 16.926676 0.662346 2.290136 11.147443 4.881462 96.889789
49583104010.408501 14.111147 0.158063 0.419215 3.410800 3.176626 69.325078
243230491934.781708 8.520511 0.850880 0.018342 2.948614 3.397355 104.821148
55138676270.490974 45.894073 0.841856 5.960662 15.379296 3.092270 102.067222
162878153339.920013 29.626016 0.885646 5.387277 2.140419 3.422031 127.217461
312879481420.661499 9.266274 0.065668 5.759666 7.769173 4.249171 116.024085
179232212787.236847 11.404552 0.805416 1.500087 9.369920 4.121830 100.972085
244450128567.189911 10.019841 0.291065 0.010600 1.962138 4.947197 108.702705
41715499210.978119 24.479700 0.845780 2.480236 5.670396 3.823601 76.245206
239730253861.346466 7.228783 0.027449 0.283599 7.407965 3.035569 101.012008
58847661167.858040 13.174668 0.008448 0.082293 9.750477 3.681870 72.138409
150757299430.111603 9.603655 0.065734 0.748522 16.265060 3.099648 91.665993
178672190846.589966 9.935437 0.336086 0.763989 8.344267 3.267208 97.734119
145245502822.699097 12.916589 0.191773 9.467899 5.341165 3.360540 97.011821
136836430836.963348 10.288750 0.585739 0.011453 5.561003 4.190979 90.119912
21668057741.089882 16.092722 0.064691 0.124842 11.377306 4.600519 54.442818
114572359854.687469 10.880035 0.445725 0.152805 3.748263 3.043287 86.030305
19060822414.569981 18.135291 0.116857 0.230394 9.638866 4.490240 53.883252
244384307580.244019 8.709336 0.222114 0.159591 5.273089 3.630024 105.462737
107455144899.205521 17.293695 0.299601 9.594664 7.840669 4.771998 94.658721
156823131427.344482 10.316303 0.061466 0.142478 3.721303 4.590106 94.366710
150005543664.036560 32.596300 0.861419 7.340872 2.964390 3.435713 127.521499
22652964021.691685 19.403608 0.186606 0.571320 11.570388 4.376425 58.159798
44261210220.070961 21.393752 0.926846 1.603315 15.243199 3.014001 74.757704
37441744926.175102 13.012744 0.100018 0.033297 14.381406 4.526106 61.854835
32297926491.951054 20.059743 0.979974 0.657924 2.908084 3.245422 66.076782
99906992485.756149 11.261924 0.441464 0.392236 2.674860 3.288443 82.853346
86422118096.290344 15.719749 0.392855 1.780543 18.819070 4.355516 85.803674
39456464853.172440 18.332460 0.651775 1.299691 7.403450 3.389098 68.877411
58121367074.106316 24.535269 0.857617 2.567029 4.440397 4.629706 85.215420
33286842348.282959 28.185844 0.562189 2.528974 5.629389 4.283627 73.793894
65449175063.070755 12.583795 0.380380 0.021758 4.147656 3.571871 73.898313
73338431310.844040 13.099125 0.101505 2.923492 5.852201 4.822165 77.519759
71941242377.587311 22.717073 0.437895 7.599012 5.387460 4.252382 89.441314
52034883459.827316 27.812594 0.798868 3.823939 6.137287 4.470974 85.294935
114293228102.961395 10.870438 0.346914 0.058084 8.310646 4.018161 85.942865
50867532445.244629 13.233861 0.225588 0.568834 9.074459 4.769356 68.794842
48239206559.103096 17.372658 0.179224 3.038320 2.964945 3.081019 72.569998
179477737560.789642 11.172747 0.355915 1.978055 4.988501 4.428889 100.532612
41393209519.888718 42.034243 0.916477 3.777498 7.613301 3.537479 90.105510
39585872155.164703 20.245676 0.250746 3.314585 7.965562 4.954569 70.899174
86020140886.059677 11.616712 0.151041 0.083444 7.007446 4.386768 79.400412
282158034869.665955 8.501017 0.133832 0.361932 10.535764 3.291314 110.087089
128925000178.112015 10.542049 0.441350 0.089707 3.550170 3.149703 88.836780
61385989937.697098 11.987249 0.021919 0.545294 8.392082 3.137081 71.488657
146348672863.519318 19.686410 0.697655 3.936000 2.908626 3.033489 108.762693
100549349877.191833 9.905185 0.253567 0.031558 5.700644 4.955992 80.635595
57759023912.100441 30.002206 0.477502 8.048894 2.470362 4.030909 90.398907
112154486973.779785 10.325889 0.513110 0.620042 10.440539 3.536987 84.407044
148823349799.719910 12.820692 0.297071 1.857078 17.431687 4.201786 97.622063
21787199129.505463 20.624979 0.845533 0.124332 12.534099 3.155904 58.410472
110289954536.557327 11.645862 0.613487 1.111727 10.912874 4.942540 86.309759
101816691867.476212 14.036104 0.349905 1.757264 9.600243 3.283493 87.995714
21471254649.864983 38.152930 0.518662 4.561558 4.150552 3.573187 70.145709
215836576290.042419 9.481765 0.441734 0.077349 3.889744 4.618263 103.026840
85041177789.721420 10.254382 0.652459 0.063123 4.240398 4.888988 76.848611
73993135146.816299 14.052693 0.577156 0.394252 3.538015 3.631952 79.137636
90623139015.317673 24.600116 0.468519 9.662529 5.227293 4.090350 98.891824
97941257199.853409 10.674855 0.193970 0.194003 8.887343 3.030503 81.291388
40999207153.285553 15.851578 0.223632 0.602070 2.897145 4.862322 67.068171
25824120367.608341 39.983565 0.797952 2.981481 6.534851 3.868896 75.742109
308141773825.940491 11.758630 0.364369 4.872064 5.196128 4.486970 121.841342
70646179651.639343 12.613178 0.711838 0.697785 19.085234 4.685161 75.848022
39634097686.535675 32.132223 0.470217 7.477637 6.817682 3.652154 81.460088
255578434858.646576 8.056584 0.718260 0.343685 6.139015 3.031468 105.367112
51709446398.411499 13.382374 0.070403 0.017172 2.334131 4.653668 69.365621
33267652647.375614 32.916720 0.374662 9.735503 16.937436 4.382053 77.427352
251038456828.434235 9.248614 0.126609 2.656838 10.247631 4.174552 107.768457
164621486452.663361 10.500699 0.220137 1.648698 6.694082 4.241918 96.291374
53234257354.958916 13.356137 0.372408 0.024113 3.980331 3.446868 70.006423
258895745040.010712 11.190721 0.626131 1.518655 15.141397 3.703352 113.633983
89270532312.591125 18.891901 0.722270 2.383226 4.248949 4.222998 91.180246
95142061318.530701 17.571467 0.737089 2.539532 5.718771 3.626565 91.291472
221883679122.681519 9.105017 0.136194 0.090684 10.029919 4.540729 103.078977
24128143656.178192 16.930020 0.026675 9.212760 6.717766 3.236199 57.203391
190139853531.895050 8.982433 0.016097 0.220557 10.980686 4.225386 97.627621
247487478359.064880 8.391194 0.946112 0.020467 3.831264 4.795329 105.100174
55405180742.626419 21.990410 0.895146 1.514222 2.562764 3.968370 81.211620
36528873826.850250 15.593821 0.516849 0.100535 6.492402 4.541370 64.256996
158540315625.157623 9.358684 0.932704 0.014267 4.764338 3.162365 92.696213
276116936343.107422 7.684170 0.271487 0.062902 6.004055 3.956724 107.118317
169593271697.985077 11.519456 0.279730 2.623327 9.486918 3.775576 99.363494
41804409005.126038 20.461433 0.324721 2.166486 15.775949 3.196351 72.417736
56192718573.685173 49.934860 0.819877 8.842466 13.605751 3.412303 105.659481
37420569136.012665 18.437996 0.170550 2.695699 5.103361 4.400351 67.779431
37122735744.928284 15.983902 0.724933 0.057107 7.383517 4.959943 65.027409
270621693364.956299 8.866754 0.575204 0.663970 3.396452 3.721401 109.517922
150717190103.022125 10.891981 0.124020 3.949741 2.834604 3.333717 94.287883
151903974906.051880 8.643887 0.666759 0.035089 6.642775 4.316826 89.863941
235360291991.560638 9.667232 0.508154 0.059978 2.598921 3.174763 106.492618
36392032481.575104 25.603723 0.620412 1.969996 2.064091 4.320755 73.837080
57290431514.684929 22.855774 0.969500 2.410896 7.504351 3.906149 83.051235
85013459051.378128 20.645006 0.844075 2.326474 11.735690 4.704444 91.982769
165956785261.784485 7.970579 0.673774 0.332346 3.824163 3.836642 91.048198
56854545815.724884 20.860159 0.429926 6.060975 3.349604 3.788550 80.677606
20045347804.465294 35.127248 0.474800 3.637547 9.204234 3.940779 66.760189
257233122735.945862 7.635836 0.201650 0.058210 14.108512 4.784941 104.491151
162714330474.729492 10.997356 0.061495 5.189186 3.396786 3.485876 96.941994
29565143378.723682 31.839194 0.749077 2.100972 5.791789 3.615582 73.665861
96200952322.007919 30.914656 0.817382 5.984774 2.551503 3.343699 108.159137
40847363736.208755 20.941062 0.992525 0.890802 3.010556 3.312677 72.338158
152226688755.799561 16.879686 0.365833 9.567302 13.450635 4.686231 105.615534
114991269122.681183 9.920657 0.892300 0.014787 8.034736 4.971451 84.353964
37242384269.461861 28.216203 0.859610 2.170106 5.109261 4.711983 76.633493
123990804073.001709 10.736967 0.071994 5.192268 7.361117 3.238996 88.056983
193588634202.658081 10.307281 0.196099 0.887827 8.814077 3.759961 101.209901
132960813816.919128 11.364547 0.458223 0.102959 5.902223 4.043332 91.329521
218535023693.326355 9.553763 0.143624 0.032051 2.628887 4.487592 103.624586
203187948755.273254 8.488987 0.128929 0.490363 11.316380 3.143554 98.645868
168711928643.492340 16.755182 0.683226 3.713703 16.826826 3.245645 109.079932
169319258515.127014 9.835262 0.122222 0.170413 5.947666 3.022977 95.783115
265344947352.572937 7.978327 0.669941 0.227428 5.137080 3.161628 106.486209
256598938030.138794 7.730456 0.873131 0.078462 13.294383 4.417691 104.654096
54223735365.063118 14.343579 0.556119 0.011530 12.395779 3.722954 71.723011
99574440212.894547 13.762146 0.170477 5.939293 14.979050 3.384448 86.908852
49611629180.238846 24.392048 0.522768 3.224090 4.603789 4.460038 80.694679
25155315599.232662 28.069168 0.457129 2.879676 5.745448 4.441350 67.130700
30352153526.085186 31.958668 0.417868 8.779417 5.470914 3.870582 74.401174
30584329082.532650 24.922135 0.487029 2.448271 5.682721 3.684904 69.118966
75313613996.190475 11.517033 0.410921 0.140527 15.112619 3.883670 75.804245
120904582920.116440 16.097723 0.339535 6.479596 6.939650 3.077312 96.571905
144617622402.615021 14.150784 0.278427 5.150407 15.898124 4.700623 99.120613
130135597106.686661 10.533926 0.410169 0.019483 10.401007 3.759263 89.098324
48904207809.908104 22.469168 0.364153 3.768335 4.767886 4.447353 78.391671
257354075785.471130 8.041197 0.191490 1.080599 6.119056 4.379462 105.570444
31962806881.786247 47.623247 0.658357 6.969193 4.805511 3.240878 86.161593
149946835528.084442 8.968351 0.271219 0.174405 7.118979 4.158562 90.167567
119404949756.350693 10.544437 0.657787 0.033899 6.679257 4.634936 86.598484
238514713296.725983 13.161294 0.348345 4.583503 10.586435 4.658673 114.987862
173435953379.144165 28.312609 0.662870 9.493495 8.415435 4.279746 128.107106
21068612413.045601 19.298504 0.086296 5.778801 14.482867 3.665658 56.684482
100285042161.028763 10.769857 0.103310 0.068198 5.391940 3.812456 82.101545
125847005320.360992 14.822649 0.409947 2.875693 2.677661 3.718901 95.769178
64948332032.415550 23.432651 0.824847 2.571850 7.917180 3.288563 87.234014
251631609761.083771 8.648831 0.891312 0.111863 3.801285 3.105511 106.341352
87356318943.929840 13.207159 0.424301 1.315685 12.755035 3.166235 82.342034
45752977286.112503 24.524598 0.326070 6.540341 2.183982 3.185562 78.672540
181426677384.083862 9.993553 0.204176 1.578336 15.903921 3.149491 98.361114
106671052894.511520 10.000315 0.878884 0.015926 7.968202 4.957747 82.414555
25237811350.263206 28.690626 0.531612 4.111512 7.995232 3.507836 67.656974
28036655052.713303 17.886180 0.248478 1.708263 8.146929 4.133972 61.046586
228651947408.957367 15.151862 0.451104 6.339027 9.895455 4.489501 117.531561
32680601245.010120 16.647148 0.206967 0.853932 11.815528 3.909753 63.004196
97034955034.579330 30.387605 0.589965 9.312953 14.441654 3.183133 107.891506
94185191977.085770 12.093687 0.951080 0.759437 9.553986 3.204619 82.629073
93115676675.373291 14.191589 0.397169 1.134795 7.377756 3.419462 85.654633
201577560279.111115 9.798658 0.028500 5.519271 6.245678 3.114890 101.432499
14721998000.488905 43.748574 0.613527 3.397567 9.501522 4.231096 64.687691
66669503005.765839 11.760629 0.207710 0.011399 12.764069 4.092860 73.148344
96407957238.253296 16.214964 0.368286 5.212643 5.286282 4.132780 89.725256
162718992860.365479 9.183871 0.860615 0.053278 9.334676 3.620142 93.126222
32344313643.098289 21.092375 0.272359 2.365194 7.683079 4.824498 67.061857
24691992956.962532 34.590483 0.474072 4.358839 7.052824 3.946940 71.214186
37629945285.211418 14.345843 0.421408 0.019244 13.639238 3.409857 63.502501
65873579583.629219 34.019336 0.809663 4.867536 3.498101 3.878549 98.247067
185763253777.662170 9.870345 0.046920 0.011148 4.813152 4.788169 98.866321
238617109751.187988 9.826221 0.176755 6.215631 5.917841 3.900318 107.365781
32348598074.787659 22.920873 0.322385 3.174350 2.730187 3.022407 68.701394
46141377125.901772 19.769966 0.408363 2.127839 3.386035 3.448816 74.113898
93147912863.996948 11.363209 0.052168 1.600841 7.372082 3.806644 81.111475
42384786075.442116 16.349323 0.803900 0.601564 8.815824 4.262261 68.376230
75191568300.973740 12.103700 0.254055 0.016042 4.959306 4.809973 76.668173
40856281342.495621 26.731722 0.529318 4.028282 4.570217 4.202823 77.745164
22283229366.418552 31.710819 0.831284 1.625290 6.290951 4.942288 66.954875
36360784704.915771 32.316322 0.382549 9.660508 3.682264 3.587437 79.295075
118996814563.971176 11.238710 0.024829 0.025132 4.183739 4.492459 87.783567
69166853347.234558 12.660449 0.962680 0.218288 11.693036 4.571548 75.384022
113409174970.072388 11.976107 0.639460 0.661937 2.944475 3.766691 87.700023
136380940928.640915 11.356365 0.810903 0.243219 4.408242 3.218763 92.090381
56740798453.260826 32.522584 0.690926 6.144074 12.145906 4.434122 92.158725
167911121168.226685 11.728356 0.707723 1.602077 12.694473 3.433549 99.457451
106112514503.671249 13.977324 0.361903 1.915864 8.411575 3.950493 89.120991
160601446063.904541 9.982872 0.993561 0.063389 9.665927 4.998316 94.421222
175897017159.110443 8.875737 0.581983 0.200672 6.909759 3.212140 94.887577
82414377803.164597 36.278974 0.941189 5.856610 6.748659 3.011677 108.060162
59157059336.947433 28.085309 0.404438 9.874908 5.728118 3.844553 89.287337
172034430685.563873 9.968944 0.594152 0.010573 6.613007 4.054756 96.580667
148172982172.107849 10.542030 0.243202 0.934268 8.314708 4.077662 93.054330
217348479813.965332 8.387079 0.791029 0.059980 16.099559 3.664564 100.637819
43162768848.616928 15.074907 0.285067 0.495581 9.437134 3.041256 67.332040
220048753953.679840 12.314755 0.665803 1.465644 3.483490 3.979677 110.124252
89216521610.176224 25.982924 0.426265 7.739994 4.584349 4.650720 100.001770
107535647989.204147 10.585228 0.669035 0.139278 5.039428 4.192430 83.702047
55854991329.557861 23.367222 0.551397 3.344173 4.479270 3.624490 82.888282
195317832187.126007 11.677235 0.688405 1.706340 7.277345 4.378657 104.489595
98557021680.307785 10.304549 0.518931 0.131762 14.345710 3.594822 80.810218
28192376784.510487 35.013661 0.513294 4.681796 8.687295 4.073658 74.720777
50038373279.784241 13.121879 0.106702 0.828659 2.476449 3.699287 68.274272
197719470657.605713 9.188652 0.920227 0.061323 4.291248 4.670995 99.385716
204145375266.707123 14.997361 0.440394 6.058146 3.132317 3.214994 112.870695
198336890507.478607 11.134479 0.897899 1.157647 14.767031 3.222330 103.854040
299589955551.070496 8.487826 0.653223 0.014574 2.887117 3.304258 112.273304
181119178657.657196 14.418922 0.523907 3.593114 2.853398 4.175053 107.358082
145897136293.389893 12.192818 0.776779 1.223600 4.779253 4.243200 95.795320
44265141921.979927 13.199301 0.676087 0.240585 7.693929 3.266334 65.636637
30606215445.940056 16.192848 0.070774 0.044540 2.274234 3.259358 61.186468
40469929280.795929 13.368153 0.603249 0.018050 3.501313 4.985246 63.907149
49638824983.151360 45.002460 0.749490 8.033243 8.891613 3.336098 97.913081
112462913179.256851 12.600013 0.832290 0.631547 10.648418 4.561497 88.540092
159857367889.643829 10.751390 0.362507 0.381095 4.546731 3.560758 95.869134
74663037663.222519 21.964890 0.542575 4.557110 14.354237 3.631885 89.672035
120915365981.369675 11.248154 0.607981 0.016174 6.694992 3.240455 88.270192
29406367309.481190 21.024122 0.941770 0.895201 7.704211 3.242275 64.906191
93973963351.696884 17.470370 0.725107 2.370866 5.820135 3.630382 90.773122
80167346784.279343 11.937983 0.803412 0.380642 10.448736 4.551839 78.063899
188956281691.674530 12.479189 0.275566 8.027171 3.662839 3.341741 105.010707
166622631970.822449 10.653390 0.000517 5.433300 2.967478 4.585384 96.998970
41149949681.890228 13.959017 0.373103 0.027996 2.967039 4.182204 64.968492
93326690685.311325 12.540892 0.748382 0.020492 4.914798 3.843792 83.107202
46025041251.516365 14.978069 0.789736 0.192566 8.896749 3.358530 68.673179
180561875432.499146 12.214495 0.113869 6.934460 5.607330 3.732603 102.894182
108099643551.243652 12.102594 0.793122 0.014302 4.272741 3.227081 86.528114
238415652861.647614 9.135953 0.212368 0.441825 14.468791 4.263606 105.654146
155038360038.705048 10.391170 0.029110 0.051509 4.916352 4.637575 94.161118
59072244950.003441 20.783661 0.389559 9.030721 6.221575 3.301611 81.627379
95983656440.826782 11.728454 0.211538 5.091354 10.476971 3.664542 82.542471
62551235198.103500 11.594558 0.135227 0.031044 9.869895 3.403442 71.368175
38181349949.341644 12.350071 0.041785 0.219021 6.036066 4.079417 61.465217
271421095678.843414 25.873622 0.779264 7.991064 2.996728 4.093237 144.718011
286244733732.621704 9.105472 0.645470 0.019814 5.395150 3.842074 112.213582
56322229192.656425 14.113263 0.586990 0.011050 13.065551 3.694814 72.336200
49834772906.449844 22.199686 0.321817 7.466392 9.004687 3.903059 78.609177
107060347992.771515 15.748986 0.527140 3.267835 6.165116 4.152358 92.197810
112836526214.890518 15.403759 0.526038 3.433934 3.776242 3.718548 93.280184
19881379679.034901 21.782954 0.316724 1.505855 3.141524 3.513209 57.551638
24181079943.327160 48.862571 0.557357 5.862827 18.585417 4.559131 79.189400
179332386398.433838 12.149477 0.206100 7.764739 9.712771 3.872428 102.527628
86780493471.323669 9.959482 0.014258 0.020264 9.755746 3.168809 76.865985
72162153841.576645 31.390574 0.702089 7.124804 4.058783 3.471642 98.744384
120840248270.671097 11.855925 0.336751 0.962404 2.219463 3.359292 89.358714
56540371006.057640 23.426869 0.515695 2.849192 4.056407 4.267014 83.288401
55724861184.682152 18.875114 0.606747 2.104882 10.274615 3.914916 77.906439
29600872430.667755 18.101068 0.209578 2.783844 12.160238 3.620453 62.366088
53980997731.538742 19.055168 0.204560 8.036889 12.728002 4.036562 77.289799
60716443979.464096 27.261789 0.601787 6.232560 17.072890 3.290166 89.250748
90542429495.354599 16.001312 0.937842 1.477574 14.887651 3.770702 87.557404
53406047796.937988 14.425153 0.118662 1.745932 11.231150 3.063777 71.464715
84881496102.672913 12.216950 0.228649 0.016204 3.211112 3.806911 80.009389
49654537974.834320 17.092403 0.616664 1.852235 4.535752 3.595927 72.949617
164994939090.250183 32.246063 0.803645 9.060822 3.242232 4.642998 131.188205
152342403479.986633 9.117229 0.255482 0.146940 7.794578 4.037348 90.961787
13850802765.298410 29.453093 0.326326 2.555333 3.231255 3.494716 55.842476
79377203717.377121 26.998183 0.877198 3.020433 5.168393 4.881490 97.302881
173406718182.435120 9.153403 0.339849 0.048833 2.811872 4.632743 95.054665
152114721824.312775 9.432256 0.266621 0.339170 6.082951 4.054169 91.581276
48168535146.021950 45.967847 0.717220 9.588037 12.270738 3.299415 97.623499
137981741823.787842 11.813010 0.211201 1.276170 16.364578 4.856254 93.317597
293117565165.341370 9.453109 0.997960 0.560770 5.124232 3.881058 114.017397
107064756556.106003 14.740721 0.216219 7.418038 14.040889 3.375608 90.615578
78970757418.707886 19.441876 0.884430 1.438572 3.910925 3.219563 88.235594
30284269969.415325 14.005790 0.430069 0.134653 11.157626 4.055784 58.706799
30871639314.330784 17.818132 0.939388 0.258013 11.052407 4.552213 62.972539
118578428488.818085 12.842283 0.096290 6.611383 12.387855 4.034162 90.539866
220430556289.626465 9.531570 0.169112 1.819818 4.485054 3.472082 103.870767
189899128327.129089 9.172016 0.166214 2.323476 15.370191 4.912796 98.019812
279758535002.037781 7.140416 0.626505 0.018415 5.004918 3.074019 106.105160
278215384770.256104 9.619018 0.101100 3.586021 6.814893 4.679086 112.476221
182436730503.208740 9.438094 0.564577 0.193417 8.716664 4.586279 97.314711
32639143940.008141 21.606619 0.105534 9.846537 3.493699 4.798072 67.733162
83336517186.520508 24.251423 0.493271 8.889318 4.721568 3.853622 95.759825
286544966151.080566 8.108219 0.040744 1.922891 4.542811 4.561711 109.600871
23055952070.330006 18.101893 0.146135 0.635573 14.411799 3.961275 57.382591
59619593844.269196 18.380008 0.877624 1.942043 14.450211 4.336453 79.094294
59683887088.109665 22.496942 0.477985 4.765828 14.744442 4.088464 83.803721
151495680117.736481 14.900799 0.404554 3.283998 2.940825 3.703640 102.016728
128319240698.416031 10.114307 0.220940 0.015936 10.955453 3.522786 87.871937
22911254893.139309 20.954561 0.396297 1.055979 6.507466 3.850935 59.668154
16308612201.607990 27.846806 0.876477 1.130590 13.080878 3.398952 57.959841
281288907965.180359 9.555917 0.147028 3.358220 8.005014 4.926189 112.727007
65900022482.606522 15.322421 0.349963 1.519964 8.149356 3.957109 77.862979
51066463142.511086 12.247587 0.620471 0.013839 12.430728 3.436952 67.584243
90708834527.014755 16.264188 0.360547 4.070979 5.087239 4.080994 87.992417
123947211033.299057 12.053144 0.250251 1.505574 4.369175 3.711147 90.475845
57207698243.480133 16.865715 0.601216 1.766914 14.194716 4.349857 76.199453
92895085454.350479 18.438568 0.372267 8.879410 4.448024 3.558013 91.775994
59133144402.244911 18.957751 0.553359 2.191546 3.601277 4.504255 79.560377
49879666189.102089 15.590345 0.313672 2.264136 18.758921 3.163783 71.283765
122346055270.088501 12.862095 0.209993 3.148488 13.131361 3.538650 91.523631
291288282381.414551 13.813129 0.505456 4.305091 4.849765 4.646794 124.412034
183639313465.812134 9.542661 0.962413 0.047370 3.922423 4.678823 97.761487
28855536567.439671 15.471706 0.024450 5.620224 6.192660 3.465609 59.276857
249895232410.907288 7.975392 0.017095 0.025092 4.759116 3.788349 104.370434
49544133036.626228 12.533478 0.763433 0.132863 4.725726 3.555437 67.282888
126325338375.825043 10.640750 0.655220 0.011065 3.860449 4.234239 88.423553
267761888680.202515 9.765819 0.937336 0.670090 5.616014 3.884191 111.418769
129447046942.386734 31.146496 0.710477 8.480232 10.573146 4.237639 119.686991
33597261499.464993 45.441046 0.951063 4.552056 17.940413 4.066449 86.245175
129805256585.571808 10.802984 0.322094 1.170582 12.339779 3.371372 89.538608
107530102636.876282 16.064711 0.248970 3.247047 4.263260 3.796235 92.820192
139863419592.832916 10.509347 0.483831 0.037071 3.742215 4.525400 91.216749
182258399149.722565 8.483960 0.261532 0.827804 17.928511 4.095139 95.123852
76271312478.486694 11.493923 0.001184 0.308113 8.238284 3.164212 76.088053
21297743880.615669 48.867542 0.666969 4.069633 19.412576 4.555427 75.910387
30885550444.178268 31.007663 0.420456 5.288990 18.707677 3.959025 74.130270
83835146752.104523 10.538891 0.748903 0.043467 19.732241 3.916511 76.959014
116720131456.011520 11.828936 0.245546 2.551390 10.958080 3.414186 88.283219
103748605138.740311 12.527266 0.199072 1.225037 15.916074 4.022332 86.069374
82765327534.817627 12.540546 0.402298 0.111643 5.838279 3.635909 79.845403
78123956965.232452 13.631353 0.977196 0.665870 2.494105 3.097027 79.964096
247734691348.690979 10.453389 0.566456 0.211543 1.523977 3.220677 110.232219
218739738144.810059 8.212490 0.610326 0.030682 7.629142 3.994626 100.423945
143598890879.167358 19.214417 0.901622 2.952973 10.994240 4.590434 107.342267
16378306631.922586 49.335830 0.651451 4.794550 4.385046 3.243165 69.770636
50940053028.207085 13.716302 0.239441 0.090106 3.855300 4.664707 69.449322
260504498289.248077 9.308845 0.156662 1.784071 4.410934 3.909432 109.258396
51703934312.987617 18.809780 0.216919 7.845698 2.943350 3.481913 75.912226
294082435814.720032 7.821749 0.454302 0.439041 8.311513 3.270644 109.770913
263831041241.327728 8.960327 0.840841 0.740226 4.820479 3.958613 108.834001
166944644414.350708 12.460883 0.321863 3.523351 7.260273 4.921148 100.727562
81283109977.905365 16.905170 0.551667 2.639476 3.251215 3.425778 85.718533
121456371330.066299 10.400461 0.623471 0.012004 7.541016 3.323392 86.820018
29212092676.225243 48.665860 0.881414 4.138567 13.852149 3.016222 84.224946
58639049098.941109 27.529429 0.507382 6.451531 6.384689 3.928559 88.483911
156782526729.384064 8.905413 0.459790 0.029384 10.354133 3.910824 91.381871
105622210419.133163 10.452985 0.155816 0.112271 4.447343 4.119671 82.964867
94959225118.164932 12.334720 0.119382 1.338977 4.840970 4.466608 83.251749
81819457159.884201 13.506269 0.839951 1.239295 10.459790 4.053511 81.017284
158253852342.811401 12.539757 0.251615 4.187852 8.475389 3.624881 99.101109
62446221205.975174 20.525717 0.670216 1.514103 3.175440 3.570435 82.856749
51810451346.486343 14.619235 0.142899 2.232959 6.073468 4.750819 70.989927
139527392055.766693 9.846398 0.165947 0.100821 13.822799 3.925924 89.821816
119521370079.021317 10.078350 0.743317 0.551121 19.633144 4.487030 85.747711
33960450444.791283 23.463880 0.311057 2.421520 5.775353 3.359747 70.305825
260949241589.802917 12.426963 0.142553 7.278011 11.149047 3.441814 116.820951
166788825035.659637 18.652325 0.336364 9.745753 5.561125 4.135112 111.903420
246871223296.848694 12.622057 0.625677 3.804892 4.617696 3.563434 115.118857
163519955928.893555 12.171338 0.649176 1.486389 3.457396 3.812146 99.464251
37200260591.797340 13.800543 0.047769 0.059906 14.924211 4.485897 62.637788
16566138175.697327 49.875701 0.697468 4.890715 13.392102 3.557459 70.293529
