0.010000 2207472752.892610 471133172.422405 5041798149.733832 171353089.868408 6803745700.126614 111808156.084057 7853905466.153908
0.012068 1942604598.384457 448839165.590029 4335820764.742633 167314348.748309 5784467749.646773 111288628.927837 6648534779.484271
0.014563 1743987176.217232 427712986.580516 3762611500.186655 163341954.269477 4864593200.994133 110763658.291017 5622207138.707121
0.017575 1554335764.301560 402523977.297742 3220511614.777364 158690488.378316 4128939080.813452 110231571.664669 4703279741.102716
0.021210 1389557333.964415 382150655.912288 2758773695.703934 154351890.782246 3487709033.647713 109690296.452532 3864350494.107021
0.025595 1238039752.156139 358585991.217240 2342540906.789981 151758507.516897 2905887128.250377 108801300.121159 3173595828.285409
0.030888 1096128284.477127 340457600.643385 1979156379.794052 147983202.265802 2415443585.361486 107846285.447484 2659256879.832690
0.037276 957929728.856245 320159307.916372 1669889614.472998 144235596.766085 2000645174.425231 106878892.464743 2233878318.497934
0.044984 844248381.907678 301029379.883899 1399728697.003060 139783054.154617 1656801875.753449 105894712.252886 1847712065.248893
0.054287 741685650.497724 282229841.373414 1174089265.841061 136529686.979637 1385951774.696509 104827152.456341 1524361239.456517
0.065513 655116791.720024 262702803.987292 984960443.932408 133633609.396184 1145454105.135151 103317247.427610 1257418895.490834
0.079060 574568965.144370 249400712.535453 822393648.144504 131476214.772865 951563889.353375 101741463.406227 1053729758.388928
0.095410 497904878.373761 233259950.518176 685090199.163550 129217317.283645 790539861.150391 100085077.955987 899416363.823767
0.115140 430587784.179713 215179736.801714 566268320.101950 126829652.817638 658437662.620493 98070048.860571 742707137.077060
0.138950 373264750.412547 199604971.070378 469926611.268586 123843391.036985 539366591.484239 94616105.494206 606517119.357016
0.167683 316757489.160559 185596392.540503 392013552.907710 118887252.795180 448661541.328416 91132096.471713 492229420.575911
0.202359 270521731.519658 170923100.961830 325568845.071754 114683030.250386 369903503.721173 88561552.005738 404100724.155021
0.244205 226149392.980265 156849068.656514 269169797.200051 110946678.831312 303999522.003586 86920964.550883 351234843.523058
0.294705 192568968.575669 142717685.482268 223924489.432110 105340911.563380 249879057.608946 85012521.129781 296199409.303819
0.355648 161981996.773856 129788652.399799 186501694.922693 99988014.792220 207387077.999068 80900421.454410 245985604.439909
0.429193 135201569.003523 114586063.360084 154581475.673992 94370719.798373 171480522.329532 76698041.844009 202907462.737655
0.517947 113431470.172213 99120257.401343 128226120.217527 85840960.508666 142893138.409867 72257041.164412 163425936.300717
0.625055 94475938.082381 84009016.817332 106663030.853451 75068808.016795 119438536.657687 66108655.517605 130432068.215150
0.754312 78646349.872918 70084175.699941 88623973.728749 63036591.817222 99736055.205484 58653336.584677 110378434.289902
0.910298 64996543.814997 56980762.843737 74444679.543350 50897592.757867 84228698.875635 46722906.664974 92597399.751213
1.098541 52919205.547339 45892765.595004 61612611.413768 40431943.605958 72983045.927580 37249191.213089 81549639.910254
1.325711 42450755.239257 36167674.712189 51191069.110481 31481353.326696 62219621.318515 28466119.232269 71733639.969349
1.599859 33386657.508134 28470924.320391 41966004.833862 24056426.196919 52406447.018056 21758492.453248 61368233.595775
1.930698 25985017.817295 21965665.452655 33475454.869075 18194434.050052 43642906.905168 15833532.212092 52211193.484103
2.329952 19892626.965247 16470343.967571 26011266.508487 13084208.094985 33435820.294039 10475573.776531 43988980.695704
2.811769 15009863.518665 11926123.373600 19589364.339663 8736004.732239 26402878.451325 5077412.492258 36613862.715567
3.393222 11034195.414657 8092164.379314 14543503.664566 5326109.640906 19821997.633822 2409081.188648 24966287.004904
4.094915 7976128.172060 5066237.599678 10418064.744155 2524637.602796 14780381.965942 1134595.908574 17163092.193079
4.941713 5374633.232211 2901357.293769 7444821.012729 1156523.860904 10711311.201523 473096.723477 13410319.435265
5.963623 3408683.444881 1504360.651577 5141601.121383 561716.249503 7388525.789035 197268.920214 9660303.292093
7.196857 1961267.666316 778428.666953 3492149.365535 263920.393351 4889768.542113 82255.963636 6782753.686650
8.685114 1057820.672755 380328.862230 2271871.116684 113116.819555 3263883.858398 34298.578541 4537623.549049
10.481131 552424.171163 178769.355177 1406641.837815 49723.423759 2141798.397437 14301.607299 2855207.606621
12.648552 271326.136174 84293.625280 796855.549520 22342.680591 1401928.630413 5963.394987 1753274.324621
15.264180 136111.014707 38879.147927 420774.286420 10221.734293 844937.643551 2486.579238 1186001.698765
18.420700 66415.707455 17715.703136 215314.573155 4587.534773 480089.444175 1036.838297 694255.687542
22.229965 32220.778959 8429.379327 111646.765586 1894.625302 249019.892138 432.334365 362991.510838
26.826958 15985.286103 3857.332589 56709.380149 798.061885 120701.861073 180.272086 197923.531406
32.374575 7719.909171 1774.535423 27769.161333 338.685250 64538.599679 75.168730 105349.779134
39.069399 3720.792376 799.175662 14381.950967 141.815424 34847.741675 31.343388 58843.616521
47.148664 1846.164742 351.833847 7208.679189 60.699477 18723.066636 13.069370 32212.638937
56.898660 879.702423 154.741330 3763.278670 24.645041 10292.702426 5.339868 17848.799058
68.664885 425.216285 69.119409 1953.815588 10.006314 5613.688353 2.088425 9889.895343
82.864277 206.836870 30.642637 992.253652 4.062737 3069.722240 0.816784 5479.922183
100.000000 100.365958 13.139211 526.102370 1.636204 1677.939003 0.319445 3036.386745
