0.010000 0.001219 -0.005694 0.008214 -0.008908 0.012798 -0.009937 0.021976
0.012068 0.001450 -0.005565 0.008395 -0.008853 0.014333 -0.009922 0.025244
0.014563 0.001856 -0.005411 0.008815 -0.008747 0.016072 -0.009900 0.029237
0.017575 0.002323 -0.005168 0.009309 -0.008700 0.017977 -0.009865 0.034108
0.021210 0.002674 -0.004853 0.009763 -0.008499 0.021521 -0.009814 0.040033
0.025595 0.003550 -0.004396 0.011154 -0.008451 0.025041 -0.009736 0.047215
0.030888 0.004310 -0.004041 0.013610 -0.008367 0.031126 -0.009768 0.056212
0.037276 0.005297 -0.003384 0.016955 -0.008378 0.038610 -0.009653 0.067499
0.044984 0.006462 -0.002735 0.021545 -0.008063 0.049084 -0.009997 0.080643
0.054287 0.008165 -0.001984 0.028233 -0.007890 0.061793 -0.012011 0.095843
0.065513 0.010326 -0.001119 0.035763 -0.007663 0.077351 -0.014903 0.113280
0.079060 0.013263 0.000078 0.046885 -0.007275 0.096974 -0.018296 0.133098
0.095410 0.018640 0.001704 0.060628 -0.006933 0.120356 -0.022148 0.155387
0.115140 0.026353 0.003992 0.079713 -0.007369 0.142412 -0.025339 0.180516
0.138950 0.036594 0.006496 0.104236 -0.009330 0.176110 -0.028871 0.210760
0.167683 0.050311 0.010398 0.135782 -0.012251 0.215328 -0.034045 0.253881
0.202359 0.067074 0.014759 0.173426 -0.015634 0.260386 -0.040978 0.306513
0.244205 0.087804 0.020977 0.223524 -0.020450 0.312065 -0.047964 0.370491
0.294705 0.112198 0.029129 0.276626 -0.025268 0.375264 -0.053562 0.447724
0.355648 0.140054 0.037720 0.332407 -0.031574 0.446336 -0.058960 0.535745
0.429193 0.171398 0.047616 0.394650 -0.035466 0.524694 -0.064206 0.621451
0.517947 0.207567 0.059099 0.447277 -0.038809 0.598760 -0.071595 0.696506
0.625055 0.242537 0.067884 0.497956 -0.044463 0.661008 -0.077826 0.752585
0.754312 0.283574 0.078248 0.541576 -0.046499 0.721639 -0.083261 0.794022
0.910298 0.319366 0.086585 0.576646 -0.047159 0.765495 -0.086834 0.835727
1.098541 0.340515 0.092603 0.609956 -0.047583 0.800798 -0.089864 0.867741
1.325711 0.364144 0.095628 0.638414 -0.050552 0.829856 -0.092137 0.895553
1.599859 0.390679 0.097082 0.664222 -0.052826 0.854433 -0.093817 0.922314
1.930698 0.404284 0.100465 0.681945 -0.054244 0.872171 -0.095047 0.940963
2.329952 0.411679 0.102893 0.700001 -0.055104 0.883397 -0.095938 0.953755
2.811769 0.417895 0.104120 0.718735 -0.055618 0.898554 -0.096582 0.961863
3.393222 0.422137 0.104647 0.727864 -0.055922 0.906874 -0.097044 0.966614
4.094915 0.426409 0.104856 0.737529 -0.056100 0.917672 -0.097376 0.969693
4.941713 0.429771 0.105067 0.747544 -0.056205 0.922912 -0.097612 0.971682
5.963623 0.435574 0.105161 0.752858 -0.056266 0.926378 -0.097781 0.974134
7.196857 0.435790 0.105217 0.758398 -0.056340 0.928726 -0.097902 0.975882
8.685114 0.438708 0.105251 0.762972 -0.056533 0.932621 -0.097988 0.977111
10.481131 0.440165 0.105271 0.766687 -0.056705 0.934282 -0.098049 0.977973
12.648552 0.441040 0.105282 0.768498 -0.056868 0.938534 -0.098369 0.978579
15.264180 0.441503 0.105290 0.769156 -0.056991 0.941471 -0.098591 0.979004
18.420700 0.442127 0.105294 0.769643 -0.057085 0.941807 -0.098600 0.979302
22.229965 0.442622 0.105296 0.772661 -0.057157 0.942081 -0.098606 0.979511
26.826958 0.443078 0.105298 0.774967 -0.057211 0.943451 -0.098610 0.979657
32.374575 0.444007 0.105299 0.776886 -0.057252 0.943788 -0.098612 0.979760
39.069399 0.444141 0.105299 0.778319 -0.057283 0.944043 -0.098614 0.979832
47.148664 0.444142 0.105300 0.779143 -0.057307 0.944234 -0.098615 0.979882
56.898660 0.444143 0.105300 0.779280 -0.057325 0.944379 -0.098616 0.979917
68.664885 0.444143 0.105300 0.779381 -0.057339 0.944633 -0.098616 0.979942
82.864277 0.444167 0.105300 0.779456 -0.057349 0.944695 -0.098616 0.979959
100.000000 0.444167 0.105300 0.779512 -0.057357 0.944741 -0.098617 0.979972
