0.010000 11404.283620 2155.755817 28839.085540 749.078562 40384.301898 472.150802 47255.379638
0.012068 18090.095895 3648.047009 43733.855327 1285.766219 59716.411356 826.023959 69113.650546
0.014563 28515.470599 6052.754476 66152.319765 2206.682700 88472.113535 1445.046656 101298.777088
0.017575 44304.121998 10128.950458 99783.169350 3786.597655 130530.164521 2527.803730 151026.517766
0.021210 69558.653853 16963.006638 150746.647433 6493.074618 194725.560268 4421.512106 223932.895156
0.025595 109065.273037 28053.181078 225974.159337 11083.640436 287993.960156 7733.150565 329059.285786
0.030888 171980.173696 46809.735132 340448.353865 19011.327782 426408.360765 13520.643984 480612.711503
0.037276 267944.685033 77191.486389 506848.719381 32753.955067 629526.300609 23556.165705 699467.830247
0.044984 418322.464897 128777.086412 760383.941978 56123.319739 922617.763465 41033.271757 1016026.218487
0.054287 643597.725061 212523.431540 1123037.407719 96109.908220 1357994.676782 71461.824277 1474896.104742
0.065513 993305.374237 351403.844192 1662775.029282 163573.204539 1992156.457649 124421.606400 2149517.020554
0.079060 1533217.758140 579890.459702 2448004.349681 281078.814618 2914140.761259 216144.085468 3141652.145835
0.095410 2379000.166539 948365.868519 3625239.423257 484027.663659 4250993.001192 374269.462645 4571509.274611
0.115140 3665442.054225 1578895.852809 5319832.400174 836564.444977 6213147.312546 647468.459576 6692298.980026
0.138950 5601913.785020 2601751.838813 7813699.030249 1444171.462585 9056098.677582 1118816.822223 9920150.829107
0.167683 8545812.725497 4210352.429048 11394968.536908 2489416.283205 13185620.363331 1921333.419217 14535832.173918
0.202359 12924586.482930 6851860.892633 16609045.972034 4268197.648531 19183473.677026 3255905.849265 21109685.858331
0.244205 19536370.451675 11190028.183725 24283015.055676 7186529.171235 27775389.030254 5507707.554136 30460860.980969
0.294705 29188951.034009 18056155.367043 35496883.783495 12174935.982586 40449964.793669 9429575.440215 43752530.005636
0.355648 43352909.039658 29167339.299953 51683709.212738 20665108.030400 58453317.902903 16243370.892995 64402414.614897
0.429193 64034390.764097 46724034.405596 75201533.521052 34324873.364654 84935749.544065 27824759.815984 96641870.146157
0.517947 94945601.910657 74902796.936077 109997177.321441 57155251.310324 122247353.950106 46475407.287739 140390815.507902
0.625055 140177275.096465 116301309.361029 159903164.477841 94884518.768289 176961043.975905 77226959.203747 203754627.950081
0.754312 205741292.087343 177850513.640803 232397091.755900 152820575.933349 257223864.682710 127578456.923508 289641835.923630
0.910298 303174113.304602 268684304.887018 338061942.149873 238344006.057309 373514116.553594 205766063.268335 402529695.336517
1.098541 441376645.548990 394809284.199012 495143813.949165 358714377.804613 548586921.461372 326538193.243854 594952119.297935
1.325711 642286932.669717 571248204.050614 720621413.410340 513455429.713752 808636959.394101 476526725.631274 875724021.619609
1.599859 923831363.213324 813646656.626104 1047995745.830280 726580574.049784 1210239570.470779 666025699.740523 1345993127.730746
1.930698 1308987102.130841 1142957153.890490 1514692491.654269 1002532888.522990 1822821842.282862 924110348.819323 2098036818.147156
2.329952 1829259312.898995 1580875552.942261 2183935143.448810 1362501525.942402 2665040193.003734 1225619108.453358 3106750658.858324
2.811769 2512091534.957124 2160157724.288383 3092258780.698099 1820088617.545471 3721237835.179234 1640586985.885177 4628135581.279640
3.393222 3403368773.861179 2896720423.354053 4232138375.302791 2350249242.404500 5221559276.922755 2108578131.612235 6791756631.552895
4.094915 4536533332.593319 3724612407.555079 5665610171.472531 2954233430.058237 7298170631.006892 2509643177.710061 9027598679.629326
4.941713 5924783273.392717 4634882254.507681 7484568759.625559 3465590637.057597 10018082384.260839 2683421631.513932 11911733824.057592
5.963623 7594436928.208221 5579389355.320847 9669064661.826515 4035029321.498229 13254523705.377148 2830770401.378736 15652039116.481894
7.196857 9420133177.685402 6407561125.927748 12233217119.029627 4335405023.686466 17056176543.451109 2919439908.123801 20312873655.469498
8.685114 11242200612.909859 7203922762.574596 15403154266.935640 4628877608.168839 21366476286.359703 2955252893.659775 26821821058.614971
10.481131 13005389030.979292 7850113074.234529 18948400197.189198 4801705047.591152 26578175204.857559 2980089125.029968 34291915432.879124
12.648552 14382423466.952667 8364969890.417543 22620318704.702038 4926494198.454598 31550876184.850471 2997313000.097691 41500649098.611992
15.264180 15789175976.493149 8905364069.979473 26668739146.652843 5049364485.367647 37128743178.390923 3009257721.820027 48335678671.732689
18.420700 16897497505.386429 9146829326.032373 30217508690.913925 5262381536.214090 43650753934.919487 3017541361.620192 54122857410.140587
22.229965 17699122735.330490 9517828482.352806 33026827193.019886 5295530089.480211 49450753907.883156 3023286048.682307 64841976875.028488
26.826958 18645974033.665085 9740853175.654894 35431764888.374557 5326190022.623049 54521396947.755104 3027269977.273816 72164622875.269455
32.374575 19402651874.900406 9981818116.412779 37779297018.618462 5478069051.623596 60233989535.981010 3030032823.509064 81001187968.870056
39.069399 19809659020.490917 10242876186.840593 39682446775.880501 5673156505.711383 65011366200.320953 3031948851.656730 89469218259.993927
47.148664 20331458683.066360 10356631030.303707 41381958399.116745 5858961454.346005 69070551720.367813 3035319301.519602 97584083736.775391
56.898660 21007271407.477997 10551165564.328159 43694308983.420731 5937753393.790280 74385047306.260376 3038100311.728339 103928333423.189575
68.664885 21558281858.762253 10720487327.119213 45538068094.161690 6002177849.335312 78815868934.532227 3040138335.612991 108825700432.729095
82.864277 21859194915.514229 10796171868.683985 47001260587.187302 6008331130.132156 82251545605.799652 3041631872.508816 113046987301.651169
100.000000 22215694098.802139 10828766991.219687 48637651371.844864 6012745447.016414 85326787950.011261 3042726389.838073 116685526703.542786
