0.010000 0.002435 -0.011453 0.016294 -0.017977 0.025273 -0.020074 0.043007
0.012068 0.002896 -0.011193 0.016649 -0.017863 0.028260 -0.020043 0.049244
0.014563 0.003705 -0.010881 0.017476 -0.017648 0.031636 -0.019997 0.056814
0.017575 0.004635 -0.010390 0.018445 -0.017553 0.035320 -0.019928 0.065966
0.021210 0.005334 -0.009754 0.019337 -0.017144 0.042136 -0.019823 0.076983
0.025595 0.007075 -0.008831 0.022062 -0.017046 0.048859 -0.019664 0.090172
0.030888 0.008584 -0.008116 0.026854 -0.016876 0.060372 -0.019728 0.106440
0.037276 0.010539 -0.006792 0.033345 -0.016897 0.074349 -0.019494 0.126462
0.044984 0.012841 -0.005486 0.042182 -0.016256 0.093574 -0.020195 0.149250
0.054287 0.016197 -0.003976 0.054915 -0.015906 0.116394 -0.024314 0.174922
0.065513 0.020441 -0.002240 0.069057 -0.015445 0.143595 -0.030257 0.203507
0.079060 0.026179 0.000156 0.089570 -0.014657 0.176802 -0.037275 0.234928
0.095410 0.036597 0.003402 0.114325 -0.013964 0.214854 -0.045300 0.268978
0.115140 0.051353 0.007953 0.147655 -0.014847 0.249318 -0.051996 0.305826
0.138950 0.070604 0.012908 0.188793 -0.018835 0.299478 -0.059458 0.348146
0.167683 0.095802 0.020581 0.239099 -0.024806 0.354354 -0.070491 0.404952
0.202359 0.125716 0.029088 0.295589 -0.031765 0.413184 -0.085459 0.469207
0.244205 0.161433 0.041093 0.365378 -0.041754 0.475686 -0.100760 0.540669
0.294705 0.201759 0.056610 0.433370 -0.051847 0.545734 -0.113187 0.618521
0.355648 0.245697 0.072698 0.498957 -0.065206 0.617196 -0.125308 0.697700
0.429193 0.292639 0.090903 0.565948 -0.073541 0.688261 -0.137222 0.766537
0.517947 0.343777 0.111603 0.618095 -0.080753 0.749031 -0.154232 0.821107
0.625055 0.390390 0.127137 0.664847 -0.093063 0.795912 -0.168788 0.858828
0.754312 0.441850 0.145139 0.702627 -0.097533 0.838316 -0.181645 0.885186
0.910298 0.484121 0.159371 0.731484 -0.098987 0.867173 -0.190183 0.910514
1.098541 0.508036 0.169508 0.757730 -0.099921 0.889381 -0.197474 0.929188
1.325711 0.533879 0.174562 0.779307 -0.106487 0.907018 -0.202975 0.944899
1.599859 0.561853 0.176982 0.798237 -0.111544 0.921503 -0.207061 0.959587
1.930698 0.575787 0.182586 0.810900 -0.114709 0.931722 -0.210058 0.969584
2.329952 0.583247 0.186587 0.823530 -0.116635 0.938089 -0.212239 0.976330
2.811769 0.589458 0.188603 0.836354 -0.117787 0.946567 -0.213815 0.980561
3.393222 0.593666 0.189466 0.842502 -0.118468 0.951163 -0.214948 0.983024
4.094915 0.597878 0.189810 0.848940 -0.118869 0.957069 -0.215761 0.984613
4.941713 0.601174 0.190155 0.855537 -0.119104 0.959911 -0.216342 0.985638
5.963623 0.606829 0.190309 0.859006 -0.119242 0.961782 -0.216757 0.986897
7.196857 0.607039 0.190401 0.862601 -0.119407 0.963046 -0.217053 0.987794
8.685114 0.609864 0.190456 0.865552 -0.119841 0.965136 -0.217264 0.988423
10.481131 0.611270 0.190488 0.867937 -0.120228 0.966025 -0.217414 0.988864
12.648552 0.612114 0.190508 0.869097 -0.120593 0.968293 -0.218203 0.989174
15.264180 0.612560 0.190520 0.869518 -0.120871 0.969853 -0.218750 0.989391
18.420700 0.613160 0.190526 0.869829 -0.121083 0.970032 -0.218771 0.989543
22.229965 0.613636 0.190531 0.871753 -0.121244 0.970177 -0.218786 0.989649
26.826958 0.614073 0.190533 0.873218 -0.121366 0.970903 -0.218795 0.989724
32.374575 0.614965 0.190535 0.874435 -0.121458 0.971081 -0.218801 0.989776
39.069399 0.615094 0.190535 0.875342 -0.121529 0.971216 -0.218805 0.989813
47.148664 0.615095 0.190536 0.875864 -0.121582 0.971317 -0.218807 0.989839
56.898660 0.615096 0.190536 0.875950 -0.121622 0.971394 -0.218809 0.989857
68.664885 0.615096 0.190536 0.876013 -0.121653 0.971528 -0.218810 0.989869
82.864277 0.615118 0.190537 0.876061 -0.121676 0.971561 -0.218811 0.989878
100.000000 0.615119 0.190537 0.876096 -0.121693 0.971585 -0.218812 0.989884
