0.001000 0.004789 0.003975 0.005620 0.003646 0.005938 0.003605 0.005986
0.001038 0.005350 0.004441 0.006279 0.004074 0.006635 0.004028 0.006688
0.001077 0.005978 0.004962 0.007016 0.004552 0.007414 0.004501 0.007473
0.001117 0.006680 0.005544 0.007839 0.005087 0.008284 0.005029 0.008349
0.001159 0.007463 0.006195 0.008759 0.005683 0.009256 0.005619 0.009329
0.001203 0.008339 0.006922 0.009786 0.006350 0.010341 0.006278 0.010424
0.001248 0.009317 0.007734 0.010935 0.007095 0.011555 0.007015 0.011647
0.001296 0.010410 0.008641 0.012218 0.007928 0.012910 0.007837 0.013013
0.001344 0.011632 0.009655 0.013651 0.008858 0.014425 0.008757 0.014540
0.001395 0.012996 0.010787 0.015252 0.009897 0.016117 0.009784 0.016245
0.001448 0.014521 0.012053 0.017042 0.011058 0.018008 0.010932 0.018151
0.001502 0.016224 0.013467 0.019041 0.012355 0.020121 0.012215 0.020280
0.001559 0.018128 0.015046 0.021274 0.013804 0.022481 0.013647 0.022659
0.001617 0.020254 0.016811 0.023770 0.015424 0.025118 0.015248 0.025317
0.001678 0.022630 0.018783 0.026558 0.017233 0.028064 0.017037 0.028287
0.001742 0.025284 0.020987 0.029673 0.019254 0.031356 0.019035 0.031605
0.001807 0.028250 0.023448 0.033153 0.021512 0.035034 0.021268 0.035312
0.001875 0.031563 0.026198 0.037042 0.024035 0.039142 0.023762 0.039453
0.001946 0.035264 0.029270 0.041386 0.026854 0.043733 0.026549 0.044080
0.002019 0.039400 0.032703 0.046239 0.030003 0.048861 0.029662 0.049250
0.002095 0.044020 0.036538 0.051661 0.033521 0.054591 0.033141 0.055025
0.002174 0.049182 0.040822 0.057719 0.037452 0.060992 0.037026 0.061477
0.002256 0.054948 0.045608 0.064486 0.041843 0.068143 0.041368 0.068685
0.002341 0.061390 0.050955 0.072047 0.046749 0.076132 0.046218 0.076737
0.002430 0.068587 0.056929 0.080493 0.052229 0.085057 0.051636 0.085733
0.002521 0.076627 0.063602 0.089928 0.058352 0.095028 0.057688 0.095783
0.002616 0.085608 0.071057 0.100468 0.065191 0.106166 0.064450 0.107009
0.002715 0.095641 0.079385 0.112243 0.072831 0.118608 0.072003 0.119551
0.002817 0.106849 0.088687 0.125396 0.081366 0.132507 0.080441 0.133560
0.002923 0.119369 0.099079 0.140089 0.090900 0.148034 0.089867 0.149210
0.003033 0.133354 0.110687 0.156502 0.101549 0.165377 0.100395 0.166691
0.003148 0.148975 0.123653 0.174835 0.113445 0.184750 0.112156 0.186217
0.003266 0.166424 0.138136 0.195313 0.126733 0.206389 0.125292 0.208028
0.003389 0.185913 0.154313 0.218185 0.141574 0.230558 0.139965 0.232390
0.003517 0.207682 0.172381 0.243732 0.158151 0.257554 0.156353 0.259600
0.003650 0.231995 0.192562 0.272266 0.176665 0.287706 0.174657 0.289991
0.003787 0.259149 0.215100 0.304133 0.197343 0.321380 0.195100 0.323934
0.003930 0.289475 0.240272 0.339724 0.220437 0.358989 0.217931 0.361841
0.004078 0.323342 0.268383 0.379470 0.246227 0.400989 0.243428 0.404175
0.004232 0.361163 0.299775 0.423856 0.275028 0.447892 0.271902 0.451451
0.004391 0.403397 0.334830 0.473421 0.307189 0.500268 0.303698 0.504243
0.004557 0.450557 0.373974 0.528767 0.343101 0.558753 0.339202 0.563192
0.004728 0.503214 0.417681 0.590565 0.383200 0.624055 0.378845 0.629013
0.004906 0.562007 0.466481 0.659563 0.427971 0.696966 0.423107 0.702504
0.005091 0.627647 0.520963 0.736597 0.477956 0.778368 0.472524 0.784552
0.005283 0.700925 0.581787 0.822596 0.533758 0.869244 0.527692 0.876150
0.005482 0.782727 0.649684 0.918597 0.596050 0.970689 0.589276 0.978401
0.005689 0.874036 0.725473 1.025756 0.665583 1.083925 0.658018 1.092537
0.005903 0.975950 0.810065 1.145361 0.743191 1.210313 0.734744 1.219929
0.006126 1.089692 0.904473 1.278846 0.829806 1.351368 0.820374 1.362104
0.006356 1.216621 1.009828 1.427809 0.926463 1.508778 0.915933 1.520765
0.006596 1.358255 1.127388 1.594028 1.034318 1.684423 1.022562 1.697806
0.006844 1.516279 1.258552 1.779483 1.154654 1.880395 1.141531 1.895335
0.007102 1.692572 1.404880 1.986377 1.288902 2.099022 1.274253 2.115699
0.007370 1.889221 1.568104 2.217162 1.438651 2.342895 1.422300 2.361509
0.007648 2.108550 1.750153 2.474563 1.605671 2.614892 1.587422 2.635667
0.007936 2.353140 1.953169 2.761610 1.791927 2.918217 1.771561 2.941402
0.008235 2.625859 2.179533 3.081670 1.999605 3.256428 1.976878 3.282299
0.008545 2.929896 2.431892 3.438483 2.231130 3.633476 2.205772 3.662343
0.008867 3.268789 2.713182 3.836202 2.489199 4.053749 2.460908 4.085955
0.009201 3.646463 3.026662 4.279436 2.776800 4.522117 2.745240 4.558045
0.009548 4.067275 3.375947 4.773294 3.097250 5.043982 3.062048 5.084056
0.009908 4.536052 3.765045 5.323444 3.454226 5.625330 3.414967 5.670023
0.010281 5.058144 4.198394 5.936163 3.851801 6.272795 3.808023 6.322632
0.010669 5.639471 4.680911 6.618400 4.294484 6.993721 4.245675 7.049285
0.011071 6.286586 5.218034 7.377844 4.787265 7.796233 4.732856 7.858173
0.011488 7.006732 5.815774 8.222997 5.335660 8.689313 5.275018 8.758348
0.011921 7.807911 6.480774 9.163249 5.945762 9.682886 5.878185 9.759814
0.012370 8.698953 7.220364 10.208963 6.624295 10.787901 6.549007 10.873609
0.012836 9.689598 8.042625 11.371569 7.378676 12.016437 7.294813 12.111906
0.013320 10.790572 8.956463 12.663656 8.217073 13.381797 8.123682 13.488113
0.013822 12.013679 9.971675 14.099077 9.148475 14.898618 9.044498 15.016985
0.014343 13.371894 11.099029 15.693058 10.182762 16.582992 10.067029 16.714741
0.014883 14.879458 12.350348 17.462313 11.330780 18.452580 11.201999 18.599182
0.015444 16.551987 13.738591 19.425168 12.604418 20.526746 12.461162 20.689827
0.016026 18.406572 15.277947 21.601682 14.016694 22.826687 13.857387 23.008041
0.016630 20.461899 16.983923 24.013783 15.581835 25.375576 15.404739 25.577180
0.017256 22.738355 18.873442 26.685399 17.315368 28.198695 17.118569 28.422729
0.017907 25.258151 20.964940 29.642594 19.234205 31.323590 19.015598 31.572450
0.018581 28.045436 23.278461 32.913710 21.356736 34.780207 21.114005 35.056530
0.019281 31.126411 25.835753 36.529498 23.702913 38.601041 23.433517 38.907719
0.020008 34.529446 28.660363 40.523250 26.294341 42.821274 25.995492 43.161481
0.020762 38.285185 31.777726 44.930929 29.154354 47.478908 28.823000 47.856119
0.021544 42.426646 35.215249 49.791286 32.308097 52.614890 31.940898 53.032906
0.022356 46.989308 39.002381 55.145960 35.782586 58.273220 35.375898 58.736191
0.023199 52.011190 43.170677 61.039567 39.606774 64.501047 39.156622 65.013496
0.024073 57.532904 47.753847 67.519769 43.811586 71.348733 43.313644 71.915586
0.024980 63.597689 52.787781 74.637311 48.429949 78.869903 47.879517 79.496510
0.025921 70.251424 58.310558 82.446036 53.496800 87.121451 52.888781 87.813615
0.026898 77.542601 64.362430 91.002854 59.049067 96.163516 58.377943 96.927518
0.027911 85.522276 70.985773 100.367683 65.125628 106.059413 64.385441 106.902036
0.028963 94.243968 78.225011 110.603333 71.767239 116.875514 70.951566 117.804068
0.030055 103.763530 86.126501 121.775350 79.016432 128.681083 78.118368 129.703431
0.031187 114.138965 94.738389 133.951808 86.917376 141.548053 85.929513 142.672626
0.032362 125.430199 104.110416 147.203034 95.515705 155.550740 94.430119 156.786562
0.033582 137.698812 114.293692 161.601297 104.858314 170.765512 103.666543 172.122212
0.034847 151.007714 125.340436 177.220429 114.993107 187.270385 113.686149 188.758214
0.036160 165.420785 137.303670 194.135397 125.968731 205.144581 124.537029 206.774417
0.037523 181.002477 150.236891 212.421841 137.834265 224.468027 136.267705 226.251384
0.038937 197.817382 164.193711 232.155565 150.638896 245.320827 148.926806 247.269856
0.040404 215.929784 179.227489 253.412014 164.431579 267.782703 162.562727 269.910188
0.041927 235.403208 195.390951 276.265738 179.260686 291.932434 177.223293 294.251784
0.043507 256.299973 212.735823 300.789873 195.173673 317.847303 192.955421 320.372542
0.045146 278.680778 231.312490 327.055657 212.216765 345.602588 209.804809 348.348337
0.046847 302.604344 251.169689 355.132001 230.434677 375.271108 227.815665 378.252568
0.048612 328.127120 272.354274 385.085154 249.870394 406.922868 247.030485 410.155796
0.050444 355.303094 294.911058 416.978477 270.565031 440.624823 267.489916 444.125507
0.052345 384.183728 318.882757 450.872365 292.557774 476.440792 289.232700 480.226027
0.054317 414.818037 344.310051 486.824338 315.885949 514.431558 312.295737 518.518622
0.056364 447.252831 371.231796 524.889335 340.585202 554.655175 336.714270 559.061808
0.058488 481.533156 399.685381 565.120218 366.689835 597.167503 362.522211 601.911890
0.060692 517.702918 429.707251 607.568519 394.233285 642.022996 389.752615 647.123751
0.062979 555.805733 461.333604 652.285421 423.248763 689.275739 418.438317 694.751909
0.065352 595.885963 494.601266 699.322989 453.770053 738.980750 448.612716 744.851817
0.067815 637.989975 529.548720 748.735637 485.832463 791.195530 480.310719 797.481434
0.070370 682.167572 566.217306 800.581814 519.473917 845.981841 513.569820 852.703012
0.073022 728.473594 604.652542 854.925880 554.736178 903.407694 548.431307 910.585102
0.075774 776.969653 644.905566 911.840141 591.666163 963.549493 584.941563 971.204717
0.078629 827.725957 687.034653 971.406991 630.317334 1026.494307 623.153443 1034.649617
0.081592 880.823188 731.106773 1033.721119 670.751133 1092.342194 663.127691 1101.020653
0.084666 936.354382 777.199148 1098.891710 713.038407 1161.208531 704.934347 1170.434120
0.087857 994.426749 825.400763 1167.044584 757.260796 1233.226273 748.654125 1243.024030
0.091167 1055.163384 875.813793 1238.324205 803.512039 1308.548075 794.379698 1318.944250
0.094603 1118.704812 928.554876 1312.895489 851.899145 1387.348206 842.216859 1398.370433
0.098168 1185.210297 983.756205 1390.945347 902.543395 1469.824177 892.285510 1481.501661
0.101867 1254.858881 1041.566390 1472.683899 955.581129 1556.198023 944.720443 1568.561732
0.105705 1327.850075 1102.151030 1558.345289 1011.164277 1646.717167 999.671859 1659.800033
0.109688 1404.404173 1165.692977 1648.188051 1069.460595 1741.654804 1057.305608 1755.491933
0.113822 1484.762142 1232.392237 1742.494980 1130.653579 1841.309764 1117.803101 1855.938634
0.118111 1569.185036 1302.465494 1841.572444 1194.942022 1946.005792 1181.360872 1961.466452
0.122561 1657.952926 1376.145214 1945.749132 1262.539201 2056.090214 1248.189773 2072.425475
0.127180 1751.363314 1453.678331 2055.374188 1333.671665 2171.931975 1318.513779 2189.187577
0.131972 1849.729016 1535.324491 2170.814727 1408.577624 2293.919007 1392.568392 2312.143774
0.136945 1953.375515 1621.353854 2292.452732 1487.504937 2422.454956 1470.598654 2441.700918
0.142105 2062.637804 1712.044472 2420.681344 1570.708700 2557.955259 1552.856762 2578.277745
0.147460 2177.856722 1807.679252 2555.900569 1658.448465 2700.842602 1639.599318 2722.300302
0.153017 2299.374840 1908.542535 2698.512442 1750.985102 2851.541822 1731.084227 2874.196800
0.158783 2427.531939 2014.916351 2848.915727 1848.577355 3010.474295 1827.567293 3034.391962
0.164766 2562.660149 2127.076374 3007.500203 1951.478143 3178.051905 1929.298558 3203.300946
0.170975 2705.078829 2245.287684 3174.640669 2059.930659 3354.670705 2036.518455 3381.322950
0.177417 2855.089302 2369.800383 3350.690750 2174.164363 3540.704373 2149.453831 3568.834622
0.184103 3012.969532 2500.845191 3535.976662 2294.390924 3736.497626 2268.313954 3766.183416
0.191040 3178.968893 2638.629095 3730.791067 2420.800244 3942.359721 2393.286564 3973.681047
0.198239 3353.303148 2783.331183 3935.387181 2553.556625 4158.558233 2524.534099 4191.597217
0.205709 3536.149771 2935.098764 4149.973284 2692.795215 4385.313254 2662.190169 4420.153766
0.213460 3727.643758 3094.043888 4374.707807 2838.618817 4622.792201 2806.356408 4659.519439
0.221504 3927.874049 3260.240378 4609.695127 2991.095155 4871.105367 2957.099771 4909.805408
0.229851 4136.880662 3433.721449 4854.982209 3150.254705 5130.302383 3114.450389 5171.061697
0.238512 4354.652653 3614.478018 5110.556210 3316.089133 5400.369677 3278.400021 5443.274626
0.247499 4581.126946 3802.457731 5376.343104 3488.550407 5681.229025 3448.901181 5726.365350
0.256826 4816.188082 3997.564753 5652.207392 3667.550603 5972.737243 3625.866945 6020.189547
0.266503 5059.668873 4199.660313 5937.952861 3852.962407 6274.686992 3809.171445 6324.538232
0.276546 5311.351929 4408.563972 6233.324388 4044.620276 6586.808682 3998.651021 6639.139672
0.286967 5570.971988 4624.055556 6538.010665 4242.322211 6908.773350 4194.105968 6963.662290
0.297780 5838.218925 4845.877652 6851.647735 4445.832051 7240.196399 4395.302811 7297.718434
0.309001 6112.741321 5073.738573 7173.823174 4654.882188 7580.642018 4601.976982 7640.868832
0.320645 6394.150418 5307.315641 7504.080745 4869.176581 7929.628097 4813.835806 7992.627541
0.332727 6682.024308 5546.258658 7841.925302 5088.393946 8286.631410 5030.561649 8352.467180
0.345265 6975.912170 5790.193434 8186.827768 5312.190979 8651.092878 5251.815110 8719.824228
0.358275 7275.338406 6038.725208 8538.229988 5540.205512 9022.422694 5477.238136 9094.104191
0.371776 7579.806526 6291.441881 8895.549290 5772.059463 9400.005141 5706.456945 9474.686462
0.385785 7888.802676 6547.916938 9258.182619 6007.361531 9783.202968 5939.084680 9860.928725
0.400322 8201.798717 6807.712012 9625.510162 6245.709535 10171.361213 6174.723733 10252.170816
0.415407 8518.254837 7070.379045 9996.898404 6486.692407 10563.810432 6412.967706 10647.737973
0.431060 8837.621678 7335.462054 10371.702624 6729.891807 10959.869347 6653.403016 11046.943504
0.447304 9159.342027 7602.498537 10749.268887 6974.883415 11358.846937 6895.610164 11449.090897
0.464159 9482.852149 7871.020580 11128.935601 7221.237943 11760.044091 7139.164742 11853.475489
0.481649 9807.582859 8140.555743 11510.034779 7468.521955 12162.754943 7383.638240 12259.385805
0.499799 10132.960464 8410.627846 11891.893144 7716.298580 12566.268034 7628.598753 12666.104734
0.518632 10458.407701 8680.757745 12273.833226 7964.128231 12969.867478 7873.611688 13072.910701
0.538175 10783.344796 8950.464214 12655.174616 8211.569406 13372.834276 8118.240563 13479.078997
0.558455 11107.190779 9219.265030 13035.235491 8458.179694 13774.447944 8362.047994 13883.883412
0.579498 11429.365124 9486.678342 13413.334557 8703.517022 14173.988552 8604.596933 14286.598297
0.601335 11749.289809 9752.224376 13788.793454 8947.141222 14570.739269 8845.452215 14686.501126
0.623994 12066.391806 10015.427503 14160.939687 9188.615932 14963.989465 9084.182437 15082.875623
0.647508 12380.106020 10275.818681 14529.110068 9427.510829 15353.038344 9320.362167 15475.015424
0.671907 12689.878627 10532.938219 14892.654636 9663.404173 15737.199085 9553.574457 15862.228251
0.697226 12995.170735 10786.338823 15250.940958 9895.885595 16115.803391 9783.413605 16243.840499
0.723499 13295.462299 11035.588843 15603.358714 10124.559079 16488.206333 10009.488093 16619.202114
0.750762 13590.256140 11280.275604 15949.324423 10349.046019 16853.791338 10231.423621 16987.691626
0.779052 13879.081957 11520.008747 16288.286147 10568.988281 17211.975172 10448.866122 17348.721165
0.808408 14161.500201 11754.423434 16619.728039 10784.051145 17562.212734 10661.484682 17701.741300
0.838870 14437.105674 11983.183338 16943.174562 10993.926051 17904.001518 10868.974248 18046.245534
0.870480 14705.530728 12205.983303 17258.194252 11198.333032 18236.885594 11071.058036 18381.774312
0.903282 14966.447985 12422.551595 17564.402901 11397.022790 18560.458966 11267.489579 18707.918416
0.937319 15219.572479 12632.651686 17861.466079 11589.778321 18874.368237 11458.054341 19024.321639
0.972639 15464.663171 12836.083507 18149.100905 11776.416072 19178.314487 11642.570855 19330.682685
1.009290 15701.523813 13032.684167 18427.077065 11956.786601 19472.054339 11820.891377 19626.756247
1.047322 15930.003148 13222.328118 18695.217047 12130.774724 19755.400216 11992.902033 19912.353255
1.086787 16149.994474 13404.926795 18953.395627 12298.299186 20028.219791 12158.522491 20187.340332
1.127740 16361.434601 13580.427748 19201.538646 12459.311870 20290.434700 12317.705180 20451.638491
1.170235 16564.302265 13748.813328 19439.621148 12613.796580 20542.018574 12470.434090 20705.221152
1.214332 16758.616063 13910.098970 19667.664959 12761.767481 20782.994474 12616.723222 20948.111561
1.260090 16944.431985 14064.331149 19885.735788 12903.267207 21013.431835 12756.614729 21180.379706
1.307573 17121.840626 14211.585060 20093.939956 13038.364748 21233.443010 12890.176815 21402.138829
1.356845 17290.964160 14351.962110 20292.420844 13167.153141 21443.179510 13017.501459 21613.541647
1.407973 17451.953152 14485.587274 20481.355154 13289.747040 21642.828056 13138.702013 21814.776364
1.461028 17604.983287 14612.606374 20660.949066 13406.280230 21832.606522 13253.910742 22006.062585
1.516083 17750.252081 14733.183353 20831.434383 13516.903122 22012.759855 13363.276346 22187.647203
1.573212 17887.975635 14847.497582 20993.064718 13621.780277 22183.556051 13466.961517 22359.800344
1.632493 18018.385490 14955.741245 21146.111803 13721.088015 22345.282251 13565.140570 22522.811429
1.694009 18141.725609 15058.116838 21290.861949 13815.012114 22498.241003 13657.997171 22676.985411
1.757842 18258.249535 15154.834809 21427.612712 13903.745649 22642.746737 13745.722203 22822.639216
1.824081 18368.217749 15246.111364 21556.669789 13987.486978 22779.122484 13828.511767 22960.098444
1.892816 18471.895233 15332.166445 21678.344157 14066.437885 22907.696859 13906.565355 23089.694318
1.964141 18569.549259 15413.221895 21792.949483 14140.801900 23028.801315 13980.084184 23211.760927
2.038154 18661.447406 15489.499811 21900.799795 14210.782785 23142.767687 14049.269699 23326.632741
2.114955 18747.855800 15561.221087 22002.207413 14276.583197 23249.926009 14114.322254 23434.642417
2.194651 18829.037579 15628.604131 22097.481153 14338.403515 23350.602608 14175.439952 23536.118872
2.277350 18905.251561 15691.863772 22186.924760 14396.440832 23445.118453 14232.817644 23631.385628
2.363165 18976.751122 15751.210318 22270.835592 14450.888095 23533.787767 14286.646085 23720.759404
2.452213 19043.783256 15806.848780 22349.503517 14501.933391 23616.916855 14337.111224 23804.548937
2.544617 19106.587805 15858.978233 22423.210010 14549.759360 23694.803155 14384.393625 23883.054030
2.640503 19165.396853 15907.791314 22492.227443 14594.542735 23767.734483 14428.668014 23956.564784
2.740003 19220.434260 15953.473831 22556.818533 14636.453988 23835.988455 14470.102922 24025.361021
2.843251 19271.915319 15996.204486 22617.235946 14675.657064 23899.832067 14508.860435 24089.711859
2.950391 19320.046538 16036.154683 22673.722035 14712.309221 23959.521413 14545.096020 24149.875426
3.061567 19365.025504 16073.488426 22726.508687 14746.560922 24015.301533 14578.958433 24206.098709
3.176933 19407.040851 16108.362286 22775.817280 14778.555813 24067.406356 14610.589685 24258.617495
3.296646 19446.272289 16140.925428 22821.858717 14808.430743 24116.058748 14640.125071 24307.656422
3.420870 19482.890701 16171.319688 22864.833546 14836.315841 24161.470627 14667.693240 24353.429090
3.549775 19517.058290 16199.679700 22904.932126 14862.334627 24203.843149 14693.416308 24396.138253
3.683537 19548.928775 16226.133053 22942.334857 14886.604155 24243.366944 14717.410001 24435.976058
3.822340 19578.647612 16250.800482 22977.212447 14909.235194 24280.222400 14739.783826 24473.124323
3.966373 19606.352253 16273.796074 23009.726205 14930.332413 24314.579975 14760.641263 24507.754863
4.115834 19632.172418 16295.227501 23040.028370 14949.994594 24346.600539 14780.079973 24540.029824
4.270926 19656.230387 16315.196257 23068.262448 14968.314854 24376.435737 14798.192014 24570.102058
4.431863 19678.641301 16333.797915 23094.563567 14985.380874 24404.228361 14815.064070 24598.115489
4.598864 19699.513471 16351.122374 23119.058839 15001.275133 24430.112730 14830.777682 24624.205504
4.772158 19718.948686 16367.254121 23141.867721 15016.075143 24454.215076 14845.409482 24648.499339
4.951983 19737.042525 16382.272490 23163.102383 15029.853689 24476.653930 14859.031428 24671.116466
5.138583 19753.884662 16396.251914 23182.868067 15042.679058 24497.540502 14871.711030 24692.168978
5.332215 19769.559171 16409.262175 23201.263440 15054.615273 24516.979054 14883.511583 24711.761966
5.533143 19784.144821 16421.368654 23218.380943 15065.722316 24535.067271 14894.492388 24729.993890
5.741642 19797.715362 16432.632566 23234.307131 15076.056349 24551.896613 14904.708970 24746.956938
5.957999 19810.339808 16443.111193 23249.122995 15085.669926 24567.552667 14914.213283 24762.737376
6.182508 19822.082701 16452.858108 23262.904281 15094.612196 24582.115473 14923.053920 24777.415882
6.415476 19833.004375 16461.923390 23275.721797 15102.929104 24595.659855 14931.276302 24791.067871
6.657224 19843.161201 16470.353826 23287.641698 15110.663576 24608.255719 14938.922867 24803.763807
6.908081 19852.605824 16478.193115 23298.725768 15117.855702 24619.968353 14946.033251 24815.569496
7.168391 19861.387391 16485.482051 23309.031686 15124.542908 24630.858708 14952.644453 24826.546372
7.438510 19869.551767 16492.258701 23318.613277 15130.760120 24640.983659 14958.791003 24836.751765
7.718807 19877.141736 16498.558578 23327.520754 15136.539919 24650.396268 14964.505112 24846.239155
8.009667 19884.197200 16504.414802 23335.800942 15141.912689 24659.146016 14969.816817 24855.058418
8.311487 19890.755357 16509.858247 23343.497498 15146.906757 24667.279034 14974.754125 24863.256052
8.624680 19896.850876 16514.917691 23350.651110 15151.548524 24674.838319 14979.343136 24870.875393
8.949674 19902.516064 16519.619948 23357.299692 15155.862593 24681.863933 14983.608173 24877.956825
9.286915 19907.781016 16523.989999 23363.478562 15159.871879 24688.393200 14987.571892 24884.537965
9.636864 19912.673762 16528.051108 23369.220616 15163.597729 24694.460878 14991.255395 24890.653851
10.000000 19917.220400 16531.824940 23374.556484 15167.060016 24700.099337 14994.678332 24896.337106
