0.001000 7559.460231 861.591471 35760.082484 192.937787 72990.363902 100.891948 109952.857083
0.001038 7398.460855 850.908263 34711.404162 192.239316 70528.648202 100.778864 106006.799466
0.001077 7240.899652 839.391525 33693.523816 191.543622 68150.054173 100.666015 102202.493670
0.001117 7110.021730 829.433011 32705.538533 190.850710 65851.780638 100.553411 98534.858068
0.001159 7019.534783 819.653685 31746.574643 190.160594 63631.119145 100.441063 94998.985102
0.001203 6862.350763 809.495281 30818.235577 189.473286 61485.453787 100.328983 91590.149519
0.001248 6708.698415 799.464224 30033.374284 188.788799 59412.258765 100.217182 88303.795057
0.001296 6558.499151 789.559013 29221.388346 188.107150 57409.090411 100.105676 85135.526043
0.001344 6426.147422 779.778195 28371.754489 187.428357 55473.586665 99.994479 82081.108368
0.001395 6399.596197 770.120313 27531.483194 186.752440 53603.471714 99.883606 79136.458974
0.001448 6370.043733 760.804118 26670.174960 186.079421 51796.538645 99.773076 76297.640753
0.001502 6275.057495 753.548553 25816.327953 185.409325 50050.660651 99.662906 73560.858644
0.001559 6147.473148 745.305370 25022.686628 184.742179 48363.780932 99.553118 70922.453694
0.001617 6017.000885 737.154290 24289.516308 184.078012 46733.912245 99.443733 68378.898741
0.001678 5910.416716 728.741851 23577.910180 183.416859 45159.134175 99.334774 65926.793691
0.001742 5809.979782 720.228661 22903.315565 182.758755 43637.592621 99.226268 63562.860549
0.001807 5666.364220 711.817428 22216.887923 182.103741 42167.494925 99.118243 61283.939067
0.001875 5570.416789 703.507120 21550.249965 181.451859 40747.109246 99.010727 59086.982388
0.001946 5518.820069 696.084141 20896.388335 180.803156 39374.762961 98.903754 56969.053759
0.002019 5373.680021 690.134381 20267.485322 180.157684 38048.839538 98.797358 54927.322038
0.002095 5231.991514 682.604644 19727.102249 179.515498 36767.777494 98.691577 52959.057413
0.002174 5141.837205 675.160574 19149.804948 178.876661 35577.869001 98.586452 51061.628787
0.002256 5088.777809 667.801462 18676.814727 178.241238 34471.106558 98.482026 49232.499602
0.002341 4981.021166 660.526625 18151.467225 177.609300 33398.974616 98.378346 47469.224893
0.002430 4861.342579 653.335399 17626.445986 176.980924 32360.399583 98.275465 45769.447375
0.002521 4769.427278 646.227149 17183.027555 176.356197 31358.294358 98.173436 44130.894725
0.002616 4691.550912 639.201265 16698.041563 175.828821 30379.788322 98.072320 42615.705618
0.002715 4589.047154 632.257163 16226.892358 175.798745 29347.665756 97.972180 41200.109286
0.002817 4500.017828 625.394287 15769.192744 175.770360 28314.464629 97.873085 39831.566724
0.002923 4461.233134 618.612111 15324.566681 175.743803 27317.944716 97.775111 38508.517708
0.003033 4392.992177 611.910139 14892.649031 175.442877 26356.816379 97.678336 37229.453878
0.003148 4325.169089 606.584989 14473.085224 174.574644 25446.856431 97.582849 35992.917742
0.003266 4274.073304 603.627586 14089.860458 173.713056 24625.150118 97.488742 34797.500036
0.003389 4198.967038 600.692929 13660.214071 172.858244 23830.326047 97.396116 33641.838775
0.003517 4114.259301 593.023115 13253.058194 172.010352 23061.520658 97.305080 32524.617961
0.003650 4044.749914 584.713286 12882.626449 171.169533 22317.898753 97.215749 31444.565172
0.003787 3981.981755 579.207443 12554.521649 170.335958 21598.652710 97.128252 30400.451171
0.003930 3895.366153 575.632792 12193.435499 169.509806 20903.001446 97.042722 29391.087947
0.004078 3829.662816 574.495933 11842.965082 168.691276 20230.189725 96.959306 28415.327448
0.004232 3755.097525 568.523750 11522.038194 168.060270 19579.487249 96.878163 27472.060342
0.004391 3673.323465 563.298598 11199.314057 167.506543 18950.187866 96.799462 26560.215083
0.004557 3599.254420 557.468429 10873.261732 166.959207 18341.608854 96.723385 25678.756211
0.004728 3533.838914 550.885550 10581.603512 166.418566 17731.349376 96.650130 24826.683559
0.004906 3481.380293 544.397278 10275.766009 165.884949 17104.758449 96.579909 24003.031112
0.005091 3456.107532 538.138116 9955.952357 165.425982 16586.860551 96.512951 23206.865899
0.005283 3422.277333 533.472272 9662.708499 165.211137 16101.620350 96.449502 22437.286897
0.005482 3356.991515 531.281946 9387.044716 165.003200 15587.171019 96.389827 21693.424289
0.005689 3278.373184 527.132275 9135.471296 164.802653 15037.745936 96.334212 20974.438336
0.005903 3201.839777 521.430433 8884.075093 164.610017 14508.298112 96.282966 20279.518505
0.006126 3137.922565 515.039106 8685.607727 164.425852 13998.168893 96.236418 19607.882684
0.006356 3090.634772 508.340819 8465.606639 164.250761 13506.680600 96.194927 18958.776252
0.006596 3040.979720 501.759044 8261.085330 164.085391 13033.180360 96.158877 18331.471331
0.006844 3007.125835 495.293713 8034.313484 163.930440 12577.039244 96.128681 17725.265972
0.007102 2961.792455 491.064298 7829.404631 163.786658 12137.651467 96.104786 17139.483469
0.007370 2904.461823 488.496219 7635.386429 163.654853 11774.044648 96.087672 16573.471577
0.007648 2842.315792 485.178782 7433.246775 163.535892 11462.176308 96.077856 16026.601885
0.007936 2793.655642 482.317136 7226.150009 163.430711 11158.663456 96.075894 15473.047895
0.008235 2760.680765 479.512383 7097.048238 163.340313 10779.790559 96.082387 14935.509048
0.008545 2726.079300 476.766843 6929.616761 163.265783 10474.639996 96.097981 14418.024119
0.008867 2694.832183 474.083007 6742.458717 163.208283 10243.324556 96.123372 13919.901584
0.009201 2630.838116 471.215739 6552.358834 163.169066 9906.016640 96.159307 13440.475894
0.009548 2577.623831 466.638574 6380.850326 163.149480 9580.972001 96.206596 12979.106605
0.009908 2537.330324 462.164153 6240.521930 163.150977 9267.794130 96.266106 12535.177518
0.010281 2498.000851 458.070764 6124.908933 163.175117 8966.101266 96.338773 12108.095869
0.010669 2459.634193 454.148892 5950.247466 163.223582 8675.525945 96.425607 11697.291538
0.011071 2422.230074 449.380591 5837.327246 163.298180 8395.714552 96.527694 11302.216301
0.011488 2370.895338 445.341426 5693.394611 163.400859 8151.050803 96.646203 10922.343105
0.011921 2350.313267 441.418237 5544.528692 163.533715 7904.996854 96.782395 10557.165376
0.012370 2315.805073 437.614376 5396.201921 163.699006 7648.123868 96.937630 10206.196350
0.012836 2280.377943 433.933470 5281.119396 163.899162 7401.145717 97.113369 9868.968439
0.013320 2226.711346 430.379434 5124.379028 164.136800 7163.748583 97.311190 9545.032617
0.013822 2186.455206 426.956492 4970.883840 164.414740 6977.927122 97.532792 9233.957840
0.014343 2144.927727 423.669200 4847.483617 164.736015 6776.382395 97.780007 8935.330483
0.014883 2100.036669 420.522465 4712.918761 165.103898 6566.952074 98.054808 8648.753805
0.015444 2079.962033 417.521573 4595.783072 165.393277 6365.618347 98.359324 8373.847443
0.016026 2038.905481 414.562362 4467.776529 165.526844 6202.364393 98.695847 8110.246921
0.016630 2008.965311 411.980487 4366.138263 165.717227 6053.307980 99.066851 7857.603189
0.017256 1970.396014 408.542707 4255.335506 165.968469 5897.602038 99.475002 7615.582177
0.017907 1943.172938 405.274194 4141.586539 166.284925 5768.407140 99.923175 7383.864379
0.018581 1897.744434 402.199061 4038.636580 166.671279 5632.473249 100.414471 7162.144450
0.019281 1860.997215 399.324182 3934.872462 167.132572 5500.833532 100.952234 6950.130830
0.020008 1822.311106 396.656965 3852.861577 167.674231 5371.497738 101.540073 6747.545379
0.020762 1809.581573 395.462047 3764.881458 168.302098 5228.957058 102.181878 6554.123041
0.021544 1800.146522 393.388150 3680.661846 169.022464 5082.852575 102.881849 6369.611516
0.022356 1777.355978 391.543940 3598.703552 169.842099 4968.281624 103.644517 6193.770954
0.023199 1753.662632 389.939606 3519.313835 170.768298 4844.421587 104.474770 6026.373664
0.024073 1725.488032 388.586084 3452.009791 171.808916 4725.770051 105.377886 5867.203838
0.024980 1698.885174 389.361588 3378.509029 172.972412 4612.293086 106.359557 5716.057283
0.025921 1678.664661 390.816661 3306.556494 174.267899 4503.959341 107.425930 5572.741171
0.026898 1667.469504 392.563459 3255.662062 175.705193 4400.739753 108.583637 5437.073790
0.027911 1647.828638 394.621616 3194.262195 177.364369 4302.607278 109.839836 5308.884311
0.028963 1628.406247 396.399141 3134.894992 179.559760 4209.536662 111.202253 5188.012550
0.030055 1604.311685 399.615261 3088.020337 181.778323 4121.816024 112.679222 5074.308737
0.031187 1589.185442 400.569836 3030.752503 184.275254 4077.217532 114.279739 4967.633276
0.032362 1582.254166 401.909978 2976.637816 187.018248 4068.908617 116.013504 4867.856502
0.033582 1575.703937 403.657048 2928.981264 189.992223 4008.716597 117.890981 4774.858424
0.034847 1571.427394 406.050930 2896.050093 193.215235 3950.320184 119.923451 4688.528450
0.036160 1564.994374 409.263581 2849.272154 196.706744 3897.005166 122.123069 4608.765088
0.037523 1564.509168 412.964842 2808.933151 200.487708 3848.749828 124.502931 4535.475614
0.038937 1560.400531 417.184452 2792.865974 204.580691 3805.538880 127.077131 4469.772746
0.040404 1558.195375 421.954066 2764.684801 209.009966 3762.859451 129.860834 4411.852060
0.041927 1556.407242 427.522351 2738.961937 213.801621 3717.507476 132.870340 4359.807999
0.043507 1556.468148 432.968122 2717.985584 218.983677 3680.734249 136.123152 4313.624964
0.045146 1563.445296 438.424624 2705.867106 223.902765 3648.573267 139.638045 4273.290461
0.046847 1576.729414 444.567803 2700.741229 228.979764 3621.058066 143.435136 4238.794509
0.048612 1590.212702 451.412674 2695.983551 234.492246 3598.220475 147.535942 4210.128960
0.050444 1600.610995 458.997971 2692.829333 241.410973 3580.090025 151.963450 4187.286729
0.052345 1605.006224 466.498372 2705.119085 248.183103 3566.693273 156.742165 4170.260906
0.054317 1613.741722 476.231927 2702.664634 254.916749 3558.053058 161.898161 4159.043763
0.056364 1639.348048 488.868296 2702.202759 262.206059 3554.187659 167.459118 4172.655088
0.058488 1657.150797 503.586788 2709.277010 270.087336 3569.375827 173.454352 4201.257420
0.060692 1675.874696 519.457452 2726.076013 279.711888 3592.999178 179.914819 4233.403423
0.062979 1698.001187 536.382168 2762.315483 290.355532 3606.570841 186.873119 4267.616103
0.065352 1721.801054 553.084295 2790.937804 301.814750 3625.184320 194.363467 4284.887679
0.067815 1751.978086 573.904739 2812.167156 314.143954 3648.807936 202.421648 4308.021603
0.070370 1779.054707 594.786995 2837.726634 327.399813 3675.149482 211.084953 4336.951032
0.073022 1813.538746 614.110863 2868.191567 341.641114 3703.742408 220.392090 4371.597709
0.075774 1850.961435 634.783921 2907.354498 356.928590 3739.166948 230.383065 4411.870163
0.078629 1893.303537 659.214005 2950.556768 373.324719 3793.817282 241.099059 4457.662047
0.081592 1929.835585 686.811947 2996.633726 390.315446 3856.581919 252.582273 4508.850718
0.084666 1974.414459 714.254516 3037.384269 407.621002 3915.031082 264.875766 4565.296145
0.087857 2021.922089 743.230800 3080.614854 426.088946 3973.897831 278.023295 4626.840252
0.091167 2069.847310 771.068964 3132.440758 445.772184 4043.293794 292.069153 4693.306809
0.094603 2113.365883 799.661679 3204.360536 466.723328 4124.826310 307.058032 4764.501979
0.098168 2170.404153 829.901976 3260.407857 488.994552 4215.821184 323.034918 4840.215610
0.101867 2230.077221 865.519820 3322.466496 512.637520 4302.058526 340.045040 4920.223373
0.105705 2292.556235 902.172702 3386.950029 537.703428 4392.399923 358.133884 5004.289782
0.109688 2352.668094 946.220957 3453.042186 564.243180 4486.668934 377.347305 5092.172148
0.113822 2408.767591 989.224828 3520.356519 592.307727 4572.076732 397.731742 5183.625429
0.118111 2482.810672 1034.409027 3604.366325 623.728328 4672.739956 419.334564 5278.407939
0.122561 2552.257017 1082.387120 3685.667167 655.480413 4771.824484 442.204561 5376.287790
0.127180 2620.893740 1135.614360 3769.153923 689.596905 4864.270717 466.392586 5477.049929
0.131972 2697.410977 1186.666453 3859.124861 727.889415 4953.933300 491.952371 5580.503558
0.136945 2778.344671 1238.659387 3939.581832 768.372579 5067.729973 518.605625 5686.489717
0.142105 2867.311043 1294.681424 4033.204649 809.364112 5176.762074 545.076998 5794.888759
0.147460 2936.321372 1351.250630 4127.807096 852.300232 5299.081183 572.912453 5905.627466
0.153017 3016.750404 1413.511287 4218.773126 897.478961 5404.590887 602.174872 6018.685544
0.158783 3095.603171 1476.055674 4322.630935 943.547113 5512.294993 634.879662 6134.101269
0.164766 3181.586934 1543.857513 4431.159964 991.547312 5621.724102 670.742737 6251.976103
0.170975 3274.732197 1616.327977 4521.808581 1037.717469 5730.173360 708.657183 6421.351931
0.177417 3366.579512 1693.504916 4628.056166 1082.495944 5841.180384 748.760361 6607.749036
0.184103 3455.218226 1770.931729 4725.514925 1129.324174 5955.025882 791.207225 6796.159068
0.191040 3550.394388 1843.780120 4835.691543 1178.349813 6075.491553 836.172373 6986.717696
0.198239 3639.077892 1923.126714 4951.094788 1229.741638 6192.661918 883.852126 7161.284044
0.205709 3740.025906 2001.905375 5067.319615 1285.417211 6317.316895 934.466656 7305.292360
0.213460 3835.823343 2094.206835 5188.566418 1358.129163 6447.346115 986.530552 7454.560257
0.221504 3941.972532 2190.113391 5325.910977 1436.043302 6582.753250 1041.699562 7609.748907
0.229851 4050.224842 2291.377917 5447.313660 1511.935205 6723.710554 1100.349728 7771.577040
0.238512 4166.691382 2398.467929 5582.477307 1586.734939 6870.913611 1162.787953 7940.817310
0.247499 4281.851345 2511.906741 5703.642803 1675.499385 7025.099512 1229.352884 8118.292800
0.256826 4407.020213 2624.580287 5881.241776 1771.355281 7183.320330 1300.417132 8304.873869
0.266503 4540.628844 2753.604613 6044.040079 1874.266513 7350.520022 1376.389634 8501.475501
0.276546 4683.365144 2879.208125 6200.641838 1979.970112 7532.758791 1457.718215 8709.055308
0.286967 4839.096730 3017.352233 6371.801299 2088.563010 7722.893496 1544.892365 8928.612305
0.297780 4990.389317 3166.971423 6562.107681 2211.689235 7964.942803 1638.446293 9161.186531
0.309001 5138.788372 3321.474184 6774.591548 2346.038440 8191.493236 1738.962282 9407.859598
0.320645 5307.031540 3487.914908 6970.477120 2487.098260 8442.084725 1847.074408 9669.756197
0.332727 5487.988282 3666.562120 7192.886333 2628.130060 8728.741094 1963.472662 9948.046604
0.345265 5679.601984 3872.327550 7468.400937 2796.080212 8991.860263 2088.907519 10243.950183
0.358275 5871.868113 4093.135781 7725.578103 2975.874815 9281.011726 2224.195021 10558.739915
0.371776 6108.203404 4284.677355 7995.390513 3132.190067 9574.546679 2370.222412 10893.747912
0.385785 6335.076251 4507.988019 8301.540477 3324.902531 9887.126534 2527.954394 11250.371945
0.400322 6586.335947 4796.632128 8616.240277 3537.640895 10225.208611 2698.440044 11630.082919
0.415407 6842.826641 5039.435842 8951.496393 3767.313147 10587.762985 2882.820468 12034.433310
0.431060 7150.280922 5344.046062 9322.200104 4015.414850 10969.348428 3082.337227 12465.066489
0.447304 7459.920780 5604.280726 9712.613837 4275.043113 11413.581996 3298.341600 12923.726915
0.464159 7762.976568 5892.891880 10134.445038 4546.601596 11895.982023 3532.304727 13412.271134
0.481649 8113.674870 6241.715608 10574.260930 4859.265469 12351.812410 3785.828677 13932.679524
0.499799 8460.054941 6597.495374 11003.284823 5188.312820 12862.815417 4060.658474 14487.068730
0.518632 8892.168161 6966.792146 11460.799433 5561.697104 13396.476706 4358.695119 15077.704718
0.538175 9318.449434 7347.415189 11990.014871 5966.615850 13973.616145 4682.009607 15732.517509
0.558455 9772.359332 7746.786524 12558.722447 6358.654489 14569.379118 5032.857965 16434.977556
0.579498 10265.864786 8181.612497 13150.123902 6790.604126 15237.410221 5413.697300 17181.681334
0.601335 10767.662685 8679.023482 13782.218122 7296.378819 15955.313312 5827.202828 17943.782401
0.623994 11328.938018 9191.651665 14499.768470 7775.447554 16732.965130 6276.285859 18815.411156
0.647508 11960.125483 9748.854204 15236.677401 8263.389233 17560.010100 6764.112689 19716.446684
0.671907 12625.340331 10345.952630 16019.456958 8789.813274 18481.267968 7294.124312 20733.840127
0.697226 13273.619716 11007.615537 16889.469715 9414.332377 19436.241457 7870.056885 21941.989776
0.723499 14028.832820 11607.837248 17737.783863 9970.183325 20449.463749 8435.268447 23227.525508
0.750762 14853.516675 12345.433862 18792.381223 10570.353466 21612.857703 9037.475918 24595.335749
0.779052 15681.213961 13128.557043 19811.334963 11337.923590 22746.845969 9688.632136 26050.623642
0.808408 16542.606679 13900.758662 20906.633882 12105.573509 24064.125074 10392.848738 27598.928445
0.838870 17555.486998 14704.247893 22045.473504 12809.123655 25419.301244 11154.570141 29246.148298
0.870480 18571.599359 15621.583213 23257.579573 13627.969774 26828.000438 11978.595989 30998.564425
0.903282 19688.561804 16561.297312 24751.033644 14385.795737 28370.908986 12870.104471 32862.866851
0.937319 20960.908043 17582.506163 26284.359342 15213.142340 30104.841285 13834.676451 34846.181635
0.972639 22240.551789 18646.605141 27853.994329 16180.555871 31728.134696 14861.050171 36841.730372
1.009290 23638.096001 19809.902875 29621.347429 17211.917540 33932.159025 15649.229301 38896.382258
1.047322 25135.384867 21081.442760 31445.626893 18168.859935 36002.504822 16529.469190 41046.330805
1.086787 26733.926937 22386.864635 33413.668815 19230.712922 38380.105519 17446.750284 43544.468014
1.127740 28460.256685 23750.838682 35439.466558 20525.593392 40871.599301 18424.151627 46696.066496
1.170235 30337.699839 25253.549707 37729.220063 21812.531593 43477.835982 19465.470604 49706.877968
1.214332 32211.731377 26822.268075 40284.447734 23181.498973 46266.811778 20574.707260 52765.827514
1.260090 34383.778080 28541.024555 42907.400480 24553.728462 49365.414805 21756.071208 56020.228224
1.307573 36658.357643 30369.330523 45483.827739 25908.487759 52788.832645 23013.988552 59482.574549
1.356845 39133.807276 32294.826675 48507.314973 27447.740807 56297.524728 24353.108765 63166.132657
1.407973 41590.822139 34467.870998 51716.613431 29109.033559 59902.992041 25778.311489 67338.362269
1.461028 44217.172135 36658.445752 54941.703051 30916.076497 64389.938581 27294.713230 72726.481016
1.516083 47082.364804 38993.878930 58856.372863 32740.127759 69208.983423 28907.673877 78548.940923
1.573212 50177.564725 41450.304369 62931.488647 34722.596748 74237.428578 30622.803004 84838.168593
1.632493 53547.282939 44013.414799 67326.998924 36749.092963 79402.762892 32445.965910 91628.596579
1.694009 57171.461770 46832.511273 72038.757483 38899.160803 84842.076722 34383.289322 98956.739095
1.757842 60923.333801 49787.982294 76988.211687 41256.743131 91115.520955 36441.166706 105782.120902
1.824081 64706.913171 53015.868849 81954.082338 43726.191062 97290.387808 38626.263129 114475.686005
1.892816 69015.277865 56210.130469 87616.456522 46346.887902 103988.159301 40945.519593 124398.129672
1.964141 73564.692629 59637.742626 93263.194883 49126.939360 111243.680945 43406.156783 134453.569331
2.038154 78196.057180 63416.086026 99518.633005 52080.855791 119125.945464 46015.678157 145095.724049
2.114955 83135.466111 67307.415288 106194.909754 55344.496884 128130.319328 48541.353941 156542.157103
2.194651 88388.214436 71531.800228 113135.005766 58509.005020 137797.597197 51051.179608 168845.709560
2.277350 94267.184576 75984.760099 120744.479830 62193.683255 148129.486028 53591.212287 182061.717070
2.363165 100290.924953 80626.408898 128725.773381 66184.273015 158733.224939 56244.852083 196248.016988
2.452213 106365.250101 85439.579337 137605.407080 70579.185919 171075.886690 59015.292062 211464.939815
2.544617 112661.511850 90585.409823 146695.739572 74994.750296 182343.474657 61905.688226 227775.282808
2.640503 119278.942645 95686.508251 155952.689496 79426.372063 195783.606111 65049.822068 245244.263449
2.740003 126399.262917 101189.049645 165899.098252 83654.200906 209967.489904 68704.218862 263939.450357
2.843251 133873.464993 107113.354273 176715.300288 88229.574751 225077.442735 72546.595649 283930.669040
2.950391 141794.547292 113385.813162 188124.293969 92859.309507 240928.991728 76584.149036 305289.879810
3.061567 150192.289103 119474.416753 199633.795703 97894.580317 257928.570385 80789.381053 328091.025077
3.176933 158822.862825 126794.049813 211890.742261 102540.821328 273743.081173 84877.363736 352409.843168
3.296646 168638.331079 133603.555932 225840.537828 107993.581206 292805.231990 89020.292185 378323.645802
3.420870 178482.372859 141262.981765 240251.461527 114289.433771 310057.262495 92193.615489 404278.808141
3.549775 188200.474569 149112.322596 255635.291188 120509.081657 330037.347188 95365.239633 421058.924332
3.683537 199066.071605 157682.079530 270603.916102 126590.386260 350014.970800 98535.592525 445260.312045
3.822340 210145.076402 165916.992381 285549.530123 133114.339238 371393.693519 101705.041607 476259.357602
3.966373 221806.632965 174622.006740 302672.377939 139522.844834 393717.570458 104873.900168 508978.436946
4.115834 233218.746495 183446.611193 317512.807592 146327.784610 416991.390499 107779.175164 542679.314060
4.270926 245845.240615 192088.745763 334659.631459 151049.968201 441216.397445 110438.120282 565323.221321
4.431863 258015.552879 200071.537277 354333.141114 156326.181570 468669.693107 113073.414343 586503.984701
4.598864 272381.255917 209446.228229 373681.997913 160508.232521 498102.779854 115685.416866 606319.660963
4.772158 285509.647775 218762.173241 392209.182708 166384.140756 526086.474414 118274.453927 628496.037103
4.951983 299648.835518 228281.660844 413213.611697 170805.280641 558177.994812 120840.822221 668335.445458
5.138583 314940.459985 235766.489141 435235.689259 176214.301803 586689.814964 123384.792692 710198.295223
5.332215 330646.396620 245064.590462 456984.378661 180757.735221 623102.389108 125906.613777 754136.966901
5.533143 345415.493671 254067.193070 480896.220607 185325.235052 654899.917091 128406.514309 800200.228618
5.741642 361355.297090 261905.552270 503685.187160 190602.814491 693472.956773 130884.706100 848432.679628
5.957999 378514.352626 268730.141743 528351.481859 195475.557726 724923.964656 133341.386234 898874.182540
6.182508 396097.949813 275730.619670 555072.059261 199857.815177 758407.404692 135776.739113 951559.291508
6.415476 413110.340680 284342.335534 580724.264440 204058.078971 795441.688442 138190.938265 1006516.684861
6.657224 429636.324177 294337.857257 608845.252505 208712.972165 836704.308328 140584.147939 1063768.611923
6.908081 449187.420728 300463.068413 636486.457204 213318.017872 869993.538555 142956.524521 1123107.353857
7.168391 465710.284854 310728.716411 668145.526613 216252.527049 912530.527241 145308.217773 1182565.511710
7.438510 483965.405146 318538.759296 701960.299715 220185.826020 955152.635250 147639.371925 1241683.616586
7.718807 499912.648735 325801.643544 732951.442690 225379.644797 996953.833754 149950.126631 1300466.568680
8.009667 517825.493392 336395.458077 763173.221457 229279.452838 1038846.075890 152240.617798 1370428.676258
8.311487 533825.481024 345872.153231 797236.187498 232114.534606 1088510.613044 154510.978315 1445479.532984
8.624680 550285.000256 351740.551201 826821.364829 234348.447149 1126866.129133 156761.338674 1521776.373000
8.949674 569296.334306 358388.640193 863651.838422 237797.606481 1184028.917748 158991.827516 1594854.875025
9.286915 585383.867492 366680.396675 896696.796197 238607.555803 1236454.851086 160635.530384 1664527.476658
9.636864 605683.061839 373086.329275 923195.128639 241937.040294 1290058.681847 160863.744886 1730955.701616
10.000000 623191.694864 378707.666689 955834.209971 243396.404838 1346913.570129 161076.048712 1794293.075623
