85.999776
86.000345
85.999376
86.000360
85.999207
86.000643
86.000204
85.999348
85.999231
86.000056
86.000041
86.000753
85.999509
85.999195
86.000152
86.000388
86.000824
85.999476
86.000809
85.999835
86.000575
86.000274
85.999188
85.999444
86.000212
85.999738
85.999960
86.000105
86.000759
86.000041
86.000509
86.000364
85.999583
85.999561
85.999361
86.000595
85.999660
85.999745
85.999675
86.000763
85.999916
85.999453
86.000004
85.999427
86.000850
85.999330
85.999670
86.000651
85.999645
85.999151
85.999854
85.999650
85.999356
85.999730
85.999186
85.999974
85.999710
86.000488
86.000794
85.999496
86.000246
85.999547
85.999865
85.999697
86.000720
85.999480
85.999669
85.999188
85.999569
85.999436
85.999544
86.000377
86.000136
85.999907
86.000634
85.999515
85.999802
85.999287
86.000033
86.000129
86.000619
85.999602
86.000335
86.000221
86.000860
86.000709
86.000150
86.000144
86.000228
86.000244
86.000592
85.999798
85.999246
86.000536
86.000679
85.999244
86.000479
86.000184
86.000819
85.999427
85.999545
86.000601
86.000529
86.000789
86.000653
86.000288
86.000155
85.999513
86.000839
86.000008
85.999532
85.999181
86.000851
86.000172
85.999608
86.000664
86.000440
86.000591
85.999649
85.999284
86.000809
86.000169
85.999872
85.999983
85.999431
85.999178
86.000454
86.000722
85.999915
86.000675
85.999447
85.999992
85.999974
86.000666
86.000808
85.999718
86.000732
85.999718
86.000772
85.999163
85.999755
85.999662
86.000708
86.000122
86.000242
85.999571
86.000687
86.000044
86.000143
85.999798
85.999640
86.000012
86.000819
86.000403
86.000561
85.999365
85.999416
86.000321
85.999718
86.000082
86.000145
85.999231
85.999508
86.000125
85.999773
86.000424
86.000549
85.999846
86.000463
86.000726
85.999987
85.999782
85.999919
86.000540
86.000257
85.999237
85.999686
85.999465
85.999570
85.999731
86.000721
86.000830
86.000558
86.000303
86.000424
86.000273
85.999742
85.999427
86.000470
86.000695
85.999268
86.000162
86.000427
85.999272
86.000777
85.999264
85.999687
85.999854
86.000165
86.000410
85.999406
86.000368
85.999197
85.999840
85.999826
86.000065
85.999208
85.999739
86.000797
86.000281
85.999323
85.999944
85.999963
85.999560
86.000555
85.999868
85.999769
86.000073
85.999855
85.999704
86.000195
86.000050
85.999915
85.999423
86.000793
86.000603
86.000401
86.000168
86.000136
86.000124
86.000019
85.999580
86.000134
86.000440
85.999773
86.000170
86.000595
86.000014
85.999843
85.999488
86.000122
85.999282
86.000042
86.000327
86.000263
85.999672
86.000641
85.999718
86.000482
85.999312
85.999725
86.000671
85.999369
85.999212
85.999169
85.999859
85.999592
85.999827
86.000261
85.999679
85.999996
85.999961
85.999307
86.000764
86.000473
85.999650
86.000651
85.999784
85.999469
86.000621
85.999432
86.000501
86.000483
85.999634
85.999617
85.999879
85.999569
86.000797
86.000471
86.000144
86.000731
86.000853
86.000285
85.999967
85.999789
85.999236
86.000537
86.000411
86.000445
85.999238
86.000131
85.999531
86.000468
85.999710
85.999392
86.000351
85.999361
85.999488
85.999720
85.999791
85.999368
85.999372
85.999397
86.000065
86.000633
85.999869
85.999645
86.000463
85.999524
85.999253
86.000008
85.999693
86.000641
86.000155
86.000182
85.999692
86.000123
85.999878
86.000117
86.000263
85.999639
86.000390
86.000491
85.999511
86.000824
86.000256
86.000101
86.000350
85.999203
86.000777
85.999521
86.000337
85.999504
85.999830
86.000452
86.000671
86.000313
85.999388
86.000742
86.000852
86.000078
86.000233
86.000651
85.999202
86.000200
86.000632
86.000784
85.999255
85.999528
85.999897
86.000496
85.999483
86.000666
86.000665
86.000645
86.000316
86.000485
86.000302
86.000605
85.999230
85.999725
86.000259
85.999485
86.000337
86.000747
86.000161
85.999446
85.999941
85.999961
86.000680
85.999552
86.000350
86.000528
86.000083
86.000710
86.000521
85.999208
86.000722
85.999631
85.999796
86.000426
85.999269
86.000565
86.000085
85.999186
86.000374
86.000161
85.999385
86.000008
85.999366
85.999374
86.000438
86.000379
86.000321
86.000699
85.999268
85.999681
86.000463
85.999339
85.999720
85.999870
85.999167
86.000438
86.000632
86.000743
85.999309
85.999602
85.999513
86.000727
85.999415
86.000260
86.000339
86.000165
86.000743
85.999280
86.000672
85.999304
85.999335
86.000149
86.000063
85.999479
86.000625
85.999631
86.000811
85.999256
86.000274
85.999162
86.000040
85.999869
86.000655
86.000009
85.999312
85.999556
86.000438
86.000777
86.000607
85.999257
86.000161
86.000060
86.000115
85.999907
85.999626
85.999971
85.999764
86.000147
85.999472
86.000187
85.999903
86.000390
85.999670
85.999354
85.999186
86.000786
85.999431
86.000772
86.000397
85.999170
86.000282
86.000199
85.999456
85.999252
86.000098
85.999709
86.000836
86.000649
85.999670
86.000245
85.999446
86.000788
86.000024
86.000721
85.999398
86.000620
86.000358
85.999232
86.000407
86.000522
85.999992
85.999529
86.000585
85.999591
85.999304
86.000741
86.000758
85.999152
85.999182
85.999687
85.999943
86.000181
85.999514
85.999873
85.999665
85.999244
85.999962
86.000271
86.000095
85.999451
86.000058
85.999186
86.000829
85.999829
85.999697
85.999695
85.999990
86.000235
86.000366
86.000267
85.999993
86.000193
86.000752
86.000168
85.999867
86.000769
85.999609
85.999409
85.999416
86.000789
86.000805
85.999283
85.999795
86.000814
86.000699
86.000242
86.000710
86.000392
85.999850
86.000496
85.999797
86.000704
85.999781
86.000449
86.000418
86.000524
85.999350
86.000417
86.000530
85.999466
86.000832
85.999594
86.000673
85.999804
85.999719
85.999908
86.000498
86.000479
86.000684
85.999945
86.000312
86.000054
85.999970
85.999852
86.000236
85.999257
86.000335
85.999705
85.999381
86.000394
85.999152
86.000846
86.000672
86.000244
85.999585
86.000292
86.000439
85.999763
86.000008
85.999226
86.000270
86.000662
85.999584
86.000471
85.999292
85.999244
86.000138
85.999746
85.999162
85.999372
86.000059
85.999492
86.000235
85.999463
86.000333
86.000725
85.999975
86.000571
85.999858
86.000525
85.999588
86.000305
86.000601
85.999164
86.000452
85.999734
85.999453
85.999852
85.999196
86.000334
86.000045
85.999986
85.999338
86.000321
86.000540
85.999854
85.999507
85.999446
86.000628
86.000848
85.999858
85.999228
85.999700
85.999996
85.999317
85.999704
86.000440
85.999949
85.999380
86.000218
86.000622
85.999603
86.000545
85.999632
85.999577
86.000781
86.000359
86.000626
85.999502
85.999821
86.000083
86.000634
86.000427
86.000267
85.999925
86.000433
85.999175
85.999912
86.000466
85.999346
85.999884
85.999813
85.999746
85.999676
85.999870
86.000466
85.999686
86.000179
86.000728
86.000038
85.999394
85.999943
86.000425
85.999997
85.999378
85.999944
85.999359
86.000455
86.000796
86.000314
85.999866
86.000599
86.000068
85.999620
86.000084
85.999876
86.000533
85.999808
86.000594
85.999187
86.000470
86.000439
85.999614
86.000100
86.000008
85.999467
85.999789
85.999739
86.000622
86.000220
86.000349
85.999823
85.999240
85.999853
85.999312
85.999298
86.000823
85.999543
86.000350
85.999964
85.999927
86.000381
86.000093
86.000255
85.999444
86.000536
86.000484
85.999880
86.000011
86.000150
85.999615
85.999175
86.000764
85.999648
85.999982
86.000268
86.000758
86.000308
86.000353
85.999844
85.999795
85.999269
85.999818
85.999742
85.999967
86.000680
85.999972
85.999637
85.999913
85.999466
86.000854
86.000305
85.999153
85.999527
86.000472
85.999661
85.999997
85.999670
86.000506
86.000307
85.999891
86.000061
86.000098
85.999849
85.999457
86.000425
86.000464
85.999828
86.000456
85.999146
85.999341
86.000805
85.999997
86.000348
85.999318
86.000187
85.999766
86.000748
86.000235
85.999903
85.999320
85.999662
85.999589
86.000458
85.999474
85.999238
86.000672
86.000606
85.999465
86.000373
86.000392
86.000435
85.999994
86.000514
86.000642
85.999591
85.999513
86.000489
85.999752
85.999788
86.000752
85.999882
86.000207
86.000438
86.000190
85.999778
86.000233
86.000510
86.000632
86.000713
86.000388
86.000803
86.000170
86.000197
85.999796
85.999588
86.000665
85.999429
85.999707
85.999907
86.000628
85.999817
86.000182
85.999481
85.999414
86.000186
85.999976
86.000031
86.000305
86.000666
85.999339
85.999918
85.999911
86.000050
86.000626
85.999920
85.999505
85.999773
86.000772
86.000815
85.999331
85.999694
86.000227
86.000107
85.999654
86.000030
86.000431
85.999345
86.000782
86.000713
85.999964
86.000135
86.000075
85.999574
86.000755
86.000525
85.999556
85.999865
86.000482
85.999788
86.000176
85.999242
85.999847
85.999742
85.999732
85.999405
86.000133
85.999763
86.000446
86.000329
86.000042
86.000810
86.000588
86.000307
86.000683
85.999650
86.000017
85.999212
86.000356
86.000421
86.000471
86.000754
86.000191
86.000536
85.999396
86.000346
86.000470
86.000414
85.999535
85.999510
85.999813
86.000513
86.000424
86.000579
85.999671
86.000354
86.000349
85.999389
86.000077
86.000667
86.000654
85.999356
85.999636
85.999971
85.999564
86.000105
86.000194
85.999769
85.999536
86.000498
85.999615
86.000284
85.999452
86.000114
86.000543
86.000091
85.999710
85.999557
85.999584
86.000167
85.999513
85.999721
86.000434
86.000573
85.999235
85.999326
85.999329
86.000008
85.999275
85.999493
85.999615
85.999662
86.000260
85.999252
85.999945
85.999361
86.000580
85.999178
85.999640
85.999797
86.000690
85.999935
85.999386
85.999629
86.000161
86.000223
85.999651
86.000746
85.999896
85.999609
85.999293
85.999238
85.999536
86.000132
86.000391
86.000002
85.999872
86.000342
85.999491
85.999704
86.000249
85.999210
86.000287
85.999831
86.000409
86.000534
86.000029
85.999839
85.999560
85.999759
85.999584
85.999594
86.000806
85.999516
85.999682
85.999596
85.999460
86.000490
86.000630
85.999862
86.000287
86.000501
86.000602
86.000477
85.999761
86.000562
86.000365
86.000331
85.999230
86.000227
85.999739
85.999752
86.000189
86.000275
86.000650
85.999537
85.999681
86.000454
85.999847
85.999560
85.999190
85.999990
86.000501
85.999504
85.999464
86.000363
86.000715
86.000634
86.000726
85.999698
85.999881
85.999377
86.000431
86.000519
86.000209
85.999585
85.999396
85.999341
86.000067
85.999745
86.000414
85.999218
86.000387
85.999453
85.999964
86.000594
85.999460
86.000573
85.999829
86.000638
86.000331
85.999869
86.000551
