0.001000 0.000000 0.000000 0.000000 0.000000 0.000000 0.000000 0.000000
0.001038 0.000000 0.000000 0.000000 0.000000 0.000000 0.000000 0.000000
0.001077 0.000000 0.000000 0.000000 0.000000 0.000000 0.000000 0.000000
0.001117 0.000000 0.000000 0.000000 0.000000 0.000000 0.000000 0.000001
0.001159 0.000000 0.000000 0.000000 0.000000 0.000001 0.000000 0.000001
0.001203 0.000000 0.000000 0.000000 0.000000 0.000001 0.000000 0.000001
0.001248 0.000000 0.000000 0.000001 0.000000 0.000001 0.000000 0.000001
0.001296 0.000001 0.000000 0.000001 0.000000 0.000001 0.000000 0.000001
0.001344 0.000001 0.000001 0.000001 0.000000 0.000001 0.000000 0.000001
0.001395 0.000001 0.000001 0.000001 0.000001 0.000001 0.000001 0.000001
0.001448 0.000001 0.000001 0.000001 0.000001 0.000001 0.000001 0.000001
0.001502 0.000001 0.000001 0.000001 0.000001 0.000001 0.000001 0.000001
0.001559 0.000001 0.000001 0.000001 0.000001 0.000001 0.000001 0.000001
0.001617 0.000001 0.000001 0.000001 0.000001 0.000001 0.000001 0.000002
0.001678 0.000001 0.000001 0.000001 0.000001 0.000002 0.000001 0.000002
0.001742 0.000001 0.000001 0.000001 0.000001 0.000002 0.000001 0.000002
0.001807 0.000001 0.000001 0.000002 0.000001 0.000002 0.000001 0.000002
0.001875 0.000002 0.000001 0.000002 0.000001 0.000002 0.000001 0.000002
0.001946 0.000002 0.000002 0.000002 0.000001 0.000002 0.000001 0.000003
0.002019 0.000002 0.000002 0.000002 0.000002 0.000003 0.000002 0.000003
0.002095 0.000002 0.000002 0.000003 0.000002 0.000003 0.000002 0.000003
0.002174 0.000002 0.000002 0.000003 0.000002 0.000003 0.000002 0.000004
0.002256 0.000003 0.000002 0.000003 0.000002 0.000004 0.000002 0.000004
0.002341 0.000003 0.000003 0.000004 0.000002 0.000004 0.000002 0.000005
0.002430 0.000003 0.000003 0.000004 0.000003 0.000005 0.000003 0.000005
0.002521 0.000004 0.000003 0.000005 0.000003 0.000005 0.000003 0.000006
0.002616 0.000004 0.000004 0.000005 0.000003 0.000006 0.000003 0.000006
0.002715 0.000005 0.000004 0.000006 0.000004 0.000007 0.000004 0.000007
0.002817 0.000005 0.000005 0.000006 0.000004 0.000007 0.000004 0.000008
0.002923 0.000006 0.000005 0.000007 0.000005 0.000008 0.000005 0.000009
0.003033 0.000007 0.000006 0.000008 0.000005 0.000009 0.000005 0.000010
0.003148 0.000007 0.000007 0.000009 0.000006 0.000010 0.000006 0.000011
0.003266 0.000008 0.000007 0.000010 0.000007 0.000012 0.000006 0.000013
0.003389 0.000009 0.000008 0.000011 0.000008 0.000013 0.000007 0.000014
0.003517 0.000010 0.000009 0.000012 0.000008 0.000014 0.000008 0.000016
0.003650 0.000012 0.000010 0.000014 0.000009 0.000016 0.000009 0.000018
0.003787 0.000013 0.000011 0.000015 0.000010 0.000018 0.000010 0.000020
0.003930 0.000014 0.000013 0.000017 0.000012 0.000020 0.000011 0.000022
0.004078 0.000016 0.000014 0.000019 0.000013 0.000023 0.000013 0.000024
0.004232 0.000018 0.000016 0.000021 0.000015 0.000025 0.000014 0.000027
0.004391 0.000020 0.000018 0.000024 0.000016 0.000028 0.000016 0.000030
0.004557 0.000022 0.000020 0.000027 0.000018 0.000031 0.000017 0.000034
0.004728 0.000025 0.000022 0.000030 0.000020 0.000035 0.000019 0.000038
0.004906 0.000028 0.000025 0.000033 0.000023 0.000039 0.000022 0.000042
0.005091 0.000031 0.000027 0.000037 0.000025 0.000044 0.000024 0.000047
0.005283 0.000035 0.000031 0.000041 0.000028 0.000049 0.000027 0.000053
0.005482 0.000039 0.000034 0.000046 0.000032 0.000054 0.000030 0.000059
0.005689 0.000043 0.000038 0.000052 0.000035 0.000061 0.000034 0.000066
0.005903 0.000048 0.000043 0.000058 0.000039 0.000068 0.000038 0.000074
0.006126 0.000054 0.000048 0.000064 0.000044 0.000076 0.000042 0.000082
0.006356 0.000060 0.000053 0.000072 0.000049 0.000085 0.000047 0.000092
0.006596 0.000067 0.000059 0.000080 0.000055 0.000094 0.000053 0.000103
0.006844 0.000075 0.000066 0.000089 0.000061 0.000105 0.000059 0.000114
0.007102 0.000084 0.000074 0.000100 0.000068 0.000118 0.000066 0.000128
0.007370 0.000094 0.000083 0.000111 0.000076 0.000131 0.000073 0.000142
0.007648 0.000105 0.000092 0.000124 0.000085 0.000147 0.000082 0.000159
0.007936 0.000117 0.000103 0.000139 0.000095 0.000163 0.000091 0.000177
0.008235 0.000130 0.000115 0.000155 0.000106 0.000182 0.000102 0.000198
0.008545 0.000146 0.000128 0.000173 0.000119 0.000203 0.000114 0.000221
0.008867 0.000162 0.000143 0.000192 0.000132 0.000227 0.000127 0.000246
0.009201 0.000181 0.000160 0.000215 0.000148 0.000253 0.000142 0.000274
0.009548 0.000202 0.000178 0.000239 0.000165 0.000282 0.000158 0.000306
0.009908 0.000225 0.000199 0.000267 0.000184 0.000315 0.000176 0.000341
0.010281 0.000251 0.000222 0.000298 0.000205 0.000351 0.000197 0.000380
0.010669 0.000280 0.000247 0.000332 0.000229 0.000391 0.000219 0.000424
0.011071 0.000313 0.000276 0.000370 0.000255 0.000436 0.000245 0.000472
0.011488 0.000348 0.000307 0.000412 0.000285 0.000485 0.000273 0.000526
0.011921 0.000388 0.000343 0.000460 0.000317 0.000541 0.000304 0.000585
0.012370 0.000433 0.000382 0.000512 0.000354 0.000602 0.000339 0.000652
0.012836 0.000482 0.000425 0.000570 0.000394 0.000670 0.000378 0.000725
0.013320 0.000537 0.000474 0.000635 0.000439 0.000746 0.000421 0.000807
0.013822 0.000598 0.000528 0.000707 0.000490 0.000830 0.000469 0.000898
0.014343 0.000666 0.000588 0.000787 0.000545 0.000923 0.000522 0.000999
0.014883 0.000741 0.000655 0.000876 0.000607 0.001027 0.000582 0.001110
0.015444 0.000824 0.000729 0.000974 0.000676 0.001141 0.000647 0.001233
0.016026 0.000917 0.000811 0.001083 0.000753 0.001268 0.000721 0.001370
0.016630 0.001019 0.000903 0.001203 0.000837 0.001409 0.000802 0.001521
0.017256 0.001133 0.001004 0.001336 0.000932 0.001564 0.000892 0.001688
0.017907 0.001259 0.001116 0.001484 0.001036 0.001736 0.000992 0.001873
0.018581 0.001398 0.001240 0.001647 0.001152 0.001925 0.001102 0.002076
0.019281 0.001553 0.001377 0.001826 0.001280 0.002135 0.001225 0.002301
0.020008 0.001723 0.001530 0.002025 0.001421 0.002366 0.001360 0.002548
0.020762 0.001911 0.001698 0.002243 0.001578 0.002620 0.001510 0.002820
0.021544 0.002119 0.001883 0.002484 0.001752 0.002899 0.001676 0.003119
0.022356 0.002348 0.002089 0.002750 0.001943 0.003206 0.001859 0.003448
0.023199 0.002600 0.002315 0.003042 0.002155 0.003544 0.002061 0.003808
0.024073 0.002879 0.002565 0.003363 0.002388 0.003915 0.002284 0.004203
0.024980 0.003185 0.002838 0.003716 0.002643 0.004322 0.002529 0.004634
0.025921 0.003521 0.003140 0.004102 0.002924 0.004765 0.002800 0.005106
0.026898 0.003887 0.003472 0.004525 0.003233 0.005248 0.003096 0.005621
0.027911 0.004290 0.003836 0.004984 0.003574 0.005776 0.003422 0.006182
0.028963 0.004735 0.004234 0.005488 0.003948 0.006350 0.003780 0.006791
0.030055 0.005222 0.004671 0.006035 0.004358 0.006971 0.004172 0.007455
0.031187 0.005755 0.005150 0.006631 0.004807 0.007642 0.004601 0.008177
0.032362 0.006333 0.005674 0.007278 0.005298 0.008373 0.005070 0.008959
0.033582 0.006963 0.006249 0.007985 0.005834 0.009175 0.005581 0.009805
0.034847 0.007642 0.006869 0.008745 0.006416 0.010034 0.006139 0.010717
0.036160 0.008376 0.007543 0.009574 0.007049 0.010950 0.006746 0.011700
0.037523 0.009181 0.008272 0.010470 0.007741 0.011935 0.007405 0.012757
0.038937 0.010049 0.009055 0.011436 0.008491 0.013009 0.008121 0.013891
0.040404 0.010991 0.009913 0.012483 0.009296 0.014140 0.008895 0.015106
0.041927 0.011988 0.010843 0.013598 0.010154 0.015347 0.009733 0.016404
0.043507 0.013074 0.011838 0.014797 0.011096 0.016632 0.010638 0.017787
0.045146 0.014238 0.012919 0.016078 0.012116 0.017998 0.011613 0.019260
0.046847 0.015501 0.014075 0.017432 0.013211 0.019446 0.012662 0.020824
0.048612 0.016850 0.015301 0.018910 0.014376 0.021007 0.013788 0.022482
0.050444 0.018292 0.016620 0.020444 0.015622 0.022697 0.014995 0.024235
0.052345 0.019843 0.018040 0.022113 0.016954 0.024488 0.016287 0.026086
0.054317 0.021460 0.019553 0.023826 0.018373 0.026374 0.017666 0.028036
0.056364 0.023177 0.021182 0.025643 0.019870 0.028314 0.019137 0.030087
0.058488 0.025012 0.022893 0.027581 0.021460 0.030351 0.020697 0.032240
0.060692 0.026966 0.024714 0.029637 0.023172 0.032455 0.022345 0.034504
0.062979 0.028986 0.026591 0.031810 0.024986 0.034684 0.024091 0.036919
0.065352 0.031128 0.028609 0.034080 0.026907 0.037054 0.025937 0.039450
0.067815 0.033397 0.030761 0.036442 0.028937 0.039507 0.027886 0.042097
0.070370 0.035776 0.032987 0.038888 0.031079 0.042093 0.029942 0.044865
0.073022 0.038292 0.035357 0.041464 0.033339 0.044852 0.032107 0.047756
0.075774 0.040962 0.037878 0.044203 0.035718 0.047687 0.034384 0.050773
0.078629 0.043725 0.040519 0.047065 0.038196 0.050639 0.036776 0.053922
0.081592 0.046623 0.043262 0.050096 0.040778 0.053768 0.039240 0.057207
0.084666 0.049644 0.046140 0.053247 0.043486 0.057042 0.041820 0.060635
0.087857 0.052785 0.049161 0.056606 0.046414 0.060509 0.044522 0.064211
0.091167 0.056127 0.052328 0.060152 0.049441 0.064138 0.047351 0.067944
0.094603 0.059632 0.055615 0.063793 0.052630 0.067815 0.050311 0.071843
0.098168 0.063302 0.059063 0.067645 0.055969 0.071720 0.053410 0.075847
0.101867 0.067072 0.062644 0.071626 0.059433 0.075934 0.056655 0.080141
0.105705 0.071061 0.066337 0.075933 0.063060 0.080354 0.060056 0.084641
0.109688 0.075253 0.070240 0.080431 0.066838 0.084993 0.063667 0.089315
0.113822 0.079697 0.074398 0.085105 0.070882 0.089853 0.067419 0.094215
0.118111 0.084322 0.078741 0.089989 0.075104 0.094936 0.071327 0.099547
0.122561 0.089145 0.083337 0.095143 0.079523 0.100431 0.075437 0.105248
0.127180 0.094251 0.088155 0.100682 0.084101 0.106082 0.079764 0.111065
0.131972 0.099576 0.093152 0.106494 0.088860 0.112140 0.084331 0.117185
0.136945 0.105352 0.098413 0.112750 0.093996 0.118725 0.089148 0.123625
0.142105 0.111364 0.103876 0.119195 0.099654 0.125554 0.094228 0.130401
0.147460 0.117588 0.109775 0.126164 0.105278 0.132602 0.099589 0.137530
0.153017 0.124178 0.116035 0.133406 0.111016 0.140214 0.105249 0.145028
0.158783 0.131216 0.122574 0.141082 0.117393 0.148205 0.111226 0.153112
0.164766 0.138797 0.129677 0.149044 0.124052 0.156592 0.117541 0.161706
0.170975 0.146703 0.136915 0.157547 0.130911 0.165386 0.124221 0.170732
0.177417 0.154962 0.144642 0.166217 0.138246 0.174933 0.131288 0.180202
0.184103 0.163537 0.152904 0.175277 0.145923 0.184589 0.138754 0.190126
0.191040 0.172657 0.161660 0.184997 0.153966 0.194782 0.146635 0.200510
0.198239 0.182153 0.170547 0.195089 0.162633 0.205460 0.154949 0.211359
0.205709 0.192129 0.180052 0.205821 0.171853 0.216494 0.163709 0.222675
0.213460 0.202578 0.189912 0.216763 0.181539 0.228040 0.172929 0.234458
0.221504 0.213443 0.200234 0.228420 0.191468 0.239689 0.182621 0.246702
0.229851 0.224849 0.211231 0.240277 0.201928 0.252122 0.192792 0.259402
0.238512 0.236912 0.222662 0.252778 0.213000 0.265384 0.203448 0.272548
0.247499 0.249131 0.234628 0.265688 0.224461 0.279066 0.214595 0.286127
0.256826 0.261748 0.246905 0.279047 0.236029 0.292709 0.226232 0.300461
0.266503 0.275066 0.259947 0.293010 0.248484 0.306814 0.238357 0.315357
0.276546 0.288555 0.273449 0.307393 0.261331 0.320843 0.250966 0.330698
0.286967 0.302887 0.287127 0.321915 0.274277 0.335863 0.264051 0.346466
0.297780 0.317383 0.301174 0.336856 0.287760 0.351283 0.277511 0.362638
0.309001 0.332445 0.315990 0.351964 0.301982 0.366854 0.291007 0.379194
0.320645 0.347752 0.330767 0.367769 0.316353 0.382704 0.304931 0.396106
0.332727 0.363283 0.346442 0.383672 0.331052 0.398835 0.319269 0.413350
0.345265 0.379233 0.362318 0.399938 0.346119 0.415388 0.334004 0.430898
0.358275 0.395419 0.378665 0.416986 0.361829 0.432048 0.349114 0.448719
0.371776 0.411899 0.394382 0.433857 0.377903 0.449539 0.364579 0.466784
0.385785 0.429081 0.410753 0.450984 0.394185 0.466851 0.380375 0.485061
0.400322 0.446311 0.427579 0.468376 0.410658 0.484514 0.396478 0.503518
0.415407 0.463710 0.444674 0.485598 0.427523 0.502152 0.412862 0.521600
0.431060 0.481395 0.461719 0.503351 0.444522 0.520195 0.429500 0.539502
0.447304 0.499308 0.478895 0.521143 0.461702 0.539026 0.446364 0.557442
0.464159 0.516922 0.496154 0.538805 0.479034 0.557313 0.463425 0.575389
0.481649 0.534616 0.513546 0.556586 0.496250 0.576018 0.480653 0.593315
0.499799 0.552485 0.530945 0.574764 0.513731 0.594892 0.498019 0.611187
0.518632 0.570510 0.548627 0.592767 0.531012 0.613442 0.513930 0.628977
0.538175 0.588353 0.566427 0.610701 0.547801 0.631396 0.529607 0.647306
0.558455 0.606087 0.583788 0.628697 0.565062 0.649351 0.545253 0.666430
0.579498 0.623882 0.600850 0.646719 0.582171 0.667344 0.561191 0.685421
0.601335 0.640967 0.617518 0.664259 0.599418 0.685892 0.577505 0.704243
0.623994 0.658269 0.634018 0.681631 0.615644 0.704218 0.593090 0.722861
0.647508 0.675334 0.650988 0.698984 0.632608 0.722266 0.608554 0.741242
0.671907 0.692217 0.667446 0.715927 0.648858 0.739707 0.623872 0.759353
0.697226 0.708957 0.683598 0.732680 0.664672 0.757359 0.639022 0.777162
0.723499 0.725409 0.699643 0.749237 0.680028 0.774676 0.653980 0.794639
0.750762 0.741733 0.715334 0.765587 0.695420 0.791803 0.668723 0.811563
0.779052 0.757171 0.731002 0.781468 0.711150 0.808728 0.683227 0.827447
0.808408 0.772189 0.746167 0.797331 0.726698 0.824800 0.697473 0.842903
0.838870 0.787229 0.761227 0.812421 0.741134 0.840322 0.711437 0.857913
0.870480 0.801701 0.775995 0.827230 0.755179 0.855342 0.725101 0.872461
0.903282 0.816366 0.790513 0.842168 0.768855 0.869893 0.738445 0.886534
0.937319 0.829931 0.804269 0.856460 0.782603 0.883918 0.751452 0.900356
0.972639 0.843449 0.817579 0.869851 0.796134 0.897427 0.764107 0.914467
1.009290 0.856384 0.830318 0.883045 0.808473 0.911191 0.776395 0.928078
1.047322 0.868778 0.842863 0.895500 0.820200 0.924417 0.788305 0.941181
1.086787 0.880864 0.854845 0.907639 0.831513 0.936589 0.799827 0.953774
1.127740 0.892522 0.866391 0.919169 0.843165 0.948297 0.810952 0.965854
1.170235 0.903677 0.877498 0.930417 0.853852 0.959430 0.821676 0.977424
1.214332 0.914391 0.887822 0.941525 0.863858 0.970101 0.831992 0.988486
1.260090 0.924721 0.898387 0.951767 0.873510 0.981297 0.841901 0.999047
1.307573 0.934552 0.907624 0.961402 0.882773 0.991512 0.851401 1.009113
1.356845 0.943616 0.916931 0.970512 0.891606 1.001257 0.860495 1.018693
1.407973 0.952692 0.925487 0.979571 0.900059 1.010356 0.869186 1.027799
1.461028 0.961057 0.933940 0.988001 0.908556 1.018828 0.877478 1.036443
1.516083 0.969237 0.941567 0.996188 0.916404 1.026856 0.885379 1.044636
1.573212 0.976823 0.949619 1.003906 0.923502 1.034496 0.892896 1.052393
1.632493 0.984036 0.956299 1.010825 0.929650 1.041806 0.900037 1.059729
1.694009 0.990776 0.962897 1.017671 0.935446 1.048851 0.906813 1.066659
1.757842 0.996990 0.969205 1.024610 0.941451 1.055534 0.913234 1.073199
1.824081 1.003117 0.974950 1.030780 0.947323 1.061840 0.919311 1.079363
1.892816 1.008872 0.980680 1.036275 0.952865 1.067783 0.925056 1.085170
1.964141 1.014122 0.986088 1.041726 0.958092 1.073283 0.930482 1.090633
2.038154 1.019174 0.991233 1.047021 0.963032 1.078140 0.935600 1.095770
2.114955 1.024056 0.996078 1.051866 0.967651 1.082731 0.940424 1.100595
2.194651 1.028602 1.000638 1.056282 0.972011 1.087235 0.944967 1.105476
2.277350 1.032913 1.004924 1.060580 0.975817 1.091180 0.949240 1.110613
2.363165 1.036997 1.008737 1.064484 0.979288 1.094999 0.953257 1.115441
2.452213 1.040919 1.012617 1.067928 0.982540 1.098872 0.957029 1.119976
2.544617 1.044296 1.015958 1.071255 0.985585 1.102622 0.960570 1.123454
2.640503 1.047653 1.019010 1.074512 0.988435 1.106203 0.963891 1.126681
2.740003 1.050729 1.021971 1.077836 0.991100 1.109231 0.967004 1.129698
2.843251 1.053756 1.024870 1.080840 0.993593 1.112568 0.969920 1.132518
2.950391 1.056188 1.027133 1.083645 0.995921 1.115634 0.972650 1.135154
3.061567 1.058412 1.029426 1.086226 0.998097 1.118381 0.975204 1.137616
3.176933 1.060582 1.031815 1.088694 1.000128 1.120948 0.977084 1.139914
3.296646 1.062745 1.033965 1.091046 1.002024 1.123346 0.978828 1.142059
3.420870 1.064783 1.035828 1.093106 1.003793 1.125586 0.980455 1.144060
3.549775 1.066779 1.037557 1.094979 1.005443 1.127632 0.981971 1.145927
3.683537 1.068537 1.039007 1.096819 1.006982 1.129455 0.983385 1.147668
3.822340 1.070178 1.040614 1.098490 1.008416 1.131154 0.984702 1.149290
3.966373 1.071608 1.042111 1.100187 1.009753 1.132739 0.985929 1.150802
4.115834 1.072994 1.043528 1.101775 1.010999 1.134215 0.987073 1.152211
4.270926 1.074373 1.044913 1.103224 1.012159 1.135591 0.988137 1.153523
4.431863 1.075655 1.046081 1.104434 1.013240 1.136873 0.989128 1.154745
4.598864 1.076819 1.047258 1.105552 1.014246 1.138066 0.990051 1.155883
4.772158 1.077798 1.048283 1.106719 1.015183 1.139177 0.990910 1.156942
4.951983 1.078755 1.049238 1.107725 1.016055 1.140212 0.991709 1.157928
5.138583 1.079681 1.050207 1.108742 1.016866 1.141175 0.992453 1.158845
5.332215 1.080500 1.051110 1.109577 1.017621 1.142071 0.993145 1.159699
5.533143 1.081228 1.051800 1.110418 1.018324 1.142905 0.993788 1.160493
5.741642 1.081963 1.052555 1.111285 1.018978 1.143680 0.994387 1.161232
5.957999 1.082589 1.053256 1.112092 1.019586 1.144402 0.994944 1.161920
6.182508 1.083171 1.053941 1.112843 1.020151 1.145073 0.995462 1.162559
6.415476 1.083722 1.054637 1.113468 1.020677 1.145698 0.996011 1.163153
6.657224 1.084280 1.055125 1.113978 1.021166 1.146278 0.996589 1.163706
6.908081 1.084755 1.055607 1.114556 1.021621 1.146818 0.997126 1.164220
7.168391 1.085253 1.056095 1.115095 1.022043 1.147320 0.997626 1.164719
7.438510 1.085756 1.056549 1.115595 1.022436 1.147786 0.998091 1.165231
7.718807 1.086144 1.056971 1.116024 1.022801 1.148220 0.998523 1.165707
8.009667 1.086505 1.057364 1.116372 1.023141 1.148624 0.998925 1.166150
8.311487 1.086887 1.057728 1.116696 1.023457 1.148998 0.999299 1.166561
8.624680 1.087237 1.058067 1.117049 1.023750 1.149347 0.999646 1.166944
8.949674 1.087536 1.058382 1.117392 1.024022 1.149670 0.999969 1.167300
9.286915 1.087814 1.058675 1.117710 1.024276 1.149971 1.000269 1.167630
9.636864 1.088082 1.058947 1.118005 1.024511 1.150251 1.000548 1.167937
10.000000 1.088322 1.059200 1.118280 1.024730 1.150511 1.000808 1.168222
