0.010000 0.001465 0.000307 0.006824 0.000051 0.037275 0.000008 0.153708
0.012068 0.001773 0.000381 0.008179 0.000065 0.043713 0.000010 0.168784
0.014563 0.002170 0.000462 0.009774 0.000081 0.049563 0.000012 0.184239
0.017575 0.002670 0.000574 0.011373 0.000102 0.056256 0.000014 0.199892
0.021210 0.003214 0.000730 0.013452 0.000129 0.065002 0.000016 0.215556
0.025595 0.003935 0.000912 0.015827 0.000164 0.073331 0.000019 0.231039
0.030888 0.004795 0.001160 0.018228 0.000206 0.080728 0.000023 0.257085
0.037276 0.005850 0.001431 0.021162 0.000256 0.094582 0.000027 0.283203
0.044984 0.007117 0.001790 0.024546 0.000327 0.110272 0.000031 0.308020
0.054287 0.008580 0.002216 0.029017 0.000402 0.126884 0.000039 0.331026
0.065513 0.010419 0.002712 0.034672 0.000493 0.144890 0.000050 0.351869
0.079060 0.012471 0.003350 0.040479 0.000583 0.160464 0.000063 0.370364
0.095410 0.015014 0.004087 0.047193 0.000713 0.177857 0.000080 0.389420
0.115140 0.017924 0.004964 0.054368 0.000850 0.194909 0.000101 0.407108
0.138950 0.021098 0.006089 0.062594 0.001009 0.214299 0.000128 0.422889
0.167683 0.024963 0.007419 0.072590 0.001278 0.232120 0.000161 0.436800
0.202359 0.029346 0.009023 0.083224 0.001600 0.249497 0.000193 0.448931
0.244205 0.034690 0.010940 0.094179 0.001882 0.261808 0.000232 0.459414
0.294705 0.041452 0.012992 0.105509 0.002160 0.278708 0.000276 0.468400
0.355648 0.049462 0.015975 0.118678 0.002672 0.292167 0.000327 0.476050
0.429193 0.057367 0.019192 0.133349 0.002971 0.308642 0.000386 0.484198
0.517947 0.067287 0.022608 0.152288 0.003503 0.328574 0.000452 0.493867
0.625055 0.078358 0.026392 0.168033 0.004066 0.348853 0.000526 0.502085
0.754312 0.090691 0.030212 0.187755 0.004607 0.360989 0.000606 0.508768
0.910298 0.102361 0.034590 0.207089 0.005193 0.377788 0.000693 0.509278
1.098541 0.117633 0.040217 0.227513 0.006195 0.393035 0.000784 0.509702
1.325711 0.129599 0.045428 0.246132 0.007329 0.407464 0.000879 0.510054
1.599859 0.143670 0.049985 0.264546 0.008580 0.419549 0.000975 0.510346
1.930698 0.158760 0.055557 0.280112 0.009229 0.432969 0.001070 0.510588
2.329952 0.173133 0.059249 0.296110 0.010172 0.444488 0.001163 0.511009
2.811769 0.185462 0.063350 0.314990 0.011017 0.455753 0.001252 0.517235
3.393222 0.195560 0.068089 0.330815 0.011787 0.462669 0.001335 0.522175
4.094915 0.207176 0.071742 0.345997 0.012522 0.470912 0.001411 0.526077
4.941713 0.220468 0.074592 0.362144 0.013216 0.478289 0.001481 0.529147
5.963623 0.228745 0.077011 0.375518 0.013862 0.484987 0.001542 0.531557
7.196857 0.237517 0.079681 0.390765 0.014457 0.490937 0.001597 0.534575
8.685114 0.246876 0.081858 0.400751 0.014998 0.499137 0.001644 0.537953
10.481131 0.253033 0.083702 0.410070 0.015035 0.504713 0.001685 0.540688
12.648552 0.259062 0.085234 0.422028 0.015058 0.507796 0.001720 0.541350
15.264180 0.263915 0.087008 0.428758 0.015076 0.512868 0.001749 0.541682
18.420700 0.267885 0.088574 0.436748 0.015384 0.517420 0.001774 0.542794
22.229965 0.271498 0.089920 0.442353 0.015749 0.521186 0.001795 0.543806
26.826958 0.274221 0.090894 0.448700 0.015931 0.522997 0.001813 0.544641
32.374575 0.276427 0.091976 0.454762 0.016076 0.525653 0.001827 0.547523
39.069399 0.277614 0.092733 0.456753 0.016287 0.527644 0.001839 0.549519
47.148664 0.278832 0.093137 0.460396 0.016475 0.531752 0.001849 0.549996
56.898660 0.280784 0.093470 0.463503 0.016641 0.535121 0.001857 0.552187
68.664885 0.281882 0.093745 0.463773 0.016788 0.537373 0.001864 0.554133
82.864277 0.283279 0.093971 0.465043 0.016917 0.538689 0.001869 0.555556
100.000000 0.284281 0.094268 0.467492 0.017031 0.539910 0.001874 0.556316
