0.010000 65.658970 60.709031 71.366604 56.562452 77.141409 54.426219 80.243371
0.012068 56.666194 52.986996 61.012173 49.758853 65.354897 48.006577 67.536293
0.014563 46.804912 44.115184 49.771737 41.960692 52.745964 40.489670 54.195705
0.017575 36.943248 34.970123 38.944105 33.546647 40.753121 32.454594 41.624769
0.021210 27.673979 26.272010 29.282503 25.280833 30.375841 24.482458 31.335761
0.025595 20.012934 18.968414 21.280155 18.109911 22.128195 17.357115 23.237253
0.030888 14.174929 13.333012 15.112614 12.686365 15.785581 12.038165 16.726536
0.037276 9.941694 9.314618 10.607433 8.862043 11.111739 8.335852 11.786282
0.044984 6.944593 6.525307 7.421013 6.214708 7.769077 5.833586 8.161312
0.054287 4.827745 4.561062 5.138452 4.339038 5.356226 4.112349 5.542364
0.065513 3.318066 3.152118 3.511680 3.019400 3.648559 2.892781 3.722114
0.079060 2.208797 2.091025 2.328203 2.018804 2.415566 1.975703 2.465948
0.095410 1.415779 1.331718 1.491774 1.278167 1.547340 1.241359 1.584285
0.115140 0.869715 0.814151 0.920683 0.772645 0.965042 0.749542 0.989516
0.138950 0.521289 0.483875 0.556328 0.456045 0.585908 0.441934 0.598397
0.167683 0.308052 0.285440 0.331219 0.268137 0.349447 0.258994 0.359102
0.202359 0.186910 0.172752 0.200854 0.162749 0.212796 0.156560 0.219490
0.244205 0.120788 0.112342 0.130032 0.105671 0.138421 0.101170 0.142912
0.294705 0.084368 0.078762 0.091285 0.074233 0.097736 0.070666 0.102632
0.355648 0.063790 0.059621 0.069305 0.055897 0.074568 0.053736 0.079180
0.429193 0.051131 0.047571 0.055391 0.044780 0.060097 0.043291 0.063588
0.517947 0.041883 0.038942 0.045113 0.036714 0.048707 0.035566 0.051567
0.625055 0.033797 0.031508 0.036220 0.029760 0.038468 0.028950 0.040515
0.754312 0.026287 0.024607 0.027926 0.023318 0.029240 0.022860 0.030263
0.910298 0.019410 0.018150 0.020546 0.017375 0.021142 0.017161 0.021428
1.098541 0.013439 0.012540 0.014200 0.012069 0.014532 0.011843 0.014651
1.325711 0.008654 0.008068 0.009180 0.007653 0.009512 0.007300 0.009628
1.599859 0.005251 0.004877 0.005604 0.004497 0.005859 0.004248 0.005942
1.930698 0.003016 0.002776 0.003240 0.002514 0.003398 0.002354 0.003464
2.329952 0.001643 0.001499 0.001775 0.001341 0.001869 0.001249 0.001913
2.811769 0.000860 0.000778 0.000934 0.000690 0.000986 0.000640 0.001011
3.393222 0.000440 0.000395 0.000479 0.000348 0.000507 0.000322 0.000521
4.094915 0.000219 0.000196 0.000239 0.000171 0.000254 0.000159 0.000261
4.941713 0.000107 0.000095 0.000117 0.000083 0.000124 0.000077 0.000128
5.963623 0.000052 0.000046 0.000057 0.000040 0.000061 0.000037 0.000062
7.196857 0.000025 0.000022 0.000027 0.000019 0.000029 0.000018 0.000030
8.685114 0.000000 0.000000 0.000000 0.000000 0.000000 0.000000 0.000000
10.481131 0.000000 0.000000 0.000000 0.000000 0.000000 0.000000 0.000000
12.648552 0.000000 0.000000 0.000000 0.000000 0.000000 0.000000 0.000000
15.264180 0.000000 0.000000 0.000000 0.000000 0.000000 0.000000 0.000000
18.420700 0.000000 0.000000 0.000000 0.000000 0.000000 0.000000 0.000000
22.229965 0.000000 0.000000 0.000000 0.000000 0.000000 0.000000 0.000000
26.826958 0.000000 0.000000 0.000000 0.000000 0.000000 0.000000 0.000000
32.374575 0.000000 0.000000 0.000000 0.000000 0.000000 0.000000 0.000000
39.069399 0.000000 0.000000 0.000000 0.000000 0.000000 0.000000 0.000000
47.148664 0.000000 0.000000 0.000000 0.000000 0.000000 0.000000 0.000000
56.898660 0.000000 0.000000 0.000000 0.000000 0.000000 0.000000 0.000000
68.664885 0.000000 0.000000 0.000000 0.000000 0.000000 0.000000 0.000000
82.864277 0.000000 0.000000 0.000000 0.000000 0.000000 0.000000 0.000000
100.000000 0.000000 0.000000 0.000000 0.000000 0.000000 0.000000 0.000000
