0.010000 3.657569 2.222558 4.968947 1.034812 5.795060 0.487715 6.602852
0.012068 3.808867 2.313691 5.093444 1.106941 5.922245 0.511203 6.719402
0.014563 3.985540 2.447578 5.280777 1.202640 6.127483 0.544350 7.047063
0.017575 4.246907 2.660587 5.560506 1.323359 6.410796 0.590378 7.522220
0.021210 4.562621 2.909555 5.943951 1.486276 6.801886 0.651797 8.155176
0.025595 4.948888 3.205692 6.385476 1.650444 7.267106 0.729900 8.943588
0.030888 5.395252 3.560370 6.883143 1.885000 7.879500 0.823793 9.756212
0.037276 5.903255 3.939619 7.410568 2.169554 8.434836 0.930353 10.594502
0.044984 6.344225 4.355300 7.950849 2.489432 9.096766 1.047212 11.387559
0.054287 6.854290 4.786224 8.424527 2.819440 9.596903 1.176957 12.077700
0.065513 7.351566 5.262797 8.917193 3.274175 10.132268 1.329922 12.652017
0.079060 7.901444 5.842143 9.494658 3.753461 10.732586 1.522348 13.163900
0.095410 8.573570 6.524027 10.158515 4.234831 11.520713 1.774135 13.711039
0.115140 9.419936 7.341330 11.031815 4.965503 12.603746 2.107147 14.470200
0.138950 10.481539 8.449137 12.277015 5.673686 13.925553 2.443538 15.441171
0.167683 11.726116 9.656010 13.669480 6.507493 15.526721 2.890209 16.991867
0.202359 13.007032 10.883981 14.988475 7.395891 16.862438 3.410973 18.977925
0.244205 13.912957 11.839185 15.866342 8.205572 17.894989 3.882240 20.365543
0.294705 14.230021 12.296828 16.117756 8.754368 18.098966 4.226738 20.541268
0.355648 13.845267 12.159800 15.591131 8.943385 17.558319 4.506822 19.669735
0.429193 12.905375 11.590773 14.408536 8.615497 16.079756 4.662924 18.256448
0.517947 11.733893 10.703039 12.990932 8.199120 14.421975 4.665741 16.264200
0.625055 10.489227 9.691495 11.487434 7.717701 12.780565 4.625999 14.096404
0.754312 9.315736 8.712381 10.134427 7.401856 11.188755 4.608508 12.406490
0.910298 8.309102 7.810731 8.999230 6.962637 9.868178 4.613767 10.756617
1.098541 7.419641 7.028384 7.996541 6.521630 8.710950 4.660487 9.380040
1.325711 6.668479 6.329983 7.165245 5.977003 7.743873 4.765395 8.442450
1.599859 6.052828 5.732935 6.498436 5.446720 6.990249 4.924409 7.600421
1.930698 5.541469 5.204909 5.933119 4.941081 6.340499 4.590290 6.814784
2.329952 5.096821 4.711376 5.488108 4.437120 5.884762 4.066604 6.191080
2.811769 4.685702 4.276021 5.094117 3.971759 5.597093 3.620232 6.007534
3.393222 4.291097 3.870570 4.713548 3.555104 5.354370 3.204862 6.100692
4.094915 3.914454 3.465117 4.343765 3.153137 5.111165 2.813168 6.257053
4.941713 3.492856 3.049182 3.956180 2.757380 4.780019 2.442390 6.328181
5.963623 2.970802 2.547595 3.438089 2.259897 4.258813 1.991461 6.154979
7.196857 2.105937 1.731241 2.592718 1.484775 3.346984 1.291554 5.142784
8.685114 0.000000 0.000000 0.000000 0.000000 0.000000 0.000000 0.000000
10.481131 0.000000 0.000000 0.000000 0.000000 0.000000 0.000000 0.000000
12.648552 0.000000 0.000000 0.000000 0.000000 0.000000 0.000000 0.000000
15.264180 0.000000 0.000000 0.000000 0.000000 0.000000 0.000000 0.000000
18.420700 0.000000 0.000000 0.000000 0.000000 0.000000 0.000000 0.000000
22.229965 0.000000 0.000000 0.000000 0.000000 0.000000 0.000000 0.000000
26.826958 0.000000 0.000000 0.000000 0.000000 0.000000 0.000000 0.000000
32.374575 0.000000 0.000000 0.000000 0.000000 0.000000 0.000000 0.000000
39.069399 0.000000 0.000000 0.000000 0.000000 0.000000 0.000000 0.000000
47.148664 0.000000 0.000000 0.000000 0.000000 0.000000 0.000000 0.000000
56.898660 0.000000 0.000000 0.000000 0.000000 0.000000 0.000000 0.000000
68.664885 0.000000 0.000000 0.000000 0.000000 0.000000 0.000000 0.000000
82.864277 0.000000 0.000000 0.000000 0.000000 0.000000 0.000000 0.000000
100.000000 0.000000 0.000000 0.000000 0.000000 0.000000 0.000000 0.000000
