44.000104
43.999763
43.999682
44.000140
44.000237
44.000340
43.999614
44.000199
43.999916
43.999820
43.999642
43.999801
44.000138
44.000352
43.999917
43.999724
43.999840
43.999729
43.999721
44.000101
43.999978
44.000126
44.000365
44.000195
43.999884
43.999980
44.000121
44.000398
44.000088
43.999644
43.999615
43.999907
44.000303
43.999769
44.000138
44.000344
43.999796
44.000313
44.000364
44.000012
44.000337
43.999932
44.000076
44.000434
44.000116
44.000237
44.000410
43.999969
43.999622
44.000414
44.000018
43.999869
43.999904
43.999880
43.999713
44.000323
44.000187
43.999639
44.000262
43.999933
43.999839
44.000203
44.000001
43.999803
43.999955
43.999624
44.000237
44.000025
43.999776
44.000374
44.000415
44.000354
44.000024
43.999803
43.999958
44.000190
44.000024
44.000010
43.999853
44.000317
43.999624
43.999987
44.000046
43.999639
43.999884
44.000407
44.000320
44.000325
43.999873
44.000361
43.999821
43.999583
44.000104
44.000236
44.000028
43.999584
43.999999
44.000142
44.000409
44.000027
43.999813
43.999569
44.000094
44.000213
44.000353
43.999906
44.000126
44.000354
44.000359
44.000379
43.999654
44.000280
44.000165
43.999970
44.000214
43.999585
44.000014
43.999902
43.999987
43.999730
44.000280
43.999843
43.999667
44.000089
43.999899
44.000123
43.999631
43.999753
44.000380
44.000386
43.999801
44.000158
43.999780
43.999980
43.999935
44.000080
43.999871
43.999978
44.000018
43.999658
44.000082
43.999879
44.000282
43.999886
43.999758
44.000002
43.999663
44.000435
43.999626
43.999610
44.000228
43.999911
44.000166
44.000284
44.000203
43.999602
44.000091
43.999748
44.000243
43.999967
43.999762
43.999882
44.000365
43.999619
44.000152
43.999921
44.000411
44.000340
44.000373
44.000132
44.000109
44.000017
44.000196
44.000127
43.999569
43.999846
43.999856
43.999994
44.000201
44.000188
43.999883
44.000271
44.000168
44.000388
43.999638
43.999747
43.999744
44.000399
43.999912
43.999945
43.999876
44.000052
44.000112
44.000136
43.999975
44.000028
44.000397
43.999756
43.999870
44.000381
43.999670
44.000239
44.000294
44.000257
43.999680
43.999900
44.000181
43.999699
44.000035
43.999774
43.999813
44.000245
44.000192
44.000017
44.000121
43.999573
44.000040
44.000222
44.000261
43.999733
43.999561
43.999912
44.000065
44.000324
44.000275
43.999786
43.999924
43.999629
43.999821
43.999961
43.999686
43.999899
43.999995
43.999659
44.000370
44.000269
43.999982
43.999567
44.000409
43.999965
44.000389
43.999615
43.999564
43.999974
44.000212
44.000072
43.999986
44.000383
43.999852
44.000023
43.999630
44.000261
43.999895
43.999836
43.999823
43.999981
44.000213
43.999731
44.000158
43.999677
43.999686
43.999688
43.999990
44.000078
43.999631
44.000314
44.000007
43.999751
43.999958
44.000020
43.999986
43.999786
43.999758
43.999570
44.000377
44.000262
44.000377
43.999915
43.999711
43.999611
44.000019
44.000265
43.999937
43.999655
43.999637
44.000219
44.000049
43.999913
44.000255
43.999689
44.000371
44.000251
43.999707
43.999625
44.000248
43.999830
44.000090
44.000414
43.999561
44.000316
44.000327
44.000369
43.999977
43.999984
43.999724
43.999806
44.000044
44.000073
44.000009
44.000001
43.999801
44.000352
43.999599
43.999882
43.999630
43.999710
43.999740
44.000013
44.000062
44.000125
43.999957
44.000435
44.000328
44.000135
44.000086
44.000360
44.000393
43.999605
44.000229
43.999725
44.000295
43.999653
44.000048
43.999788
44.000303
44.000126
44.000123
43.999894
43.999924
44.000261
43.999990
44.000215
44.000271
44.000349
43.999777
43.999837
44.000308
43.999762
44.000021
43.999835
44.000316
43.999717
44.000301
44.000209
43.999923
43.999788
44.000266
43.999860
44.000424
44.000346
43.999822
44.000156
43.999702
43.999651
44.000215
44.000320
43.999969
44.000012
43.999778
44.000071
43.999785
43.999785
44.000255
43.999943
43.999963
43.999872
43.999736
43.999950
44.000124
44.000270
44.000123
43.999876
44.000044
43.999876
44.000137
43.999750
44.000206
44.000219
44.000428
43.999573
44.000266
44.000362
44.000307
43.999592
44.000142
44.000078
43.999835
44.000229
43.999807
44.000006
43.999940
44.000236
44.000260
43.999968
43.999929
43.999742
43.999796
44.000329
44.000062
43.999760
43.999633
43.999976
43.999898
44.000411
43.999905
44.000276
44.000047
43.999780
43.999825
43.999569
44.000113
43.999841
44.000430
44.000018
44.000367
44.000410
44.000150
44.000010
44.000192
43.999859
43.999924
43.999657
43.999730
44.000317
43.999835
44.000426
44.000352
44.000359
44.000074
44.000024
43.999969
43.999591
43.999839
43.999595
44.000215
43.999965
44.000195
44.000147
44.000224
43.999888
43.999780
44.000399
43.999767
44.000318
44.000115
43.999939
44.000352
44.000084
43.999800
43.999967
43.999953
43.999859
43.999835
44.000367
43.999797
44.000408
44.000418
43.999882
44.000205
43.999973
43.999794
43.999754
43.999560
43.999970
44.000080
44.000114
44.000356
44.000376
43.999786
44.000250
43.999764
44.000396
43.999600
43.999589
43.999729
43.999570
44.000402
44.000107
43.999745
43.999617
44.000208
43.999951
43.999740
44.000370
44.000274
44.000230
43.999991
43.999776
43.999600
43.999787
43.999765
44.000002
43.999587
44.000198
43.999779
43.999704
43.999901
44.000177
44.000093
43.999847
43.999607
44.000422
43.999835
43.999654
43.999908
44.000374
43.999745
44.000037
43.999859
43.999715
44.000039
44.000303
43.999632
44.000364
43.999560
43.999995
44.000018
44.000020
44.000237
43.999875
43.999825
43.999846
44.000070
43.999707
43.999672
44.000188
44.000030
44.000428
44.000133
44.000286
43.999645
43.999729
44.000276
43.999791
44.000010
43.999685
44.000350
43.999793
44.000289
43.999891
44.000088
44.000346
44.000047
43.999610
44.000232
44.000322
44.000328
43.999698
43.999904
43.999605
44.000236
43.999955
44.000287
44.000368
44.000288
44.000029
44.000424
44.000051
44.000243
44.000222
43.999665
44.000110
43.999935
44.000039
43.999682
44.000055
43.999885
43.999757
44.000003
44.000407
43.999654
43.999567
43.999616
43.999694
44.000072
44.000275
43.999981
44.000080
44.000309
43.999739
44.000145
44.000279
44.000311
44.000187
43.999705
44.000057
44.000102
44.000342
43.999977
44.000155
44.000217
44.000411
44.000025
44.000262
44.000403
43.999910
44.000037
43.999884
44.000308
44.000270
43.999992
43.999653
43.999875
44.000103
43.999918
43.999645
44.000080
43.999745
44.000375
44.000182
43.999562
44.000075
43.999847
44.000120
44.000048
44.000353
43.999929
44.000058
43.999656
44.000310
44.000069
43.999840
44.000408
44.000084
43.999561
44.000105
43.999994
44.000418
44.000293
44.000426
43.999705
43.999660
43.999956
44.000001
44.000402
44.000167
43.999800
44.000079
44.000282
44.000132
44.000073
44.000098
44.000013
44.000039
44.000101
43.999925
43.999825
44.000297
44.000174
44.000263
44.000270
44.000266
44.000249
44.000010
44.000281
44.000299
43.999924
44.000108
43.999823
43.999916
43.999944
44.000421
44.000229
43.999983
44.000264
44.000293
44.000413
43.999653
44.000093
44.000056
43.999990
44.000346
44.000225
44.000268
44.000436
44.000139
43.999695
43.999568
44.000222
44.000026
43.999786
43.999922
43.999755
44.000243
43.999675
43.999758
44.000336
44.000249
44.000380
44.000148
43.999958
43.999831
43.999760
43.999985
44.000170
44.000120
43.999996
44.000136
44.000369
44.000231
44.000261
44.000417
44.000356
44.000092
44.000151
43.999708
44.000016
43.999994
43.999909
44.000389
44.000317
44.000134
43.999951
44.000089
44.000346
43.999918
43.999643
44.000218
44.000431
44.000015
44.000241
43.999846
43.999890
43.999736
44.000116
43.999967
44.000242
43.999966
44.000345
44.000261
44.000303
43.999892
43.999637
43.999737
44.000121
43.999709
44.000357
44.000074
44.000222
44.000136
43.999581
44.000095
44.000345
44.000020
43.999881
43.999825
44.000163
43.999979
44.000239
44.000078
44.000267
43.999907
43.999992
43.999883
43.999712
44.000281
44.000324
43.999683
44.000083
44.000197
44.000075
43.999933
44.000383
44.000394
44.000361
44.000248
44.000011
44.000212
43.999926
44.000105
44.000036
44.000357
43.999655
44.000299
44.000197
44.000258
44.000314
43.999841
43.999849
44.000370
43.999615
44.000077
43.999988
44.000002
43.999972
44.000420
44.000313
43.999793
44.000433
44.000426
44.000066
44.000145
44.000344
43.999952
43.999629
43.999775
44.000004
43.999928
44.000100
44.000084
44.000000
44.000098
43.999846
44.000393
44.000055
44.000436
44.000304
44.000035
44.000098
43.999794
43.999938
44.000023
43.999675
43.999724
43.999600
43.999998
44.000179
43.999778
44.000106
44.000254
44.000310
44.000247
44.000205
44.000161
44.000312
44.000250
44.000365
43.999882
43.999875
43.999647
43.999889
44.000336
43.999644
43.999667
43.999666
44.000122
44.000063
44.000257
43.999676
44.000320
43.999960
43.999598
44.000310
44.000229
44.000403
43.999752
43.999754
43.999966
44.000025
44.000016
44.000136
43.999568
44.000109
43.999866
44.000319
43.999631
44.000071
44.000227
44.000358
43.999951
44.000050
43.999714
44.000056
44.000060
44.000271
44.000087
43.999844
44.000262
43.999949
43.999752
43.999617
44.000281
43.999866
43.999878
44.000336
43.999563
44.000050
43.999680
44.000432
44.000293
43.999848
43.999753
43.999752
43.999669
43.999941
44.000369
43.999748
44.000380
44.000420
44.000096
43.999961
43.999980
44.000086
44.000309
43.999636
44.000003
43.999785
44.000089
43.999835
43.999833
44.000327
43.999924
43.999710
44.000065
43.999899
44.000247
44.000311
44.000164
43.999688
44.000041
44.000111
43.999929
43.999664
43.999861
43.999593
44.000009
43.999607
43.999833
43.999915
43.999827
43.999643
44.000021
43.999753
44.000162
43.999771
43.999932
43.999788
43.999888
44.000354
44.000286
43.999983
44.000249
43.999940
43.999808
43.999944
43.999853
44.000320
43.999706
43.999585
44.000138
43.999714
43.999963
44.000017
44.000406
43.999664
43.999943
44.000240
43.999902
43.999865
43.999841
44.000298
43.999704
44.000125
44.000024
44.000367
43.999862
43.999653
44.000011
44.000257
44.000274
43.999974
44.000027
43.999789
43.999589
43.999719
43.999927
44.000367
43.999930
43.999903
43.999682
44.000200
43.999942
44.000056
43.999601
43.999885
43.999848
44.000279
44.000114
44.000130
44.000341
44.000264
43.999944
43.999978
44.000073
44.000192
44.000139
44.000361
44.000064
43.999931
43.999608
