0.001000 0.000014 0.000011 0.000017 0.000010 0.000019 0.000010 0.000020
0.001038 0.000015 0.000013 0.000019 0.000011 0.000021 0.000011 0.000023
0.001077 0.000017 0.000014 0.000021 0.000013 0.000023 0.000012 0.000025
0.001117 0.000019 0.000016 0.000023 0.000014 0.000026 0.000013 0.000028
0.001159 0.000021 0.000018 0.000026 0.000016 0.000029 0.000015 0.000032
0.001203 0.000024 0.000020 0.000029 0.000018 0.000033 0.000017 0.000035
0.001248 0.000027 0.000022 0.000033 0.000020 0.000036 0.000019 0.000040
0.001296 0.000030 0.000025 0.000036 0.000022 0.000041 0.000021 0.000044
0.001344 0.000033 0.000028 0.000041 0.000025 0.000045 0.000023 0.000049
0.001395 0.000037 0.000031 0.000045 0.000028 0.000051 0.000026 0.000055
0.001448 0.000042 0.000034 0.000051 0.000031 0.000057 0.000029 0.000061
0.001502 0.000046 0.000038 0.000057 0.000035 0.000063 0.000032 0.000069
0.001559 0.000052 0.000043 0.000063 0.000039 0.000071 0.000036 0.000077
0.001617 0.000058 0.000048 0.000071 0.000043 0.000079 0.000040 0.000086
0.001678 0.000065 0.000054 0.000079 0.000048 0.000088 0.000045 0.000096
0.001742 0.000072 0.000060 0.000088 0.000054 0.000098 0.000050 0.000107
0.001807 0.000080 0.000067 0.000098 0.000060 0.000110 0.000056 0.000119
0.001875 0.000090 0.000075 0.000110 0.000067 0.000122 0.000063 0.000133
0.001946 0.000100 0.000083 0.000123 0.000075 0.000137 0.000070 0.000148
0.002019 0.000112 0.000093 0.000137 0.000084 0.000152 0.000078 0.000166
0.002095 0.000125 0.000104 0.000153 0.000094 0.000170 0.000087 0.000185
0.002174 0.000139 0.000116 0.000170 0.000105 0.000190 0.000097 0.000206
0.002256 0.000156 0.000129 0.000190 0.000117 0.000212 0.000109 0.000230
0.002341 0.000174 0.000144 0.000212 0.000130 0.000236 0.000121 0.000257
0.002430 0.000194 0.000161 0.000237 0.000145 0.000264 0.000135 0.000286
0.002521 0.000216 0.000180 0.000264 0.000162 0.000294 0.000151 0.000319
0.002616 0.000241 0.000201 0.000294 0.000181 0.000328 0.000168 0.000356
0.002715 0.000269 0.000224 0.000328 0.000202 0.000365 0.000188 0.000397
0.002817 0.000300 0.000250 0.000366 0.000225 0.000407 0.000210 0.000442
0.002923 0.000335 0.000278 0.000408 0.000251 0.000454 0.000234 0.000493
0.003033 0.000373 0.000310 0.000454 0.000280 0.000506 0.000261 0.000549
0.003148 0.000416 0.000346 0.000506 0.000312 0.000564 0.000291 0.000612
0.003266 0.000464 0.000386 0.000564 0.000348 0.000628 0.000324 0.000682
0.003389 0.000517 0.000430 0.000628 0.000388 0.000700 0.000362 0.000759
0.003517 0.000576 0.000480 0.000700 0.000433 0.000779 0.000403 0.000845
0.003650 0.000641 0.000534 0.000779 0.000483 0.000867 0.000449 0.000941
0.003787 0.000714 0.000595 0.000867 0.000538 0.000965 0.000500 0.001047
0.003930 0.000795 0.000663 0.000965 0.000599 0.001073 0.000557 0.001164
0.004078 0.000885 0.000738 0.001073 0.000667 0.001193 0.000621 0.001295
0.004232 0.000984 0.000822 0.001193 0.000743 0.001327 0.000691 0.001439
0.004391 0.001095 0.000915 0.001326 0.000827 0.001474 0.000769 0.001599
0.004557 0.001218 0.001018 0.001473 0.000920 0.001637 0.000856 0.001776
0.004728 0.001354 0.001132 0.001636 0.001024 0.001818 0.000953 0.001972
0.004906 0.001505 0.001259 0.001817 0.001138 0.002018 0.001060 0.002189
0.005091 0.001671 0.001398 0.002018 0.001266 0.002238 0.001178 0.002428
0.005283 0.001856 0.001554 0.002238 0.001407 0.002483 0.001309 0.002692
0.005482 0.002059 0.001725 0.002481 0.001562 0.002752 0.001454 0.002982
0.005689 0.002284 0.001915 0.002748 0.001735 0.003049 0.001615 0.003303
0.005903 0.002532 0.002125 0.003042 0.001925 0.003376 0.001793 0.003655
0.006126 0.002805 0.002357 0.003367 0.002135 0.003736 0.001989 0.004042
0.006356 0.003104 0.002612 0.003724 0.002367 0.004132 0.002206 0.004467
0.006596 0.003436 0.002894 0.004117 0.002623 0.004566 0.002445 0.004933
0.006844 0.003800 0.003205 0.004548 0.002905 0.005041 0.002708 0.005444
0.007102 0.004198 0.003547 0.005017 0.003215 0.005562 0.002998 0.006002
0.007370 0.004633 0.003924 0.005533 0.003555 0.006132 0.003316 0.006611
0.007648 0.005113 0.004338 0.006099 0.003929 0.006752 0.003666 0.007276
0.007936 0.005637 0.004792 0.006717 0.004340 0.007427 0.004050 0.007999
0.008235 0.006211 0.005290 0.007379 0.004789 0.008162 0.004471 0.008786
0.008545 0.006833 0.005830 0.008101 0.005280 0.008960 0.004932 0.009638
0.008867 0.007508 0.006421 0.008881 0.005816 0.009824 0.005435 0.010562
0.009201 0.008241 0.007068 0.009724 0.006401 0.010762 0.005984 0.011560
0.009548 0.009047 0.007768 0.010636 0.007038 0.011773 0.006582 0.012637
0.009908 0.009919 0.008527 0.011626 0.007730 0.012862 0.007233 0.013795
0.010281 0.010857 0.009355 0.012688 0.008479 0.014034 0.007940 0.015039
0.010669 0.011859 0.010252 0.013836 0.009291 0.015291 0.008706 0.016372
0.011071 0.012939 0.011222 0.015064 0.010167 0.016636 0.009535 0.017797
0.011488 0.014109 0.012267 0.016377 0.011112 0.018073 0.010430 0.019316
0.011921 0.015355 0.013387 0.017781 0.012131 0.019604 0.011394 0.020932
0.012370 0.016692 0.014585 0.019287 0.013238 0.021215 0.012431 0.022645
0.012836 0.018120 0.015888 0.020861 0.014420 0.022915 0.013544 0.024458
0.013320 0.019632 0.017257 0.022529 0.015678 0.024725 0.014735 0.026370
0.013822 0.021227 0.018705 0.024301 0.017021 0.026659 0.016007 0.028382
0.014343 0.022907 0.020245 0.026166 0.018450 0.028669 0.017362 0.030491
0.014883 0.024693 0.021906 0.028124 0.019967 0.030768 0.018802 0.032698
0.015444 0.026588 0.023663 0.030171 0.021573 0.032984 0.020333 0.034999
0.016026 0.028561 0.025488 0.032319 0.023270 0.035294 0.021955 0.037391
0.016630 0.030639 0.027407 0.034557 0.025056 0.037696 0.023667 0.039871
0.017256 0.032822 0.029426 0.036877 0.026939 0.040184 0.025468 0.042434
0.017907 0.035091 0.031548 0.039274 0.028917 0.042754 0.027359 0.045076
0.018581 0.037428 0.033789 0.041717 0.030974 0.045416 0.029338 0.047809
0.019281 0.039866 0.036086 0.044288 0.033127 0.048161 0.031404 0.050612
0.020008 0.042407 0.038428 0.046934 0.035375 0.050983 0.033555 0.053478
0.020762 0.045018 0.040846 0.049608 0.037707 0.053843 0.035788 0.056402
0.021544 0.047660 0.043388 0.052323 0.040095 0.056770 0.038102 0.059383
0.022356 0.050315 0.045945 0.055167 0.042520 0.059755 0.040491 0.062424
0.023199 0.053065 0.048588 0.058045 0.045030 0.062793 0.042953 0.065507
0.024073 0.055816 0.051270 0.060959 0.047627 0.065859 0.045484 0.068626
0.024980 0.058710 0.054005 0.063930 0.050313 0.068968 0.048080 0.071778
0.025921 0.061619 0.056854 0.066904 0.053063 0.072106 0.050737 0.074956
0.026898 0.064585 0.059736 0.069953 0.055868 0.075271 0.053451 0.078156
0.027911 0.067509 0.062570 0.073080 0.058683 0.078457 0.056217 0.081375
0.028963 0.070512 0.065525 0.076129 0.061468 0.081674 0.059032 0.084610
0.030055 0.073504 0.068491 0.079282 0.064358 0.084925 0.061892 0.087857
0.031187 0.076540 0.071427 0.082433 0.067292 0.088190 0.064795 0.091117
0.032362 0.079633 0.074410 0.085642 0.070238 0.091413 0.067737 0.094387
0.033582 0.082708 0.077447 0.088807 0.073191 0.094618 0.070671 0.097667
0.034847 0.085853 0.080522 0.091859 0.076235 0.097828 0.073557 0.100958
0.036160 0.089011 0.083572 0.095135 0.079272 0.100946 0.076461 0.104261
0.037523 0.092083 0.086684 0.098256 0.082320 0.104130 0.079383 0.107464
0.038937 0.095292 0.089811 0.101535 0.085390 0.107320 0.082238 0.110731
0.040404 0.098588 0.092804 0.104767 0.088487 0.110614 0.085097 0.114072
0.041927 0.101775 0.095924 0.107987 0.091611 0.113888 0.087969 0.117433
0.043507 0.105100 0.099093 0.111165 0.094650 0.117124 0.090854 0.120815
0.045146 0.108334 0.102229 0.114513 0.097567 0.120466 0.093754 0.124222
0.046847 0.111560 0.105441 0.117894 0.100665 0.123895 0.096670 0.127656
0.048612 0.114825 0.108498 0.121294 0.103514 0.127634 0.099695 0.131140
0.050444 0.118132 0.111723 0.124701 0.106717 0.131175 0.102600 0.134767
0.052345 0.121448 0.114936 0.128183 0.109702 0.134673 0.105533 0.138375
0.054317 0.124867 0.118071 0.131542 0.112771 0.138258 0.108530 0.141940
0.056364 0.128171 0.121319 0.135076 0.115789 0.141996 0.111552 0.145608
0.058488 0.131548 0.124602 0.138837 0.118976 0.145701 0.114598 0.149329
0.060692 0.134920 0.127976 0.142416 0.122151 0.149456 0.117670 0.153073
0.062979 0.138316 0.131212 0.145924 0.125299 0.153227 0.120767 0.156836
0.065352 0.141786 0.134551 0.149436 0.128719 0.157126 0.123890 0.160614
0.067815 0.145183 0.137873 0.153001 0.131981 0.160870 0.127036 0.164404
0.070370 0.148610 0.141252 0.156728 0.135436 0.164582 0.130204 0.168209
0.073022 0.152059 0.144602 0.160541 0.138839 0.168378 0.133391 0.172098
0.075774 0.155551 0.148044 0.164167 0.142279 0.172090 0.136595 0.175858
0.078629 0.159006 0.151419 0.167866 0.145643 0.175765 0.139812 0.179601
0.081592 0.162435 0.154834 0.171551 0.148886 0.179485 0.143037 0.183335
0.084666 0.166068 0.158293 0.175133 0.152258 0.183315 0.146265 0.187072
0.087857 0.169614 0.161770 0.178782 0.155560 0.186964 0.149416 0.190998
0.091167 0.173168 0.165183 0.182392 0.158936 0.190592 0.152552 0.194968
0.094603 0.176587 0.168572 0.186062 0.162170 0.194257 0.155649 0.198878
0.098168 0.180053 0.171968 0.189654 0.165393 0.197923 0.158740 0.202721
0.101867 0.183459 0.175244 0.193176 0.168599 0.201515 0.161819 0.206490
0.105705 0.186779 0.178498 0.196626 0.171781 0.205051 0.164878 0.210179
0.109688 0.190077 0.181822 0.199988 0.175023 0.208501 0.167912 0.213783
0.113822 0.193280 0.185040 0.203326 0.178241 0.211859 0.170913 0.217282
0.118111 0.196477 0.188152 0.206685 0.181207 0.215117 0.173875 0.220547
0.122561 0.199591 0.191168 0.209855 0.184220 0.218292 0.176792 0.223712
0.127180 0.202624 0.194157 0.212966 0.187227 0.221380 0.179658 0.226776
0.131972 0.205648 0.197047 0.215977 0.190154 0.224377 0.182468 0.229735
0.136945 0.208544 0.199829 0.218901 0.193014 0.227281 0.185217 0.232589
0.142105 0.211282 0.202541 0.221706 0.195803 0.230090 0.187901 0.235337
0.147460 0.213960 0.205144 0.224526 0.198304 0.232803 0.190517 0.237979
0.153017 0.216501 0.207586 0.227252 0.200925 0.235418 0.193062 0.240515
0.158783 0.218996 0.209990 0.229769 0.203486 0.237938 0.195534 0.242946
0.164766 0.221438 0.212394 0.232341 0.205935 0.240398 0.197867 0.245275
0.170975 0.223657 0.214728 0.234689 0.208283 0.242707 0.200120 0.247503
0.177417 0.225915 0.216931 0.236916 0.210387 0.245181 0.202295 0.249634
0.184103 0.228166 0.219189 0.239045 0.212322 0.247319 0.204391 0.251670
0.191040 0.230323 0.221215 0.241203 0.214339 0.249584 0.206410 0.253615
0.198239 0.232409 0.223190 0.243220 0.216035 0.251819 0.208354 0.255474
0.205709 0.234276 0.225137 0.245164 0.217914 0.253903 0.210225 0.257249
0.213460 0.236205 0.226916 0.247036 0.219686 0.255733 0.212027 0.258946
0.221504 0.237993 0.228592 0.248840 0.221302 0.257394 0.213763 0.260570
0.229851 0.239683 0.230207 0.250640 0.222983 0.259141 0.215436 0.262280
0.238512 0.241400 0.231832 0.252370 0.224608 0.260821 0.217050 0.263974
0.247499 0.242949 0.233352 0.253888 0.226029 0.262489 0.218611 0.265693
0.256826 0.244486 0.234805 0.255479 0.227414 0.264012 0.220122 0.267413
0.266503 0.245969 0.236297 0.257031 0.228770 0.265468 0.221589 0.269083
0.276546 0.247535 0.237725 0.258577 0.230103 0.266856 0.223017 0.270709
0.286967 0.248960 0.239053 0.260056 0.231419 0.268223 0.224412 0.272298
0.297780 0.250403 0.240465 0.261514 0.232671 0.269629 0.225780 0.273857
0.309001 0.251831 0.241776 0.262829 0.233875 0.270969 0.227126 0.275392
0.320645 0.253238 0.243118 0.264273 0.235159 0.272297 0.228456 0.276911
0.332727 0.254735 0.244406 0.265716 0.236499 0.273605 0.229778 0.278422
0.345265 0.256199 0.245797 0.267094 0.237801 0.274945 0.231098 0.279932
0.358275 0.257617 0.247148 0.268485 0.239216 0.276280 0.232422 0.281448
0.371776 0.259035 0.248457 0.269944 0.240659 0.277665 0.233758 0.282980
0.385785 0.260465 0.249984 0.271375 0.241959 0.279232 0.235113 0.284534
0.400322 0.261989 0.251453 0.272775 0.243289 0.280844 0.236493 0.286172
0.415407 0.263656 0.253030 0.274343 0.244581 0.282432 0.237907 0.288070
0.431060 0.265184 0.254423 0.275894 0.246030 0.284160 0.239361 0.289651
0.447304 0.266784 0.256020 0.277540 0.247745 0.285943 0.240863 0.291326
0.464159 0.268537 0.257645 0.279252 0.249531 0.287859 0.242420 0.293301
0.481649 0.270346 0.259364 0.281064 0.251156 0.289696 0.244040 0.295358
0.499799 0.272112 0.261063 0.282750 0.252743 0.291618 0.245730 0.297503
0.518632 0.274074 0.262940 0.284741 0.254409 0.293568 0.247474 0.299744
0.538175 0.276126 0.264853 0.286774 0.256161 0.295747 0.249204 0.302086
0.558455 0.278219 0.266955 0.289192 0.258005 0.297850 0.250992 0.304535
0.579498 0.280506 0.269148 0.291330 0.259997 0.300161 0.252877 0.307096
0.601335 0.282849 0.271484 0.293685 0.262289 0.302660 0.254867 0.309774
0.623994 0.285253 0.273923 0.296020 0.264701 0.305692 0.256966 0.312570
0.647508 0.287803 0.276484 0.298694 0.267237 0.308447 0.259180 0.315489
0.671907 0.290427 0.279152 0.301332 0.269898 0.311465 0.261512 0.318530
0.697226 0.293199 0.282061 0.304105 0.272687 0.314668 0.263965 0.321693
0.723499 0.296253 0.284912 0.306933 0.275604 0.317983 0.266543 0.324977
0.750762 0.299265 0.287803 0.310064 0.278649 0.321454 0.269246 0.328565
0.779052 0.302377 0.290842 0.313157 0.281438 0.324934 0.272076 0.332286
0.808408 0.305677 0.294174 0.316425 0.284746 0.328479 0.274965 0.336119
0.838870 0.309056 0.297634 0.319964 0.288187 0.332238 0.277881 0.340054
0.870480 0.312537 0.301143 0.323578 0.291387 0.336452 0.281045 0.344085
0.903282 0.316174 0.304705 0.327211 0.294955 0.340160 0.284309 0.348200
0.937319 0.319811 0.308374 0.331260 0.298453 0.344265 0.287668 0.352390
0.972639 0.323559 0.312066 0.335072 0.302041 0.348451 0.291114 0.356642
1.009290 0.327551 0.315916 0.339089 0.305763 0.352708 0.294639 0.360945
1.047322 0.331491 0.319672 0.343230 0.309558 0.357023 0.298234 0.365284
1.086787 0.335565 0.323695 0.347551 0.313616 0.361326 0.301889 0.369647
1.127740 0.339653 0.327754 0.351724 0.317797 0.365774 0.305594 0.374019
1.170235 0.343773 0.331827 0.356063 0.321997 0.370216 0.309337 0.378388
1.214332 0.347949 0.335962 0.360380 0.325820 0.374613 0.313107 0.382740
1.260090 0.352115 0.340083 0.364674 0.329659 0.379029 0.316892 0.387061
1.307573 0.356248 0.344251 0.368858 0.333612 0.383373 0.320679 0.391339
1.356845 0.360469 0.348430 0.373246 0.337608 0.387565 0.324458 0.395561
1.407973 0.364500 0.352458 0.377603 0.341651 0.391969 0.328216 0.399717
1.461028 0.368610 0.356535 0.381862 0.345550 0.396231 0.331942 0.403795
1.516083 0.372783 0.360667 0.386098 0.349395 0.400386 0.335625 0.407786
1.573212 0.376845 0.364680 0.390109 0.353184 0.404457 0.339255 0.411681
1.632493 0.380687 0.368513 0.394024 0.356705 0.408376 0.342823 0.415473
1.694009 0.384653 0.372338 0.397856 0.360268 0.412218 0.346319 0.419156
1.757842 0.388442 0.376109 0.401594 0.363862 0.416085 0.349736 0.422723
1.824081 0.392030 0.379679 0.405163 0.367245 0.419730 0.353066 0.426238
1.892816 0.395536 0.383329 0.408675 0.370490 0.423278 0.356304 0.429856
1.964141 0.398888 0.386842 0.412135 0.373652 0.426693 0.359445 0.433349
2.038154 0.402335 0.390199 0.415450 0.376850 0.429982 0.362483 0.436714
2.114955 0.405648 0.393317 0.418593 0.379849 0.433184 0.365441 0.439949
2.194651 0.408606 0.396320 0.421698 0.382792 0.436461 0.368386 0.443053
2.277350 0.411585 0.399094 0.424808 0.385640 0.439606 0.371224 0.446025
2.363165 0.414537 0.401854 0.427846 0.388377 0.442257 0.373952 0.448866
2.452213 0.417224 0.404730 0.430617 0.391076 0.444658 0.376569 0.451576
2.544617 0.419851 0.406940 0.433230 0.393546 0.447016 0.379075 0.454158
2.640503 0.422263 0.409169 0.435801 0.395922 0.449290 0.381470 0.456614
2.740003 0.424726 0.411494 0.438350 0.398214 0.451394 0.383755 0.458715
2.843251 0.427074 0.413782 0.440763 0.400401 0.453483 0.385932 0.460657
2.950391 0.429188 0.415970 0.442876 0.402478 0.455565 0.388002 0.462492
3.061567 0.431223 0.417880 0.445052 0.404409 0.457537 0.389968 0.464241
3.176933 0.433172 0.419750 0.447086 0.406272 0.459342 0.391832 0.466094
3.296646 0.435023 0.421602 0.448771 0.408035 0.461022 0.393598 0.467843
3.420870 0.436691 0.423227 0.450582 0.409703 0.462821 0.395268 0.469491
3.549775 0.438266 0.424786 0.452244 0.411277 0.464517 0.396845 0.471165
3.683537 0.439797 0.426218 0.453736 0.412650 0.465975 0.398334 0.472750
3.822340 0.441255 0.427527 0.455209 0.413886 0.467473 0.399737 0.474242
3.966373 0.442582 0.428712 0.456561 0.415048 0.468809 0.401059 0.475645
4.115834 0.443830 0.429861 0.457874 0.416242 0.470098 0.402302 0.476963
4.270926 0.445023 0.431005 0.459050 0.417399 0.471307 0.403471 0.478200
4.431863 0.446096 0.432109 0.460110 0.418486 0.472441 0.404569 0.479360
4.598864 0.447115 0.433168 0.461128 0.419505 0.473521 0.405600 0.480448
4.772158 0.448086 0.434145 0.462135 0.420461 0.474634 0.406567 0.481466
4.951983 0.449017 0.435058 0.463078 0.421358 0.475647 0.407473 0.482420
5.138583 0.449929 0.435946 0.464001 0.422197 0.476391 0.408321 0.483313
5.332215 0.450760 0.436770 0.464818 0.422983 0.477118 0.409116 0.484141
5.533143 0.451457 0.437522 0.465615 0.423718 0.477879 0.409859 0.484861
5.741642 0.452144 0.438109 0.466323 0.424405 0.478590 0.410554 0.485534
5.957999 0.452774 0.438665 0.467034 0.425048 0.479255 0.411204 0.486162
6.182508 0.453371 0.439218 0.467637 0.425648 0.479875 0.411811 0.486749
6.415476 0.453877 0.439695 0.468268 0.426208 0.480453 0.412378 0.487295
6.657224 0.454381 0.440140 0.468876 0.426731 0.480993 0.412907 0.487805
6.908081 0.454841 0.440554 0.469443 0.427220 0.481496 0.413401 0.488281
7.168391 0.455231 0.440941 0.469972 0.427567 0.481965 0.413862 0.488724
7.438510 0.455707 0.441301 0.470423 0.427875 0.482402 0.414292 0.489137
7.718807 0.456145 0.441741 0.470796 0.428240 0.482744 0.414692 0.489566
8.009667 0.456558 0.442073 0.471132 0.428621 0.483177 0.415066 0.489976
8.311487 0.456951 0.442365 0.471482 0.428976 0.483543 0.415414 0.490358
8.624680 0.457260 0.442691 0.471808 0.429306 0.483872 0.415738 0.490715
8.949674 0.457518 0.442961 0.472084 0.429614 0.484178 0.416040 0.491046
9.286915 0.457752 0.443227 0.472340 0.429900 0.484463 0.416321 0.491355
9.636864 0.457983 0.443494 0.472587 0.430167 0.484729 0.416583 0.491642
10.000000 0.458192 0.443744 0.472866 0.430415 0.484976 0.416827 0.491910
