0.010000 -0.624312 -0.904407 -0.294144 -1.019427 -0.080144 -1.053865 -0.020573
0.012068 -0.644086 -0.926699 -0.310369 -1.030487 -0.089191 -1.065698 -0.021133
0.014563 -0.669497 -0.960291 -0.341082 -1.048263 -0.099043 -1.083026 -0.024385
0.017575 -0.701485 -0.998985 -0.362982 -1.082807 -0.115226 -1.114872 -0.028797
0.021210 -0.744298 -1.026577 -0.384056 -1.124960 -0.137900 -1.176514 -0.034621
0.025595 -0.786348 -1.057498 -0.411386 -1.167895 -0.149830 -1.210778 -0.042369
0.030888 -0.839891 -1.095954 -0.445487 -1.197797 -0.168427 -1.239657 -0.047122
0.037276 -0.889464 -1.132920 -0.495069 -1.228211 -0.194885 -1.291359 -0.051072
0.044984 -0.941087 -1.174402 -0.542026 -1.269690 -0.212683 -1.324434 -0.055846
0.054287 -0.997152 -1.222795 -0.579939 -1.313141 -0.246704 -1.370952 -0.061616
0.065513 -1.048865 -1.276400 -0.630556 -1.372996 -0.279479 -1.419311 -0.068594
0.079060 -1.104141 -1.331291 -0.693821 -1.430672 -0.302369 -1.478731 -0.077037
0.095410 -1.163693 -1.397071 -0.773050 -1.496271 -0.335221 -1.559171 -0.087260
0.115140 -1.228034 -1.470239 -0.841971 -1.566196 -0.354587 -1.642635 -0.099649
0.138950 -1.300544 -1.548641 -0.919926 -1.643745 -0.393634 -1.715453 -0.114680
0.167683 -1.378719 -1.627768 -1.009291 -1.727837 -0.420337 -1.801491 -0.132944
0.202359 -1.463347 -1.727842 -1.074330 -1.820412 -0.464511 -1.904517 -0.155179
0.244205 -1.561276 -1.819803 -1.152197 -1.910858 -0.497577 -2.011100 -0.182310
0.294705 -1.668552 -1.912729 -1.236365 -2.006396 -0.540781 -2.117634 -0.215513
0.355648 -1.777958 -2.005591 -1.322769 -2.102454 -0.609617 -2.188696 -0.237127
0.429193 -1.889398 -2.102768 -1.430838 -2.194296 -0.647031 -2.272415 -0.261602
0.517947 -2.001817 -2.196985 -1.522037 -2.286281 -0.715487 -2.387902 -0.291726
0.625055 -2.105633 -2.296175 -1.619945 -2.376284 -0.817327 -2.523348 -0.328949
0.754312 -2.204032 -2.384147 -1.717596 -2.459758 -0.916331 -2.584682 -0.375138
0.910298 -2.301603 -2.461791 -1.831967 -2.558621 -0.997547 -2.690026 -0.432692
1.098541 -2.432096 -2.579955 -2.076167 -4.677740 -1.135093 -4.989260 -0.504651
1.325711 -2.574300 -4.192412 -2.315589 -4.881385 -1.357897 -4.990371 -0.755788
1.599859 -2.653921 -4.414972 -2.449068 -4.911516 -1.588535 -4.992967 -0.814576
1.930698 -2.721922 -4.485123 -2.550398 -4.947026 -1.721031 -4.995962 -0.864929
2.329952 -2.808788 -4.551569 -2.635635 -4.953747 -1.862639 -4.995962 -0.925455
2.811769 -3.202338 -4.592583 -2.698035 -4.957769 -2.077360 -4.995962 -0.998194
3.393222 -3.356656 -4.615191 -2.751709 -4.957789 -2.191963 -4.995962 -1.085438
4.094915 -3.458817 -4.621006 -2.795185 -4.958002 -2.280622 -4.997207 -1.189513
4.941713 -3.595598 -4.628617 -2.837809 -4.958002 -2.420942 -4.997207 -1.312226
5.963623 -3.671455 -4.667939 -2.871802 -4.958002 -2.601594 -4.997207 -1.453850
7.196857 -3.759953 -4.696020 -2.897951 -4.961381 -2.757296 -4.997207 -1.703461
8.685114 -3.832190 -4.713752 -2.919133 -4.968008 -2.810588 -4.997540 -1.791371
10.481131 -3.915736 -4.727524 -2.940371 -4.968008 -2.870133 -4.997540 -2.047106
12.648552 -3.984148 -4.738063 -3.085394 -4.968008 -2.902046 -4.997540 -2.266840
15.264180 -4.030847 -4.749225 -3.236476 -4.969846 -2.939349 -4.997540 -2.545202
18.420700 -4.078688 -4.760269 -3.293217 -4.970906 -2.963290 -4.997540 -2.858650
22.229965 -4.103902 -4.768402 -3.351272 -4.970906 -3.078609 -4.997540 -3.014415
26.826958 -4.103902 -4.768402 -3.351272 -4.970906 -3.078609 -4.997540 -3.014415
32.374575 -4.103901 -4.768402 -3.351272 -4.970906 -3.078609 -4.997540 -3.014415
39.069399 -4.103902 -4.768402 -3.351272 -4.970906 -3.078609 -4.997540 -3.014415
47.148664 -4.103902 -4.768402 -3.351272 -4.970906 -3.078609 -4.997540 -3.014415
56.898660 -4.103901 -4.768402 -3.351272 -4.970906 -3.078609 -4.997540 -3.014415
68.664885 -4.103901 -4.768402 -3.351272 -4.970906 -3.078609 -4.997540 -3.014415
82.864277 -4.103902 -4.768402 -3.351272 -4.970906 -3.078609 -4.997540 -3.014415
100.000000 -4.103901 -4.768402 -3.351272 -4.970906 -3.078609 -4.997540 -3.014415
