0.001000 0.004571 0.003782 0.005261 0.003443 0.005583 0.003382 0.005627
0.001038 0.005106 0.004225 0.005877 0.003846 0.006236 0.003778 0.006286
0.001077 0.005703 0.004719 0.006565 0.004296 0.006966 0.004220 0.007021
0.001117 0.006371 0.005271 0.007334 0.004799 0.007782 0.004714 0.007843
0.001159 0.007116 0.005888 0.008192 0.005360 0.008692 0.005266 0.008760
0.001203 0.007949 0.006577 0.009150 0.005987 0.009709 0.005882 0.009785
0.001248 0.008878 0.007346 0.010220 0.006687 0.010844 0.006569 0.010929
0.001296 0.009916 0.008205 0.011414 0.007469 0.012112 0.007337 0.012207
0.001344 0.011075 0.009164 0.012748 0.008342 0.013527 0.008195 0.013634
0.001395 0.012369 0.010234 0.014238 0.009317 0.015108 0.009152 0.015227
0.001448 0.013813 0.011430 0.015901 0.010405 0.016872 0.010221 0.017005
0.001502 0.015426 0.012764 0.017757 0.011619 0.018842 0.011415 0.018990
0.001559 0.017226 0.014253 0.019829 0.012975 0.021041 0.012747 0.021206
0.001617 0.019236 0.015916 0.022142 0.014489 0.023495 0.014234 0.023680
0.001678 0.021479 0.017772 0.024724 0.016178 0.026235 0.015893 0.026441
0.001742 0.023982 0.019843 0.027605 0.018064 0.029292 0.017745 0.029523
0.001807 0.026775 0.022154 0.030821 0.020168 0.032704 0.019812 0.032961
0.001875 0.029892 0.024733 0.034408 0.022516 0.036511 0.022119 0.036798
0.001946 0.033369 0.027611 0.038411 0.025135 0.040758 0.024692 0.041079
0.002019 0.037249 0.030821 0.042877 0.028057 0.045497 0.027563 0.045855
0.002095 0.041576 0.034401 0.047859 0.031317 0.050783 0.030765 0.051183
0.002174 0.046403 0.038395 0.053414 0.034952 0.056678 0.034336 0.057124
0.002256 0.051785 0.042848 0.059610 0.039006 0.063252 0.038319 0.063750
0.002341 0.057786 0.047814 0.066518 0.043527 0.070582 0.042760 0.071138
0.002430 0.064477 0.053350 0.074219 0.048566 0.078754 0.047710 0.079374
0.002521 0.071934 0.059520 0.082803 0.054183 0.087862 0.053228 0.088554
0.002616 0.080244 0.066396 0.092368 0.060442 0.098012 0.059377 0.098784
0.002715 0.089503 0.074057 0.103027 0.067417 0.109322 0.066229 0.110183
0.002817 0.099817 0.082591 0.114899 0.075186 0.121920 0.073861 0.122880
0.002923 0.111304 0.092096 0.128122 0.083838 0.135950 0.082361 0.137021
0.003033 0.124094 0.102679 0.142844 0.093472 0.151572 0.091825 0.152766
0.003148 0.138331 0.114459 0.159232 0.104195 0.168961 0.102359 0.170292
0.003266 0.154173 0.127567 0.177469 0.116129 0.188312 0.114082 0.189795
0.003389 0.171798 0.142150 0.197756 0.129404 0.209839 0.127124 0.211492
0.003517 0.191398 0.158368 0.220318 0.144168 0.233780 0.141627 0.235621
0.003650 0.213188 0.176398 0.245401 0.160581 0.260395 0.157751 0.262446
0.003787 0.237404 0.196434 0.273275 0.178821 0.289972 0.175669 0.292256
0.003930 0.264303 0.218692 0.304239 0.199082 0.322828 0.195574 0.325370
0.004078 0.294171 0.243405 0.338620 0.221580 0.359310 0.217675 0.362140
0.004232 0.327321 0.270834 0.376778 0.246549 0.399800 0.242204 0.402948
0.004391 0.364094 0.301261 0.419107 0.274248 0.444715 0.269415 0.448217
0.004557 0.404864 0.334996 0.466038 0.304957 0.494514 0.299583 0.498408
0.004728 0.450041 0.372377 0.518042 0.338987 0.549694 0.333013 0.554023
0.004906 0.500071 0.413773 0.575631 0.376671 0.610803 0.370033 0.615613
0.005091 0.555439 0.459586 0.639365 0.418376 0.678431 0.411003 0.683774
0.005283 0.616673 0.510252 0.709851 0.464499 0.753223 0.456313 0.759155
0.005482 0.684343 0.566244 0.787745 0.515470 0.835877 0.506386 0.842460
0.005689 0.759067 0.628073 0.873760 0.571755 0.927148 0.561679 0.934449
0.005903 0.841511 0.696289 0.968662 0.633855 1.027848 0.622685 1.035942
0.006126 0.932392 0.771487 1.073275 0.702310 1.138853 0.689933 1.147821
0.006356 1.032478 0.854301 1.188484 0.777698 1.261101 0.763993 1.271032
0.006596 1.142590 0.945410 1.315233 0.860637 1.395594 0.845471 1.406584
0.006844 1.263601 1.045538 1.454528 0.951787 1.543401 0.935014 1.555555
0.007102 1.396439 1.155452 1.607438 1.051845 1.705653 1.033309 1.719085
0.007370 1.542084 1.275962 1.775089 1.161550 1.883548 1.141080 1.898381
0.007648 1.701565 1.407922 1.958669 1.281677 2.078344 1.259090 2.094711
0.007936 1.875962 1.552223 2.159416 1.413039 2.291358 1.388137 2.309402
0.008235 2.066396 1.709793 2.378625 1.556480 2.523960 1.529051 2.543836
0.008545 2.274029 1.881594 2.617630 1.712876 2.777569 1.682690 2.799442
0.008867 2.500052 2.068612 2.877806 1.883125 3.053641 1.849939 3.077688
0.009201 2.745685 2.271855 3.160553 2.068144 3.353665 2.031697 3.380074
0.009548 3.012159 2.492343 3.467290 2.268861 3.679144 2.228877 3.708117
0.009908 3.300710 2.731098 3.799441 2.486207 4.031589 2.442393 4.063337
0.010281 3.612564 2.989135 4.158415 2.721106 4.412497 2.673153 4.447245
0.010669 3.948924 3.267449 4.545599 2.974464 4.823338 2.922046 4.861321
0.011071 4.310954 3.567002 4.962331 3.247158 5.265533 3.189934 5.306998
0.011488 4.699761 3.888712 5.409886 3.540021 5.740434 3.477635 5.785639
0.011921 5.116378 4.233432 5.889453 3.853831 6.249302 3.785915 6.298515
0.012370 5.561745 4.601940 6.402113 4.189296 6.793286 4.115468 6.846783
0.012836 6.036688 4.994922 6.948819 4.547039 7.373397 4.466907 7.431462
0.013320 6.541904 5.412952 7.530373 4.927585 7.990484 4.840747 8.053408
0.013822 7.077941 5.856483 8.147404 5.331347 8.645216 5.237393 8.713296
0.014343 7.645180 6.325833 8.800352 5.758611 9.338059 5.657128 9.411596
0.014883 8.243822 6.821165 9.489447 6.209528 10.069258 6.100098 10.148553
0.015444 8.873872 7.342486 10.214697 6.684103 10.838821 6.566310 10.924176
0.016026 9.535136 7.889634 10.975877 7.182190 11.646510 7.055620 11.738225
0.016630 10.227211 8.462276 11.772523 7.703484 12.491831 7.567727 12.590203
0.017256 10.949483 9.059904 12.603929 8.247524 13.374036 8.102180 13.479356
0.017907 11.701134 9.681840 13.469152 8.813693 14.292125 8.658371 14.404675
0.018581 12.481145 10.327243 14.367022 9.401224 15.244856 9.235548 15.364908
0.019281 13.288316 10.995118 15.296155 10.009213 16.230759 9.832822 16.358575
0.020008 14.121277 11.684333 16.254974 10.636627 17.248163 10.449180 17.383991
0.020762 14.978513 12.393634 17.241737 11.282327 18.295218 11.083500 18.439291
0.021544 15.858391 13.121669 18.254563 11.945081 19.369929 11.734575 19.522465
0.022356 16.759190 13.867015 19.291471 12.623594 20.470192 12.401131 20.631394
0.023199 17.679132 14.628200 20.350414 13.316525 21.593837 13.081850 21.763887
0.024073 18.616415 15.403734 21.429319 14.022519 22.738664 13.775403 22.917729
0.024980 19.569253 16.192138 22.526129 14.740229 23.902489 14.480464 24.090720
0.025921 20.535906 16.991973 23.638841 15.468345 25.083189 15.195749 25.280717
0.026898 21.514714 17.801867 24.765545 16.205617 26.278736 15.920028 26.485679
0.027911 22.504133 18.620539 25.904463 16.950880 27.487242 16.652158 27.703702
0.028963 23.502754 19.446825 27.053974 17.703076 28.706988 17.391098 28.933054
0.030055 24.509335 20.279698 28.212648 18.461267 29.936458 18.135928 30.172206
0.031187 25.522818 21.118282 29.379265 19.224657 31.174357 18.885864 31.419852
0.032362 26.542337 21.961860 30.552832 19.992594 32.419629 19.640268 32.674932
0.033582 27.567235 22.809889 31.732590 20.764582 33.671472 20.398651 33.936632
0.034847 28.597060 23.661994 32.918019 21.540281 34.929331 21.160680 35.204397
0.036160 29.631560 24.517968 34.108830 22.319502 36.192901 21.926169 36.477918
0.037523 30.670678 25.377763 35.304957 23.102201 37.462112 22.695075 37.757124
0.038937 31.714534 26.241478 36.506537 23.888468 38.737110 23.467486 39.042162
0.040404 32.763401 27.109339 37.713886 24.678511 40.018228 24.243606 40.333369
0.041927 33.817685 27.981683 38.927471 25.472634 41.305964 25.023734 41.631246
0.043507 34.877893 28.858928 40.147874 26.271219 42.600934 25.808246 42.936413
0.045146 35.944597 29.741549 41.375755 27.074697 43.903840 26.597564 44.249579
0.046847 37.018405 30.630047 42.611813 27.883525 45.215422 27.392139 45.571490
0.048612 38.099919 31.524921 43.856742 28.698159 46.536416 28.192416 46.902887
0.050444 39.189700 32.426636 45.111186 29.519019 47.867508 28.998810 48.244461
0.052345 40.288230 33.335590 46.375703 30.346469 49.209287 29.811679 49.596807
0.054317 41.395880 34.252090 47.650716 31.180789 50.562205 30.631296 50.960379
0.056364 42.512873 35.176321 48.936484 32.022146 51.926534 31.457825 52.335452
0.058488 43.639256 36.108321 50.233062 32.870576 53.302333 32.291304 53.722085
0.060692 44.774877 37.047965 51.540273 33.725964 54.689416 33.131618 55.120091
0.062979 45.919363 37.994945 52.857689 34.588031 56.087327 33.978492 56.529010
0.065352 47.072109 38.948758 54.184612 35.456318 57.495326 34.831478 57.948097
0.067815 48.232266 39.908704 55.520066 36.330188 58.912377 35.689947 59.376308
0.070370 49.398743 40.873880 56.862797 37.208819 60.337149 36.553094 60.812300
0.073022 50.570214 41.843187 58.211274 38.091210 61.768019 37.419936 62.254438
0.075774 51.745126 42.815341 59.563713 38.976194 63.203093 38.289323 63.700813
0.078629 52.921719 43.788887 60.918087 39.862444 64.640220 39.159955 65.149257
0.081592 54.098053 44.762217 62.272162 40.748499 66.077030 40.030395 66.597382
0.084666 55.272031 45.733599 63.623526 41.632779 67.510963 40.899092 68.042607
0.087857 56.441437 46.701198 64.969627 42.513615 68.939312 41.764406 69.482204
0.091167 57.603968 47.663108 66.307814 43.389274 70.359263 42.624632 70.913337
0.094603 58.757274 48.617385 67.635383 44.257983 71.767947 43.478033 72.333114
0.098168 59.898994 49.562076 68.949615 45.117966 73.162480 44.322860 73.738629
0.101867 61.026797 50.495251 70.247826 45.967465 74.540012 45.157389 75.127010
0.105705 62.138414 51.415034 71.527406 46.804773 75.897776 45.979941 76.495465
0.109688 63.231676 52.319629 72.785858 47.628255 77.233119 46.788911 77.841325
0.113822 64.304544 53.207349 74.020835 48.436376 78.543554 47.582791 79.162079
0.118111 65.355137 54.076639 75.230170 49.227719 79.826781 48.360188 80.455411
0.122561 66.381755 54.926091 76.411908 50.001002 81.080723 49.119844 81.719228
0.127180 67.382897 55.754463 77.564321 50.755097 82.303549 49.860649 82.951684
0.131972 68.357279 56.560693 78.685929 51.489034 83.493689 50.581652 84.151196
0.136945 69.303839 57.343903 79.775513 52.202016 84.649847 51.282069 85.316458
0.142105 70.221749 58.103407 80.832118 52.893417 85.771010 51.961286 86.446451
0.147460 71.110413 58.838712 81.855057 53.562789 86.856452 52.618861 87.540440
0.153017 71.969467 59.549517 82.843912 54.209857 87.905727 53.254527 88.597978
0.158783 72.798774 60.235709 83.798525 54.834520 88.918668 53.868181 89.618896
0.164766 73.598418 60.897356 84.718995 55.436839 89.895378 54.459886 90.603298
0.170975 74.368696 61.534706 85.605660 56.017039 90.836220 55.029861 91.551548
0.177417 75.110104 62.148167 86.459094 56.575493 91.741798 55.578473 92.464259
0.184103 75.823329 62.738309 87.280086 57.112718 92.612954 56.106231 93.342274
0.191040 76.509236 63.305847 88.069631 57.629366 93.450741 56.613774 94.186658
0.198239 77.168852 63.851632 88.828914 58.126212 94.256416 57.101864 94.998679
0.205709 77.803360 64.376641 89.559296 58.604145 95.031425 57.571375 95.779790
0.213460 78.414085 64.881971 90.262299 59.064163 95.777382 58.023286 96.531622
0.221504 79.002477 65.368823 90.939596 59.507361 96.496063 58.458673 97.255962
0.229851 79.570111 65.838499 91.592998 59.934921 97.189388 58.878699 97.954747
0.238512 80.118667 66.292390 92.224441 60.348113 97.859412 59.284609 98.630048
0.247499 80.649931 66.731972 92.835977 60.748279 98.508314 59.677723 99.284060
0.256826 81.165779 67.158799 93.429769 61.136834 99.138387 60.059430 99.919095
0.266503 81.668177 67.574497 94.008078 61.515257 99.752031 60.431184 100.537571
0.276546 82.159170 67.980758 94.573259 61.885089 100.351744 60.794499 101.142007
0.286967 82.640879 68.379337 95.127754 62.247929 100.940119 61.150945 101.735015
0.297780 83.115498 68.772051 95.674087 62.605429 101.519834 61.502144 102.319295
0.309001 83.585288 69.160768 96.214862 62.959290 102.093650 61.849770 102.897630
0.320645 84.052573 69.547411 96.752751 63.311265 102.664405 62.195542 103.472880
0.332727 84.519733 69.933953 97.290498 63.663146 103.235009 62.541222 104.047977
0.345265 84.989205 70.322407 97.830907 64.016768 103.808437 62.888612 104.625921
0.358275 85.463475 70.714831 98.376839 64.374005 104.387725 63.239553 105.209771
0.371776 85.945070 71.113316 98.931202 64.736758 104.975960 63.595914 105.802638
0.385785 86.436553 71.519982 99.496946 65.106960 105.576272 63.959592 106.407677
0.400322 86.940511 71.936971 100.077052 65.486559 106.191822 64.332501 107.028075
0.415407 87.459550 72.366438 100.674516 65.877516 106.825792 64.716568 107.667037
0.431060 87.996274 72.810539 101.292338 66.281795 107.481364 65.113723 108.327772
0.447304 88.553278 73.271419 101.933505 66.701350 108.161705 65.525884 109.013471
0.464159 89.133124 73.751200 102.600964 67.138110 108.869948 65.954947 109.727291
0.481649 89.738325 74.251960 103.297610 67.593968 109.609159 66.402771 110.472323
0.499799 90.371320 74.775717 104.026249 68.070761 110.382318 66.871162 111.251571
0.518632 91.034450 75.324409 104.789576 68.570253 111.192285 67.361851 112.067916
0.538175 91.729928 75.899867 105.590140 69.094111 112.041764 67.876478 112.924085
0.558455 92.459815 76.503795 106.430312 69.643887 112.933270 68.416565 113.822612
0.579498 93.225982 77.137743 107.312245 70.220989 113.869090 68.983498 114.765801
0.601335 94.030081 77.803076 108.237841 70.826664 114.851241 69.578499 115.755687
0.623994 94.873512 78.500954 109.208713 71.461965 115.881434 70.202604 116.793992
0.647508 95.757390 79.232300 110.226144 72.127733 116.961030 70.856639 117.882090
0.671907 96.682514 79.997772 111.291052 72.824567 118.091004 71.541193 119.020963
0.697226 97.649335 80.797747 112.403958 73.552810 119.271910 72.256602 120.211167
0.723499 98.657935 81.632290 113.564955 74.312522 120.503845 73.002925 121.452804
0.750762 99.708000 82.501143 114.773683 75.103467 121.786427 73.779932 122.745487
0.779052 100.798809 83.403708 116.029311 75.925101 123.118775 74.587087 124.088326
0.808408 101.929217 84.339039 117.330521 76.776563 124.499490 75.423543 125.479914
0.838870 103.097656 85.305838 118.675510 77.656671 125.926658 76.288142 126.918321
0.870480 104.302140 86.302461 120.061989 78.563930 127.397851 77.179412 128.401100
0.903282 105.540272 87.326925 121.487200 79.496533 128.910144 78.095580 129.925302
0.937319 106.809268 88.376928 122.947939 80.452384 130.460135 79.034586 131.487499
0.972639 108.105985 89.449867 124.440587 81.429116 132.043985 79.994105 133.083822
1.009290 109.426954 90.542873 125.961152 82.424114 133.657457 80.971569 134.710000
1.047322 110.768424 91.652842 127.505315 83.434555 135.295970 81.964203 136.361416
1.086787 112.126409 92.776476 129.068489 84.457436 136.954655 82.969058 138.033163
1.127740 113.496741 93.910327 130.645876 85.489617 138.628421 83.983049 139.720110
1.170235 114.875127 95.050841 132.232533 86.527864 140.312024 85.002999 141.416971
1.214332 116.257204 96.194410 133.823439 87.568892 142.000135 86.025681 143.118376
1.260090 117.638599 97.337414 135.413560 88.609405 143.687413 87.047858 144.818942
1.307573 119.014984 98.476273 136.997915 89.646146 145.368573 88.066328 146.513340
1.356845 120.382134 99.607490 138.571638 90.675930 147.038452 89.077964 148.196369
1.407973 121.735972 100.727693 140.130038 91.695686 148.692071 90.079750 149.863010
1.461028 123.072617 101.833670 141.668648 92.702493 150.324691 91.068814 151.508487
1.516083 124.388426 102.922406 143.183273 93.693605 151.931860 92.042460 153.128313
1.573212 125.680022 103.991109 144.670027 94.666480 153.509456 92.998189 154.718332
1.632493 126.944327 105.037229 146.125365 95.618797 155.053717 93.933724 156.274754
1.694009 128.178575 106.058480 147.546106 96.548475 156.561266 94.847019 157.794175
1.757842 129.380332 107.052847 148.929446 97.453679 158.029128 95.736270 159.273596
1.824081 130.547495 108.018590 150.272965 98.332826 159.454737 96.599925 160.710432
1.892816 131.678300 108.954249 151.574633 99.184587 160.835937 97.436675 162.102509
1.964141 132.771311 109.858636 152.832796 100.007881 162.170975 98.245460 163.448060
2.038154 133.825415 110.730831 154.046173 100.801868 163.458490 99.025454 164.745714
2.114955 134.839805 111.570165 155.213835 101.565940 164.697497 99.776062 165.994478
2.194651 135.813962 112.376210 156.335186 102.299709 165.887363 100.496900 167.193714
2.277350 136.747642 113.148762 157.409942 103.002989 167.027788 101.187785 168.343120
2.363165 137.640845 113.887823 158.438107 103.675780 168.118774 101.848720 169.442697
2.452213 138.493800 114.593581 159.419941 104.318254 169.160600 102.479872 170.492727
2.544617 139.306937 115.266393 160.355942 104.930737 170.153790 103.081562 171.493739
2.640503 140.080867 115.906764 161.246811 105.513687 171.099092 103.654238 172.446485
2.740003 140.816354 116.515326 162.093428 106.067681 171.997438 104.198469 173.351906
2.843251 141.514298 117.092824 162.896831 106.593397 172.849929 104.714920 174.211110
2.950391 142.175711 117.640096 163.658182 107.091595 173.657799 105.204340 175.025342
3.061567 142.801696 118.158053 164.378753 107.563109 174.422397 105.667544 175.795961
3.176933 143.393431 118.647670 165.059897 108.008823 175.145160 106.105403 176.524415
3.296646 143.952146 119.109967 165.703033 108.429667 175.827592 106.518830 177.212222
3.420870 144.479117 119.545997 166.309628 108.826599 176.471250 106.908767 177.860948
3.549775 144.975640 119.956834 166.881175 109.200598 177.077719 107.276175 178.472194
3.683537 145.443030 120.343566 167.419187 109.552652 177.648604 107.622025 179.047574
3.822340 145.882602 120.707279 167.925177 109.883752 178.185510 107.947290 179.588708
3.966373 146.295663 121.049057 168.400651 110.194884 178.690036 108.252939 180.097207
4.115834 146.683507 121.369970 168.847097 110.487021 179.163760 108.539928 180.574662
4.270926 147.047403 121.671068 169.265978 110.761120 179.608235 108.809197 181.022637
4.431863 147.388595 121.953379 169.658723 111.018118 180.024977 109.061665 181.442661
4.598864 147.708292 122.217905 170.026725 111.258924 180.415464 109.298228 181.836223
4.772158 148.007666 122.465616 170.371334 111.484423 180.781129 109.519753 182.204767
4.951983 148.287850 122.697448 170.693854 111.695467 181.123355 109.727078 182.549688
5.138583 148.549937 122.914305 170.995541 111.892880 181.443475 109.921011 182.872329
5.332215 148.794972 123.117055 171.277601 112.077449 181.742769 110.102328 183.173981
5.533143 149.023961 123.306526 171.541189 112.249931 182.022463 110.271771 183.455877
5.741642 149.237861 123.483513 171.787410 112.411048 182.283728 110.430048 183.719199
5.957999 149.437587 123.648772 172.017313 112.561488 182.527679 110.577837 183.965071
6.182508 149.624008 123.803021 172.231902 112.701906 182.755379 110.715781 184.194564
6.415476 149.797948 123.946945 172.432124 112.832924 182.967835 110.844490 184.408694
6.657224 149.960192 124.081189 172.618882 112.955132 183.166004 110.964544 184.608423
6.908081 150.111478 124.206368 172.793028 113.069086 183.350790 111.076490 184.794665
7.168391 150.252508 124.323060 172.955368 113.175315 183.523049 111.180846 184.968280
7.438510 150.383942 124.431812 173.106661 113.274315 183.683586 111.278102 185.130081
7.718807 150.506403 124.533140 173.247626 113.366557 183.833164 111.368718 185.280837
8.009667 150.620477 124.627528 173.378936 113.452481 183.972497 111.453129 185.421268
8.311487 150.726716 124.715433 173.501228 113.532504 184.102261 111.531741 185.552053
8.624680 150.825639 124.797284 173.615097 113.607016 184.223088 111.604940 185.673832
8.949674 150.917732 124.873484 173.721105 113.676384 184.335573 111.673085 185.787203
9.286915 151.003452 124.944412 173.819778 113.740951 184.440275 111.736515 185.892729
9.636864 151.083228 125.010420 173.911607 113.801041 184.537715 111.795546 185.990936
10.000000 151.157460 125.071842 173.997056 113.856955 184.628385 111.850474 186.082320
