0.010000 0.000206 0.000099 0.000457 0.000058 0.000754 0.000044 0.000973
0.012068 0.000228 0.000110 0.000499 0.000071 0.000793 0.000054 0.000973
0.014563 0.000244 0.000117 0.000546 0.000081 0.000805 0.000064 0.000973
0.017575 0.000258 0.000122 0.000584 0.000092 0.000839 0.000073 0.000973
0.021210 0.000269 0.000128 0.000618 0.000098 0.000853 0.000081 0.000973
0.025595 0.000278 0.000131 0.000634 0.000101 0.000872 0.000086 0.000973
0.030888 0.000283 0.000133 0.000653 0.000103 0.000888 0.000091 0.000973
0.037276 0.000286 0.000135 0.000668 0.000104 0.000903 0.000094 0.000973
0.044984 0.000290 0.000136 0.000676 0.000104 0.000912 0.000097 0.000974
0.054287 0.000293 0.000137 0.000682 0.000104 0.000924 0.000098 0.000975
0.065513 0.000294 0.000137 0.000685 0.000105 0.000933 0.000099 0.000982
0.079060 0.000295 0.000138 0.000689 0.000105 0.000939 0.000099 0.000987
0.095410 0.000296 0.000138 0.000690 0.000105 0.000941 0.000100 0.000990
0.115140 0.000297 0.000138 0.000690 0.000105 0.000943 0.000100 0.000992
0.138950 0.000298 0.000138 0.000691 0.000105 0.000945 0.000100 0.000994
0.167683 0.000298 0.000138 0.000691 0.000105 0.000945 0.000100 0.000994
0.202359 0.000298 0.000138 0.000691 0.000105 0.000945 0.000100 0.000994
0.244205 0.000298 0.000138 0.000691 0.000105 0.000945 0.000100 0.000994
0.294705 0.000298 0.000139 0.000691 0.000105 0.000945 0.000100 0.000994
0.355648 0.000298 0.000139 0.000691 0.000105 0.000945 0.000100 0.000994
0.429193 0.000298 0.000139 0.000691 0.000105 0.000945 0.000100 0.000994
0.517947 0.000299 0.000139 0.000691 0.000105 0.000945 0.000100 0.000994
0.625055 0.000299 0.000139 0.000691 0.000105 0.000945 0.000100 0.000994
0.754312 0.000299 0.000139 0.000691 0.000105 0.000945 0.000100 0.000994
0.910298 0.000299 0.000139 0.000691 0.000105 0.000945 0.000100 0.000994
1.098541 0.000299 0.000139 0.000691 0.000105 0.000945 0.000100 0.000994
1.325711 0.000299 0.000139 0.000691 0.000105 0.000945 0.000100 0.000994
1.599859 0.000299 0.000139 0.000691 0.000105 0.000945 0.000100 0.000994
1.930698 0.000299 0.000139 0.000691 0.000105 0.000945 0.000100 0.000994
2.329952 0.000299 0.000139 0.000691 0.000105 0.000945 0.000100 0.000994
2.811769 0.000299 0.000139 0.000691 0.000105 0.000945 0.000100 0.000994
3.393222 0.000299 0.000139 0.000691 0.000105 0.000945 0.000100 0.000994
4.094915 0.000299 0.000139 0.000691 0.000105 0.000945 0.000100 0.000994
4.941713 0.000299 0.000139 0.000691 0.000105 0.000945 0.000100 0.000994
5.963623 0.000299 0.000139 0.000691 0.000105 0.000945 0.000100 0.000994
7.196857 0.000299 0.000139 0.000691 0.000105 0.000945 0.000100 0.000994
8.685114 0.000299 0.000139 0.000691 0.000105 0.000945 0.000100 0.000994
10.481131 0.000299 0.000139 0.000691 0.000105 0.000945 0.000100 0.000994
12.648552 0.000299 0.000139 0.000691 0.000105 0.000945 0.000100 0.000994
15.264180 0.000299 0.000139 0.000691 0.000105 0.000945 0.000100 0.000994
18.420700 0.000299 0.000139 0.000691 0.000105 0.000945 0.000100 0.000994
22.229965 0.000299 0.000139 0.000691 0.000105 0.000945 0.000100 0.000994
26.826958 0.000299 0.000139 0.000691 0.000105 0.000945 0.000100 0.000994
32.374575 0.000299 0.000139 0.000691 0.000105 0.000945 0.000100 0.000994
39.069399 0.000299 0.000139 0.000691 0.000105 0.000945 0.000100 0.000994
47.148664 0.000299 0.000139 0.000691 0.000105 0.000945 0.000100 0.000994
56.898660 0.000299 0.000139 0.000691 0.000105 0.000945 0.000100 0.000994
68.664885 0.000299 0.000139 0.000691 0.000105 0.000945 0.000100 0.000994
82.864277 0.000299 0.000139 0.000691 0.000105 0.000945 0.000100 0.000994
100.000000 0.000299 0.000139 0.000691 0.000105 0.000945 0.000100 0.000994
