0.001000 10726.395550 1685.686624 50059.026431 125.941915 110323.542953 10.318584 169307.237431
0.001038 10513.744916 1668.170695 48575.634485 124.830312 106639.855448 10.311092 163233.472251
0.001077 10451.557278 1639.585392 47219.315578 123.730965 102841.155131 10.303795 157379.940564
0.001117 10271.522716 1611.519874 45771.370815 122.643911 99179.273902 10.296707 151738.776582
0.001159 10099.386667 1583.966641 44275.395016 121.569191 95649.365509 10.289843 146302.399993
0.001203 9886.277870 1556.918412 43156.860782 120.214251 92246.758459 10.283222 141063.505730
0.001248 9734.366721 1543.382032 42067.388194 117.750008 88966.949827 10.276861 136033.474106
0.001296 9498.868456 1531.803203 41071.161367 115.339586 85805.599302 10.270780 131239.771545
0.001344 9316.393124 1520.348607 40123.736558 112.982006 82758.523448 10.265000 126618.085973
0.001395 9074.866711 1509.019962 39099.598773 112.306979 79821.690167 10.259546 122162.396894
0.001448 8881.742901 1489.117785 38045.012483 112.064084 76991.213357 10.254440 117866.900352
0.001502 8639.638095 1486.748292 37031.846668 111.825433 74263.347790 10.249710 113726.001380
0.001559 8444.801404 1475.809644 36082.848897 111.591306 71634.484140 10.245385 109734.306711
0.001617 8205.488674 1462.086682 34984.586515 111.362007 69101.144225 10.241496 105886.617764
0.001678 8008.689202 1438.565191 33921.053851 111.137862 66659.976401 10.238077 102177.923877
0.001742 7816.937733 1426.316710 32899.694633 110.585899 64307.751139 10.235162 98603.395796
0.001807 7694.400663 1408.867594 31995.492002 109.667142 62041.356748 10.232791 95158.379388
0.001875 7584.262023 1394.119317 31151.683018 108.762507 59857.795277 10.231006 91838.389603
0.001946 7450.047897 1374.842641 30432.363229 107.872260 57754.178544 10.229852 88639.104637
0.002019 7342.835343 1358.268203 29702.104607 106.996689 55763.083153 10.229377 85556.360329
0.002095 7191.181199 1334.257375 28821.699360 106.136108 54125.846288 10.229633 82586.144754
0.002174 7137.353616 1324.461982 28008.700516 105.290859 52539.981035 10.230677 79724.593020
0.002256 7054.035157 1300.434469 27211.881972 104.461315 51004.051151 10.232570 76967.982267
0.002341 6956.788010 1294.920546 26444.156488 103.647880 49275.184249 10.235377 74312.726839
0.002430 6840.737965 1279.830748 25700.347485 102.850989 47586.567997 10.239169 71755.373657
0.002521 6718.423984 1265.044869 24987.700120 102.071119 45960.311519 10.244021 69292.597759
0.002616 6611.994623 1250.566125 24378.962752 101.308781 44394.310293 10.250015 66921.198008
0.002715 6488.627914 1233.042906 23726.741957 100.564531 42886.538498 10.257241 64638.092980
0.002817 6439.331579 1210.835433 23069.706897 99.838966 41435.046431 10.265792 62440.317002
0.002923 6287.225692 1189.194718 22371.756538 99.132734 40037.958018 10.275773 60325.016352
0.003033 6187.799996 1171.535212 21712.056591 98.446531 38945.619517 10.287293 58289.445617
0.003148 6052.976090 1162.416580 21113.393916 97.781112 37966.772632 10.300473 56330.964192
0.003266 5943.713480 1153.559866 20540.126900 97.467235 37017.221891 10.315440 54447.032932
0.003389 5909.008423 1142.929879 20097.694426 97.695393 36096.357257 10.332335 52635.210944
0.003517 5828.686050 1123.885020 19567.746657 97.943711 35203.593045 10.351307 50893.152518
0.003650 5731.634654 1115.292360 19162.657029 98.213776 34338.367694 10.372518 49217.092168
0.003787 5651.124169 1115.732471 18684.123680 98.507298 33366.399328 10.396143 47596.096651
0.003930 5565.646922 1112.972526 18235.845925 98.299196 32264.214441 10.422371 46039.354379
0.004078 5482.790592 1101.471999 17770.679227 97.040804 31206.248994 10.451406 44544.813117
0.004232 5392.284980 1089.591220 17290.098838 95.176849 30191.086606 10.483468 43110.505365
0.004391 5312.584025 1083.109088 16862.581041 93.377375 29217.369991 10.518795 41734.545964
0.004557 5202.191259 1073.987151 16378.791807 92.483664 28283.799280 10.557644 40415.129826
0.004728 5102.815716 1065.304824 15911.133699 92.116884 27389.130440 10.600294 39150.529801
0.004906 5059.706402 1057.077858 15479.651067 91.786017 26532.173796 10.647045 37939.094681
0.005091 4984.975986 1049.323285 15063.204344 91.493041 25711.792630 10.698223 36779.247326
0.005283 4934.375356 1044.185258 14698.320049 91.240084 24930.589989 10.754179 35669.482934
0.005482 4879.096174 1042.064526 14333.086842 91.029443 24276.057952 10.815295 34608.367435
0.005689 4827.658964 1045.106206 14006.399835 90.863592 23897.209224 10.881984 33594.536026
0.005903 4781.603393 1045.065340 13693.900454 90.745200 23419.864368 10.954692 32626.691843
0.006126 4736.028209 1042.233778 13432.586688 90.677148 22744.390986 11.033905 31703.604762
0.006356 4680.523611 1039.994155 13186.723840 90.662541 22100.723000 11.120147 30824.110351
0.006596 4639.096587 1039.302398 13048.912163 90.704736 21572.919108 11.213990 30001.219597
0.006844 4565.004217 1037.468035 12800.186395 90.807357 21189.396270 11.316052 29293.812261
0.007102 4554.667383 1035.693423 12557.418137 90.974319 20783.284616 11.427005 28540.164619
0.007370 4514.469407 1028.125018 12357.218550 91.209858 20275.319103 11.547578 27825.792052
0.007648 4519.832511 1021.406506 12139.238607 91.518551 19794.869181 11.678566 27149.870524
0.007936 4507.350620 1015.749674 11938.972670 91.905357 19421.440841 11.820830 26511.636823
0.008235 4478.174417 1011.602884 11716.860477 92.375642 19158.135051 11.975311 25910.388586
0.008545 4460.746813 1021.665654 11547.453537 92.935219 18758.330663 12.143028 25345.484477
0.008867 4448.373254 1026.269234 11474.132025 93.590392 18520.930310 12.325097 24816.344520
0.009201 4396.894375 1031.939738 11326.809302 94.347995 18367.896211 12.522730 24322.450594
0.009548 4378.019079 1033.419859 11161.985722 95.215447 18235.057802 12.737250 23863.347083
0.009908 4372.266914 1043.471648 10997.442263 96.200798 18112.824864 12.970100 23438.641689
0.010281 4342.329102 1056.092845 10874.502197 97.487240 17872.509963 13.222856 23048.006396
0.010669 4350.871705 1065.481256 10795.939527 99.006590 17601.948893 13.497238 22691.178588
0.011071 4368.081188 1073.133884 10766.627228 100.680967 17541.942763 13.795128 22367.962315
0.011488 4382.029476 1092.787298 10727.505069 102.522950 17642.544320 14.118580 22078.229691
0.011921 4388.587895 1104.208451 10677.839092 104.258863 17705.725374 14.469842 21821.922428
0.012370 4409.053522 1121.209796 10659.750075 105.136020 17520.893854 14.851375 21599.053476
0.012836 4428.216847 1126.753031 10606.642605 107.239509 17363.355771 15.265872 21409.708763
0.013320 4425.510944 1140.002475 10564.814092 109.556631 17233.223024 15.716281 21254.049006
0.013822 4444.108347 1164.722913 10539.514132 112.104621 17163.659885 16.205833 21132.311573
0.014343 4541.502189 1186.648051 10576.534942 114.902266 17216.496668 16.741566 21098.263901
0.014883 4626.533673 1215.994882 10634.972663 117.970046 17296.104557 17.330664 21287.211804
0.015444 4659.329878 1248.146409 10715.032128 121.330293 17403.370287 17.971229 21501.652523
0.016026 4719.250862 1282.857820 10761.059616 125.007359 17539.247418 18.668003 21742.862979
0.016630 4825.935756 1321.772564 10875.275441 129.027790 17605.513131 19.426191 22012.184686
0.017256 4930.379935 1361.567138 11041.297250 133.420534 17699.086618 20.251493 22311.025579
0.017907 5023.436402 1390.364101 11193.191753 138.217139 17966.075136 21.150165 22640.861645
0.018581 5137.722759 1420.952434 11345.832903 143.451988 18267.072631 22.129058 23003.238322
0.019281 5316.376329 1474.349438 11520.855283 149.019202 18458.034126 23.195685 23399.771588
0.020008 5456.504940 1509.741782 11744.869840 155.084621 18706.815861 24.358274 23832.148695
0.020762 5569.233339 1562.601741 12004.681273 161.902211 19009.759012 25.625837 24302.128482
0.021544 5744.502327 1633.045396 12243.479262 169.574591 19365.712986 27.008236 24811.541192
0.022356 5938.645258 1709.654495 12511.237089 177.633381 19772.886362 28.516262 25362.287747
0.023199 6124.525087 1767.951098 12819.772411 186.410915 20160.582807 30.161713 25956.338420
0.024073 6327.690126 1838.437014 13149.228544 195.969136 20626.953155 31.957481 26595.730859
0.024980 6569.190798 1908.313042 13564.690280 206.375250 21246.411412 33.917641 27282.567451
0.025921 6794.637369 1987.321090 14008.313967 217.702116 21816.565834 36.057551 28019.012012
0.026898 7113.353219 2071.309227 14460.041575 230.028655 22429.509465 38.393957 28807.285857
0.027911 7391.197731 2162.233075 14986.566743 243.440294 23086.835703 40.945098 29649.663309
0.028963 7686.846863 2285.611531 15491.222931 258.029425 23765.613379 43.730834 30548.466787
0.030055 8008.177636 2406.422775 16107.335378 273.895910 24476.579560 46.772764 31506.061651
0.031187 8369.549555 2536.971452 16716.945157 291.147604 25323.942131 50.094366 32524.851055
0.032362 8715.312122 2687.303166 17405.345012 309.900940 26192.788269 53.721146 33607.271133
0.033582 9134.132679 2826.218018 18027.562987 330.281549 27099.289070 57.680793 34755.786889
0.034847 9623.373627 2987.264663 18950.768748 352.424954 28058.654637 62.003354 35972.889275
0.036160 10045.233865 3139.501499 19744.918656 376.477327 29112.073742 66.721428 37261.093946
0.037523 10549.460283 3316.828462 20602.733650 402.596344 30151.894738 71.870371 38622.942271
0.038937 11059.428971 3521.070581 21445.342054 430.952145 31276.186735 77.488536 40061.005171
0.040404 11603.075890 3704.467848 22359.946162 461.728416 32482.001011 83.617531 41577.890378
0.041927 12202.095425 3900.225323 23267.763806 495.123631 33757.966982 90.302523 43176.253651
0.043507 12814.149347 4135.808634 24425.384672 531.352465 35106.279447 97.592566 44858.814422
0.045146 13506.330294 4371.261573 25606.731066 570.647421 36529.219908 105.540986 46628.376244
0.046847 14148.660750 4620.822609 26763.805322 613.260682 38029.178846 114.205818 48487.852233
0.048612 14849.928650 4905.036336 27973.814851 659.466250 39755.686572 123.650295 50440.295546
0.050444 15578.650348 5200.793331 29197.158629 709.562368 41677.115172 133.943414 52488.934703
0.052345 16546.255814 5520.496945 30556.513521 763.874299 43640.975796 145.160576 54671.692636
0.054317 17385.057775 5853.709353 31921.232995 822.757462 45683.967921 157.384312 57072.863738
0.056364 18170.385497 6190.446304 33305.547482 886.600986 47762.051716 170.705100 59581.821655
0.058488 19408.903535 6592.083029 34759.573403 955.831699 49800.721714 185.222287 62202.787235
0.060692 20434.547226 7007.000332 36450.810773 1030.918595 52003.052955 201.045127 64940.480171
0.062979 21387.734415 7444.060835 38374.452780 1112.377807 54462.706282 218.293935 67800.174998
0.065352 22467.394355 7910.440633 40257.203442 1200.778132 57253.020673 237.101371 70787.753211
0.067815 23753.516799 8408.182461 42197.941144 1298.096407 60180.957582 257.613867 73909.750256
0.070370 25006.937346 8939.511144 44181.473664 1404.616902 62992.784624 279.993205 77173.396368
0.073022 26395.785507 9506.850088 46301.857152 1520.291016 66227.680666 304.418248 80586.650455
0.075774 27856.508245 10030.607789 48467.919866 1645.947190 69199.158798 331.086849 84158.226544
0.078629 29326.847100 10620.675712 50798.799881 1782.496960 72459.036662 360.217942 87897.612572
0.081592 31292.306332 11328.649663 53157.852389 1930.943267 75788.303117 392.053827 91815.081566
0.084666 32946.248363 12085.719453 55697.222291 2075.889009 79159.523109 426.862674 95921.695521
0.087857 34932.169435 12841.345666 58377.536117 2248.935003 82700.708220 464.941250 100229.302452
0.091167 36672.338353 13582.626439 61205.139421 2437.644088 86454.504928 506.617897 104750.527247
0.094603 38768.219176 14441.637707 64198.786532 2643.059451 90334.235005 548.651700 109498.757032
0.098168 40800.246580 15379.612253 67612.088877 2860.902562 94448.750306 592.350408 114488.121766
0.101867 43248.108051 16455.453172 70859.794051 3098.418918 98777.554002 646.363130 119733.470787
0.105705 45533.945088 17651.369694 74241.002201 3357.546970 103333.215430 705.624905 125250.345912
0.109688 48083.771297 18786.481494 77847.611603 3640.423157 108128.862783 770.676821 131054.951637
0.113822 50813.551743 20101.738154 81732.500533 3949.401072 113207.726205 842.116631 137164.122793
0.118111 53901.802891 21640.577081 85823.755816 4287.072375 119530.074339 920.604341 143595.289911
0.122561 57446.347462 23105.996822 90566.708576 4656.289614 126271.753697 1006.868293 150366.442356
0.127180 61011.203400 24660.509718 95250.661901 5060.191112 133154.252360 1101.711777 157496.089141
0.131972 64323.649821 26432.319762 100399.866450 5448.344449 139567.006419 1188.694729 165003.217201
0.136945 67821.478401 28272.884541 105756.798135 5952.198331 145977.847737 1282.227794 173244.822624
0.142105 71535.128031 30118.086808 111173.995040 6440.795395 153222.633333 1383.913621 182705.911125
0.147460 76070.128067 32350.345311 116836.466875 7076.138867 160856.139211 1494.500275 192470.927931
0.153017 80679.215675 34671.755899 123047.517930 7571.447178 168896.998025 1614.803039 201667.138735
0.158783 84994.922013 37100.609878 129417.333989 8230.204585 177858.581152 1745.710080 211331.915293
0.164766 90382.011035 39706.560303 136001.500748 8961.450914 187339.999107 1888.188542 221484.894294
0.170975 95527.751302 42501.810199 143171.183703 9688.655089 199110.115833 2043.291101 232145.715523
0.177417 100940.449571 45593.739850 150429.203188 10478.297113 210002.502666 2212.162988 243333.935002
0.184103 107065.427535 48985.427761 158058.340282 11335.679963 220303.464993 2396.049515 255068.929974
0.191040 113072.996503 52366.068774 166063.991001 12266.513618 231108.085329 2596.304112 267369.794995
0.198239 119450.525100 56019.128687 175586.529532 13376.020366 242433.378675 2814.396888 280255.228472
0.205709 126385.860733 59889.773882 184674.727042 14632.249039 254295.915480 3051.923739 293743.408954
0.213460 133562.392006 64207.860566 194177.379441 16005.572329 266711.698602 3310.615996 307851.860607
0.221504 140536.445558 69131.502041 204103.711048 17505.975492 279696.029715 3592.350623 322597.307342
0.229851 148859.203480 73646.837295 214878.992953 18840.628464 293861.240590 3899.160961 337995.515227
0.238512 157264.157142 78678.131694 225418.830124 20117.522350 308758.302989 4233.248009 355309.051351
0.247499 166089.192058 84479.980160 237012.875366 21578.001343 323048.138883 4596.992215 377718.111219
0.256826 174754.020054 90040.833458 249175.058572 23896.067038 337916.066136 4992.965765 401346.065534
0.266503 184411.126983 96289.577218 262708.148876 26466.692876 354355.595453 5423.945334 426226.184010
0.276546 195036.475532 102798.601944 275525.140390 29109.842400 371398.301743 5892.925247 447376.985364
0.286967 205545.150799 110506.003803 290224.632259 31219.501876 389910.418661 6403.131023 468465.000043
0.297780 216362.934353 118390.228300 304280.396657 33482.664052 410256.823344 6958.033227 490320.473678
0.309001 228830.142585 126882.012993 319473.217901 35909.382622 429950.682207 7561.361594 512948.613713
0.320645 241759.960677 135654.764215 335024.078760 38510.190054 449915.591271 8217.119355 536351.608958
0.332727 253324.998769 144827.692561 349596.466047 41296.096551 473477.225188 8929.597725 560528.327620
0.345265 266617.110818 153368.386080 368209.794421 44278.585922 496574.716507 9703.390507 585474.032171
0.358275 279839.065586 163396.548025 385270.163113 48310.808486 518164.625216 10543.408799 611180.118869
0.371776 292363.895105 175625.112003 404446.781211 53202.174684 544442.724590 11454.895815 637633.890317
0.385785 307678.167253 186561.877444 424086.886006 58574.952504 569507.153888 12443.441859 664818.370088
0.400322 321268.634939 198169.421855 444405.339027 63082.923803 595377.737976 13514.999581 693758.194201
0.415407 335181.364269 210416.679294 466263.470953 67174.861038 622866.018163 14675.899659 726997.604582
0.431060 351668.950913 221726.794842 490075.685940 71505.786020 651530.809626 15932.867184 761329.964505
0.447304 367023.217067 235152.799219 512307.658624 77478.838779 679732.378455 17293.039088 796736.479723
0.464159 383285.080890 247765.535524 538556.076399 84896.678774 711099.843328 18763.983077 833193.100289
0.481649 400345.402583 264430.938408 561572.027020 91265.316542 741923.984950 20353.718654 870670.583502
0.499799 415778.050166 280057.004824 583458.088903 98052.999081 773758.115225 22070.740933 909134.671105
0.518632 433038.057269 295700.472017 608345.177732 105279.579572 804492.288200 23924.048087 948546.391445
0.538175 450776.273740 309655.037044 632871.973551 112965.181807 834803.327211 25923.173372 988862.494161
0.558455 469386.470460 325018.210978 659860.121830 120909.783438 867323.952552 28078.222815 1030036.020829
0.579498 489810.858885 342017.789432 685026.201217 128486.409441 896207.633249 30399.919684 1072017.010015
0.601335 508807.508722 361114.053425 711556.327255 136416.332474 926247.208918 32899.656967 1114753.329460
0.623994 529043.724272 377644.891776 735508.759807 144705.971275 960553.764040 35589.559064 1158191.621975
0.647508 547632.770851 393781.817047 763921.496852 153361.568512 1002577.652536 38482.553882 1202278.345299
0.671907 567920.142291 407739.119023 794437.956561 162922.748191 1036561.167671 41592.456435 1246960.880215
0.697226 589911.271562 424345.247302 820865.245664 173942.720009 1069438.331706 44934.064943 1292188.675908
0.723499 610661.312531 445011.833097 845897.920334 185531.574994 1107610.583293 48523.270217 1340160.006060
0.750762 633995.572699 463872.671894 868683.822473 197703.333779 1141498.727940 52377.178969 1400113.012425
0.779052 654696.692986 484618.771961 895883.112065 209475.748063 1175465.083418 56514.251388 1461294.563480
0.808408 677102.822400 502655.112164 922586.047915 221779.031625 1211986.163932 60954.453165 1523667.329721
0.838870 699409.323139 520972.439401 951913.831004 234701.869967 1246073.300408 65719.421842 1587200.382770
0.870480 718581.482085 538101.075181 981653.452190 248274.426721 1287625.525552 70832.647233 1651870.413458
0.903282 738802.107840 554186.100355 1009841.285353 262529.458433 1321801.977499 76319.665453 1717662.757912
0.937319 761059.500065 575788.783669 1042463.075543 277502.549627 1356262.585993 82208.265998 1784572.197364
0.972639 781354.304788 594486.807063 1075444.267767 293232.335784 1401193.418746 88528.711271 1852603.507245
1.009290 804443.789148 614503.017407 1109081.625594 309760.710424 1432430.087070 95313.967945 1921771.741999
1.047322 829482.859491 633771.240432 1146301.103164 327133.013206 1467839.597415 102599.949631 1992102.253244
1.086787 857416.921000 653591.557927 1177107.382480 345398.196801 1526356.871931 110425.770415 2062960.199238
1.127740 880654.798798 673966.960645 1211512.840314 364608.971163 1572384.270294 118834.008987 2127586.415708
1.170235 901648.517935 691127.896221 1243558.422296 384821.924700 1627351.472967 127870.983254 2184804.057061
1.214332 920874.675369 709925.768036 1274206.190240 406097.622553 1679392.151237 137587.035481 2235313.184469
1.260090 946218.082187 729981.737464 1303737.273110 428500.682902 1735521.562240 148036.828197 2279767.245580
1.307573 970939.201840 747445.521874 1332773.180828 452099.832676 1795526.572159 159279.651225 2318773.747843
1.356845 989316.341248 768680.434999 1367635.226081 476967.944404 1838462.729997 171379.740286 2352895.191324
1.407973 1011445.629305 787285.464163 1395502.947556 503182.056122 1876979.107715 184406.607715 2382650.263256
1.461028 1031960.301028 805281.154346 1421524.893630 522106.709948 1911506.027186 198435.385802 2408515.282040
1.516083 1054777.193284 822836.805949 1455851.214505 531600.457548 1947631.683476 213547.183259 2430925.866990
1.573212 1076173.848736 841002.280734 1481340.745856 558394.585535 1976396.479437 229829.455176 2450271.474800
1.632493 1100031.462983 859452.371217 1512390.936932 570516.267483 2010961.599944 247376.386723 2466034.944690
1.694009 1121963.012625 876484.987963 1542192.854459 581079.511222 2050031.568089 266289.290596 2479416.269918
1.757842 1145559.707543 894247.563711 1564186.660935 598187.386021 2073862.568674 286677.017999 2490715.144527
1.824081 1167398.573484 909880.161276 1589422.093535 625051.034248 2099765.186696 308656.382634 2500199.897913
1.892816 1188326.086589 927147.332302 1611391.467363 640411.435571 2126404.128586 332352.596809 2508109.905485
1.964141 1208658.603702 945222.778381 1636079.983677 670240.652000 2141012.499728 357851.773887 2520041.179911
2.038154 1230601.336953 961654.844153 1656659.726843 681150.588905 2154959.532474 383715.006776 2526283.769445
2.114955 1253633.362973 981757.963952 1683750.610037 696839.017495 2189339.638598 411458.025481 2567999.454866
2.194651 1274826.281490 1002164.137073 1709282.672472 715251.667414 2213463.103779 441211.979377 2608022.526945
2.277350 1296445.004975 1019816.444285 1728723.904344 739134.875022 2250294.303504 473115.415983 2645053.634744
2.363165 1317613.619565 1038627.678752 1747899.175938 741707.564120 2285940.453567 507314.481514 2679362.183113
2.452213 1336310.964889 1054203.299049 1764417.404549 773701.350191 2300448.721217 543963.102780 2711191.615020
2.544617 1358733.566210 1067348.217011 1788504.864369 795873.319722 2314229.532073 576155.493735 2740761.701823
2.640503 1384042.091428 1082700.981070 1817413.605296 805083.561475 2340318.387387 589902.589226 2768270.695566
2.740003 1407970.559045 1094757.945937 1839387.455919 814915.757288 2367909.459472 625917.228312 2793897.338383
2.843251 1426968.217721 1107726.001599 1868806.087418 823249.893547 2405208.483982 625517.157796 2817802.727474
2.950391 1447104.194735 1123157.153394 1888880.724485 830890.438934 2444729.042620 625099.822738 2881342.333271
3.061567 1468498.555277 1139819.251089 1916535.316412 852370.623594 2487798.493973 624672.621512 2946701.910814
3.176933 1488830.221983 1156209.852471 1935414.386652 870530.305056 2517772.789065 624241.666011 3013160.715945
3.296646 1510860.042008 1176624.464050 1961975.707978 874601.988772 2527440.020479 623811.957307 3066459.186631
3.420870 1528409.945884 1192628.637137 1987460.669299 874847.049886 2549932.188561 623387.541135 3097063.975363
3.549775 1548423.850799 1205760.190071 2017240.056590 878226.394335 2576976.634780 622971.645018 3133711.023304
3.683537 1577928.675999 1224787.303408 2046743.378179 884339.858796 2603449.544294 622566.798766 3189399.321508
3.822340 1604409.612741 1239531.978400 2076305.118808 889588.072309 2629689.920488 622174.940002 3245800.148135
3.966373 1627454.623221 1250441.091110 2109608.465484 892486.392029 2676334.469160 621797.506258 3302897.851474
4.115834 1653854.894594 1260760.573312 2142308.516817 895339.373936 2717984.443054 621435.515090 3360676.198616
4.270926 1676708.387893 1274638.149266 2166525.590099 898147.272191 2739258.205892 621089.633533 3419118.500725
4.431863 1697037.368540 1289330.285482 2196371.548527 906838.814724 2812648.278507 620700.564546 3478207.725415
4.598864 1727190.997352 1303269.639575 2224889.014132 911692.323652 2856304.724630 620180.548512 3537926.597378
4.772158 1746502.400933 1314442.819974 2259790.960037 912338.664914 2902458.672723 619689.917283 3598257.688306
4.951983 1769166.618520 1324619.362434 2285756.797047 919686.164462 2972608.890697 619227.637990 3659183.497031
5.138583 1791971.939546 1328940.441085 2320546.876606 919750.989493 3027266.921258 618792.609677 3720686.520729
5.332215 1808699.774678 1336323.135675 2366869.301742 919820.011034 3076948.471828 618383.686445 3782749.317933
5.533143 1826632.517460 1347137.707182 2388935.668576 919893.081287 3129024.402004 617999.696683 3845354.564048
5.741642 1839579.950549 1353712.784926 2428336.638884 921805.366827 3181387.390361 617639.458934 3908485.100009
5.957999 1860703.606014 1362564.043702 2470463.954664 925112.703089 3303684.870299 617301.794862 3972123.974652
6.182508 1878771.684657 1369376.465829 2506555.858956 928343.059719 3370033.883185 616985.539742 4080130.130524
6.415476 1890992.497578 1371079.926369 2536907.071144 931497.455876 3452670.278042 616689.550825 4308149.703974
6.657224 1912729.575588 1372672.379317 2557694.772274 934576.899229 3564364.473072 616412.713922 4530160.967634
6.908081 1929462.733413 1374161.700720 2598708.069365 937582.394051 3650789.646518 616153.948444 4608041.646562
7.168391 1946655.470328 1380019.662041 2636196.118417 940514.947532 3775518.056812 615912.211183 4784444.290295
7.438510 1961927.012361 1381275.615020 2676023.654941 943375.574573 3833591.554353 615686.498995 5001664.572829
7.718807 1972551.403502 1386464.711266 2696520.949538 946165.301288 3956166.245745 615475.850604 5252539.627020
8.009667 1991388.002213 1392582.978878 2731390.357586 948282.460356 4015552.845348 615279.347653 5566273.473784
8.311487 2008290.294982 1398871.699958 2758372.931642 948806.370183 4128141.372250 615096.115148 5896630.461889
8.624680 2023073.940574 1402681.345229 2783300.596148 949307.396721 4245857.118911 614925.321398 6244288.299904
8.949674 2041021.784466 1403658.152780 2821153.487066 949786.494652 4325025.762209 614766.177562 6609936.403989
9.286915 2061034.079602 1405833.966854 2858000.148614 951254.034987 4374909.726572 614617.936867 6994274.902557
9.636864 2073270.320764 1409327.474681 2901726.309351 953146.364838 4423990.021958 614479.893577 7398013.553910
10.000000 2092589.334976 1415651.233675 2938832.971310 953216.421821 4472278.053836 614351.381774 7821870.578304
