0.010000 -0.000837 -0.006626 0.006024 -0.009293 0.009431 -0.009996 0.009930
0.012068 -0.000812 -0.006616 0.006041 -0.009292 0.009432 -0.009995 0.009944
0.014563 -0.000778 -0.006604 0.006054 -0.009280 0.009433 -0.009995 0.009965
0.017575 -0.000751 -0.006596 0.006057 -0.009268 0.009437 -0.009994 0.009984
0.021210 -0.000674 -0.006555 0.006060 -0.009254 0.009444 -0.009991 0.010038
0.025595 -0.000635 -0.006520 0.006088 -0.009228 0.009455 -0.009986 0.010102
0.030888 -0.000589 -0.006444 0.006112 -0.009200 0.009474 -0.009979 0.010196
0.037276 -0.000510 -0.006401 0.006218 -0.009152 0.009495 -0.009965 0.010334
0.044984 -0.000340 -0.006349 0.006317 -0.009095 0.009566 -0.009943 0.010535
0.054287 -0.000150 -0.006191 0.006488 -0.008983 0.009833 -0.010380 0.012143
0.065513 0.000069 -0.006008 0.006741 -0.008807 0.009995 -0.011080 0.013893
0.079060 0.000387 -0.005676 0.007083 -0.008655 0.010383 -0.012059 0.017605
0.095410 0.001003 -0.005318 0.007477 -0.008435 0.011656 -0.013418 0.022789
0.115140 0.001650 -0.004692 0.008433 -0.008066 0.013717 -0.015284 0.029211
0.138950 0.002746 -0.003842 0.009737 -0.007425 0.017178 -0.017806 0.037136
0.167683 0.004283 -0.002301 0.011832 -0.006567 0.022007 -0.021150 0.046866
0.202359 0.006866 -0.000306 0.015429 -0.005134 0.029976 -0.025465 0.058741
0.244205 0.010506 0.002654 0.020751 -0.003757 0.040394 -0.029804 0.073126
0.294705 0.016347 0.006989 0.030389 -0.001571 0.054973 -0.033311 0.090396
0.355648 0.026239 0.013055 0.044695 0.001463 0.075815 -0.037001 0.114918
0.429193 0.041909 0.022453 0.067134 0.004931 0.103956 -0.040767 0.141359
0.517947 0.065600 0.036418 0.100030 0.010404 0.142648 -0.044493 0.187632
0.625055 0.098305 0.056609 0.147469 0.014834 0.194849 -0.048067 0.246311
0.754312 0.144389 0.087486 0.211828 0.021343 0.267501 -0.051396 0.327539
0.910298 0.205523 0.124738 0.288476 0.024032 0.360883 -0.054413 0.429299
1.098541 0.277697 0.168242 0.378877 0.026362 0.466439 -0.057078 0.536336
1.325711 0.356385 0.218229 0.478223 0.030181 0.585738 -0.059383 0.640986
1.599859 0.432980 0.261626 0.568865 0.033241 0.685266 -0.061337 0.740220
1.930698 0.501447 0.300205 0.652011 0.035453 0.768177 -0.062967 0.814642
2.329952 0.558105 0.336258 0.717233 0.036986 0.819759 -0.064309 0.872405
2.811769 0.600101 0.355983 0.770309 0.038125 0.871608 -0.065402 0.914830
3.393222 0.631239 0.372069 0.807402 0.040033 0.905524 -0.066283 0.941265
4.094915 0.654548 0.383734 0.835599 0.041411 0.928299 -0.067144 0.957242
4.941713 0.670347 0.390222 0.851340 0.042378 0.944090 -0.067820 0.966721
5.963623 0.678904 0.397022 0.862385 0.043044 0.956280 -0.068225 0.972284
7.196857 0.683420 0.399822 0.867886 0.043495 0.963697 -0.068465 0.975529
8.685114 0.686690 0.402901 0.872086 0.043799 0.969036 -0.068621 0.977415
10.481131 0.687757 0.405244 0.877943 0.044002 0.972474 -0.068838 0.978507
12.648552 0.689199 0.408474 0.880673 0.044137 0.974545 -0.069008 0.979138
15.264180 0.690642 0.411522 0.881933 0.044227 0.976098 -0.069141 0.979502
18.420700 0.691001 0.412758 0.884143 0.044286 0.977197 -0.069245 0.979713
22.229965 0.691261 0.413562 0.884352 0.044325 0.978154 -0.069326 0.979834
26.826958 0.691591 0.415128 0.884403 0.044351 0.978586 -0.069390 0.979904
32.374575 0.691626 0.415150 0.884432 0.044368 0.978667 -0.069439 0.979945
39.069399 0.691646 0.415163 0.884450 0.044380 0.978985 -0.069478 0.979968
47.148664 0.691658 0.415171 0.884460 0.044387 0.979317 -0.069508 0.979982
56.898660 0.691665 0.415175 0.884465 0.044392 0.979533 -0.069531 0.979989
68.664885 0.691669 0.415178 0.884469 0.044395 0.979615 -0.069549 0.979994
82.864277 0.691671 0.415180 0.884471 0.044397 0.979696 -0.069564 0.979996
100.000000 0.691672 0.415181 0.884472 0.044399 0.979744 -0.069575 0.979998
