91.037878 -232.117372 -350.762033 -108.588545 680.938811 590.674864 798.075722 811750358993.723999 430917563800.142517 1811368523890.692627 0.000055 0.000024 0.000086 4.992217 -206.791298 202.492800 164.443019 67.456596 254.734562
234.429131 -350.430390 -414.921388 -274.805705 541.131455 514.293048 558.213435 168972283475.835846 139538433755.560547 195307626190.181641 0.000055 0.000024 0.000086 2.034760 -206.576546 205.398627 163.452266 67.743571 257.024533
355.154801 -155.474020 -283.153372 -18.567947 706.483498 625.175421 834.159975 896473065115.877686 449799834579.260620 2088315274572.685059 0.000056 0.000025 0.000086 -1.457085 -202.511335 202.345234 162.464345 72.147909 253.901050
497.203255 -257.971926 -388.057505 -132.669865 639.312702 568.596803 745.934559 535711168112.915955 293768287725.116882 1241717878232.342041 0.000053 0.000024 0.000084 5.375025 -202.306053 201.727484 162.859202 68.961251 255.726672
647.371916 37.058104 -52.278384 116.635237 550.004781 518.709294 582.090374 194009491018.466400 155088494721.610565 291633994809.616089 0.000054 0.000024 0.000085 0.934658 -195.147111 202.969140 158.134827 68.505904 252.254776
802.599089 -84.148104 -192.496979 24.703589 589.860101 547.655106 663.863837 317692868584.023560 215411335233.416748 627548946153.252686 0.000056 0.000025 0.000086 4.789793 -199.327841 212.254477 159.603384 65.578859 258.979740
976.781819 385.214777 285.584416 501.646805 604.246121 563.476777 702.020498 346450146748.804626 224246938199.029633 818685232837.295410 0.000055 0.000025 0.000085 0.973038 -202.395408 204.750399 160.628792 69.383576 255.464388
1211.835066 135.115116 24.571288 237.145167 564.155059 523.724177 627.067072 250869992429.505127 181090605754.958557 480988612488.402954 0.000056 0.000025 0.000086 4.444489 -206.520200 195.063399 159.682507 68.466079 255.094981
1493.749208 232.863756 158.732146 305.014272 447.434543 402.820467 496.556613 83910613708.018585 56539013052.837067 130062718174.849243 0.000055 0.000025 0.000086 -5.266475 -209.330811 201.453598 159.737002 64.638783 254.401220
1825.489145 -148.439446 -207.040102 -89.709684 389.055586 355.745049 432.455956 46448450307.242050 32490840891.657970 72873761897.051834 0.000055 0.000025 0.000086 -3.427871 -209.103761 204.273932 160.682214 67.894266 256.146669
2180.380653 48.397548 -38.117121 129.703947 511.337986 464.501698 554.434224 147972874746.082062 104075141924.686249 214759635344.935669 0.000055 0.000024 0.000086 1.295019 -205.430364 211.822262 162.294756 68.173025 256.389893
2667.167074 -86.636196 -190.555179 -8.268541 375.098610 316.573045 439.468698 58620991808.065445 32475651057.434204 115886607515.243362 0.000053 0.000024 0.000085 -7.378499 -204.820328 199.293534 163.989093 67.886399 255.486334
3360.532999 22.021119 -39.268293 84.519486 544.844360 522.140498 559.382094 172799038100.078308 146776868870.426880 199130769793.568176 0.000053 0.000024 0.000085 5.402407 -202.705022 202.190610 167.761549 68.699368 255.984808
4227.041540 103.779073 47.048456 167.439461 536.728249 513.141989 555.133405 161563062079.380585 133941715845.250824 184597282917.215027 0.000054 0.000024 0.000087 -3.472162 -211.394536 202.452337 165.326065 71.683584 251.850162
