0.010000 0.000194 0.000085 0.000473 0.000053 0.000833 0.000042 0.000953
0.012068 0.000222 0.000097 0.000505 0.000064 0.000843 0.000053 0.000959
0.014563 0.000238 0.000105 0.000544 0.000074 0.000863 0.000063 0.000964
0.017575 0.000254 0.000111 0.000572 0.000084 0.000883 0.000072 0.000968
0.021210 0.000264 0.000116 0.000600 0.000090 0.000897 0.000080 0.000970
0.025595 0.000274 0.000120 0.000619 0.000094 0.000902 0.000087 0.000972
0.030888 0.000280 0.000122 0.000630 0.000098 0.000915 0.000091 0.000973
0.037276 0.000284 0.000125 0.000640 0.000100 0.000921 0.000094 0.000976
0.044984 0.000288 0.000126 0.000647 0.000100 0.000930 0.000096 0.000976
0.054287 0.000288 0.000127 0.000652 0.000101 0.000932 0.000097 0.000976
0.065513 0.000289 0.000128 0.000657 0.000102 0.000932 0.000099 0.000979
0.079060 0.000289 0.000129 0.000661 0.000102 0.000932 0.000099 0.000983
0.095410 0.000290 0.000129 0.000665 0.000102 0.000932 0.000099 0.000986
0.115140 0.000291 0.000130 0.000666 0.000102 0.000933 0.000100 0.000988
0.138950 0.000292 0.000130 0.000668 0.000102 0.000933 0.000100 0.000989
0.167683 0.000292 0.000130 0.000670 0.000102 0.000933 0.000100 0.000990
0.202359 0.000293 0.000130 0.000671 0.000102 0.000933 0.000100 0.000991
0.244205 0.000293 0.000130 0.000672 0.000102 0.000933 0.000100 0.000991
0.294705 0.000293 0.000130 0.000672 0.000102 0.000933 0.000100 0.000991
0.355648 0.000293 0.000130 0.000672 0.000102 0.000933 0.000100 0.000992
0.429193 0.000293 0.000130 0.000672 0.000102 0.000933 0.000100 0.000992
0.517947 0.000293 0.000130 0.000673 0.000102 0.000933 0.000100 0.000992
0.625055 0.000293 0.000130 0.000673 0.000102 0.000933 0.000100 0.000992
0.754312 0.000293 0.000130 0.000673 0.000102 0.000933 0.000100 0.000992
0.910298 0.000293 0.000130 0.000673 0.000102 0.000933 0.000100 0.000992
1.098541 0.000293 0.000130 0.000673 0.000102 0.000933 0.000100 0.000992
1.325711 0.000293 0.000130 0.000673 0.000102 0.000933 0.000100 0.000992
1.599859 0.000293 0.000130 0.000673 0.000102 0.000933 0.000100 0.000992
1.930698 0.000293 0.000130 0.000673 0.000102 0.000933 0.000100 0.000992
2.329952 0.000293 0.000130 0.000673 0.000102 0.000933 0.000100 0.000992
2.811769 0.000293 0.000130 0.000673 0.000102 0.000933 0.000100 0.000992
3.393222 0.000293 0.000130 0.000673 0.000102 0.000933 0.000100 0.000992
4.094915 0.000293 0.000130 0.000673 0.000102 0.000933 0.000100 0.000992
4.941713 0.000293 0.000130 0.000673 0.000102 0.000933 0.000100 0.000992
5.963623 0.000293 0.000130 0.000673 0.000102 0.000933 0.000100 0.000992
7.196857 0.000293 0.000130 0.000673 0.000102 0.000933 0.000100 0.000992
8.685114 0.000293 0.000130 0.000673 0.000102 0.000933 0.000100 0.000992
10.481131 0.000293 0.000130 0.000673 0.000102 0.000933 0.000100 0.000992
12.648552 0.000293 0.000130 0.000673 0.000102 0.000933 0.000100 0.000992
15.264180 0.000293 0.000130 0.000673 0.000102 0.000933 0.000100 0.000992
18.420700 0.000293 0.000130 0.000673 0.000102 0.000933 0.000100 0.000992
22.229965 0.000293 0.000130 0.000673 0.000102 0.000933 0.000100 0.000992
26.826958 0.000293 0.000130 0.000673 0.000102 0.000933 0.000100 0.000992
32.374575 0.000293 0.000130 0.000673 0.000102 0.000933 0.000100 0.000992
39.069399 0.000293 0.000130 0.000673 0.000102 0.000933 0.000100 0.000992
47.148664 0.000293 0.000130 0.000673 0.000102 0.000933 0.000100 0.000992
56.898660 0.000293 0.000130 0.000673 0.000102 0.000933 0.000100 0.000992
68.664885 0.000293 0.000130 0.000673 0.000102 0.000933 0.000100 0.000992
82.864277 0.000293 0.000130 0.000673 0.000102 0.000933 0.000100 0.000992
100.000000 0.000293 0.000130 0.000673 0.000102 0.000933 0.000100 0.000992
