0.001000 0.000000 0.000000 0.000000 0.000000 0.000000 0.000000 0.000000
0.001038 0.000000 0.000000 0.000000 0.000000 0.000000 0.000000 0.000000
0.001077 0.000000 0.000000 0.000000 0.000000 0.000000 0.000000 0.000000
0.001117 0.000000 0.000000 0.000000 0.000000 0.000000 0.000000 0.000000
0.001159 0.000000 0.000000 0.000000 0.000000 0.000000 0.000000 0.000000
0.001203 0.000000 0.000000 0.000000 0.000000 0.000000 0.000000 0.000000
0.001248 0.000000 0.000000 0.000000 0.000000 0.000000 0.000000 0.000000
0.001296 0.000000 0.000000 0.000000 0.000000 0.000000 0.000000 0.000000
0.001344 0.000000 0.000000 0.000000 0.000000 0.000000 0.000000 0.000000
0.001395 0.000000 0.000000 0.000000 0.000000 0.000000 0.000000 0.000000
0.001448 0.000000 0.000000 0.000000 0.000000 0.000000 0.000000 0.000000
0.001502 0.000000 0.000000 0.000000 0.000000 0.000000 0.000000 0.000000
0.001559 0.000000 0.000000 0.000000 0.000000 0.000000 0.000000 0.000000
0.001617 0.000000 0.000000 0.000000 0.000000 0.000000 0.000000 0.000000
0.001678 0.000000 0.000000 0.000000 0.000000 0.000000 0.000000 0.000000
0.001742 0.000000 0.000000 0.000000 0.000000 0.000000 0.000000 0.000000
0.001807 0.000000 0.000000 0.000000 0.000000 0.000000 0.000000 0.000000
0.001875 0.000000 0.000000 0.000000 0.000000 0.000001 0.000000 0.000001
0.001946 0.000001 0.000001 0.000001 0.000000 0.000001 0.000000 0.000001
0.002019 0.000001 0.000001 0.000001 0.000001 0.000001 0.000001 0.000001
0.002095 0.000001 0.000001 0.000001 0.000001 0.000001 0.000001 0.000001
0.002174 0.000001 0.000001 0.000001 0.000001 0.000001 0.000001 0.000001
0.002256 0.000001 0.000001 0.000001 0.000001 0.000001 0.000001 0.000001
0.002341 0.000001 0.000001 0.000001 0.000001 0.000001 0.000001 0.000001
0.002430 0.000001 0.000001 0.000001 0.000001 0.000001 0.000001 0.000001
0.002521 0.000001 0.000001 0.000001 0.000001 0.000001 0.000001 0.000001
0.002616 0.000001 0.000001 0.000001 0.000001 0.000001 0.000001 0.000001
0.002715 0.000001 0.000001 0.000002 0.000001 0.000002 0.000001 0.000002
0.002817 0.000002 0.000002 0.000002 0.000001 0.000002 0.000001 0.000002
0.002923 0.000002 0.000002 0.000002 0.000002 0.000002 0.000002 0.000002
0.003033 0.000002 0.000002 0.000002 0.000002 0.000002 0.000002 0.000002
0.003148 0.000002 0.000002 0.000002 0.000002 0.000002 0.000002 0.000003
0.003266 0.000002 0.000002 0.000003 0.000002 0.000003 0.000002 0.000003
0.003389 0.000003 0.000003 0.000003 0.000003 0.000003 0.000002 0.000003
0.003517 0.000003 0.000003 0.000003 0.000003 0.000003 0.000003 0.000004
0.003650 0.000003 0.000003 0.000004 0.000003 0.000004 0.000003 0.000004
0.003787 0.000004 0.000004 0.000004 0.000004 0.000004 0.000003 0.000005
0.003930 0.000004 0.000004 0.000005 0.000004 0.000005 0.000004 0.000005
0.004078 0.000005 0.000005 0.000005 0.000004 0.000005 0.000004 0.000006
0.004232 0.000005 0.000005 0.000006 0.000005 0.000006 0.000005 0.000006
0.004391 0.000006 0.000006 0.000006 0.000006 0.000007 0.000005 0.000007
0.004557 0.000007 0.000006 0.000007 0.000006 0.000007 0.000006 0.000008
0.004728 0.000008 0.000007 0.000008 0.000007 0.000008 0.000007 0.000009
0.004906 0.000008 0.000008 0.000009 0.000008 0.000009 0.000007 0.000010
0.005091 0.000009 0.000009 0.000010 0.000009 0.000010 0.000008 0.000011
0.005283 0.000011 0.000010 0.000011 0.000010 0.000012 0.000009 0.000012
0.005482 0.000012 0.000011 0.000012 0.000011 0.000013 0.000010 0.000014
0.005689 0.000013 0.000013 0.000014 0.000012 0.000014 0.000012 0.000015
0.005903 0.000015 0.000014 0.000015 0.000013 0.000016 0.000013 0.000017
0.006126 0.000016 0.000016 0.000017 0.000015 0.000018 0.000014 0.000019
0.006356 0.000018 0.000018 0.000019 0.000017 0.000020 0.000016 0.000021
0.006596 0.000021 0.000020 0.000022 0.000019 0.000022 0.000018 0.000024
0.006844 0.000023 0.000022 0.000024 0.000021 0.000025 0.000020 0.000027
0.007102 0.000026 0.000024 0.000027 0.000023 0.000028 0.000022 0.000030
0.007370 0.000029 0.000027 0.000030 0.000026 0.000031 0.000025 0.000033
0.007648 0.000032 0.000030 0.000034 0.000029 0.000035 0.000028 0.000037
0.007936 0.000036 0.000034 0.000037 0.000032 0.000039 0.000031 0.000042
0.008235 0.000040 0.000038 0.000042 0.000036 0.000044 0.000035 0.000046
0.008545 0.000045 0.000043 0.000047 0.000041 0.000049 0.000039 0.000052
0.008867 0.000050 0.000047 0.000052 0.000045 0.000054 0.000044 0.000058
0.009201 0.000056 0.000053 0.000058 0.000051 0.000061 0.000049 0.000065
0.009548 0.000062 0.000059 0.000065 0.000056 0.000068 0.000054 0.000072
0.009908 0.000069 0.000066 0.000073 0.000063 0.000076 0.000061 0.000081
0.010281 0.000078 0.000074 0.000081 0.000070 0.000085 0.000068 0.000090
0.010669 0.000087 0.000083 0.000091 0.000079 0.000095 0.000076 0.000101
0.011071 0.000097 0.000092 0.000101 0.000088 0.000106 0.000085 0.000113
0.011488 0.000108 0.000103 0.000113 0.000098 0.000118 0.000095 0.000126
0.011921 0.000121 0.000115 0.000127 0.000110 0.000132 0.000106 0.000141
0.012370 0.000135 0.000129 0.000141 0.000123 0.000147 0.000118 0.000157
0.012836 0.000151 0.000144 0.000158 0.000137 0.000165 0.000132 0.000176
0.013320 0.000168 0.000161 0.000176 0.000153 0.000184 0.000147 0.000196
0.013822 0.000188 0.000179 0.000197 0.000171 0.000205 0.000164 0.000219
0.014343 0.000210 0.000200 0.000220 0.000191 0.000229 0.000184 0.000245
0.014883 0.000235 0.000224 0.000246 0.000213 0.000256 0.000205 0.000273
0.015444 0.000262 0.000250 0.000275 0.000238 0.000286 0.000229 0.000305
0.016026 0.000293 0.000279 0.000307 0.000266 0.000319 0.000256 0.000341
0.016630 0.000327 0.000312 0.000343 0.000297 0.000357 0.000286 0.000380
0.017256 0.000365 0.000348 0.000383 0.000332 0.000398 0.000319 0.000425
0.017907 0.000408 0.000389 0.000427 0.000370 0.000445 0.000356 0.000474
0.018581 0.000455 0.000434 0.000477 0.000414 0.000497 0.000398 0.000530
0.019281 0.000508 0.000485 0.000533 0.000462 0.000555 0.000444 0.000591
0.020008 0.000568 0.000541 0.000595 0.000516 0.000619 0.000496 0.000660
0.020762 0.000634 0.000604 0.000664 0.000576 0.000691 0.000554 0.000737
0.021544 0.000707 0.000674 0.000741 0.000643 0.000772 0.000618 0.000823
0.022356 0.000790 0.000753 0.000827 0.000718 0.000861 0.000690 0.000919
0.023199 0.000881 0.000841 0.000924 0.000801 0.000961 0.000771 0.001025
0.024073 0.000984 0.000938 0.001031 0.000894 0.001073 0.000860 0.001144
0.024980 0.001098 0.001047 0.001150 0.000998 0.001197 0.000960 0.001277
0.025921 0.001225 0.001169 0.001284 0.001114 0.001336 0.001072 0.001425
0.026898 0.001367 0.001304 0.001433 0.001243 0.001491 0.001196 0.001590
0.027911 0.001526 0.001455 0.001598 0.001387 0.001663 0.001334 0.001774
0.028963 0.001702 0.001623 0.001783 0.001548 0.001855 0.001489 0.001978
0.030055 0.001899 0.001811 0.001989 0.001726 0.002070 0.001661 0.002207
0.031187 0.002118 0.002020 0.002218 0.001926 0.002308 0.001853 0.002461
0.032362 0.002362 0.002253 0.002473 0.002148 0.002574 0.002067 0.002744
0.033582 0.002633 0.002512 0.002758 0.002395 0.002870 0.002305 0.003059
0.034847 0.002936 0.002801 0.003074 0.002671 0.003199 0.002570 0.003410
0.036160 0.003272 0.003123 0.003426 0.002977 0.003565 0.002865 0.003800
0.037523 0.003647 0.003481 0.003819 0.003319 0.003973 0.003193 0.004234
0.038937 0.004064 0.003879 0.004255 0.003698 0.004427 0.003559 0.004716
0.040404 0.004527 0.004322 0.004740 0.004121 0.004931 0.003966 0.005253
0.041927 0.005042 0.004814 0.005279 0.004590 0.005491 0.004418 0.005849
0.043507 0.005614 0.005360 0.005879 0.005112 0.006113 0.004920 0.006511
0.045146 0.006250 0.005967 0.006543 0.005692 0.006804 0.005479 0.007246
0.046847 0.006956 0.006641 0.007281 0.006336 0.007572 0.006099 0.008062
0.048612 0.007740 0.007390 0.008100 0.007051 0.008423 0.006788 0.008966
0.050444 0.008609 0.008220 0.009008 0.007845 0.009366 0.007552 0.009969
0.052345 0.009573 0.009139 0.010014 0.008727 0.010412 0.008400 0.011080
0.054317 0.010643 0.010159 0.011128 0.009704 0.011570 0.009340 0.012310
0.056364 0.011826 0.011287 0.012363 0.010787 0.012852 0.010381 0.013670
0.058488 0.013132 0.012537 0.013729 0.011986 0.014269 0.011534 0.015175
0.060692 0.014577 0.013920 0.015238 0.013314 0.015836 0.012809 0.016836
0.062979 0.016175 0.015449 0.016904 0.014781 0.017567 0.014219 0.018671
0.065352 0.017940 0.017138 0.018745 0.016404 0.019476 0.015777 0.020694
0.067815 0.019882 0.019001 0.020771 0.018195 0.021581 0.017497 0.022924
0.070370 0.022022 0.021055 0.022999 0.020166 0.023899 0.019395 0.025378
0.073022 0.024386 0.023319 0.025461 0.022336 0.026450 0.021486 0.028077
0.075774 0.026988 0.025812 0.028161 0.024724 0.029254 0.023787 0.031041
0.078629 0.029844 0.028552 0.031124 0.027348 0.032332 0.026319 0.034293
0.081592 0.032974 0.031553 0.034385 0.030231 0.035707 0.029100 0.037857
0.084666 0.036412 0.034849 0.037947 0.033392 0.039404 0.032151 0.041757
0.087857 0.040176 0.038462 0.041844 0.036859 0.043445 0.035496 0.046009
0.091167 0.044286 0.042402 0.046104 0.040644 0.047843 0.039156 0.050647
0.094603 0.048767 0.046708 0.050751 0.044783 0.052638 0.043156 0.055697
0.098168 0.053648 0.051396 0.055823 0.049297 0.057854 0.047522 0.061187
0.101867 0.058951 0.056515 0.061351 0.054219 0.063532 0.052279 0.067146
0.105705 0.064694 0.062067 0.067312 0.059563 0.069695 0.057454 0.073600
0.109688 0.070942 0.068072 0.073801 0.065362 0.076377 0.063073 0.080578
0.113822 0.077690 0.074577 0.080792 0.071644 0.083576 0.069165 0.088108
0.118111 0.084986 0.081608 0.088336 0.078440 0.091348 0.075755 0.096214
0.122561 0.092844 0.089220 0.096474 0.085797 0.099710 0.082870 0.104921
0.127180 0.101274 0.097391 0.105172 0.093722 0.108686 0.090537 0.114253
0.131972 0.110314 0.106177 0.114515 0.102240 0.118298 0.098779 0.124230
0.136945 0.119969 0.115586 0.124514 0.111373 0.128595 0.107619 0.134869
0.142105 0.130313 0.125606 0.135234 0.121144 0.139650 0.117079 0.146186
0.147460 0.141403 0.136317 0.146642 0.131541 0.151332 0.127176 0.158190
0.153017 0.153065 0.147621 0.158703 0.142592 0.163711 0.137925 0.170887
0.158783 0.165431 0.159675 0.171433 0.154330 0.176797 0.149337 0.184280
0.164766 0.178488 0.172364 0.184887 0.166795 0.190550 0.161422 0.198364
0.170975 0.192260 0.185855 0.199003 0.179953 0.205014 0.174180 0.213130
0.177417 0.206727 0.199976 0.213849 0.193802 0.220191 0.187610 0.228563
0.184103 0.221892 0.214734 0.229390 0.208248 0.236031 0.201706 0.244642
0.191040 0.237733 0.230208 0.245567 0.223296 0.252521 0.216455 0.261340
0.198239 0.254153 0.246277 0.262365 0.239103 0.269749 0.231837 0.278624
0.205709 0.271166 0.262872 0.279767 0.255251 0.287568 0.247830 0.296455
0.213460 0.288734 0.280100 0.297736 0.272103 0.306087 0.264391 0.314790
0.221504 0.306873 0.297804 0.316237 0.289625 0.325147 0.281393 0.333578
0.229851 0.325569 0.316085 0.335231 0.307725 0.344648 0.298883 0.352765
0.238512 0.344622 0.334819 0.354598 0.326292 0.364370 0.316814 0.372557
0.247499 0.363997 0.353831 0.374079 0.344961 0.384200 0.335134 0.393265
0.256826 0.383667 0.373197 0.393854 0.363884 0.404564 0.353789 0.414275
0.266503 0.403539 0.392906 0.414029 0.383295 0.424996 0.372720 0.435520
0.276546 0.423851 0.412848 0.434407 0.403009 0.445310 0.391866 0.456930
0.286967 0.443960 0.432715 0.454924 0.422836 0.466280 0.411419 0.478433
0.297780 0.464343 0.452801 0.475617 0.442437 0.486829 0.431381 0.499437
0.309001 0.484717 0.472945 0.496209 0.462545 0.507252 0.451384 0.520019
0.320645 0.504844 0.492999 0.516704 0.481793 0.527532 0.470742 0.540435
0.332727 0.524866 0.512639 0.536914 0.501435 0.547607 0.489994 0.560622
0.345265 0.544512 0.532273 0.557036 0.520516 0.567418 0.509062 0.581145
0.358275 0.564102 0.551620 0.576678 0.540097 0.587739 0.527877 0.601830
0.371776 0.583403 0.570569 0.596275 0.559211 0.607577 0.546414 0.622288
0.385785 0.602290 0.589149 0.615308 0.577823 0.627276 0.564623 0.642430
0.400322 0.620680 0.607282 0.633913 0.595309 0.646028 0.582459 0.662130
0.415407 0.638806 0.625181 0.651821 0.612847 0.664445 0.599881 0.681347
0.431060 0.656412 0.642603 0.669375 0.629939 0.682575 0.616855 0.700043
0.447304 0.673319 0.659611 0.686402 0.646260 0.700140 0.633348 0.718188
0.464159 0.689721 0.675998 0.702943 0.661955 0.717001 0.649335 0.735753
0.481649 0.705530 0.691675 0.718873 0.677318 0.733452 0.664795 0.752719
0.499799 0.720665 0.706527 0.734358 0.692298 0.749379 0.679711 0.769070
0.518632 0.735325 0.721116 0.749297 0.706549 0.764674 0.694070 0.784793
0.538175 0.749457 0.735136 0.763547 0.720372 0.779278 0.707865 0.799883
0.558455 0.762958 0.748540 0.777190 0.733348 0.793261 0.721091 0.814240
0.579498 0.775881 0.761405 0.790347 0.745809 0.806626 0.733830 0.827723
0.601335 0.788278 0.773631 0.802704 0.757698 0.819384 0.746028 0.840581
0.623994 0.799957 0.785477 0.814540 0.768917 0.831694 0.757664 0.852824
0.647508 0.810987 0.796434 0.825810 0.779895 0.843406 0.768743 0.864463
0.671907 0.821647 0.806891 0.836476 0.790259 0.854533 0.779277 0.875511
0.697226 0.831745 0.816863 0.846619 0.799738 0.865090 0.789278 0.885983
0.723499 0.841458 0.826398 0.856315 0.808760 0.875091 0.798759 0.895898
0.750762 0.850454 0.835457 0.865306 0.817489 0.884554 0.807680 0.905273
0.779052 0.858906 0.843781 0.873935 0.825534 0.893497 0.815852 0.914126
0.808408 0.866893 0.851723 0.881983 0.833279 0.901939 0.823565 0.922479
0.838870 0.874499 0.859160 0.889553 0.840647 0.909900 0.830838 0.930350
0.870480 0.881703 0.866164 0.896730 0.847393 0.917571 0.837810 0.937761
0.903282 0.888361 0.872836 0.903585 0.853650 0.924544 0.844449 0.944732
0.937319 0.894635 0.879228 0.909956 0.859640 0.931113 0.850197 0.951284
0.972639 0.900568 0.885144 0.916023 0.865281 0.937626 0.855892 0.957437
1.009290 0.906186 0.890610 0.921720 0.870577 0.943528 0.861118 0.963211
1.047322 0.911328 0.895761 0.927120 0.875543 0.948860 0.865889 0.968626
1.086787 0.916225 0.900644 0.932182 0.880198 0.953856 0.870360 0.973699
1.127740 0.920833 0.905056 0.936900 0.884558 0.958648 0.874548 0.978451
1.170235 0.925088 0.909258 0.941169 0.888640 0.963164 0.878467 0.982899
1.214332 0.929158 0.913215 0.945354 0.892459 0.967391 0.882133 0.987060
1.260090 0.932923 0.916903 0.949230 0.896030 0.971344 0.885560 0.990991
1.307573 0.936314 0.920453 0.952696 0.899369 0.975039 0.888764 0.994687
1.356845 0.939632 0.923883 0.956157 0.902488 0.978493 0.891756 0.998141
1.407973 0.942705 0.926990 0.959284 0.905401 0.981680 0.894551 1.001367
1.461028 0.945569 0.929882 0.962253 0.908120 0.984588 0.897159 1.004378
1.516083 0.948262 0.932470 0.964903 0.910781 0.987301 0.899593 1.007188
1.573212 0.950784 0.935016 0.967459 0.913284 0.989832 0.901863 1.009810
1.632493 0.953136 0.937372 0.969858 0.915583 0.992192 0.903980 1.012254
1.694009 0.955316 0.939476 0.972093 0.917598 0.994393 0.905954 1.014534
1.757842 0.957296 0.941438 0.974146 0.919477 0.996444 0.907793 1.016659
1.824081 0.959155 0.943265 0.976045 0.921228 0.998355 0.909507 1.018638
1.892816 0.960965 0.944968 0.977861 0.922859 1.000135 0.911104 1.020483
1.964141 0.962621 0.946554 0.979502 0.924317 1.001793 0.912591 1.022201
2.038154 0.964141 0.948059 0.981026 0.925667 1.003337 0.913975 1.023801
2.114955 0.965557 0.949486 0.982445 0.927004 1.004774 0.915264 1.025290
2.194651 0.966870 0.950814 0.983792 0.928256 1.006112 0.916464 1.026677
2.277350 0.968086 0.952009 0.985047 0.929422 1.007357 0.917581 1.027967
2.363165 0.969217 0.953117 0.986214 0.930506 1.008539 0.918620 1.029168
2.452213 0.970270 0.954148 0.987301 0.931515 1.009750 0.919586 1.030285
2.544617 0.971249 0.955107 0.988312 0.932443 1.010876 0.920486 1.031325
2.640503 0.972161 0.955999 0.989252 0.933297 1.011924 0.921322 1.032292
2.740003 0.973026 0.956810 0.990126 0.934092 1.012900 0.922100 1.033191
2.843251 0.973796 0.957601 0.990940 0.934831 1.013806 0.922824 1.034028
2.950391 0.974519 0.958331 0.991696 0.935536 1.014650 0.923497 1.034805
3.061567 0.975184 0.958985 0.992399 0.936192 1.015434 0.924122 1.035529
3.176933 0.975833 0.959606 0.993053 0.936802 1.016164 0.924704 1.036201
3.296646 0.976433 0.960183 0.993668 0.937369 1.016842 0.925244 1.036826
3.420870 0.976980 0.960731 0.994246 0.937896 1.017472 0.925747 1.037407
3.549775 0.977489 0.961246 0.994783 0.938386 1.018058 0.926214 1.037947
3.683537 0.977980 0.961724 0.995300 0.938841 1.018603 0.926648 1.038449
3.822340 0.978442 0.962168 0.995781 0.939264 1.019107 0.927052 1.038916
3.966373 0.978852 0.962581 0.996227 0.939658 1.019530 0.927427 1.039350
4.115834 0.979228 0.962965 0.996642 0.940023 1.019923 0.927775 1.039753
4.270926 0.979579 0.963322 0.997012 0.940363 1.020288 0.928099 1.040127
4.431863 0.979904 0.963654 0.997342 0.940673 1.020627 0.928400 1.040475
4.598864 0.980209 0.963962 0.997648 0.940964 1.020942 0.928680 1.040798
4.772158 0.980501 0.964248 0.997933 0.941236 1.021235 0.928940 1.041099
4.951983 0.980772 0.964514 0.998198 0.941489 1.021507 0.929181 1.041378
5.138583 0.981025 0.964761 0.998454 0.941724 1.021760 0.929405 1.041637
5.332215 0.981259 0.964990 0.998694 0.941943 1.021995 0.929614 1.041878
5.533143 0.981477 0.965204 0.998917 0.942145 1.022213 0.929807 1.042102
5.741642 0.981679 0.965402 0.999124 0.942334 1.022416 0.929987 1.042310
5.957999 0.981867 0.965586 0.999316 0.942509 1.022604 0.930154 1.042503
6.182508 0.982042 0.965757 0.999495 0.942672 1.022779 0.930310 1.042683
6.415476 0.982204 0.965903 0.999661 0.942823 1.022942 0.930454 1.042850
6.657224 0.982355 0.966034 0.999815 0.942963 1.023093 0.930588 1.043005
6.908081 0.982495 0.966156 0.999958 0.943093 1.023233 0.930712 1.043148
7.168391 0.982625 0.966269 1.000091 0.943215 1.023363 0.930828 1.043282
7.438510 0.982745 0.966374 1.000214 0.943327 1.023484 0.930935 1.043406
7.718807 0.982858 0.966472 1.000329 0.943431 1.023597 0.931035 1.043522
8.009667 0.982963 0.966562 1.000436 0.943529 1.023701 0.931127 1.043629
8.311487 0.983060 0.966646 1.000535 0.943619 1.023798 0.931213 1.043728
8.624680 0.983151 0.966725 1.000627 0.943702 1.023888 0.931293 1.043821
8.949674 0.983235 0.966797 1.000712 0.943780 1.023972 0.931367 1.043906
9.286915 0.983312 0.966865 1.000791 0.943852 1.024050 0.931436 1.043986
9.636864 0.983385 0.966927 1.000865 0.943919 1.024122 0.931500 1.044060
10.000000 0.983452 0.966985 1.000933 0.943982 1.024189 0.931560 1.044129
