0.010000 5.781663 5.063064 6.400860 4.469085 6.904389
0.012068 6.070511 5.326707 6.706988 4.705163 7.227635
0.014563 6.421426 5.650184 7.079061 4.996489 7.627176
0.017575 6.805791 6.003635 7.485983 5.314453 8.060035
0.021210 7.198480 6.371114 7.899336 5.647886 8.505604
0.025595 7.662625 6.802963 8.389799 6.039231 9.029455
0.030888 8.114204 7.230565 8.863470 6.431646 9.542585
0.037276 8.602001 7.691557 9.375345 6.855815 10.091549
0.044984 9.123106 8.190526 9.920871 7.319536 10.685168
0.054287 9.622489 8.672201 10.444362 7.769119 11.246668
0.065513 10.207826 9.238434 11.059232 8.300685 11.917647
0.079060 10.830321 9.838374 11.717301 8.863906 12.628380
0.095410 11.536488 10.522389 12.467541 9.509609 13.453022
0.115140 12.252255 11.212935 13.236128 10.163025 14.286226
0.138950 13.040637 11.973781 14.086120 10.887282 15.224393
0.167683 13.801649 12.697522 14.917329 11.577307 16.128142
0.202359 14.611117 13.463079 15.803248 12.306534 17.107807
0.244205 15.443384 14.230399 16.729521 13.029680 18.115833
0.294705 16.239530 14.955974 17.620812 13.710638 19.112166
0.355648 17.050537 15.666457 18.549125 14.360688 20.137287
0.429193 17.838787 16.343609 19.462996 14.957754 21.184807
0.517947 18.622609 16.984132 20.399658 15.473003 22.234797
0.625055 19.384676 17.592286 21.331535 15.920053 23.315829
0.754312 20.066746 18.082487 22.207158 16.220333 24.322878
0.910298 20.625470 18.440154 22.958770 16.368362 25.233604
1.098541 21.057201 18.619079 23.612056 16.282726 26.032026
1.325711 21.338241 18.621443 24.121939 15.976157 26.685310
1.599859 21.463485 18.377564 24.501853 15.364972 27.186925
1.930698 21.525432 17.976272 24.873623 14.437951 27.700655
2.329952 21.524104 17.303876 25.305302 13.213059 28.221374
2.811769 21.420245 16.322041 25.788213 11.935999 28.769008
3.393222 21.588135 15.314277 26.792321 10.790736 29.961485
4.094915 22.697901 14.997009 29.244635 10.229434 32.911132
4.941713 27.572599 17.091504 36.769552 11.275968 41.645068
5.963623 34.683113 20.695354 47.219543 13.378563 53.656455
7.196857 45.511757 26.555635 62.639101 16.970060 71.305650
8.685114 59.444347 34.323511 82.053158 21.830714 93.461799
10.481131 79.500970 45.659541 109.784208 28.978930 125.023227
12.648552 107.877170 61.819592 148.894976 39.205531 169.481630
15.264180 142.340879 81.479767 196.342186 51.658184 223.376750
18.420700 187.466155 107.259046 258.466740 67.992703 293.941037
22.229965 247.837787 141.766708 341.601452 89.858918 388.376880
26.826958 331.969890 189.872142 457.491436 120.343972 520.048169
32.374575 440.732369 252.067130 607.325595 159.758986 690.301235
39.069399 587.592794 336.053694 809.664071 212.986014 920.236816
47.148664 786.371832 449.733978 1083.543723 285.032696 1231.484112
56.898660 1057.203750 604.622903 1456.708135 383.196891 1655.575263
68.664885 1451.676695 830.223305 2000.236685 526.176516 2273.288489
82.864277 1990.520290 1138.390562 2742.692604 721.485285 3117.086761
100.000000 2691.747682 1539.426137 3708.893555 975.651829 4215.172444
