0.010000 0.001207 -0.012473 0.014603 -0.018722 0.018908 -0.019952 0.019723
0.012068 0.001208 -0.012463 0.014604 -0.018720 0.018912 -0.019952 0.019725
0.014563 0.001210 -0.012447 0.014606 -0.018693 0.018918 -0.019951 0.019824
0.017575 0.001213 -0.012423 0.014650 -0.018651 0.018953 -0.019949 0.019864
0.021210 0.001225 -0.012385 0.014666 -0.018621 0.019054 -0.019946 0.020024
0.025595 0.001249 -0.012326 0.014690 -0.018572 0.019172 -0.019941 0.020980
0.030888 0.001323 -0.012281 0.014734 -0.018536 0.019384 -0.019931 0.022001
0.037276 0.001486 -0.012245 0.014793 -0.018474 0.019467 -0.019812 0.023666
0.044984 0.001677 -0.012063 0.014897 -0.018175 0.019547 -0.019618 0.026378
0.054287 0.001798 -0.011963 0.015129 -0.017943 0.019749 -0.019444 0.030251
0.065513 0.002867 -0.011527 0.015313 -0.017594 0.020193 -0.019313 0.035756
0.079060 0.003462 -0.010982 0.015575 -0.017367 0.021615 -0.019130 0.043529
0.095410 0.004189 -0.010176 0.016141 -0.016724 0.024894 -0.018814 0.054403
0.115140 0.005442 -0.008952 0.018013 -0.015841 0.029156 -0.018266 0.069417
0.138950 0.007328 -0.007019 0.019963 -0.014606 0.035964 -0.017317 0.089777
0.167683 0.010185 -0.004187 0.023508 -0.012570 0.050795 -0.015678 0.116725
0.202359 0.014391 0.000751 0.028859 -0.009339 0.071525 -0.012876 0.151267
0.244205 0.021622 0.007644 0.038107 -0.004183 0.098958 -0.008377 0.193769
0.294705 0.033189 0.017707 0.054425 0.004488 0.134468 -0.000748 0.243511
0.355648 0.052084 0.034444 0.080340 0.019128 0.179536 0.011524 0.298427
0.429193 0.081303 0.058923 0.118237 0.042385 0.235191 0.031001 0.355280
0.517947 0.126511 0.096605 0.172164 0.077381 0.301117 0.062001 0.410355
0.625055 0.191089 0.152890 0.250087 0.128796 0.375514 0.105014 0.460380
0.754312 0.277331 0.230599 0.345634 0.202394 0.454142 0.167205 0.503226
0.910298 0.384487 0.330536 0.454738 0.295657 0.535324 0.257979 0.564770
1.098541 0.501966 0.444428 0.568779 0.406445 0.620698 0.345009 0.668393
1.325711 0.612901 0.559614 0.671328 0.502010 0.717037 0.440437 0.764172
1.599859 0.710678 0.654404 0.759189 0.578185 0.799134 0.512503 0.834725
1.930698 0.788310 0.726453 0.830628 0.614498 0.861275 0.552743 0.891634
2.329952 0.844452 0.778515 0.882873 0.650860 0.907664 0.579691 0.929839
2.811769 0.881276 0.815385 0.916878 0.671816 0.937765 0.586268 0.951971
3.393222 0.907288 0.838642 0.940323 0.687407 0.958207 0.590921 0.967794
4.094915 0.924225 0.854281 0.956295 0.698097 0.970708 0.594193 0.977105
4.941713 0.934186 0.862956 0.966401 0.702652 0.978647 0.596484 0.982398
5.963623 0.940240 0.868294 0.972396 0.704063 0.983373 0.598084 0.985486
7.196857 0.943532 0.871581 0.976738 0.704961 0.986107 0.599199 0.987306
8.685114 0.945501 0.874561 0.979474 0.705531 0.987651 0.599974 0.988377
10.481131 0.946643 0.875621 0.981609 0.705892 0.988602 0.600514 0.989006
12.648552 0.947143 0.876083 0.982758 0.706121 0.989151 0.600888 0.989375
15.264180 0.947596 0.876738 0.983917 0.706267 0.989467 0.601148 0.989596
18.420700 0.947803 0.876903 0.984619 0.706359 0.989644 0.601329 0.989725
22.229965 0.947916 0.877000 0.985153 0.706417 0.989751 0.601454 0.989799
26.826958 0.947953 0.877057 0.985640 0.706454 0.989813 0.601541 0.989842
32.374575 0.947975 0.877090 0.985886 0.706478 0.989848 0.601601 0.989866
39.069399 0.947987 0.877135 0.985933 0.706492 0.989870 0.601643 0.989880
47.148664 0.947995 0.877183 0.986039 0.706502 0.989882 0.601672 0.989888
56.898660 0.948015 0.877214 0.986055 0.706508 0.989889 0.601692 0.989893
68.664885 0.948029 0.877233 0.986064 0.706512 0.989893 0.601706 0.989895
82.864277 0.948076 0.877245 0.986070 0.706514 0.989896 0.601716 0.989897
100.000000 0.948077 0.877252 0.986073 0.706516 0.989897 0.601723 0.989898
