0.01 2.2948619361299625 1.0044822678239418 5.140116196430518 0.6052823218518426 6.746521776477194 0.26133195643794066 7.061361599183471
0.012068 2.067223436845778 0.9327850988702059 4.575735301539861 0.5620524294499606 5.908760074763012 0.24083877886569616 6.172383687044603
0.014563 1.881668475842847 0.8783464247601783 4.039792083622261 0.5313293138210115 5.163176154605689 0.22782211442477876 5.380562902066033
0.017575 1.7211953022574142 0.8336839693535975 3.533239093952757 0.5144419676600197 4.494850665814297 0.22022699269322624 4.70134967406796
0.02121 1.5790232832650952 0.7982160139127188 3.103622215553162 0.49749010051579495 3.902503863195788 0.21647128416042286 4.091821493845002
0.025595 1.4565700900790883 0.7719672584656065 2.7667483426819603 0.4819656940624874 3.4201992648853405 0.21552147336146024 3.555410764823148
0.030888 1.3458294764521495 0.7523524156569561 2.4557076309962484 0.47185239937124684 2.9805341902398172 0.21672352178364343 3.1331533974177743
0.037276 1.2500278226336152 0.7294466468393248 2.17202156706509 0.47564439805571906 2.5960651769900402 0.21976612368149734 2.787782458948384
0.044984 1.1599668672439485 0.7076533853273419 1.941474519673921 0.4527449237379212 2.276411105360529 0.22442437761230358 2.4674439470389227
0.054287 1.0854195940847775 0.6816022217566974 1.7242828919238467 0.4370410447017158 2.001386635744486 0.23049715045325603 2.1796978875568858
0.065513 1.0064529483775968 0.6625466603764671 1.5302502814384462 0.44160859621345505 1.7626566080158983 0.23786585737108062 1.9233657214100353
0.07906 0.9403487508021926 0.6449551096282772 1.3605706289138089 0.43692272063196086 1.5481842825663377 0.24296256727424545 1.6973130101306528
0.09541 0.8738082656218253 0.6236829272457983 1.2014394831387638 0.43742636837299814 1.3641235869915207 0.2466303441954183 1.4998414234958581
0.11514 0.8144320343687732 0.6006056713047332 1.065650683398317 0.4362031733252063 1.211904493840219 0.2514063288212366 1.3642161813699196
0.13895 0.7539925816899774 0.5763338600542015 0.9515034067229474 0.4310780503316766 1.0723395331986574 0.25723809510138845 1.2549224357332045
0.167683 0.6992378289572888 0.5500246749345248 0.853708340988935 0.41735935341995356 0.9475091429681718 0.26537320113674157 1.1161071246321208
0.202359 0.649834136245522 0.5218860439273184 0.7644630220497463 0.40620350415743134 0.8417177113861208 0.2731708339075877 0.9931135947692273
0.244205 0.5993163632627388 0.4942693231327885 0.6905831471159228 0.39542165318944167 0.7529298949120619 0.2807214032496576 0.8853450392933017
0.294705 0.5503007581743808 0.4685074688414434 0.6255026373962619 0.37855344507208 0.681123825240319 0.2883367930254844 0.790503259128573
0.355648 0.5060573856115128 0.4362181622223082 0.5649389864941513 0.3647860442181739 0.6153717446429643 0.2954722489321106 0.706728227733894
0.429193 0.46520116296649255 0.4086512357769738 0.513396802047357 0.3471140893955995 0.5626573598268947 0.29089267730313684 0.6319649871234172
0.517947 0.4275728828606135 0.38061702240864365 0.4672052441436893 0.3289077677311983 0.5158363110975953 0.26843307161464514 0.5652922408449821
0.625055 0.39132638253058744 0.34827533185244 0.42970376191914106 0.3051256187736923 0.471775378188028 0.24623207205484857 0.5163590389540593
0.754312 0.35889532392891194 0.31998219784902104 0.39353742595303637 0.28159173826214967 0.4306527312425127 0.22628643490377098 0.4714067136089813
0.910298 0.32667557189336277 0.2934193592858986 0.36036005806654026 0.2588200812087303 0.3973895851675897 0.20856029563008796 0.4231860031559407
1.098541 0.2976919929059794 0.26676998290549947 0.3295380995825171 0.2353513728802258 0.36068758195532213 0.19362897837786183 0.4134472083588205
1.325711 0.2710738264569536 0.24360681297616663 0.30207262330374335 0.21475547668465275 0.33137637146575144 0.18060154978586285 0.4258447621535761
1.599859 0.24696189215858974 0.221556641194718 0.2752019375632247 0.1953117345668125 0.3005709320297413 0.16889372240283917 0.3780481599440307
1.930698 0.2242719890809229 0.20129559315963405 0.24996179597173818 0.17829116958978578 0.27803468808032333 0.15833567544003568 0.3165298869932716
2.329952 0.203565786916608 0.18282620824332385 0.2272422048434418 0.1639436892473523 0.25582837767867384 0.14660838041388308 0.2883947746437579
2.811769 0.18454023181355286 0.1657505200560068 0.2058669257753664 0.1505383006895531 0.24236923926089923 0.13609152555927825 0.27107358296044054
3.393222 0.1669327970151586 0.15037183588879574 0.18625815708969748 0.13787945234298285 0.22296428951549296 0.1272055581825005 0.27089325250167096
4.094915 0.15161073720123125 0.1366839773818171 0.16855522222907185 0.12603283458532816 0.19375363729857106 0.11723316023041391 0.23585346981924682
4.941713 0.13584306242429312 0.12366418127794458 0.1499252141117649 0.11389215402683985 0.17575760750285085 0.1070266467939171 0.20352965182904265
5.963623 0.12078524011722884 0.11218650116990979 0.13404844485642697 0.10402610421838906 0.15428571827781162 0.09701021533020666 0.1687541416916208
7.196857 0.10674507527817607 0.10031504852802031 0.11835622165436606 0.0940208402543804 0.13456509456216345 0.08859158703458461 0.15029877591073632
8.685114 0.09425568892631264 0.08861956368853026 0.10361404237069656 0.0840682488708878 0.1192572095410464 0.07691303237022391 0.1320297191273996
10.481131 0.08266937569746108 0.0774242412753504 0.09214493583316956 0.07066598964502252 0.10312247812041242 0.06197213241250108 0.11163571655746142
12.648552 0.07253187438550443 0.06657441194087482 0.08064959035594342 0.05801671398128269 0.09063687275832168 0.0500164673295545 0.10051648771144882
15.26418 0.06278869116379535 0.05700658641279567 0.07061026371858149 0.047512484196675565 0.07990487092164054 0.04030978565671734 0.08828928258368053
18.4207 0.05334373555364586 0.048320308072838006 0.06065718805815954 0.03911063281808973 0.06880600967221656 0.032496643600733684 0.07609535700893706
22.229965 0.045533167763349085 0.04018592824183991 0.05031169821512304 0.031899610318537684 0.056275049036717935 0.02621615988282503 0.060585320195451285
26.826958 0.038918731114672485 0.03349503403356716 0.04231269369783579 0.026033417077775893 0.04590726176635674 0.021160435247036435 0.04888076651015352
