0.010000 0.000604 -0.006198 0.007355 -0.009274 0.009544 -0.009878 0.009960
0.012068 0.000605 -0.006193 0.007356 -0.009273 0.009546 -0.009877 0.009961
0.014563 0.000605 -0.006185 0.007357 -0.009260 0.009549 -0.009877 0.010011
0.017575 0.000607 -0.006173 0.007379 -0.009239 0.009567 -0.009876 0.010032
0.021210 0.000613 -0.006154 0.007387 -0.009224 0.009619 -0.009875 0.010113
0.025595 0.000625 -0.006125 0.007400 -0.009201 0.009679 -0.009872 0.010601
0.030888 0.000662 -0.006103 0.007422 -0.009183 0.009787 -0.009867 0.011123
0.037276 0.000744 -0.006085 0.007452 -0.009152 0.009829 -0.009809 0.011975
0.044984 0.000839 -0.005995 0.007504 -0.009006 0.009870 -0.009714 0.013365
0.054287 0.000900 -0.005946 0.007622 -0.008892 0.009973 -0.009628 0.015358
0.065513 0.001436 -0.005731 0.007716 -0.008720 0.010200 -0.009564 0.018203
0.079060 0.001734 -0.005461 0.007849 -0.008609 0.010925 -0.009475 0.022249
0.095410 0.002099 -0.005062 0.008136 -0.008293 0.012604 -0.009319 0.027962
0.115140 0.002729 -0.004456 0.009088 -0.007858 0.014794 -0.009050 0.035956
0.138950 0.003677 -0.003497 0.010082 -0.007250 0.018311 -0.008584 0.046998
0.167683 0.005119 -0.002089 0.011894 -0.006246 0.026059 -0.007778 0.061980
0.202359 0.007247 0.000376 0.014641 -0.004648 0.037089 -0.006397 0.081822
0.244205 0.010929 0.003837 0.019423 -0.002087 0.052055 -0.004171 0.107278
0.294705 0.016875 0.008933 0.027974 0.002249 0.072080 -0.000374 0.138635
0.355648 0.026739 0.017524 0.041851 0.009656 0.098621 0.005796 0.175383
0.429193 0.042374 0.030356 0.062833 0.021651 0.133267 0.015745 0.216012
0.517947 0.067527 0.050754 0.094190 0.040248 0.177244 0.031992 0.258143
0.625055 0.105638 0.082772 0.142914 0.068831 0.231159 0.055417 0.299022
0.754312 0.160989 0.130326 0.208922 0.112591 0.293780 0.091230 0.336207
0.910298 0.237997 0.197989 0.294279 0.173473 0.365490 0.148092 0.393505
1.098541 0.335083 0.285700 0.397408 0.255056 0.450009 0.208466 0.501945
1.325711 0.441858 0.388517 0.505263 0.335123 0.558891 0.282411 0.618348
1.599859 0.551203 0.486330 0.611849 0.406652 0.665465 0.344541 0.716333
1.930698 0.650587 0.570418 0.710320 0.443520 0.756350 0.381925 0.804458
2.329952 0.730781 0.637352 0.790306 0.482426 0.830939 0.408144 0.868878
2.811769 0.787751 0.688313 0.846514 0.505816 0.882822 0.414695 0.908344
3.393222 0.830308 0.722121 0.887368 0.523701 0.919766 0.419367 0.937599
4.094915 0.859125 0.745628 0.916250 0.536213 0.943083 0.422670 0.955235
4.941713 0.876500 0.758947 0.934985 0.541606 0.958187 0.424993 0.965405
5.963623 0.887220 0.767244 0.946275 0.543285 0.967289 0.426619 0.971388
7.196857 0.893100 0.772392 0.954534 0.544355 0.972594 0.427754 0.974931
8.685114 0.896635 0.777084 0.959775 0.545035 0.975603 0.428545 0.977021
10.481131 0.898691 0.778760 0.963883 0.545466 0.977461 0.429096 0.978251
12.648552 0.899594 0.779490 0.966101 0.545740 0.978536 0.429478 0.978973
15.264180 0.900411 0.780528 0.968343 0.545914 0.979154 0.429744 0.979406
18.420700 0.900784 0.780790 0.969703 0.546024 0.979500 0.429929 0.979659
22.229965 0.900989 0.780944 0.970740 0.546093 0.979711 0.430057 0.979805
26.826958 0.901056 0.781034 0.971686 0.546138 0.979831 0.430146 0.979888
32.374575 0.901095 0.781087 0.972165 0.546166 0.979901 0.430207 0.979936
39.069399 0.901117 0.781158 0.972256 0.546183 0.979942 0.430250 0.979963
47.148664 0.901131 0.781235 0.972463 0.546195 0.979967 0.430280 0.979979
56.898660 0.901168 0.781283 0.972493 0.546202 0.979981 0.430300 0.979988
68.664885 0.901192 0.781313 0.972511 0.546206 0.979989 0.430315 0.979993
82.864277 0.901278 0.781332 0.972522 0.546209 0.979994 0.430325 0.979996
100.000000 0.901280 0.781344 0.972529 0.546211 0.979996 0.430331 0.979998
