0.038216 0.873985 0.110996
0.089773 1.065852 0.135363
0.114987 0.93487 0.118729
0.13652 0.968043 0.122942
0.155482 0.882403 0.112065
0.175698 0.665737 0.084549
0.19489 0.791166 0.100478
0.211913 0.688747 0.087471
0.227031 0.882344 0.112058
0.241727 0.634355 0.080563
0.256822 0.734072 0.093227
0.270259 0.70846 0.089974
0.283865 0.648025 0.082299
0.297631 0.628188 0.07978
0.310614 0.667591 0.084784
0.322501 0.690555 0.087701
0.33483 0.577881 0.073391
0.348312 0.532224 0.067592
0.362457 0.485118 0.06161
0.376037 0.537032 0.068203
0.391284 0.365474 0.046415
0.40736 0.438254 0.055658
0.423712 0.32736 0.041575
0.440544 0.379749 0.048228
0.456473 0.336958 0.042794
0.473896 0.295205 0.037491
0.492173 0.283362 0.035987
0.509892 0.292218 0.037112
0.52813 0.249898 0.031737
0.548027 0.227783 0.028928
0.568738 0.21405 0.027184
0.588789 0.226625 0.028781
0.608829 0.200176 0.025422
0.631092 0.171556 0.021788
0.656287 0.145089 0.018426
0.679931 0.183359 0.023287
0.700928 0.16927 0.021497
0.722152 0.168895 0.02145
0.742549 0.173087 0.021982
0.767655 0.109575 0.013916
0.793806 0.146496 0.018605
0.813778 0.174376 0.022146
0.837914 0.100615 0.012778
0.864649 0.127324 0.01617
0.89 0.104258 0.013241
0.91886 0.091975 0.011681
0.948426 0.09306 0.011819
0.977239 0.091019 0.011559
1.00978 0.069491 0.008825
1.041152 0.093007 0.011812
1.077596 0.05092 0.006467
1.116865 0.071403 0.009068
1.156447 0.046818 0.005946
1.206968 0.039249 0.004985
1.26864 0.028973 0.00368
1.342198 0.024491 0.00311
1.414354 0.027082 0.003439
1.486564 0.022082 0.002804
1.556765 0.026182 0.003325
1.649905 0.012514 0.001589
1.871257 0.004276 0.000543
2.218909 0.003058 0.000388
