0.010000 8.204091 7.635297 8.982209 7.160243 10.029813 6.788655 14.397348
0.012068 8.192480 7.625860 8.954311 7.153034 9.973143 6.786587 14.356428
0.014563 8.176049 7.615013 8.910935 7.144541 9.901766 6.780779 14.300007
0.017575 8.158016 7.600929 8.863852 7.135557 9.812234 6.774542 14.223327
0.021210 8.125252 7.583398 8.805884 7.128666 9.700026 6.767564 14.120626
0.025595 8.091839 7.559484 8.730850 7.105998 9.585866 6.759806 13.985606
0.030888 8.038256 7.529351 8.624680 7.100438 9.459707 6.751482 13.810015
0.037276 7.969338 7.494855 8.516914 7.094559 9.302085 6.748733 13.589654
0.044984 7.895565 7.455495 8.382642 7.088342 9.110381 6.758367 13.317646
0.054287 7.797573 7.411449 8.229152 7.063443 8.884152 6.774295 12.990129
0.065513 7.692599 7.335611 8.051218 7.026974 8.626021 6.790061 12.607150
0.079060 7.566384 7.262801 7.863858 6.995548 8.343270 6.758343 12.174043
0.095410 7.434262 7.183832 7.676548 6.961827 8.046838 6.734246 11.699929
0.115140 7.304824 7.097950 7.514404 6.901666 7.801973 6.707555 11.199047
0.138950 7.180583 7.001972 7.375498 6.820729 7.625474 6.657370 10.694203
0.167683 7.095308 6.917112 7.274918 6.737578 7.576792 6.563858 10.197994
0.202359 7.037646 6.851484 7.221249 6.677915 7.555734 6.500364 9.726138
0.244205 7.013112 6.832878 7.219160 6.632112 7.604337 6.513637 9.296150
0.294705 7.059160 6.852213 7.275224 6.632596 7.620290 6.438220 8.897452
0.355648 7.161205 6.913229 7.394158 6.672530 7.754461 6.396595 8.531433
0.429193 7.306955 7.013709 7.602075 6.743592 8.051381 6.445111 8.191310
0.517947 7.496034 7.142655 7.852568 6.822853 8.097731 6.508384 8.466230
0.625055 7.683419 7.310986 8.125460 6.923277 8.473872 6.571905 8.896179
0.754312 7.906615 7.415823 8.428204 7.017129 8.891888 6.651878 9.293861
0.910298 8.090089 7.494137 8.702037 6.928395 9.242828 6.650264 9.667110
1.098541 8.233480 7.484500 8.922674 6.710242 9.597068 6.601256 10.180503
1.325711 8.211778 7.374158 9.048512 6.530357 9.879015 6.289715 10.669585
1.599859 8.081523 7.044186 9.088093 6.017032 10.025923 5.975159 10.975588
1.930698 7.820787 6.637015 9.015996 5.667771 10.145374 5.506098 11.015640
2.329952 7.432408 6.178766 8.828419 5.337933 10.178717 4.970688 11.313559
2.811769 6.991346 5.711962 8.492263 4.961111 10.150746 4.456669 11.414649
3.393222 6.513425 5.272063 8.115259 4.545489 9.918996 4.012610 11.292871
4.094915 6.015706 4.831338 7.660838 4.143939 9.601617 3.606526 11.231863
4.941713 5.506986 4.406635 7.112171 3.757399 9.211763 3.207751 11.305579
5.963623 4.998912 3.958387 6.494667 3.349189 8.718715 2.819188 11.153076
7.196857 4.387207 3.423845 5.710684 2.887379 7.767970 2.380636 10.351580
8.685114 3.466317 2.720911 4.653948 2.183153 6.288549 1.732731 8.225559
10.481131 0.852294 0.626337 1.184005 0.462604 1.512015 0.350805 2.085586
12.648552 0.000000 0.000000 0.000000 0.000000 0.000000 0.000000 0.000000
15.264180 0.000000 0.000000 0.000000 0.000000 0.000000 0.000000 0.000000
18.420700 0.000000 0.000000 0.000000 0.000000 0.000000 0.000000 0.000000
22.229965 0.000000 0.000000 0.000000 0.000000 0.000000 0.000000 0.000000
26.826958 0.000000 0.000000 0.000000 0.000000 0.000000 0.000000 0.000000
32.374575 0.000000 0.000000 0.000000 0.000000 0.000000 0.000000 0.000000
39.069399 0.000000 0.000000 0.000000 0.000000 0.000000 0.000000 0.000000
47.148664 0.000000 0.000000 0.000000 0.000000 0.000000 0.000000 0.000000
56.898660 0.000000 0.000000 0.000000 0.000000 0.000000 0.000000 0.000000
68.664885 0.000000 0.000000 0.000000 0.000000 0.000000 0.000000 0.000000
82.864277 0.000000 0.000000 0.000000 0.000000 0.000000 0.000000 0.000000
100.000000 0.000000 0.000000 0.000000 0.000000 0.000000 0.000000 0.000000
