0.010000 1193583328.548344 546097871.892799 1649890135.872403 211573947.011660 1901909086.046098 109840315.929580 15183637322.203907
0.012068 1047319192.177063 500998667.743960 1403647735.035928 201793635.101712 1597658593.119754 108921682.565215 13091260417.977341
0.014563 920621520.355785 461788807.765821 1188833499.456140 191035524.405443 1346923451.369973 107760957.476457 11128833151.752439
0.017575 804599701.676461 421089638.934240 1000312513.046869 185452166.233173 1120184902.764421 105953151.982329 9298203284.379423
0.021210 694283655.891023 385642471.055440 842406517.003623 179925429.028525 939207302.792776 104153086.737261 7612159986.633973
0.025595 596310659.980972 350207170.745610 703257033.517768 171880447.604715 781245254.375026 102353474.084536 6092573862.621373
0.030888 508491502.964170 317090058.770666 586112552.287213 164629542.660101 646550530.485777 100544473.626028 4764040360.848876
0.037276 430740301.765248 284055638.842962 487931713.789851 154303711.305727 533532547.203550 97441862.620421 3644155661.380224
0.044984 362736768.397484 251380200.915612 404534519.234702 144781067.912276 440747980.217196 94350464.002281 2734969051.201305
0.054287 303843406.402369 223749775.325528 335530216.240287 135302209.658496 364617051.025108 92215640.102946 2033095209.538247
0.065513 253806133.046123 196722458.633383 277805838.251695 130926648.700748 300771017.037081 90524502.973863 1488212196.138095
0.079060 211754801.821778 171617361.322083 229838278.927187 121598735.328571 251100652.952258 88583108.617167 1072851826.538447
0.095410 176495079.507469 149365687.302189 190464584.177515 110801086.902399 209551072.811822 83202142.266260 762348680.108956
0.115140 146380764.731360 129729518.299731 157504333.495647 100349150.157392 174028705.753838 78213188.692620 533815696.767367
0.138950 121449111.569875 110362629.588815 130158882.861849 90702706.213992 143979617.374404 74479608.768908 367842037.081437
0.167683 100536197.108443 93250521.704162 107683192.421521 81952606.132876 118360223.760904 67545221.863039 249285811.382138
0.202359 83694386.703761 78020197.035031 89068501.309129 72258107.531495 97036267.187909 60873745.765674 166109472.347623
0.244205 69441971.065335 65065137.633582 73788331.387775 60822363.297155 82243764.958554 54789319.767200 108838573.287754
0.294705 57285714.959643 53715267.583128 61138970.641160 50566419.988008 67742555.833827 48197943.413095 73455336.914547
0.355648 46932615.480927 44059143.565383 50108556.260792 41633522.961114 53889208.655794 39652121.070975 62081870.131194
0.429193 38543882.706220 35911976.201934 41405973.273716 32806246.610580 45658833.400353 26686495.688407 51305546.358941
0.517947 31439460.107194 29244593.792738 34071274.746018 26420013.166670 38667190.075739 16436785.161595 42288947.803654
0.625055 25540089.625357 23705431.630441 27913884.536450 21302607.404032 32381714.465035 10011861.781693 35598081.169313
0.754312 20672557.224512 19137371.686494 22716028.730914 16890200.408522 27019450.620956 6038501.907093 30691658.743497
0.910298 16661172.648759 15351089.012249 18447569.636717 13268119.668432 22482468.156629 3610603.800610 26227974.834611
1.098541 13249984.875018 12185717.321304 14712092.727590 10263644.392702 18363924.351430 2142654.284990 22171826.681949
1.325711 10043284.206003 7853080.825740 11220158.352093 4332798.842702 13789902.507662 1263423.605418 17586887.271730
1.599859 7115023.477388 3822614.443697 8423870.265547 1757588.364711 9809579.235087 740832.029352 13131831.328527
1.930698 3724004.010235 1790390.927986 6214499.126498 712961.060948 7197616.564993 432316.772322 9560010.290539
2.329952 1749969.291369 821624.749909 4328854.762211 289210.764383 5324332.027962 251118.947158 7463469.216820
2.811769 849070.009184 364176.747952 2443699.531777 154196.167601 3825986.741460 109734.649573 4539516.914756
3.393222 409663.109940 159806.531068 1146799.579209 68466.955812 2630778.865338 44274.352454 3478389.369075
4.094915 201488.175312 68729.240960 538218.717941 28153.064835 1687569.478509 17863.257347 2567662.327955
4.941713 98744.155176 28706.468368 269468.010630 11673.326118 1044301.938187 7207.241786 1763423.802572
5.963623 48650.755987 12743.090415 133607.579164 4815.099902 618812.361292 2907.887019 1288548.243162
7.196857 22941.515337 5477.337339 66946.647646 1986.168024 364099.715899 1173.237581 911674.819017
8.685114 10532.111658 2369.850432 33879.299903 809.452617 183856.243118 467.642170 652561.197027
10.481131 4858.704269 1003.769508 17224.697671 324.695982 91857.993553 185.375222 455063.157420
12.648552 2243.344234 425.845313 8868.045646 134.592317 45322.567322 73.483477 288248.770814
15.264180 1041.566646 183.105158 4624.666425 53.973189 22979.071893 29.129144 158762.234051
18.420700 493.264707 79.337417 2388.646963 22.174863 12493.351570 11.546909 86911.060161
22.229965 234.193316 34.189208 1302.444327 9.103592 6334.534757 4.577241 47577.639755
26.826958 110.103041 14.553129 685.528197 3.740144 3305.518462 1.814436 26045.382491
32.374575 51.691693 6.017035 363.612339 1.483091 1765.283301 0.719250 14257.999191
39.069399 23.923750 2.503485 189.177955 0.582164 948.236244 0.285114 7805.243060
47.148664 11.253516 1.036273 99.966724 0.230435 485.961598 0.113020 4272.816852
56.898660 5.257114 0.435467 52.188136 0.090975 252.549058 0.044802 2339.064102
68.664885 2.418645 0.185081 27.820073 0.037091 137.099779 0.017544 1280.471657
82.864277 1.152484 0.077472 14.747584 0.014747 74.426527 0.006862 700.967392
100.000000 0.533094 0.033118 7.722358 0.005981 39.608410 0.002684 383.729919
