0.010000 0.000215 0.000094 0.000489 0.000055 0.000792 0.000041 0.000979
0.012068 0.000241 0.000107 0.000534 0.000068 0.000812 0.000052 0.000979
0.014563 0.000256 0.000119 0.000569 0.000078 0.000828 0.000063 0.000979
0.017575 0.000265 0.000125 0.000602 0.000087 0.000846 0.000073 0.000979
0.021210 0.000274 0.000133 0.000629 0.000095 0.000858 0.000082 0.000979
0.025595 0.000284 0.000138 0.000648 0.000099 0.000865 0.000088 0.000980
0.030888 0.000289 0.000142 0.000658 0.000102 0.000882 0.000093 0.000983
0.037276 0.000292 0.000145 0.000665 0.000104 0.000903 0.000095 0.000983
0.044984 0.000295 0.000146 0.000675 0.000104 0.000913 0.000097 0.000983
0.054287 0.000297 0.000147 0.000680 0.000104 0.000920 0.000098 0.000983
0.065513 0.000298 0.000148 0.000684 0.000105 0.000923 0.000099 0.000983
0.079060 0.000299 0.000149 0.000686 0.000105 0.000924 0.000099 0.000985
0.095410 0.000299 0.000149 0.000687 0.000106 0.000926 0.000100 0.000988
0.115140 0.000300 0.000150 0.000688 0.000106 0.000927 0.000100 0.000990
0.138950 0.000300 0.000150 0.000689 0.000106 0.000927 0.000100 0.000991
0.167683 0.000300 0.000150 0.000689 0.000107 0.000927 0.000100 0.000992
0.202359 0.000300 0.000150 0.000689 0.000107 0.000928 0.000100 0.000993
0.244205 0.000300 0.000150 0.000689 0.000107 0.000928 0.000100 0.000994
0.294705 0.000300 0.000151 0.000689 0.000107 0.000928 0.000101 0.000995
0.355648 0.000300 0.000151 0.000689 0.000107 0.000928 0.000101 0.000995
0.429193 0.000300 0.000151 0.000689 0.000107 0.000928 0.000101 0.000995
0.517947 0.000300 0.000151 0.000689 0.000107 0.000928 0.000101 0.000996
0.625055 0.000300 0.000151 0.000689 0.000107 0.000928 0.000101 0.000996
0.754312 0.000300 0.000151 0.000689 0.000107 0.000928 0.000101 0.000996
0.910298 0.000300 0.000151 0.000689 0.000107 0.000928 0.000101 0.000996
1.098541 0.000300 0.000151 0.000689 0.000107 0.000928 0.000101 0.000996
1.325711 0.000300 0.000151 0.000689 0.000107 0.000928 0.000101 0.000996
1.599859 0.000300 0.000151 0.000689 0.000107 0.000928 0.000101 0.000996
1.930698 0.000300 0.000151 0.000689 0.000107 0.000928 0.000101 0.000996
2.329952 0.000300 0.000151 0.000689 0.000107 0.000928 0.000101 0.000996
2.811769 0.000300 0.000151 0.000689 0.000107 0.000928 0.000101 0.000996
3.393222 0.000300 0.000151 0.000689 0.000107 0.000928 0.000101 0.000996
4.094915 0.000300 0.000151 0.000689 0.000107 0.000928 0.000101 0.000996
4.941713 0.000300 0.000151 0.000689 0.000107 0.000928 0.000101 0.000996
5.963623 0.000300 0.000151 0.000689 0.000107 0.000928 0.000101 0.000996
7.196857 0.000300 0.000151 0.000689 0.000107 0.000928 0.000101 0.000996
8.685114 0.000300 0.000151 0.000689 0.000107 0.000928 0.000101 0.000996
10.481131 0.000300 0.000151 0.000689 0.000107 0.000928 0.000101 0.000996
12.648552 0.000300 0.000151 0.000689 0.000107 0.000928 0.000101 0.000996
15.264180 0.000300 0.000151 0.000689 0.000107 0.000928 0.000101 0.000996
18.420700 0.000300 0.000151 0.000689 0.000107 0.000928 0.000101 0.000996
22.229965 0.000300 0.000151 0.000689 0.000107 0.000928 0.000101 0.000996
26.826958 0.000300 0.000151 0.000689 0.000107 0.000928 0.000101 0.000996
32.374575 0.000300 0.000151 0.000689 0.000107 0.000928 0.000101 0.000996
39.069399 0.000300 0.000151 0.000689 0.000107 0.000928 0.000101 0.000996
47.148664 0.000300 0.000151 0.000689 0.000107 0.000928 0.000101 0.000996
56.898660 0.000300 0.000151 0.000689 0.000107 0.000928 0.000101 0.000996
68.664885 0.000300 0.000151 0.000689 0.000107 0.000928 0.000101 0.000996
82.864277 0.000300 0.000151 0.000689 0.000107 0.000928 0.000101 0.000996
100.000000 0.000300 0.000151 0.000689 0.000107 0.000928 0.000101 0.000996
