0.010000 -0.689294 -0.908583 -0.350523 -0.989531 -0.078046 -1.000914 -0.020873
0.012068 -0.720641 -0.919862 -0.370716 -0.991721 -0.080364 -1.001446 -0.022290
0.014563 -0.752302 -0.934329 -0.402946 -0.995947 -0.089566 -1.002336 -0.024266
0.017575 -0.777250 -0.966075 -0.441645 -1.003926 -0.104291 -1.029439 -0.027035
0.021210 -0.797285 -0.985401 -0.470385 -1.046487 -0.118125 -1.123109 -0.030934
0.025595 -0.829410 -1.003156 -0.488884 -1.064125 -0.137341 -1.246879 -0.038388
0.030888 -0.862912 -1.016240 -0.522797 -1.063617 -0.166070 -1.369162 -0.052232
0.037276 -0.890416 -1.025408 -0.547819 -1.066539 -0.191243 -1.479366 -0.057981
0.044984 -0.914538 -1.027090 -0.577366 -1.068766 -0.231089 -1.571264 -0.067665
0.054287 -0.947734 -1.027665 -0.612817 -1.075970 -0.264066 -1.646419 -0.077120
0.065513 -0.973316 -1.029321 -0.658532 -1.074287 -0.289363 -1.715178 -0.092549
0.079060 -0.996170 -1.030901 -0.706691 -1.077967 -0.320445 -1.787580 -0.114204
0.095410 -1.010267 -1.033192 -0.741360 -1.079334 -0.359685 -1.866676 -0.144345
0.115140 -1.015213 -1.035717 -0.770576 -1.080912 -0.408149 -1.954759 -0.177899
0.138950 -1.021645 -1.041595 -0.806197 -1.085014 -0.450558 -2.047054 -0.217713
0.167683 -1.027120 -1.048666 -0.834295 -1.097242 -0.514936 -2.139803 -0.282365
0.202359 -1.033882 -1.057313 -0.874059 -1.104431 -0.574660 -2.230447 -0.347027
0.244205 -1.041472 -1.065698 -0.909170 -1.116725 -0.628959 -2.317299 -0.431976
0.294705 -1.050624 -1.077198 -0.957154 -1.128671 -0.689302 -2.399138 -0.536814
0.355648 -1.061791 -1.090946 -0.992599 -1.151452 -0.745570 -2.475077 -0.569097
0.429193 -1.074848 -1.106620 -1.025715 -1.185973 -0.776570 -2.544542 -0.606025
0.517947 -1.090484 -1.127179 -1.052139 -1.214337 -0.810928 -2.607262 -0.629545
0.625055 -1.108842 -1.150795 -1.068436 -1.245104 -0.846182 -2.663229 -0.672658
0.754312 -1.130027 -1.176492 -1.087708 -1.288479 -0.884723 -2.712645 -0.735507
0.910298 -1.155173 -1.208973 -1.105340 -1.338051 -0.916846 -2.755875 -0.770634
1.098541 -1.196378 -1.298735 -1.135685 -4.402181 -0.971376 -4.922809 -0.820790
1.325711 -1.274634 -3.952900 -1.185785 -4.788691 -1.107983 -4.993870 -0.866021
1.599859 -3.125897 -4.345146 -1.249504 -4.877211 -1.165761 -4.995492 -0.981625
1.930698 -3.577118 -4.539505 -1.345479 -4.928796 -1.220870 -4.996870 -1.061143
2.329952 -3.788918 -4.603877 -1.574592 -4.937672 -1.311138 -4.996870 -1.136784
2.811769 -3.928172 -4.653613 -3.157045 -4.941145 -1.406300 -4.996870 -1.277095
3.393222 -4.017947 -4.684645 -3.267073 -4.946107 -1.589201 -4.996870 -1.329493
4.094915 -4.051785 -4.690825 -3.310491 -4.946107 -1.812340 -4.996870 -1.453440
4.941713 -4.056013 -4.694818 -3.325036 -4.946107 -1.993152 -4.996870 -1.569996
5.963623 -4.061517 -4.694818 -3.333469 -4.946107 -3.013627 -4.996870 -1.649583
7.196857 -4.061517 -4.694818 -3.344743 -4.946107 -3.035456 -4.996870 -1.741698
8.685114 -4.061517 -4.694818 -3.344743 -4.946107 -3.035456 -4.996870 -1.831323
10.481131 -4.065642 -4.694818 -3.362391 -4.946107 -3.049288 -4.996870 -1.984474
12.648552 -4.066773 -4.694818 -3.367067 -4.946529 -3.071557 -4.996870 -2.089178
15.264180 -4.067683 -4.695343 -3.372276 -4.946529 -3.080257 -4.996870 -3.011307
18.420700 -4.067879 -4.695343 -3.372482 -4.946529 -3.086033 -4.996870 -3.013627
22.229965 -4.067879 -4.695343 -3.372482 -4.946529 -3.086033 -4.996870 -3.013627
26.826958 -4.067879 -4.695343 -3.372482 -4.946529 -3.086033 -4.996870 -3.013627
32.374575 -4.067879 -4.695343 -3.372482 -4.946529 -3.086033 -4.996870 -3.013627
39.069399 -4.067879 -4.695343 -3.372482 -4.946529 -3.086033 -4.996870 -3.013627
47.148664 -4.067879 -4.695343 -3.372482 -4.946529 -3.086033 -4.996870 -3.013627
56.898660 -4.067879 -4.695343 -3.372482 -4.946529 -3.086033 -4.996870 -3.013627
68.664885 -4.067879 -4.695343 -3.372482 -4.946529 -3.086033 -4.996870 -3.013627
82.864277 -4.067879 -4.695343 -3.372482 -4.946529 -3.086033 -4.996870 -3.013627
100.000000 -4.067879 -4.695343 -3.372482 -4.946529 -3.086033 -4.996870 -3.013627
