83.999649
84.000705
84.000765
84.000520
83.999468
84.000255
83.999283
83.999407
84.000268
83.999373
83.999489
83.999810
83.999351
83.999317
84.000796
83.999216
83.999800
84.000168
83.999790
83.999746
84.000831
83.999462
83.999388
83.999428
83.999854
84.000362
83.999936
84.000238
84.000369
83.999367
83.999755
84.000610
83.999900
84.000575
84.000140
84.000195
84.000255
83.999790
83.999799
84.000796
83.999397
83.999879
83.999367
84.000011
84.000519
83.999938
84.000478
83.999179
84.000043
83.999542
83.999964
84.000314
83.999550
83.999479
83.999273
83.999529
84.000650
83.999170
83.999805
84.000757
83.999552
83.999623
84.000840
84.000069
84.000670
84.000675
83.999633
84.000795
83.999456
83.999327
84.000570
84.000243
84.000129
83.999217
83.999763
84.000292
83.999565
83.999421
84.000515
83.999972
84.000671
83.999928
83.999315
83.999986
84.000193
83.999185
84.000425
84.000114
84.000543
83.999490
83.999393
83.999959
83.999229
83.999242
84.000310
83.999346
84.000181
84.000473
83.999587
83.999865
84.000150
84.000348
83.999908
84.000481
83.999389
83.999879
83.999963
83.999454
83.999316
84.000117
83.999456
83.999207
83.999716
83.999275
83.999283
83.999398
84.000295
84.000549
83.999702
84.000547
84.000351
83.999924
84.000181
84.000340
83.999260
84.000202
84.000066
84.000777
83.999982
84.000825
84.000706
83.999481
84.000158
83.999720
84.000496
84.000007
83.999853
83.999700
84.000018
84.000088
84.000229
84.000113
84.000117
84.000590
84.000199
83.999733
83.999515
84.000463
83.999303
84.000657
84.000227
83.999311
84.000749
84.000710
84.000739
84.000324
83.999361
83.999500
84.000060
84.000233
83.999557
84.000570
83.999335
83.999924
83.999792
84.000292
84.000765
84.000588
84.000785
84.000711
84.000067
84.000815
83.999289
84.000517
84.000585
84.000307
83.999827
83.999934
83.999424
83.999941
84.000025
83.999720
84.000118
83.999716
84.000598
84.000539
84.000395
83.999922
83.999744
84.000571
83.999967
83.999691
83.999286
84.000371
84.000112
84.000100
83.999612
84.000444
83.999278
83.999412
84.000203
84.000195
83.999623
84.000066
84.000150
84.000189
84.000685
83.999919
84.000671
83.999365
83.999679
83.999424
84.000811
83.999668
83.999705
83.999535
83.999927
83.999858
83.999181
84.000520
83.999529
84.000739
84.000768
83.999398
83.999513
83.999703
84.000293
84.000127
84.000233
83.999777
83.999380
84.000543
84.000713
84.000182
84.000654
84.000761
83.999542
83.999575
84.000031
83.999547
83.999274
83.999368
83.999242
83.999958
84.000452
84.000065
83.999861
83.999954
84.000103
83.999589
84.000796
83.999554
84.000563
84.000826
83.999767
84.000345
84.000249
84.000700
84.000243
84.000743
84.000652
84.000601
84.000597
84.000234
83.999669
83.999242
84.000548
83.999870
84.000648
84.000181
84.000645
83.999520
84.000037
84.000109
84.000437
84.000024
83.999824
83.999608
83.999471
84.000036
84.000754
84.000083
83.999972
83.999990
83.999952
83.999751
84.000026
83.999861
83.999442
84.000809
83.999800
84.000698
83.999942
83.999482
84.000600
83.999991
83.999252
83.999955
83.999652
83.999894
83.999375
84.000727
83.999852
83.999933
84.000185
84.000226
84.000018
83.999233
84.000839
83.999669
83.999338
84.000511
84.000190
83.999572
84.000694
83.999265
83.999703
84.000121
83.999341
84.000350
83.999540
83.999703
83.999708
83.999567
84.000695
83.999894
83.999258
84.000404
84.000044
83.999280
83.999202
84.000110
84.000416
83.999694
83.999410
83.999318
84.000302
84.000322
84.000198
83.999283
84.000595
83.999479
84.000131
83.999739
83.999202
83.999445
83.999329
84.000385
83.999477
84.000162
83.999438
84.000097
84.000345
84.000018
83.999837
83.999181
84.000009
84.000456
83.999232
84.000826
83.999325
84.000445
84.000096
83.999498
84.000629
83.999650
83.999565
84.000827
84.000157
83.999633
84.000004
84.000801
83.999758
84.000635
84.000613
84.000421
83.999503
84.000701
84.000138
84.000001
84.000829
84.000155
83.999228
84.000778
84.000172
83.999444
83.999821
83.999237
83.999805
84.000058
83.999269
83.999309
84.000669
83.999684
84.000701
84.000559
84.000164
83.999674
84.000255
84.000774
83.999370
84.000315
83.999300
83.999864
83.999564
83.999220
83.999804
83.999431
84.000806
84.000242
83.999881
84.000046
84.000811
84.000044
84.000438
84.000690
83.999544
84.000433
83.999317
83.999707
83.999934
84.000248
83.999213
84.000737
83.999844
84.000501
84.000459
83.999536
83.999620
84.000563
83.999920
83.999534
83.999612
84.000542
83.999534
84.000347
83.999639
83.999597
83.999807
84.000265
84.000188
83.999209
83.999514
84.000718
84.000745
83.999269
84.000264
83.999439
84.000273
84.000370
84.000462
83.999455
84.000463
83.999512
84.000161
84.000689
83.999883
83.999818
83.999437
84.000456
84.000603
83.999436
83.999454
83.999948
83.999631
83.999249
84.000222
84.000176
83.999267
84.000292
84.000322
84.000051
83.999185
84.000559
83.999213
84.000134
84.000648
83.999479
83.999196
84.000489
84.000740
84.000428
84.000167
84.000754
84.000428
83.999688
84.000210
84.000340
84.000182
83.999800
84.000274
84.000381
83.999858
83.999864
83.999868
83.999478
83.999625
83.999444
83.999393
83.999283
83.999803
84.000262
84.000148
84.000704
83.999469
84.000505
84.000080
84.000683
83.999656
83.999341
84.000721
84.000624
84.000085
84.000432
83.999883
84.000397
83.999350
83.999356
84.000678
84.000192
83.999565
83.999895
84.000213
83.999335
84.000257
84.000238
83.999590
84.000033
83.999568
83.999785
84.000351
84.000696
84.000384
83.999262
84.000093
83.999672
84.000434
84.000113
83.999805
84.000116
84.000080
83.999696
83.999623
83.999421
83.999259
84.000380
83.999291
83.999388
84.000146
83.999222
83.999558
83.999708
83.999374
83.999727
83.999690
84.000439
84.000018
83.999172
84.000046
83.999177
83.999393
83.999522
84.000749
83.999732
84.000442
84.000457
83.999202
83.999546
83.999736
84.000042
83.999616
84.000533
84.000024
83.999768
83.999356
84.000716
84.000595
83.999442
83.999684
84.000347
83.999562
84.000289
83.999274
83.999701
84.000648
83.999330
83.999815
84.000751
83.999717
84.000745
84.000407
84.000583
84.000797
83.999824
83.999776
84.000441
83.999688
83.999282
83.999997
83.999743
84.000491
83.999587
83.999920
83.999275
83.999992
84.000273
83.999303
84.000550
84.000012
83.999587
84.000002
83.999332
84.000104
84.000221
83.999291
83.999340
84.000834
84.000712
84.000678
83.999879
83.999971
84.000060
83.999161
84.000688
83.999544
83.999638
83.999954
84.000175
84.000482
83.999287
83.999306
84.000670
84.000484
83.999323
83.999846
84.000128
83.999217
83.999488
84.000200
83.999685
84.000788
84.000447
83.999251
83.999430
83.999185
84.000253
84.000018
84.000652
84.000206
83.999266
84.000639
83.999202
83.999353
83.999593
84.000468
84.000716
83.999176
83.999661
84.000115
84.000473
84.000263
84.000518
84.000548
83.999939
83.999943
84.000080
83.999278
83.999907
84.000316
83.999293
83.999672
83.999528
84.000741
83.999175
84.000070
83.999905
84.000631
84.000249
84.000257
83.999397
83.999198
84.000803
83.999636
83.999224
84.000698
84.000563
84.000232
84.000144
83.999309
84.000599
83.999446
84.000386
83.999168
84.000605
84.000618
84.000410
84.000142
83.999491
84.000280
84.000789
83.999330
83.999612
84.000195
84.000686
84.000355
84.000663
84.000281
83.999212
83.999410
84.000280
83.999818
84.000497
83.999460
84.000249
83.999244
83.999341
84.000118
83.999759
84.000635
83.999817
83.999381
83.999933
84.000330
84.000273
84.000680
84.000785
84.000233
84.000361
83.999864
83.999420
83.999769
84.000824
84.000225
84.000739
84.000257
84.000209
84.000552
83.999381
84.000559
83.999173
84.000410
83.999183
83.999762
84.000555
84.000361
84.000262
83.999297
83.999221
84.000671
84.000257
83.999788
83.999934
84.000133
83.999647
83.999163
83.999252
83.999303
84.000143
84.000269
84.000108
84.000752
84.000174
83.999482
84.000680
84.000147
84.000245
83.999341
84.000141
84.000733
83.999718
84.000319
83.999351
83.999905
84.000231
84.000740
83.999347
83.999324
84.000446
84.000127
84.000003
83.999367
84.000179
83.999463
84.000038
83.999372
84.000807
84.000479
84.000672
83.999978
83.999298
83.999912
83.999227
84.000651
84.000426
84.000175
83.999880
83.999664
84.000471
84.000214
84.000606
84.000045
84.000434
83.999243
83.999993
83.999507
83.999247
83.999562
83.999408
83.999706
84.000673
83.999383
83.999284
83.999789
84.000454
83.999971
84.000500
84.000612
84.000238
84.000773
84.000069
83.999936
84.000641
84.000096
84.000269
83.999864
83.999444
84.000409
84.000665
83.999552
83.999396
84.000001
84.000263
83.999348
83.999373
84.000634
84.000098
84.000704
83.999646
84.000406
84.000093
84.000276
83.999182
84.000153
84.000395
84.000331
84.000518
84.000596
84.000304
84.000694
83.999629
83.999470
84.000045
83.999583
84.000099
83.999483
83.999252
84.000420
84.000408
84.000040
83.999234
84.000521
83.999938
84.000733
84.000732
84.000817
83.999726
83.999628
83.999327
83.999831
84.000549
83.999934
83.999527
83.999623
83.999318
84.000728
84.000535
84.000387
83.999634
83.999182
83.999189
83.999982
83.999573
83.999648
84.000311
83.999559
83.999728
84.000728
84.000203
83.999228
84.000131
83.999258
83.999590
84.000803
83.999884
83.999546
83.999946
83.999795
84.000176
84.000242
84.000297
83.999288
83.999528
83.999295
84.000075
83.999538
84.000658
84.000409
84.000207
84.000277
84.000593
84.000393
83.999700
83.999270
83.999236
83.999793
84.000370
83.999801
84.000819
84.000785
84.000732
83.999896
84.000062
84.000115
84.000240
84.000407
83.999214
83.999939
84.000069
83.999652
83.999574
83.999330
83.999637
83.999687
84.000404
83.999464
84.000296
83.999614
83.999840
84.000022
84.000666
84.000539
83.999892
83.999665
84.000099
84.000697
83.999173
84.000227
84.000778
83.999628
84.000098
83.999214
83.999190
84.000046
83.999427
83.999227
83.999795
84.000367
83.999905
83.999460
83.999600
84.000636
83.999331
83.999636
83.999986
83.999258
84.000472
84.000183
83.999201
83.999562
84.000830
83.999717
83.999177
84.000666
83.999611
83.999978
83.999417
83.999652
84.000070
83.999938
83.999885
84.000115
84.000787
83.999730
84.000670
84.000804
84.000220
84.000671
84.000211
84.000558
83.999567
83.999345
83.999862
84.000318
83.999536
84.000823
84.000823
84.000249
83.999179
84.000611
84.000539
