0.010000 0.010732 -0.005492 0.031229 -0.016761 0.056817 -0.019622 0.078168
0.012068 0.012658 -0.004346 0.037099 -0.016311 0.067280 -0.019525 0.090770
0.014563 0.015058 -0.003542 0.044297 -0.015580 0.080082 -0.019367 0.105415
0.017575 0.017663 -0.002495 0.053198 -0.014602 0.094610 -0.019098 0.122316
0.021210 0.021045 -0.000327 0.064714 -0.013100 0.111370 -0.018688 0.141666
0.025595 0.025617 0.002000 0.078899 -0.011619 0.131504 -0.018001 0.163618
0.030888 0.033404 0.004913 0.096305 -0.009588 0.154674 -0.016883 0.188266
0.037276 0.042858 0.008034 0.115360 -0.007324 0.179352 -0.015484 0.215622
0.044984 0.056811 0.013382 0.137740 -0.004046 0.210050 -0.013370 0.247809
0.054287 0.075819 0.020404 0.165671 -0.003218 0.244359 -0.010123 0.288006
0.065513 0.100074 0.030095 0.198131 -0.003312 0.280011 -0.014994 0.331760
0.079060 0.128985 0.045336 0.234694 0.003973 0.319067 -0.023605 0.378361
0.095410 0.163860 0.066540 0.276669 0.013910 0.363753 -0.033810 0.426855
0.115140 0.206496 0.100106 0.326557 0.030063 0.416259 -0.044983 0.476118
0.138950 0.256309 0.144031 0.377884 0.055024 0.460776 -0.056203 0.535318
0.167683 0.311309 0.198113 0.433105 0.081904 0.518582 -0.066535 0.593060
0.202359 0.376081 0.261899 0.487797 0.127308 0.572289 -0.075315 0.646913
0.244205 0.439245 0.334119 0.542854 0.187870 0.630106 -0.082283 0.701827
0.294705 0.501463 0.397156 0.602019 0.263236 0.680738 -0.087519 0.779216
0.355648 0.562274 0.455055 0.656509 0.312967 0.740959 -0.091293 0.830396
0.429193 0.618329 0.502231 0.709932 0.348394 0.791089 -0.093933 0.871466
0.517947 0.662089 0.539369 0.754956 0.378915 0.831376 -0.095741 0.899855
0.625055 0.697376 0.575242 0.796312 0.403882 0.868439 -0.096962 0.920267
0.754312 0.729222 0.598526 0.828219 0.423582 0.899942 -0.097778 0.945327
0.910298 0.755076 0.618582 0.854163 0.434689 0.922384 -0.098320 0.963016
1.098541 0.774581 0.638785 0.876688 0.438775 0.938080 -0.098678 0.973796
1.325711 0.790613 0.650461 0.892284 0.439390 0.951751 -0.098914 0.980288
1.599859 0.802334 0.655921 0.905410 0.439776 0.962379 -0.099070 0.984170
1.930698 0.811621 0.661741 0.914458 0.440019 0.968841 -0.099172 0.986481
2.329952 0.818647 0.670146 0.921680 0.440171 0.974705 -0.099239 0.987854
2.811769 0.824343 0.673993 0.928693 0.440592 0.977383 -0.099283 0.988668
3.393222 0.828792 0.676809 0.935537 0.441130 0.980130 -0.099312 0.989150
4.094915 0.832339 0.677874 0.941541 0.441517 0.982348 -0.099331 0.989436
4.941713 0.835517 0.678466 0.944903 0.441795 0.984063 -0.099343 0.989605
5.963623 0.836994 0.678955 0.948190 0.441994 0.984963 -0.099351 0.989705
7.196857 0.838084 0.679303 0.951642 0.442138 0.985945 -0.099357 0.989766
8.685114 0.839424 0.679550 0.954877 0.442241 0.986703 -0.099360 0.989820
10.481131 0.840257 0.680717 0.955763 0.442315 0.987484 -0.099362 0.989852
12.648552 0.840892 0.680828 0.956647 0.442368 0.987987 -0.099364 0.989871
15.264180 0.842003 0.681164 0.957524 0.442406 0.988404 -0.099365 0.989883
18.420700 0.842323 0.681485 0.958035 0.442433 0.988683 -0.099366 0.989889
22.229965 0.842796 0.681748 0.958105 0.442453 0.988996 -0.099366 0.989893
26.826958 0.842953 0.681748 0.958328 0.442467 0.989228 -0.099366 0.989896
32.374575 0.842954 0.681933 0.958792 0.442477 0.989401 -0.099366 0.989897
39.069399 0.842984 0.681976 0.959021 0.442484 0.989529 -0.099367 0.989898
47.148664 0.843183 0.681976 0.959052 0.442489 0.989624 -0.099367 0.989898
56.898660 0.843338 0.681976 0.959054 0.442493 0.989695 -0.099367 0.989899
68.664885 0.843459 0.681976 0.959088 0.442496 0.989747 -0.099367 0.989899
82.864277 0.843553 0.681976 0.959246 0.442498 0.989786 -0.099367 0.989899
100.000000 0.843627 0.681976 0.959371 0.442499 0.989815 -0.099367 0.989899
