0.001000 2544.109014 599.962134 7221.869790 137.853470 12838.505095 48.414097 38742.432250
0.001038 2490.341570 593.292998 6968.121599 137.451882 12379.013955 48.383798 37859.305956
0.001077 2435.787754 581.319975 6723.289238 137.051450 11935.966766 48.353521 36995.770587
0.001117 2382.427335 580.053266 6487.059419 136.652171 11508.775439 48.323261 36151.383739
0.001159 2330.234188 576.390472 6300.060539 136.254049 11096.871810 48.293020 35325.712877
0.001203 2282.629436 565.822832 6119.571370 135.857069 10699.709419 48.262800 34518.335116
0.001248 2235.859158 562.633802 5944.233034 135.461228 10316.760937 48.232599 33728.837000
0.001296 2194.446152 556.069031 5773.898024 135.066530 9947.517148 48.202418 32956.814290
0.001344 2152.390414 551.528868 5584.581963 134.672974 9591.487848 48.172258 32201.871756
0.001395 2104.993273 549.815518 5395.013268 134.280544 9248.200216 48.142119 31463.622979
0.001448 2062.584197 548.672568 5211.172333 133.889249 8917.198523 48.112003 30741.690145
0.001502 2028.134005 542.737862 5035.160166 133.499079 8598.042657 48.081909 30035.703856
0.001559 1978.581399 532.399995 4884.970337 133.110035 8290.309103 48.051838 29345.302940
0.001617 1935.827010 526.363723 4727.805403 132.722112 7993.589142 48.021792 28671.085976
0.001678 1891.935126 516.227046 4570.673545 132.335305 7707.488315 47.991771 28016.612708
0.001742 1848.597935 506.285629 4418.765362 131.949616 7431.627060 47.961775 27376.413600
0.001807 1808.121069 502.310323 4271.907428 131.565041 7165.638697 47.931806 26750.167443
0.001875 1764.876841 494.096310 4129.931770 131.181573 6909.170115 47.901866 26137.560095
0.001946 1724.448025 485.261919 3992.676229 130.799215 6661.880563 47.871956 25538.284316
0.002019 1679.989739 482.034905 3859.984082 130.417960 6423.441615 47.842076 24952.039618
0.002095 1635.927759 474.896598 3730.728195 130.037809 6193.536673 47.812229 24378.787598
0.002174 1596.142226 466.700373 3607.688202 129.658759 5971.860325 47.782415 23820.701663
0.002256 1556.203527 464.891067 3488.989102 129.280807 5758.118156 47.752639 23274.641761
0.002341 1523.821525 461.251688 3371.890948 128.903952 5552.026251 47.722899 22740.337405
0.002430 1492.911664 459.888188 3256.471421 128.528191 5353.310930 47.693200 22217.523997
0.002521 1458.796754 458.522323 3149.713607 128.153524 5161.708263 47.663543 21705.942692
0.002616 1427.328372 452.344171 3039.794398 127.779948 4976.963742 47.633931 21205.340273
0.002715 1393.153543 443.616927 2935.096472 127.407463 4798.832026 47.604367 20715.469024
0.002817 1360.364570 435.058363 2844.604571 127.036067 4627.076549 47.574853 20236.086608
0.002923 1331.352128 429.519171 2748.313092 126.665761 4461.469163 47.545394 19766.955949
0.003033 1301.248128 422.103208 2660.806561 126.296542 4301.789925 47.515992 19307.845110
0.003148 1263.868972 414.815579 2573.159754 125.928410 4147.826764 47.486652 18858.527188
0.003266 1230.824543 407.654094 2487.672754 125.561366 3999.375209 47.457377 18418.780194
0.003389 1203.267154 400.616599 2405.492833 125.195410 3856.238100 47.428172 17988.386948
0.003517 1177.849713 395.425994 2332.883327 124.830542 3718.225329 47.399043 17567.134975
0.003650 1151.949469 391.666425 2253.945211 124.466765 3585.153613 47.369993 17154.816399
0.003787 1131.852152 387.940884 2181.631456 123.755950 3456.846206 47.341030 16751.227844
0.003930 1104.745617 384.248964 2115.500321 122.861731 3333.132735 47.312160 16356.170337
0.004078 1077.837435 378.906217 2046.686862 121.974200 3213.848888 47.283388 15969.449211
0.004232 1050.887836 373.228296 1982.026166 121.093326 3098.836256 47.254723 15590.874015
0.004391 1027.598511 366.137338 1920.817905 120.118084 2987.942104 47.226173 15220.258421
0.004557 1005.423814 362.516591 1854.028352 119.007907 2881.019175 47.197745 14857.420142
0.004728 985.750808 358.370748 1796.260182 117.760854 2777.925476 47.169450 14502.180844
0.004906 965.936602 351.437408 1735.840281 116.527229 2678.898591 47.141297 14186.480732
0.005091 944.865017 344.867452 1686.079848 115.381106 2584.247828 47.113297 13885.955562
0.005283 925.950420 341.353448 1630.655982 114.591933 2492.936973 47.085463 13590.346320
0.005482 902.372244 338.669286 1583.413613 112.905792 2404.848233 47.057806 13299.542053
0.005689 879.207079 332.915993 1533.065073 112.448039 2319.867982 47.030340 13013.433646
0.005903 856.303999 327.348722 1487.280611 111.993376 2237.886623 47.003080 12731.913816
0.006126 838.691585 324.140121 1440.048741 111.019445 2158.798438 46.976043 12454.877127
0.006356 818.090440 320.962603 1391.298303 110.541104 2082.501456 46.949245 12182.220005
0.006596 797.840799 317.767901 1351.460753 110.375556 2008.897321 46.922705 11913.840760
0.006844 780.288149 312.397342 1312.382137 109.872824 1937.891173 46.896443 11649.639622
0.007102 767.368793 306.744511 1271.881282 108.755825 1869.391517 46.870482 11389.518780
0.007370 751.031689 301.320051 1239.727357 107.650968 1803.310111 46.844843 11133.382435
0.007648 733.881939 297.730877 1198.228536 106.558183 1739.561855 46.819554 10881.136862
0.007936 713.414231 295.422339 1161.830113 105.477401 1678.064678 46.794641 10632.690484
0.008235 696.634173 292.019454 1125.070120 104.408559 1618.739437 46.770133 10387.953958
0.008545 680.722181 290.402110 1090.861703 103.351597 1561.509815 46.746063 10146.840274
0.008867 665.143981 287.459382 1056.862213 102.306462 1506.302223 46.722464 9909.264865
0.009201 649.541565 285.644426 1022.734925 101.273106 1453.045709 46.699375 9675.145737
0.009548 634.956284 281.046434 994.967269 100.251484 1401.671863 46.676834 9444.403607
0.009908 620.838498 274.873731 959.947773 99.241559 1352.114735 46.654885 9216.962055
0.010281 605.903316 268.893111 932.723336 98.327888 1304.310748 46.633575 8992.747702
0.010669 591.377214 266.188629 904.422176 97.488237 1257.958803 46.479300 8771.690387
0.011071 577.956147 263.509803 880.291146 96.657550 1212.913804 46.309200 8553.723371
0.011488 563.153939 259.757519 854.744104 95.835862 1170.815796 46.140628 8338.783545
0.011921 551.334656 254.344638 830.312465 95.023214 1129.433308 45.973641 8126.811662
0.012370 538.496625 249.714169 803.189253 94.219658 1089.518946 45.808305 7917.752562
0.012836 523.764438 248.894101 776.581150 93.425250 1054.926509 45.644689 7711.555428
0.013320 510.485572 242.595191 753.193847 92.640058 1021.296905 45.482867 7508.174027
0.013822 497.957726 241.385647 731.341879 91.864159 987.166094 45.322919 7307.566968
0.014343 485.708005 238.183368 709.655187 91.097640 953.957731 45.164932 7109.697953
0.014883 473.806255 233.167059 692.461714 90.285959 921.900129 45.008999 6914.536019
0.015444 463.530833 229.736558 672.125942 89.221236 890.954884 44.855220 6722.055777
0.016026 454.080611 224.411659 653.346072 88.184930 861.084933 44.703702 6532.237627
0.016630 444.228449 219.402469 635.272014 87.824233 832.254508 44.554561 6345.067948
0.017256 434.427203 217.758438 615.175242 87.409572 804.429097 44.407922 6160.539261
0.017907 422.895746 214.017178 597.317340 86.607431 777.575402 44.263919 5978.650350
0.018581 411.405917 208.297879 578.125839 85.732249 751.661295 44.122696 5799.406336
0.019281 401.033858 202.744444 559.918162 84.870881 727.694390 43.984407 5622.818694
0.020008 389.798156 198.551878 542.084574 84.475018 704.954770 43.849219 5448.905207
0.020762 379.628220 196.901617 525.943550 83.352418 682.663941 43.717311 5277.689848
0.021544 370.997761 193.830471 510.014863 82.371178 660.846744 43.588875 5109.202587
0.022356 361.060756 188.870243 494.855337 81.459274 638.904250 43.464119 4943.479103
0.023199 351.724005 186.068772 479.071551 80.151838 617.343951 43.343265 4780.560420
0.024073 342.304399 184.032599 463.120556 79.307280 596.482748 43.226551 4620.492444
0.024980 334.077776 180.553244 449.251966 79.238925 576.308096 43.114235 4463.325408
0.025921 324.420522 177.052404 435.823343 78.498398 556.807313 43.006593 4309.113226
0.026898 316.572365 174.124813 422.306479 77.770170 537.967554 42.903920 4157.912767
0.027911 308.161678 171.257995 409.493084 77.058137 520.497505 42.806538 4009.783045
0.028963 299.449228 169.217967 396.054873 76.956241 503.731596 42.714787 3864.784341
0.030055 290.398871 166.815600 383.116680 76.929817 487.578827 42.629037 3722.977271
0.031187 282.961367 165.153099 372.311284 75.891735 472.020071 42.549683 3584.421819
0.032362 275.371909 162.544101 360.406445 74.785071 456.388981 42.477152 3449.176335
0.033582 268.618002 159.416447 349.425722 73.755512 441.173097 42.411902 3317.296548
0.034847 261.544218 156.370568 338.192094 73.149937 426.507445 42.354423 3188.834575
0.036160 253.802521 153.405677 328.109798 72.564022 412.383276 42.305245 3063.837990
0.037523 246.441689 150.175744 318.560698 71.998437 398.790764 42.264938 2942.348930
0.038937 239.079565 147.716055 308.696852 71.453906 385.719219 42.234112 2824.403297
0.040404 233.481912 145.651597 299.173022 70.931209 373.157286 42.213426 2710.030039
0.041927 227.107983 143.509150 290.429089 70.431188 362.035124 42.203587 2599.250550
0.043507 220.546110 141.379270 282.437254 69.954749 351.395620 42.205355 2492.078192
0.045146 214.239897 138.346221 274.018798 69.502871 341.077578 42.219551 2388.517937
0.046847 208.384186 137.022544 266.052289 69.076605 331.085042 42.247055 2288.566157
0.048612 203.408564 134.599557 258.389437 68.677086 321.421326 42.288814 2192.210541
0.050444 198.008810 132.019834 251.445401 68.477757 312.088996 42.345850 2099.430145
0.052345 192.809601 129.753050 245.115662 68.667245 303.089878 42.419260 2010.195576
0.054317 187.639196 128.035960 238.926337 68.709315 294.425073 42.510228 1924.469285
0.056364 183.035218 125.492155 232.759110 68.153257 286.094982 42.620028 1842.205975
0.058488 178.841924 123.896320 226.809412 67.634841 278.099352 42.750030 1763.353091
0.060692 174.603797 122.341924 220.736257 67.739871 270.437328 42.901714 1687.851394
0.062979 170.389811 120.296495 215.423571 67.927426 263.107507 43.076672 1615.635590
0.065352 166.315087 118.311377 210.166422 68.153326 256.108013 43.276620 1546.635009
0.067815 162.285262 116.743454 205.026802 68.094811 249.436566 43.503410 1480.774301
0.070370 158.983333 115.897859 199.861064 67.954247 243.210002 43.759035 1417.974148
0.073022 155.529028 114.744564 195.177671 67.467811 237.640607 44.045648 1358.151976
0.075774 152.425215 113.630506 191.069954 68.112436 232.328323 43.922816 1301.222647
0.078629 149.303784 111.984918 186.935763 68.478932 227.274679 43.807311 1247.099119
0.081592 146.347228 110.813755 183.085791 68.116688 222.481279 43.883508 1195.693082
0.084666 143.631779 109.503935 179.561046 68.310175 217.949808 44.401405 1146.915536
0.087857 141.097474 108.165009 176.518365 68.140721 213.682031 44.965753 1100.677328
0.091167 138.749466 107.181578 173.561679 67.713661 209.679816 45.580257 1056.889640
0.094603 136.587107 106.432745 171.092887 68.041349 205.945145 46.248934 1015.464414
0.098168 134.951434 105.840713 168.600819 68.534516 202.480144 46.976134 976.314727
0.101867 133.435065 105.574442 166.234141 69.108614 199.287112 47.766570 939.355121
0.105705 131.958956 104.529916 164.115373 69.769109 196.793831 48.625352 904.501869
0.109688 130.514789 103.770269 162.354841 70.421477 195.365008 49.338393 871.673207
0.113822 129.296960 103.320267 160.747251 71.282464 194.130309 49.605847 840.789519
0.118111 128.205504 103.218887 159.139768 71.964052 193.099344 49.947432 811.773474
0.122561 127.262791 102.579785 158.071781 72.610127 192.282284 50.367517 784.553657
0.127180 126.874668 102.259701 157.401872 72.877169 191.689892 50.870873 759.155380
0.131972 126.578583 102.407778 156.491267 73.627622 191.333559 51.462718 735.400592
0.136945 126.360103 102.617157 156.101860 74.781409 191.225341 52.148750 713.222753
0.142105 126.521644 102.914434 155.839763 75.629428 191.378008 52.935201 692.557807
0.147460 126.601249 103.467724 156.282173 77.275254 191.805100 53.828880 673.344199
0.153017 126.803825 104.139129 156.471319 79.064900 192.413103 54.837234 655.522869
0.158783 127.300249 104.919014 156.939545 80.926386 192.942940 55.968402 639.037237
0.164766 127.976428 105.959119 157.952403 82.564642 193.840910 57.231289 623.833165
0.170975 129.320549 107.210473 159.471264 83.897249 195.118557 58.635629 609.858927
0.177417 130.861524 108.410649 161.119024 85.837755 196.788895 60.192071 597.346446
0.184103 132.643902 110.366637 163.223362 87.809644 198.866499 61.912260 586.122995
0.191040 134.808824 112.262866 165.264955 90.512172 201.367608 63.808936 575.485484
0.198239 137.293003 114.316022 168.625209 94.171329 204.310235 65.896032 566.406976
0.205709 140.293211 117.160559 171.846893 97.429005 207.714276 68.188786 558.327125
0.213460 143.172801 119.658755 175.363890 99.842493 211.601640 70.703866 551.223405
0.221504 146.481571 122.849537 179.117554 103.036922 215.996377 73.459500 545.039938
0.229851 150.319261 125.841384 183.494941 106.175468 220.924822 76.475623 539.744106
0.238512 154.301120 129.529126 188.130512 110.559123 226.415745 79.774029 535.304955
0.247499 159.238177 133.358024 193.554882 114.335920 232.500514 83.378550 531.693125
0.256826 163.871039 138.313484 199.372721 118.654830 239.213263 87.315233 528.880769
0.266503 169.185527 142.925236 205.457873 124.438656 246.595526 91.612549 526.841485
0.276546 174.963987 148.404213 213.053774 130.347004 255.137226 96.301608 525.550231
0.286967 181.393588 153.777441 221.012247 135.089779 264.396546 101.416399 524.983248
0.297780 188.306813 159.695030 229.481048 140.707845 274.426097 106.994049 525.117984
0.309001 195.719373 165.863452 238.353187 146.169596 285.282193 113.075098 525.933013
0.320645 203.900548 173.167084 249.091903 152.326849 297.025117 119.703809 527.407965
0.332727 212.792211 180.945539 259.620954 159.952112 309.719404 126.928491 529.523447
0.345265 222.640419 188.910469 271.035273 167.289138 324.355550 134.801855 532.260973
0.358275 233.340036 197.751019 283.430768 175.227096 340.283595 143.381402 535.602899
0.371776 244.523393 207.229603 297.135110 184.503247 357.426086 152.729831 539.532354
0.385785 256.406226 217.453554 311.766458 193.615107 375.862203 162.915491 544.033182
0.400322 269.599809 228.421449 327.797594 204.285572 394.639037 174.012865 549.089878
0.415407 283.798530 240.255817 344.413537 214.710245 414.863199 186.103087 554.687542
0.431060 299.107882 252.902978 362.431368 225.946522 436.666450 199.274501 560.811819
0.447304 315.854696 266.779970 382.283041 238.051141 460.160177 213.623266 567.448857
0.464159 333.718412 281.822943 403.158149 251.736038 485.463913 229.254003 574.585266
0.481649 352.909277 297.557163 426.726110 265.994380 512.705891 244.521160 582.208072
0.499799 374.235034 314.869169 452.129738 281.464312 542.023625 258.652263 590.304686
0.518632 396.836460 333.808735 478.675390 298.354285 574.056347 273.866747 598.862868
0.538175 421.184186 353.682682 507.192857 315.635732 598.154163 290.243123 615.751037
0.558455 446.665249 375.320819 537.822517 334.415120 608.675128 307.865671 656.433976
0.579498 473.860493 398.278526 570.262719 355.970902 634.313348 326.824838 702.160544
0.601335 503.596951 423.626047 605.454966 377.959984 676.374040 347.217665 746.834773
0.623994 535.442158 449.895412 639.859142 401.580505 718.738796 369.148235 797.233792
0.647508 569.693203 477.989516 678.848414 426.822325 764.367148 392.728155 852.669974
0.671907 607.342747 508.085400 721.064337 453.608266 813.788510 418.077070 911.848181
0.697226 645.650501 540.985321 766.575748 482.438134 868.084108 445.323208 975.000119
0.723499 682.722376 575.879868 815.725246 512.957408 926.168129 474.603957 1042.373280
0.750762 723.776928 614.496833 869.115209 546.514966 990.677208 506.066487 1121.563120
0.779052 772.358012 655.702939 926.889190 581.776406 1059.290204 539.868401 1206.329068
0.808408 823.561724 698.869615 988.897767 620.320738 1133.457475 575.524807 1290.711459
0.838870 878.841798 737.731515 1054.721950 661.425028 1212.854308 612.430121 1380.923907
0.870480 938.126940 784.134320 1126.560343 705.255582 1297.812341 651.871695 1477.355449
0.903282 1001.119257 835.524809 1203.120338 750.781803 1397.637862 694.010876 1580.422532
0.937319 1068.756734 890.676858 1286.031381 783.490843 1499.467266 739.018176 1690.570826
0.972639 1141.564622 949.324389 1372.296867 804.572631 1613.436800 773.196248 1808.277080
1.009290 1217.697829 1014.428392 1464.062382 857.756616 1737.048286 787.185858 1949.067453
1.047322 1301.568276 1082.840351 1562.002826 917.072756 1865.557351 801.427794 2096.181351
1.086787 1391.141644 1155.533577 1666.851506 977.745436 2000.644782 815.914077 2234.894998
1.127740 1485.894667 1233.514429 1777.554774 1042.511649 2132.104732 830.636906 2365.772828
1.170235 1586.593600 1315.892533 1898.132884 1111.625983 2277.822403 845.588660 2529.276907
1.214332 1688.803890 1404.581288 2026.516117 1185.356815 2434.584833 860.761894 2704.321102
1.260090 1797.598588 1494.527939 2159.159129 1263.986860 2590.111967 876.149341 2899.194435
1.307573 1916.214821 1585.116838 2298.920772 1347.813705 2754.832864 891.743909 3131.420419
1.356845 2028.983027 1676.137767 2446.543528 1437.150351 2904.234640 907.538683 3358.315250
1.407973 2156.044288 1781.406435 2593.244557 1515.622610 3064.959725 923.526920 3572.237694
1.461028 2290.089274 1877.368814 2749.263847 1572.678119 3253.545481 939.702052 3774.007960
1.516083 2425.120684 1974.911646 2928.339223 1613.495984 3436.323654 956.057680 3992.575710
1.573212 2557.868769 2073.026906 3109.418957 1651.818744 3627.203548 972.587579 4238.938375
1.632493 2685.693332 2184.315001 3282.821777 1687.810199 3812.845906 989.285691 4475.213525
1.694009 2817.430159 2289.152815 3467.459926 1723.222543 3994.824881 1006.146127 4701.880873
1.757842 2964.920245 2383.504689 3663.248228 1757.137291 4216.935293 1023.163163 4919.389977
1.824081 3113.145696 2497.002534 3879.667276 1789.415408 4447.731216 1040.331238 5162.967556
1.892816 3259.049944 2585.779054 4098.248885 1820.142494 4708.941808 1057.644956 5464.530942
1.964141 3410.068051 2667.636409 4321.827370 1849.398843 4974.245168 1075.099078 5777.918911
2.038154 3574.008184 2747.007076 4525.562129 1877.259863 5263.549606 1092.688523 6068.939437
2.114955 3716.604798 2797.705472 4748.518991 1903.796451 5578.327351 1110.408366 6339.236031
2.194651 3870.016728 2849.948186 4948.772851 1929.075336 5866.001780 1128.253833 6590.325217
2.277350 4008.972024 2913.285666 5182.183840 1953.159389 6171.505548 1146.220303 6893.133382
2.363165 4137.600675 2967.688631 5426.169029 1976.107903 6471.496001 1164.303298 7279.352241
2.452213 4280.812965 3019.106898 5688.761833 1997.976845 6849.031019 1182.498487 7648.249198
2.544617 4402.158230 3079.057022 5935.551005 2018.819091 7218.538462 1200.801680 8074.537945
2.640503 4521.174484 3140.007521 6169.072414 2038.684633 7612.367398 1219.208825 8579.438838
2.740003 4637.374872 3184.198362 6434.233042 2057.620774 8018.977394 1237.716005 9062.690056
2.843251 4759.225061 3222.311555 6709.360305 2075.672303 8494.183188 1256.319436 9607.458322
2.950391 4857.989838 3287.073526 6975.579291 2092.881659 8966.891941 1275.015462 10232.172421
3.061567 4946.735159 3332.036705 7220.272403 2109.289072 9420.175748 1293.800554 10894.078849
3.176933 5029.780011 3370.690887 7519.830517 2124.932708 9824.912742 1312.671305 11563.050202
3.296646 5121.026543 3398.178360 7810.274980 2139.848787 10278.291614 1331.624430 12268.282030
3.420870 5193.432091 3421.022237 8076.445435 2154.071701 10856.657488 1350.656756 13009.066328
3.549775 5273.690789 3455.145976 8303.087008 2167.634124 11416.100473 1369.765227 13749.590086
3.683537 5363.300863 3506.658749 8502.751638 2180.323007 11903.532439 1388.946894 14472.075908
3.822340 5443.363118 3556.199335 8727.726474 2186.735169 12309.356879 1408.198919 15269.958630
3.966373 5496.841913 3605.572767 8884.702458 2192.727992 12885.400057 1425.877425 16172.277765
4.115834 5566.600738 3635.740310 9093.600006 2198.329167 13337.433265 1437.927337 17011.960781
4.270926 5633.929499 3658.358423 9307.372978 2208.865116 13807.883301 1447.452878 17793.389465
4.431863 5711.130437 3703.609440 9510.817517 2219.424281 14435.973240 1456.373731 18785.688174
4.598864 5783.942672 3751.325526 9799.325800 2229.505058 15051.032523 1464.728593 19952.104549
4.772158 5870.082216 3774.307929 10049.660340 2239.129168 15516.868700 1472.553642 21183.222065
4.951983 5936.516771 3788.920114 10210.480679 2248.317321 16320.093262 1479.882708 22481.920837
5.138583 6005.235235 3806.203826 10359.064028 2257.089271 16818.209488 1486.747429 23851.151031
5.332215 6054.083704 3841.751594 10534.648885 2265.463861 17417.775015 1493.177398 25293.929969
5.533143 6105.812034 3881.416909 10712.924174 2273.459067 17871.650281 1499.200297 26813.338836
5.741642 6149.754531 3905.832779 10876.601728 2281.092045 18303.756698 1504.842026 28412.518984
5.957999 6181.235257 3946.039333 11053.113023 2285.649302 18728.051817 1510.126819 30094.667822
6.182508 6252.640135 3968.515322 11151.868272 2288.849722 19477.278484 1515.077355 31863.034298
6.415476 6305.177973 3981.384505 11326.225759 2291.854449 20373.254441 1519.714856 33720.913977
6.657224 6331.732922 3993.551838 11501.193180 2294.675477 21490.085825 1524.059189 35671.643715
6.908081 6412.017268 4014.676663 11598.962069 2297.324060 22555.996434 1528.128946 37718.595941
7.168391 6467.216986 4028.311551 11687.419791 2299.810758 23191.226249 1531.941534 39865.172561
7.438510 6500.803778 4043.713214 11797.231523 2302.145481 23693.711458 1535.513248 42114.798494
7.718807 6570.581078 4057.251267 11942.562530 2304.337529 24343.858487 1538.859345 44470.914870
8.009667 6612.857656 4066.357621 12114.141041 2306.395629 24914.827442 1541.994109 46936.971898
8.311487 6653.357507 4074.016491 12193.029000 2308.327974 25412.954892 1544.930915 49516.421443
8.624680 6691.025288 4081.246434 12271.797937 2310.142252 25943.677954 1547.682288 52212.709332
8.949674 6716.294509 4089.002208 12424.093510 2311.845680 26417.627584 1550.259957 55029.267428
9.286915 6758.577227 4097.573940 12564.770614 2313.445033 26908.230192 1552.674905 57969.505503
9.636864 6800.688520 4105.756766 12674.179424 2314.946670 27643.837628 1554.937418 61036.802954
10.000000 6844.732912 4113.568255 12732.965991 2316.356562 28267.193580 1557.057132 64234.500385
