0.010000 5.477244 5.324416 5.665715 5.179868 5.823541 4.990228 6.081630
0.012068 5.462512 5.310188 5.647197 5.163719 5.806601 4.976495 6.060121
0.014563 5.437204 5.287053 5.625872 5.140896 5.781626 4.956818 6.029480
0.017575 5.402902 5.258031 5.593185 5.113733 5.742344 4.928830 5.986243
0.021210 5.356644 5.215367 5.545492 5.075173 5.694285 4.889306 5.925861
0.025595 5.295327 5.152164 5.477559 5.020973 5.630893 4.834149 5.842855
0.030888 5.211214 5.068453 5.383337 4.942379 5.539235 4.758554 5.731247
0.037276 5.094669 4.956401 5.257642 4.833917 5.406359 4.656955 5.584708
0.044984 4.937451 4.807780 5.096503 4.685701 5.245901 4.524545 5.396939
0.054287 4.740235 4.617915 4.889732 4.503318 5.028711 4.356374 5.162475
0.065513 4.495615 4.380270 4.630626 4.277511 4.760604 4.141685 4.877802
0.079060 4.190235 4.086343 4.311265 3.994841 4.426042 3.869199 4.536999
0.095410 3.818570 3.729316 3.924589 3.650911 4.027294 3.544936 4.119461
0.115140 3.378519 3.304416 3.464935 3.241310 3.544292 3.157872 3.619766
0.138950 2.873358 2.816125 2.938307 2.766425 2.997830 2.709971 3.058761
0.167683 2.325912 2.285583 2.373014 2.249266 2.408648 2.215402 2.459436
0.202359 1.774534 1.747997 1.805704 1.721027 1.830856 1.692398 1.861258
0.244205 1.266087 1.247979 1.286747 1.229655 1.303556 1.206430 1.321561
0.294705 0.843410 0.830642 0.857828 0.816091 0.870019 0.803136 0.890857
0.355648 0.526300 0.516890 0.535927 0.505969 0.545293 0.498080 0.561243
0.429193 0.308391 0.301741 0.314738 0.295100 0.321277 0.288325 0.332587
0.517947 0.171147 0.166980 0.174962 0.163092 0.179128 0.158627 0.186120
0.625055 0.091769 0.089452 0.094094 0.087209 0.096440 0.084644 0.100487
0.754312 0.047524 0.046286 0.048820 0.045010 0.050092 0.043721 0.052331
0.910298 0.023944 0.023300 0.024627 0.022633 0.025287 0.021989 0.026463
1.098541 0.011912 0.011586 0.012261 0.011244 0.012598 0.010908 0.013200
1.325711 0.005863 0.005699 0.006034 0.005535 0.006215 0.005352 0.006507
1.599859 0.002843 0.002762 0.002930 0.002680 0.003014 0.002589 0.003158
1.930698 0.001364 0.001325 0.001407 0.001283 0.001447 0.001239 0.001516
2.329952 0.000657 0.000638 0.000677 0.000618 0.000697 0.000596 0.000731
2.811769 0.000314 0.000304 0.000323 0.000295 0.000333 0.000284 0.000349
3.393222 0.000148 0.000144 0.000153 0.000139 0.000157 0.000134 0.000165
4.094915 0.000071 0.000068 0.000073 0.000066 0.000075 0.000064 0.000078
4.941713 0.000033 0.000032 0.000035 0.000031 0.000036 0.000030 0.000037
5.963623 0.000016 0.000015 0.000016 0.000015 0.000017 0.000014 0.000018
7.196857 0.000007 0.000007 0.000008 0.000007 0.000008 0.000007 0.000008
8.685114 0.000004 0.000003 0.000004 0.000003 0.000004 0.000003 0.000004
10.481131 0.000002 0.000002 0.000002 0.000002 0.000002 0.000002 0.000002
12.648552 0.000001 0.000001 0.000001 0.000001 0.000001 0.000001 0.000001
15.264180 0.000000 0.000000 0.000000 0.000000 0.000000 0.000000 0.000000
18.420700 0.000000 0.000000 0.000000 0.000000 0.000000 0.000000 0.000000
22.229965 0.000000 0.000000 0.000000 0.000000 0.000000 0.000000 0.000000
26.826958 0.000000 0.000000 0.000000 0.000000 0.000000 0.000000 0.000000
32.374575 0.000000 0.000000 0.000000 0.000000 0.000000 0.000000 0.000000
39.069399 0.000000 0.000000 0.000000 0.000000 0.000000 0.000000 0.000000
47.148664 0.000000 0.000000 0.000000 0.000000 0.000000 0.000000 0.000000
56.898660 0.000000 0.000000 0.000000 0.000000 0.000000 0.000000 0.000000
68.664885 0.000000 0.000000 0.000000 0.000000 0.000000 0.000000 0.000000
82.864277 0.000000 0.000000 0.000000 0.000000 0.000000 0.000000 0.000000
100.000000 0.000000 0.000000 0.000000 0.000000 0.000000 0.000000 0.000000
