0.010656 5.447392 0.994553
0.026351 4.658502 0.850522
0.034025 6.898307 1.259453
0.039711 5.104199 0.931895
0.045087 5.897326 1.076699
0.049531 5.892144 1.075753
0.054927 3.434198 0.626996
0.059920 6.014302 1.098056
0.063609 4.923398 0.898885
0.067098 6.078294 1.109740
0.070684 4.220631 0.770578
0.074920 3.810856 0.695764
0.078729 4.769181 0.870729
0.082790 3.089081 0.563986
0.086571 5.223943 0.953757
0.089610 4.117655 0.751777
0.092693 4.728956 0.863385
0.095345 5.205793 0.950443
0.098381 3.502088 0.639391
0.102451 2.643331 0.482604
0.106618 3.066547 0.559872
0.109741 4.548524 0.830443
0.112736 3.111647 0.568106
0.116074 3.363603 0.614107
0.119189 3.370022 0.615279
0.122400 3.005523 0.548731
0.126052 2.474492 0.451778
0.129250 3.899957 0.712032
0.132457 2.344373 0.428022
0.136182 2.597818 0.474294
0.139561 2.693942 0.491844
0.142246 4.131581 0.754320
0.144876 2.685917 0.490379
0.147888 2.908833 0.531078
0.150945 2.506770 0.457671
0.153967 2.861241 0.522389
0.157017 2.368636 0.432452
0.160202 2.505541 0.457447
0.162963 3.066492 0.559862
0.165401 3.076574 0.561703
0.168138 2.387580 0.435910
0.171194 2.351658 0.429352
0.174356 2.151371 0.392785
0.177042 3.304241 0.603269
0.179598 2.267480 0.413983
0.182427 2.542905 0.464269
0.184755 3.299570 0.602416
0.187386 2.012007 0.367341
0.191109 1.529443 0.279237
0.194959 1.791511 0.327084
0.198440 1.785798 0.326041
0.201645 2.054552 0.375108
0.205176 1.450932 0.264903
0.209074 1.586673 0.289686
0.212333 2.031733 0.370942
0.215380 1.738947 0.317487
0.218619 1.736534 0.317046
0.222149 1.428396 0.260788
0.225573 1.801169 0.328847
0.227960 3.014993 0.550460
0.230092 2.127574 0.388440
0.232979 1.591268 0.290525
0.236527 1.351137 0.246683
0.240439 1.259828 0.230012
0.243744 1.922997 0.351090
0.246560 1.621548 0.296053
0.249409 1.830740 0.334246
0.253013 1.054545 0.192533
0.257802 0.934717 0.170655
0.262470 1.071831 0.195689
0.267378 0.820866 0.149869
0.271977 1.205275 0.220052
0.276179 0.926576 0.169169
0.280777 0.959125 0.175112
0.285747 0.796358 0.145394
0.290564 1.024539 0.187054
0.295457 0.747312 0.136440
0.300449 0.943170 0.172198
0.304625 1.019198 0.186079
0.309376 0.723428 0.132079
0.314388 0.869920 0.158825
0.318704 0.936878 0.171050
0.323019 0.844412 0.154168
0.327491 0.844930 0.154262
0.333257 0.517981 0.094570
0.339969 0.568218 0.103742
0.345825 0.654393 0.119475
0.351199 0.646124 0.117965
0.357595 0.456593 0.083362
0.365340 0.410693 0.074982
0.373216 0.419815 0.076647
0.380141 0.529110 0.096602
0.387492 0.372855 0.068074
0.395233 0.448263 0.081841
0.402749 0.375594 0.068574
0.412465 0.260527 0.047566
0.422911 0.299502 0.054681
0.431269 0.401612 0.073324
0.441186 0.220474 0.040253
0.453091 0.242296 0.044237
0.464439 0.225750 0.041216
0.473963 0.349261 0.063766
0.483609 0.215234 0.039296
0.496972 0.163826 0.029910
0.510386 0.203095 0.037080
0.524069 0.150384 0.027456
0.538620 0.168017 0.030676
0.555944 0.103878 0.018965
0.576891 0.100918 0.018425
0.599056 0.086535 0.015799
0.620933 0.095905 0.017510
0.641600 0.091357 0.016679
0.662520 0.088929 0.016236
0.680155 0.123756 0.022595
0.697536 0.085307 0.015575
0.717735 0.084419 0.015413
0.748554 0.039457 0.007204
0.790636 0.036221 0.006613
0.829629 0.041543 0.007585
0.866689 0.036155 0.006601
0.911854 0.025825 0.004715
0.964274 0.023589 0.004307
1.025434 0.017113 0.003124
1.098892 0.014197 0.002592
1.202038 0.007819 0.001428
1.359570 0.004753 0.000868
1.586794 0.002839 0.000518
1.977660 0.001186 0.000216
