0.001000 288.739413 27.610989 4297.511775 3.988633 23936.381201 2.169394 73786.134160
0.001038 281.480983 27.191191 4076.895460 3.973903 22394.928157 2.169333 68748.259676
0.001077 273.527514 26.865320 3867.606054 3.959227 20952.751722 2.169272 64054.381782
0.001117 267.083212 26.598747 3651.171609 3.944607 19603.457553 2.169212 59681.010771
0.001159 260.788799 26.274535 3472.269500 3.930042 18341.064768 2.169152 55606.264735
0.001203 253.493139 25.836567 3285.239656 3.915532 17159.976028 2.169094 51809.753345
0.001248 245.777114 25.405914 3163.013598 3.907196 16054.955709 2.169036 48272.477067
0.001296 238.134489 24.982452 3024.432082 3.907123 15021.104458 2.168979 44976.734316
0.001344 230.353329 24.566064 2847.821151 3.907052 14053.839041 2.168924 41906.035531
0.001395 222.826571 24.419080 2700.990962 3.906982 13148.871327 2.168870 39045.012901
0.001448 215.545904 24.317826 2537.181861 3.906915 12302.189097 2.168817 36379.349469
0.001502 208.503287 24.305926 2405.537681 3.906850 11510.038603 2.168765 33895.707045
0.001559 201.690955 24.067365 2283.400290 3.906787 10768.907925 2.168716 31581.655845
0.001617 195.101375 23.951194 2166.196731 3.906728 10075.511209 2.168668 29425.616844
0.001678 188.727281 23.522785 2031.178768 3.892549 9426.774293 2.168622 27416.800485
0.001742 183.177434 23.056608 1901.063203 3.871270 8819.821080 2.168578 25545.154372
0.001807 177.821942 22.626744 1799.706338 3.850113 8251.960540 2.168537 23801.312293
0.001875 172.155922 22.428645 1712.935741 3.829076 7720.675033 2.168498 22176.547711
0.001946 166.946639 22.232286 1630.351139 3.808159 7265.478343 2.168461 20662.729488
0.002019 161.606640 22.070584 1551.750790 3.787363 6946.236401 2.168428 19252.282408
0.002095 156.437681 21.844728 1463.586235 3.766686 6640.924558 2.168398 17938.147997
0.002174 151.434299 21.653501 1369.700856 3.746129 6348.936363 2.168372 16713.750080
0.002256 146.734326 21.582092 1298.003407 3.725692 6069.691776 2.168349 15572.961049
0.002341 144.027945 21.248848 1218.618219 3.705374 5802.636014 2.168331 14510.071971
0.002430 140.082493 20.939217 1145.672796 3.702484 5547.238457 2.168317 13519.763825
0.002521 135.636613 20.630470 1089.513935 3.702334 5302.991593 2.168308 12597.080673
0.002616 131.332195 20.233745 1033.398396 3.702193 5045.200325 2.168304 11732.265713
0.002715 127.164753 20.083661 972.252834 3.702062 4805.265583 2.168306 10897.778396
0.002817 123.129950 19.798661 913.359507 3.701941 4593.261695 2.168314 10122.682414
0.002923 119.837645 19.445388 867.309906 3.698665 4390.916114 2.168330 9402.751089
0.003033 116.477250 19.098483 812.184569 3.685180 4197.401543 2.168352 8734.058537
0.003148 113.461779 18.757836 769.468484 3.671758 3927.153976 2.168382 8112.958259
0.003266 110.078487 18.560011 725.745023 3.658399 3669.254336 2.168421 7536.063277
0.003389 107.642964 18.391860 687.949070 3.645106 3428.313142 2.168470 7000.227624
0.003517 104.532954 18.050152 650.641609 3.631878 3203.215524 2.168528 6502.529207
0.003650 102.400263 17.714892 612.581477 3.618717 3061.890340 2.168597 6040.253897
0.003787 100.615598 17.385964 585.450055 3.605624 2880.033928 2.168679 5610.880708
0.003930 97.705969 17.063255 549.840573 3.592599 2708.567558 2.168772 5212.068061
0.004078 95.028179 16.945227 516.417642 3.579646 2574.885823 2.168880 4841.641009
0.004232 92.103784 16.856187 484.908646 3.566764 2464.189109 2.169003 4497.579388
0.004391 89.566539 16.610278 458.030384 3.553955 2358.187614 2.169141 4178.006794
0.004557 87.489613 16.424462 432.728766 3.541222 2222.219815 2.169298 3881.180366
0.004728 84.790257 16.135879 404.298455 3.528566 2075.773135 2.169472 3605.481265
0.004906 82.390136 16.025619 380.940133 3.515989 1939.004470 2.169668 3381.290361
0.005091 80.277181 15.743652 357.455971 3.503493 1811.274428 2.169885 3223.331966
0.005283 78.785607 15.438899 339.803580 3.491081 1691.985858 2.170126 3067.565073
0.005482 76.951631 15.247404 323.286006 3.478754 1580.581070 2.170392 2858.671253
0.005689 75.278543 15.104670 307.576140 3.466516 1476.539211 2.170686 2664.045020
0.005903 73.688846 14.841460 292.634606 3.454370 1379.373840 2.171010 2482.712093
0.006126 71.866950 14.583061 277.170240 3.442319 1288.630649 2.171366 2313.764727
0.006356 69.482337 14.329398 260.511106 3.430366 1203.885347 2.171756 2156.357148
0.006596 67.807363 14.080400 245.017297 3.410590 1124.741674 2.172184 2009.701343
0.006844 65.743112 13.835996 230.586520 3.382164 1050.829541 2.172652 1873.063100
0.007102 63.920583 13.618384 217.724420 3.369453 981.803317 2.173163 1745.758338
0.007370 62.232699 13.449371 207.011799 3.359834 917.340200 2.173722 1627.149688
0.007648 60.253003 13.282756 195.306413 3.350319 857.138715 2.174330 1516.643300
0.007936 58.454586 13.159268 185.747449 3.340913 800.917302 2.174993 1413.685874
0.008235 56.738983 12.959214 176.371222 3.331622 748.413002 2.175715 1317.761886
0.008545 55.850490 12.749977 167.395521 3.322451 699.380227 2.176499 1228.391014
0.008867 54.536912 12.527116 157.321322 3.320363 653.589616 2.177351 1145.125731
0.009201 53.056469 12.308572 148.638481 3.317181 610.826955 2.178276 1080.462270
0.009548 51.718822 12.094288 140.997490 3.306617 570.892184 2.179280 1031.914567
0.009908 50.534869 11.884205 133.761547 3.293939 533.598460 2.180369 985.518883
0.010281 49.133797 11.682108 127.434104 3.280065 498.771279 2.181548 941.181805
0.010669 47.726234 11.546536 120.878453 3.270346 466.247667 2.182825 898.813983
0.011071 46.280251 11.531703 115.787221 3.262224 435.875415 2.184207 858.329958
0.011488 44.813287 11.354619 109.518388 3.254287 408.884381 2.185702 819.647982
0.011921 43.651552 11.321897 103.499653 3.246547 394.387318 2.187318 782.689863
0.012370 42.396015 11.259964 97.943576 3.237779 380.400759 2.189065 747.380806
0.012836 41.227051 11.163938 93.517975 3.228799 367.161362 2.190952 713.649261
0.013320 40.131894 10.978764 89.529507 3.220068 354.366381 2.192990 681.426785
0.013822 38.915304 10.738185 85.410484 3.211600 342.001912 2.193796 650.647899
0.014343 37.798192 10.503739 82.088037 3.203412 329.207735 2.192284 621.249962
0.014883 36.692808 10.334114 77.801368 3.195517 310.512880 2.190958 593.173043
0.015444 35.619057 10.253708 73.903286 3.187934 291.267163 2.189832 566.359802
0.016026 34.606396 10.071345 70.744647 3.180680 273.246833 2.188918 540.755373
0.016630 33.624659 9.952156 67.081625 3.173774 256.374037 2.188230 516.307254
0.017256 32.507679 9.835303 63.783267 3.167236 240.575859 2.187784 492.965205
0.017907 31.567640 9.720794 60.795186 3.161088 225.784003 2.187596 470.681142
0.018581 30.588362 9.608641 58.091537 3.155351 211.934505 2.187681 449.409043
0.019281 29.667830 9.498857 55.324274 3.150050 198.967454 2.188059 429.104853
0.020008 28.908728 9.391454 52.720295 3.145209 185.288938 2.188747 409.726399
0.020762 27.941300 9.286448 50.460056 3.140854 172.581181 2.189766 391.233303
0.021544 27.113414 9.131196 48.006830 3.137014 160.847193 2.191136 373.586898
0.022356 26.215136 8.978121 45.831456 3.133716 150.982975 2.192880 356.750156
0.023199 25.437005 8.850571 43.664820 3.130991 141.756145 2.195019 340.687607
0.024073 24.723694 8.715341 41.851299 3.128871 132.641427 2.187807 325.365274
0.024980 23.981742 8.595550 40.286333 3.127389 124.006828 2.179335 310.750602
0.025921 23.366185 8.477260 38.738997 3.126579 116.145895 2.171369 296.812391
0.026898 22.750244 8.418926 37.321827 3.123722 108.658799 2.163930 283.520741
0.027911 22.105981 8.363453 35.892131 3.119405 101.692854 2.157038 270.846986
0.028963 21.466652 8.264899 34.495957 3.115885 95.211639 2.150715 258.763641
0.030055 20.850788 8.124414 33.256326 3.113201 89.181271 2.144984 247.244352
0.031187 20.231686 8.022915 31.865498 3.111388 83.570224 2.139866 236.263841
0.032362 19.631182 7.984432 30.584653 3.110485 78.349170 2.135385 225.797861
0.033582 19.061209 7.948280 29.434694 3.110531 73.490824 2.131565 215.823152
0.034847 18.489594 7.881018 28.231967 3.111566 69.300206 2.128430 206.317399
0.036160 17.986706 7.774365 27.350852 3.113631 66.008141 2.126003 197.259190
0.037523 17.448018 7.667934 26.414526 3.116766 62.895418 2.124311 188.627987
0.038937 16.877515 7.573322 25.452615 3.121468 59.952201 2.123377 180.404083
0.040404 16.439253 7.483870 24.498253 3.140287 56.736486 2.123227 172.568580
0.041927 16.016479 7.388430 23.618053 3.160304 53.659370 2.123886 165.103354
0.043507 15.535446 7.243755 22.846288 3.179239 50.643052 2.125379 157.991035
0.045146 15.129897 7.147236 22.107629 3.171896 47.886065 2.127733 151.214977
0.046847 14.769108 7.109847 21.416871 3.165898 45.305535 2.130974 144.759245
0.048612 14.400978 7.018473 20.812495 3.172277 42.889962 2.135127 138.608588
0.050444 14.043794 6.950487 20.242618 3.185531 40.628606 2.140220 132.748429
0.052345 13.734620 6.841401 19.589238 3.202082 38.816177 2.146281 127.164844
0.054317 13.375362 6.815154 19.019960 3.227753 36.816119 2.153338 121.844554
0.056364 13.060837 6.803611 18.419861 3.234303 34.943256 2.161421 116.774906
0.058488 12.761526 6.697145 17.950684 3.253735 33.189385 2.170562 111.943865
0.060692 12.475702 6.690443 17.458621 3.274848 31.546870 2.180794 107.340000
0.062979 12.178295 6.585445 16.983121 3.297702 30.008601 2.192155 102.952474
0.065352 11.913522 6.579941 16.525960 3.322366 28.567970 2.204684 98.771030
0.067815 11.677946 6.496491 16.102778 3.348910 27.218837 2.218425 94.785980
0.070370 11.437519 6.409313 15.686726 3.378608 25.955504 2.233427 90.988186
0.073022 11.233275 6.326808 15.327749 3.412451 24.772687 2.249745 87.369052
0.075774 11.038864 6.265293 14.954328 3.448377 23.665490 2.267440 83.920497
0.078629 10.839925 6.265052 14.605214 3.486493 22.629383 2.286581 80.634946
0.081592 10.629370 6.251566 14.262379 3.526918 21.736070 2.307248 77.505299
0.084666 10.443441 6.269181 13.945995 3.569786 21.107833 2.329528 74.524917
0.087857 10.264160 6.235373 13.650050 3.615248 20.238561 2.353522 71.687590
0.091167 10.096072 6.197977 13.360760 3.663472 19.427826 2.379343 68.987517
0.094603 9.926868 6.211512 13.115337 3.689508 18.672410 2.407116 66.419276
0.098168 9.777315 6.231151 12.864270 3.741340 18.209849 2.436986 63.977794
0.101867 9.620715 6.222674 12.618071 3.794275 17.810491 2.469110 61.658325
0.105705 9.466091 6.251915 12.380201 3.839451 17.430430 2.503667 59.456417
0.109688 9.333858 6.246071 12.179301 3.867935 16.854577 2.540855 57.367888
0.113822 9.222960 6.265894 12.015618 3.900205 16.321619 2.580893 55.388795
0.118111 9.116428 6.281191 11.847655 3.954362 15.829740 2.624025 53.515417
0.122561 8.997970 6.311656 11.703227 4.005793 15.377289 2.670519 51.744225
0.127180 8.897982 6.335915 11.576909 4.062352 15.122272 2.720672 50.071865
0.131972 8.842036 6.367429 11.422410 4.112595 14.979087 2.774809 48.495138
0.136945 8.781146 6.403804 11.299340 4.215800 14.768913 2.833287 47.010983
0.142105 8.774891 6.442248 11.201647 4.289514 14.394071 2.896499 45.616466
0.147460 8.741254 6.501683 11.133124 4.359274 14.057590 2.964875 44.308764
0.153017 8.704167 6.552866 11.083214 4.456737 13.758207 3.038885 43.085159
0.158783 8.679481 6.600913 11.046540 4.560601 13.652646 3.129738 41.943028
0.164766 8.685736 6.665399 11.038611 4.650172 13.631815 3.228791 40.879840
0.170975 8.707182 6.741066 11.054616 4.726003 13.632054 3.335681 39.893147
0.177417 8.734701 6.821177 11.052212 4.811168 13.646750 3.451131 38.980587
0.184103 8.788220 6.903048 11.079613 4.929862 13.550942 3.575927 38.139875
0.191040 8.847107 6.990523 11.129797 5.092096 13.612006 3.710929 37.368809
0.198239 8.905625 7.131078 11.198912 5.238696 13.578225 3.857075 36.665457
0.205709 8.993420 7.264791 11.289725 5.411220 13.643124 4.015386 36.030556
0.213460 9.115523 7.390624 11.408780 5.603311 13.781972 4.186974 35.458909
0.221504 9.258289 7.501488 11.546858 5.779633 13.947938 4.373052 34.948643
0.229851 9.405944 7.643078 11.717468 5.968419 14.124816 4.574940 34.497961
0.238512 9.583914 7.791877 11.917091 6.167791 14.286082 4.794073 34.105144
0.247499 9.777931 7.992298 12.126055 6.393674 14.493827 5.032012 33.768549
0.256826 9.997048 8.203883 12.387411 6.606194 14.776547 5.290454 33.486608
0.266503 10.244494 8.447646 12.682702 6.887068 15.083551 5.569389 33.257829
0.276546 10.495693 8.713026 12.967148 7.174719 15.418321 5.789512 33.080791
0.286967 10.796235 8.987040 13.340885 7.489281 15.837877 6.029692 32.954145
0.297780 11.104389 9.288263 13.725130 7.781346 16.273102 6.291578 32.876610
0.309001 11.434156 9.589589 14.152645 8.141529 16.749195 6.604869 32.846969
0.320645 11.823469 9.909583 14.599963 8.502294 17.270930 7.000902 32.864072
0.332727 12.252187 10.301809 15.085183 8.917640 17.859177 7.432793 32.926824
0.345265 12.705239 10.722752 15.664903 9.282785 18.462676 7.903832 33.034192
0.358275 13.224757 11.114989 16.227810 9.753815 19.138936 8.417601 33.185192
0.371776 13.805875 11.581749 16.894756 10.240475 19.873361 8.914773 33.378893
0.385785 14.390053 12.090543 17.587067 10.678639 20.669714 9.370380 33.614409
0.400322 15.084858 12.676474 18.355965 11.179589 21.532038 9.864881 33.890896
0.415407 15.808500 13.268855 19.173960 11.682734 22.586295 10.401376 34.207551
0.431060 16.591991 13.911359 20.040126 12.284023 23.682405 10.983223 34.563605
0.447304 17.456618 14.584431 20.999653 12.883960 24.799086 11.614051 34.958322
0.464159 18.338109 15.328159 22.095334 13.582792 26.048698 12.297786 35.390996
0.481649 19.271826 16.106499 23.262721 14.363122 27.334857 13.023185 35.860945
0.499799 20.277588 16.965462 24.490099 15.164746 28.720395 13.741086 36.367509
0.518632 21.437008 17.878962 25.819097 16.071558 30.213795 14.514683 36.910048
0.538175 22.616702 18.907551 27.310355 16.945854 31.831655 15.508731 37.487940
0.558455 23.886894 19.976794 28.840973 17.876436 33.549440 16.591440 38.100576
0.579498 25.286475 21.179858 30.533934 18.859561 35.545370 17.634052 39.200666
0.601335 26.723955 22.405024 32.311472 19.931664 37.378563 18.638851 41.439883
0.623994 28.310225 23.720269 34.224877 21.070441 39.352367 19.719094 43.776822
0.647508 30.007763 25.120147 36.268959 22.300380 41.343592 20.880079 44.784292
0.671907 31.836047 26.631381 38.485043 23.740997 44.246224 22.110962 47.718249
0.697226 33.800656 28.298957 40.741826 25.215581 47.022133 23.350738 51.016898
0.723499 35.922512 30.066190 43.174349 26.860565 50.123223 24.733005 55.180698
0.750762 38.196828 31.898907 45.824660 28.509714 53.451210 26.331670 58.861726
0.779052 40.684066 33.896888 48.733182 30.278354 57.226144 28.047555 62.891433
0.808408 43.153837 36.036742 51.863770 32.174654 61.165218 29.888124 67.590464
0.838870 45.783730 38.308867 55.219549 34.211432 65.663805 31.796983 72.638399
0.870480 48.552541 40.807854 58.781393 36.428587 70.414713 33.844499 78.057124
0.903282 51.716271 43.461163 62.662951 38.772489 75.395706 36.040287 83.869547
0.937319 55.094310 46.274598 66.867401 41.272707 81.148885 38.394602 90.099648
0.972639 58.704185 49.080444 71.366252 43.896188 87.138443 40.918376 96.772523
1.009290 62.538540 52.110820 76.098820 46.762200 93.636894 43.623258 103.914447
1.047322 66.667342 55.410714 81.298677 49.601673 99.927903 46.514519 111.552939
1.086787 71.031690 59.052147 86.708165 52.412869 106.515836 49.512981 120.465184
1.127740 75.676812 63.020891 92.747387 55.370131 113.865190 51.491859 130.171989
1.170235 80.806746 67.284929 98.967049 58.633322 121.572914 52.531457 140.610285
1.214332 86.119757 71.692611 105.725617 62.527147 130.027575 53.587258 151.827651
1.260090 91.852346 76.524019 112.880434 66.623681 139.122053 54.658678 163.874457
1.307573 97.938640 81.803931 120.565713 71.125456 148.056409 55.745161 176.804093
1.356845 104.555343 87.041012 128.683775 75.555675 158.243159 56.846179 188.319426
1.407973 111.298996 92.869380 137.175937 80.573578 168.955532 57.961232 203.101054
1.461028 118.741857 98.745832 146.311635 85.815415 180.713554 59.089852 218.965998
1.516083 126.629459 105.233818 156.063778 91.411416 190.916074 60.231598 235.982683
1.573212 134.660520 112.388796 166.454664 97.543377 203.588058 61.386057 254.223226
1.632493 143.541892 119.980651 177.526265 103.710581 216.557810 62.552846 273.763672
1.694009 152.918545 127.750441 188.863915 110.486705 230.457414 63.731604 294.684261
1.757842 162.919843 136.339643 201.520948 117.325204 244.322039 64.921998 317.069718
1.824081 172.980877 144.849256 213.484694 124.482546 261.062747 66.123714 338.048401
1.892816 183.708342 152.911626 227.237478 128.484074 277.783841 67.336459 358.320532
1.964141 194.999980 162.105229 242.208015 135.546239 295.546959 68.559957 378.436838
2.038154 207.389551 171.480798 257.905867 139.150793 313.157247 69.793945 398.403669
2.114955 220.197210 181.203921 273.675893 143.528943 330.640518 71.038175 415.546818
2.194651 233.874996 191.085579 291.089535 147.009158 350.403038 72.292408 431.372865
2.277350 248.608868 201.510941 308.277399 150.410132 370.273988 73.556411 446.119041
2.363165 262.074364 212.926801 327.481413 153.734136 393.396763 74.829958 463.750044
2.452213 277.291979 224.413657 347.934893 156.983316 418.854322 76.112825 495.848608
2.544617 293.154170 236.937301 369.719502 159.368207 444.183517 77.404792 526.577972
2.640503 309.703706 248.280560 392.330296 160.526288 469.500132 78.705638 559.647663
2.740003 328.774904 260.324677 416.898424 161.615377 500.991925 80.015141 592.351687
2.843251 346.894782 269.815444 440.318274 162.639750 528.678679 81.333081 624.474220
2.950391 363.354619 284.118584 465.585491 164.640207 562.035812 82.659233 655.783558
3.061567 382.767768 293.139133 493.533577 167.878750 599.447986 83.993373 688.352574
3.176933 404.489510 299.829088 522.662837 171.078432 629.355033 85.335274 732.466982
3.296646 426.634127 304.663818 548.940342 174.239770 666.090615 86.684708 782.136513
3.420870 448.062646 313.159816 577.570600 176.228479 704.059575 88.041449 822.650025
3.549775 470.675872 317.005376 609.525937 177.717860 744.515721 89.405267 875.338540
3.683537 494.148506 322.611988 642.083115 179.404922 787.734674 90.775936 931.480625
3.822340 517.149391 325.869976 680.157332 182.001390 830.785908 92.153230 990.918266
3.966373 541.773905 332.166524 716.352156 184.559930 877.025483 93.536927 1053.816191
4.115834 561.290004 338.766185 753.283892 187.081061 930.031694 94.926804 1120.344446
4.270926 586.331114 343.341675 786.108555 188.228884 970.802981 96.322647 1190.678339
4.431863 610.892548 346.409235 820.886254 188.577067 1032.825368 97.724243 1248.673138
4.598864 637.154097 349.143177 859.475778 188.900412 1089.804531 99.131383 1323.724991
4.772158 664.334363 353.069567 907.400863 189.200712 1141.486049 100.543865 1407.062648
4.951983 691.435932 355.271205 948.676584 189.479624 1202.286996 101.961491 1495.120994
5.138583 712.671993 359.492322 994.265181 189.770488 1250.131520 103.384071 1588.120735
5.332215 733.850459 362.710890 1036.039645 191.031344 1316.255411 104.811419 1686.288689
5.533143 759.155126 367.255155 1087.815575 192.325557 1382.021814 106.243354 1789.857607
5.741642 781.368610 371.424323 1135.016503 193.575575 1459.368203 107.679702 1899.065960
5.957999 803.131222 375.844708 1182.454353 194.782900 1534.110890 109.120297 2014.157702
6.182508 820.171022 379.386288 1231.903317 195.948979 1625.553275 110.564974 2135.382001
6.415476 837.302398 383.172164 1289.106965 196.798956 1721.742687 112.013579 2262.992942
6.657224 856.215584 388.253318 1344.057746 197.201066 1818.979975 113.465959 2397.249204
6.908081 873.100836 392.129005 1409.553259 197.582886 1923.708410 114.921970 2538.413701
7.168391 888.034706 395.903223 1465.880675 197.945439 2033.571272 116.381472 2684.672799
7.438510 902.562541 399.920301 1520.153096 198.289694 2148.272244 117.844328 2835.822057
7.718807 917.261046 403.494367 1579.324019 198.616570 2269.418083 119.310411 2977.055211
8.009667 926.423730 406.643105 1628.672705 199.149370 2398.173634 120.779594 3110.827477
8.311487 942.372099 410.037140 1680.770327 199.747447 2531.076900 122.243609 3237.535360
8.624680 954.054151 413.286814 1743.070882 200.322180 2661.624813 123.676208 3357.553998
8.949674 969.745680 415.920672 1807.445825 200.874470 2797.761328 125.076086 3471.238350
9.286915 980.815949 419.484307 1870.583882 201.405181 2929.760518 126.443987 3616.028271
9.636864 993.087759 420.532772 1944.549134 201.915146 3046.933448 127.780638 3788.611038
10.000000 1002.661278 421.493583 2000.136608 202.405166 3166.866018 129.086747 3952.407990
