0.010000 0.000221 0.000099 0.000496 0.000055 0.000795 0.000043 0.000978
0.012068 0.000246 0.000112 0.000532 0.000067 0.000826 0.000055 0.000979
0.014563 0.000268 0.000121 0.000578 0.000078 0.000840 0.000066 0.000979
0.017575 0.000282 0.000127 0.000622 0.000087 0.000850 0.000075 0.000979
0.021210 0.000290 0.000132 0.000660 0.000094 0.000871 0.000083 0.000980
0.025595 0.000300 0.000135 0.000672 0.000099 0.000885 0.000089 0.000980
0.030888 0.000308 0.000138 0.000686 0.000101 0.000908 0.000093 0.000980
0.037276 0.000311 0.000139 0.000696 0.000102 0.000923 0.000096 0.000980
0.044984 0.000316 0.000140 0.000701 0.000103 0.000928 0.000098 0.000980
0.054287 0.000319 0.000140 0.000704 0.000105 0.000930 0.000099 0.000981
0.065513 0.000320 0.000141 0.000709 0.000105 0.000936 0.000099 0.000984
0.079060 0.000322 0.000141 0.000711 0.000105 0.000936 0.000100 0.000989
0.095410 0.000323 0.000141 0.000715 0.000105 0.000940 0.000100 0.000992
0.115140 0.000323 0.000141 0.000717 0.000106 0.000941 0.000100 0.000994
0.138950 0.000323 0.000141 0.000718 0.000106 0.000941 0.000100 0.000996
0.167683 0.000323 0.000141 0.000718 0.000106 0.000943 0.000100 0.000997
0.202359 0.000323 0.000141 0.000718 0.000106 0.000944 0.000100 0.000997
0.244205 0.000324 0.000141 0.000718 0.000106 0.000945 0.000101 0.000998
0.294705 0.000324 0.000141 0.000719 0.000106 0.000945 0.000101 0.000998
0.355648 0.000324 0.000141 0.000719 0.000106 0.000946 0.000101 0.000998
0.429193 0.000324 0.000141 0.000719 0.000106 0.000946 0.000101 0.000999
0.517947 0.000324 0.000141 0.000719 0.000106 0.000946 0.000101 0.000999
0.625055 0.000324 0.000141 0.000719 0.000106 0.000946 0.000101 0.000999
0.754312 0.000324 0.000141 0.000719 0.000106 0.000946 0.000101 0.000999
0.910298 0.000324 0.000141 0.000719 0.000106 0.000947 0.000101 0.000999
1.098541 0.000324 0.000141 0.000719 0.000106 0.000947 0.000101 0.000999
1.325711 0.000324 0.000141 0.000719 0.000106 0.000947 0.000101 0.000999
1.599859 0.000324 0.000141 0.000719 0.000106 0.000947 0.000101 0.000999
1.930698 0.000324 0.000141 0.000719 0.000106 0.000947 0.000101 0.000999
2.329952 0.000324 0.000141 0.000719 0.000106 0.000947 0.000101 0.000999
2.811769 0.000324 0.000141 0.000719 0.000106 0.000947 0.000101 0.000999
3.393222 0.000324 0.000141 0.000719 0.000106 0.000947 0.000101 0.000999
4.094915 0.000324 0.000141 0.000719 0.000106 0.000947 0.000101 0.000999
4.941713 0.000324 0.000141 0.000719 0.000106 0.000947 0.000101 0.000999
5.963623 0.000324 0.000141 0.000719 0.000106 0.000947 0.000101 0.000999
7.196857 0.000324 0.000141 0.000719 0.000106 0.000947 0.000101 0.000999
8.685114 0.000324 0.000141 0.000719 0.000106 0.000947 0.000101 0.000999
10.481131 0.000324 0.000141 0.000719 0.000106 0.000947 0.000101 0.000999
12.648552 0.000324 0.000141 0.000719 0.000106 0.000947 0.000101 0.000999
15.264180 0.000324 0.000141 0.000719 0.000106 0.000947 0.000101 0.000999
18.420700 0.000324 0.000141 0.000719 0.000106 0.000947 0.000101 0.000999
22.229965 0.000324 0.000141 0.000719 0.000106 0.000947 0.000101 0.000999
26.826958 0.000324 0.000141 0.000719 0.000106 0.000947 0.000101 0.000999
32.374575 0.000324 0.000141 0.000719 0.000106 0.000947 0.000101 0.000999
39.069399 0.000324 0.000141 0.000719 0.000106 0.000947 0.000101 0.000999
47.148664 0.000324 0.000141 0.000719 0.000106 0.000947 0.000101 0.000999
56.898660 0.000324 0.000141 0.000719 0.000106 0.000947 0.000101 0.000999
68.664885 0.000324 0.000141 0.000719 0.000106 0.000947 0.000101 0.000999
82.864277 0.000324 0.000141 0.000719 0.000106 0.000947 0.000101 0.000999
100.000000 0.000324 0.000141 0.000719 0.000106 0.000947 0.000101 0.000999
