77.438030 131.080303 -88.862447 309.321908 1009.144304 864.100567 1159.580873 5171589902295.773438 2559705401940.173828 9847064061338.486328 0.000055 0.000024 0.000086 -3.629240 -196.108177 205.481057 169.220745 70.786607 255.967609
207.771428 328.046321 92.908516 541.946093 1114.927870 972.480431 1255.072704 8120099731495.916016 4217098872364.444824 14091367748398.972656 0.000056 0.000025 0.000087 4.231827 -210.488372 210.428851 155.768983 67.887670 256.695912
302.199729 -4.340225 -161.851383 135.817651 925.317627 792.389507 1086.288491 3402394049587.961426 1626352314378.301514 7313013694484.596680 0.000055 0.000025 0.000086 -0.535425 -202.805005 203.501113 163.737289 67.792319 258.110002
372.810820 13.262870 -192.448063 180.424757 1152.309281 1016.877181 1275.141580 9551423839732.730469 5397809091722.145508 15130307595584.173828 0.000055 0.000024 0.000085 12.637404 -198.976207 212.370258 163.274684 67.758667 257.841744
435.619784 -211.620636 -431.236012 -7.443209 983.244335 840.432470 1141.976865 4461653979309.455078 2053716851351.824951 9077714296955.265625 0.000054 0.000025 0.000085 9.204591 -206.286011 202.237318 165.474031 68.780327 258.544880
519.144509 172.961330 28.199229 329.817593 989.822680 854.602647 1153.899143 4912908855717.957031 2486901944538.151367 9679184296207.539062 0.000055 0.000025 0.000086 -7.992236 -216.655037 202.521113 161.656441 68.337741 254.450479
595.333353 -4.943551 -180.581854 195.580597 1031.953426 888.615217 1179.932130 5761742257995.545898 2808130282918.297852 10664876718488.136719 0.000055 0.000024 0.000084 -2.993428 -208.814429 203.500311 156.045108 64.278030 253.364568
664.276493 -20.514754 -194.437341 141.650474 811.973893 700.214742 959.662383 1860428833438.869873 895345486700.366211 4158706100058.919434 0.000054 0.000025 0.000086 10.409869 -204.264195 212.100931 158.525951 67.682241 255.314212
740.082203 270.482447 61.568574 496.286472 1145.911956 1007.739571 1267.192820 9269639462662.357422 5021028114281.843750 14846955260926.197266 0.000054 0.000024 0.000084 -2.503204 -207.478851 205.308642 159.172243 67.987514 252.377786
807.591613 -173.872735 -491.346063 207.811097 1151.491096 1008.162860 1278.665221 9362671768807.281250 4922914124004.452148 15277884785943.644531 0.000053 0.000024 0.000085 2.735722 -199.786556 197.748491 167.054080 67.888253 258.918930
871.061411 41.223083 -102.489306 196.242717 1028.596039 889.661277 1177.309532 5817802901226.544922 3027916193229.903809 10728163614068.464844 0.000054 0.000024 0.000086 -3.188945 -209.025752 194.925830 161.402340 68.554808 258.867750
942.315946 303.256214 143.164035 479.043389 960.935721 826.543359 1122.088140 4157529271985.910156 2042385532151.277832 8534175939002.651367 0.000054 0.000025 0.000086 13.481307 -194.352534 200.799506 166.528091 69.828725 256.452398
1025.261598 -181.619474 -392.959116 8.039740 1089.863844 944.218231 1237.605181 7257314493789.012695 3706844211480.686523 13167350812401.421875 0.000054 0.000024 0.000087 -3.513920 -211.087748 193.826371 161.428035 69.718140 255.907441
1104.694179 397.156864 144.745074 614.571642 1027.584810 889.437449 1189.412742 5539959457955.324219 2721088691452.773438 11072275818628.712891 0.000055 0.000025 0.000085 7.062442 -206.931354 203.505183 156.934404 68.874371 255.863516
1171.921937 638.676975 431.097543 835.216777 915.832415 778.486961 1087.388353 3114700786989.970703 1390220431356.302246 7275443946106.314453 0.000055 0.000024 0.000086 -5.085585 -211.139054 203.857959 165.546336 70.687638 259.418363
1242.192624 -75.390617 -223.965048 87.792832 898.048626 775.637944 1057.752910 3056710680351.249023 1518829012418.862549 6541742818984.199219 0.000056 0.000026 0.000086 1.374888 -198.171078 204.938753 162.785418 69.418234 254.874912
1333.159053 280.202674 126.970944 426.343899 781.668712 680.716154 939.781240 1486682048445.473633 703363907699.475342 3683642496227.086914 0.000054 0.000024 0.000086 -4.133371 -202.658319 200.319890 163.470494 68.903715 254.434821
1412.723886 356.740590 91.225871 570.591074 1143.157898 1007.715094 1270.890932 9139911784149.501953 4994889370314.958984 14820208510905.898438 0.000057 0.000026 0.000087 0.054314 -200.321966 206.877444 165.697640 72.103716 256.868530
1476.052511 -138.443737 -387.176386 109.359475 1112.413381 965.834636 1248.605170 8038417814118.579102 4063804518831.339844 13702766561848.632812 0.000053 0.000023 0.000084 2.191417 -199.501041 202.331368 157.321470 67.080892 255.053902
1563.086250 -4.758223 -232.254968 193.177931 1130.540536 991.382974 1265.425302 8740593937205.560547 4615685863523.012695 14655333314665.935547 0.000054 0.000025 0.000086 5.682320 -197.916668 206.086564 158.499226 65.745448 257.787492
1659.579860 -36.229445 -210.788575 126.013980 752.921396 654.983943 893.404954 1211744517179.290771 608599015718.298096 2930346735416.451172 0.000054 0.000024 0.000086 -2.532648 -203.495840 206.624563 163.996174 69.180389 251.580864
1745.252742 139.810247 -46.012760 323.632629 910.181124 775.956253 1079.913083 3037917582842.163574 1386821267411.357910 7110552820741.757812 0.000054 0.000025 0.000086 -10.467213 -200.441365 203.163425 163.032639 68.030631 257.764057
1822.342842 257.167000 114.766709 401.176923 720.352967 631.072936 860.972983 1002849688189.590820 517090697392.680237 2458204017815.227539 0.000056 0.000025 0.000085 5.207657 -201.777049 207.623399 159.760894 68.241791 255.460280
1898.970763 418.772810 235.811110 590.082791 893.679345 762.609667 1064.926798 2842807562879.390625 1292521052916.495850 6765438772656.224609 0.000055 0.000024 0.000085 -0.858747 -205.908398 204.255657 163.145061 69.494097 253.509638
1976.919821 286.167791 107.820592 455.396502 950.616531 819.910522 1114.749156 3843071545287.569336 1888476671985.334229 8207481725560.690430 0.000055 0.000024 0.000086 -4.858152 -202.235542 197.473848 166.097275 72.641651 257.215893
2058.787178 112.486099 -74.348804 297.747767 792.328312 685.055752 961.653793 1488197146810.025635 708830063483.714722 3934146948883.743164 0.000055 0.000024 0.000085 14.049411 -195.638408 207.501408 163.996967 68.390325 258.172043
2147.843625 -144.723984 -327.535499 23.670101 805.997711 698.034396 960.339805 1713082570294.632080 801877781057.332031 4026788400352.138184 0.000054 0.000024 0.000085 13.164659 -192.687165 209.419873 165.423567 72.469700 258.088636
2241.839365 -249.480509 -417.798051 -82.526930 913.176078 784.637476 1084.131970 3251486239137.062012 1519799981447.146484 7272328272669.441406 0.000055 0.000024 0.000086 -1.981298 -200.626136 202.693870 159.162708 66.549726 257.137688
2339.357800 -384.573395 -545.800337 -238.343771 822.987672 709.068329 973.559996 2003270196040.326904 957944216078.854858 4458068101751.971680 0.000054 0.000024 0.000085 -12.818769 -208.763142 191.910844 159.105071 68.454090 251.492102
2424.424295 -207.825341 -497.610463 117.127251 1145.911134 994.356814 1273.891752 9248428524077.843750 4639973732263.091797 15000371892634.207031 0.000054 0.000025 0.000085 2.339203 -203.925839 201.738368 160.879636 71.965403 256.853544
2493.034232 381.116212 173.446012 623.603650 986.326473 839.665956 1155.424463 4498634129160.212891 2015841987784.631348 9464881947468.558594 0.000056 0.000026 0.000085 3.211932 -205.072937 203.448880 161.978888 67.012241 254.382414
2560.562210 -61.266891 -236.181325 85.286095 957.636970 821.099959 1118.746924 4128447587173.476562 1936722408872.894043 8495882861048.948242 0.000054 0.000024 0.000084 -1.400980 -197.430712 201.262444 162.855452 68.963849 256.013333
2633.570385 231.046912 14.899085 449.735694 1109.532557 959.933859 1245.682267 8015661151701.826172 3908912485185.931152 13593241873635.757812 0.000056 0.000025 0.000087 4.166902 -209.276757 200.879903 163.659828 68.728140 254.240455
2710.558243 -93.354037 -266.430329 69.696552 767.142521 672.673288 913.477471 1320462894117.199951 666279671809.622559 3193833525645.832520 0.000057 0.000025 0.000086 5.766598 -196.636436 202.285308 164.184029 67.669957 253.373222
2794.345691 -293.812337 -494.685807 -106.553607 1062.462142 923.198502 1209.627971 6706391058227.175781 3492849380128.833984 12074997966046.144531 0.000055 0.000024 0.000085 -5.152016 -201.629784 204.005067 169.383380 69.724767 258.123191
2885.961629 -305.291463 -456.902355 -159.359117 758.705752 653.599075 897.833970 1420745403094.133789 694598956052.056396 3144633993076.540527 0.000055 0.000024 0.000086 -2.210985 -208.279764 199.831745 159.650164 68.453061 253.590047
2970.853915 139.834055 -16.588101 280.995884 987.000780 850.143679 1147.952333 4726215964331.543945 2285373602228.304199 9540505669398.328125 0.000056 0.000025 0.000085 -1.536248 -194.530902 206.553661 166.102958 72.087307 259.098968
3068.976755 -94.690664 -227.607466 55.672704 954.848943 823.766019 1117.485699 4178771279244.549805 2108177594601.981689 8407307946881.065430 0.000055 0.000025 0.000085 14.712157 -195.388816 211.727328 162.467783 70.243968 254.828540
3202.190934 -223.855336 -389.915096 -47.419060 1117.979491 986.931098 1252.112735 8437418854029.944336 4766515805997.411133 14038861650631.443359 0.000057 0.000026 0.000085 10.436730 -205.087079 208.736529 162.759501 66.653686 257.094068
3335.750505 130.419618 -4.247154 276.108425 955.152844 814.797964 1107.988994 4135430624283.656738 2086625731723.734863 8224432426005.018555 0.000057 0.000026 0.000086 -2.360173 -202.699032 204.528106 160.447483 66.791171 254.494961
3470.790603 -179.517248 -370.121641 34.322052 914.515878 793.975665 1078.051002 3347693004224.400879 1654914635584.428467 7108712694627.109375 0.000054 0.000024 0.000086 6.488137 -202.565072 209.576418 156.700182 66.642860 255.467207
3599.971302 -355.423518 -517.442725 -191.481177 742.167940 647.665917 890.224543 1137003032582.045654 545441690671.662964 2877733852961.956055 0.000055 0.000023 0.000086 4.647512 -203.722144 202.303425 169.663156 72.264130 260.004599
3737.433317 -211.148765 -381.156815 -68.061599 873.631141 749.864923 1030.296929 2726164316618.562988 1338538311240.782227 5835279883456.675781 0.000056 0.000024 0.000087 -7.213233 -204.412432 204.710631 162.832984 67.696889 255.391252
3890.915033 -329.561585 -511.442032 -160.184804 1052.875997 919.012486 1204.754345 6441498810349.609375 3451607876274.349609 11803363582877.019531 0.000055 0.000025 0.000084 8.976282 -194.092398 205.788631 161.996866 70.113201 253.530639
4021.789245 -484.074374 -623.701119 -311.323856 848.428306 728.247037 1001.877662 2321242304892.298828 1129362807465.562500 5144573569243.256836 0.000054 0.000024 0.000085 0.797064 -202.131542 203.120379 162.125968 65.220303 256.755883
4168.363944 -642.046883 -809.426060 -461.585479 1033.881277 897.565440 1183.406939 5856998341909.010742 3005615967219.031738 10835221023456.812500 0.000056 0.000025 0.000086 5.496231 -203.360674 205.176493 164.248488 70.009037 259.132826
4331.424534 -194.018732 -399.746563 7.628631 1022.482151 884.881660 1183.141858 5504332429784.189453 2741329763088.385254 10898417697286.556641 0.000056 0.000025 0.000086 5.524260 -204.304128 202.062961 163.195723 69.352221 255.208982
4511.611089 -89.725845 -324.888496 122.224352 1096.883726 953.826931 1241.134916 7664551038722.610352 3989211780002.559082 13328238175292.085938 0.000055 0.000025 0.000086 11.609287 -194.006730 211.762244 158.492239 67.027503 250.989121
4697.255576 -77.150772 -368.651120 161.080071 1111.266409 970.628371 1244.486118 7983178030492.663086 4251743279667.248047 13561311823046.511719 0.000053 0.000024 0.000083 -8.250955 -198.324972 200.299873 158.724344 65.719221 253.891149
4870.196491 -472.691870 -605.493763 -343.415387 667.018979 595.282074 776.360492 660563438599.995117 365926393586.092102 1438784451694.811768 0.000056 0.000024 0.000087 1.201424 -198.472413 205.690848 159.901760 68.602312 257.283875
5069.886429 -214.186883 -347.668510 -74.062726 649.881900 586.136760 750.910590 554760015430.287109 323562711244.972656 1192731415195.977051 0.000055 0.000024 0.000085 -9.120087 -207.379479 197.094867 160.211932 70.371914 257.247238
5332.920335 -453.832336 -620.927563 -289.016687 755.444681 651.448394 908.873676 1282964483422.105713 570593375711.167114 3284134361944.757324 0.000052 0.000023 0.000084 5.049717 -197.099680 212.481142 161.610925 67.035089 253.005878
5613.153965 -76.717968 -249.149791 109.168056 922.499130 794.898827 1089.691091 3385798669910.011719 1627828707406.092285 7410001598674.964844 0.000054 0.000024 0.000085 -5.605189 -201.199039 201.384319 163.442055 70.186576 259.284621
5894.385929 -91.732506 -316.025290 103.375268 1130.471199 987.851538 1262.122151 8625805872766.798828 4518139737773.441406 14417612525100.013672 0.000054 0.000025 0.000085 -5.541756 -208.645292 202.626348 163.825392 68.859691 260.989759
6151.580015 72.634203 -29.168851 179.608477 617.999855 512.652955 755.307727 639215024003.387329 307981293024.552002 1519477573688.881836 0.000055 0.000024 0.000086 -8.382055 -206.610339 206.226391 160.884492 65.583340 257.821693
6371.229905 -116.446604 -290.488672 48.757883 992.786406 855.810336 1154.686643 4860942275291.164062 2381398073399.278809 9764765715310.556641 0.000055 0.000024 0.000084 -4.651936 -201.732152 204.141946 161.865017 72.897737 253.106229
6603.931031 145.153612 -12.377770 295.598928 915.442879 788.995117 1077.831519 3409798295921.384766 1656896802781.374756 7139348909427.089844 0.000055 0.000025 0.000086 3.930256 -199.885847 199.749431 163.623157 73.639542 255.608716
7022.292311 209.314757 56.529650 340.641935 830.761266 711.004722 983.097676 2239423678201.308105 1122346474120.038818 4847972128590.028320 0.000056 0.000024 0.000087 -7.498070 -203.910141 206.577390 158.522467 67.546642 250.088595
