10.000000 -0.012935 -0.141379 0.138420 -0.192008 0.189246 -0.199626 0.198817
10.139395 -0.012935 -0.141379 0.138420 -0.192007 0.189246 -0.199626 0.198816
10.280732 -0.012935 -0.141379 0.138420 -0.192006 0.189246 -0.199626 0.198815
10.424040 -0.012935 -0.141379 0.138420 -0.192005 0.189246 -0.199626 0.198814
10.569346 -0.012935 -0.141379 0.138420 -0.192004 0.189246 -0.199626 0.198813
10.716676 -0.012935 -0.141377 0.138420 -0.192003 0.189246 -0.199626 0.198812
10.866061 -0.012935 -0.141374 0.138420 -0.192001 0.189246 -0.199626 0.198811
11.017528 -0.012935 -0.141370 0.138420 -0.192000 0.189246 -0.199626 0.198810
11.171107 -0.012935 -0.141366 0.138420 -0.191999 0.189245 -0.199626 0.198809
11.326826 -0.012935 -0.141350 0.138420 -0.191998 0.189245 -0.199626 0.198808
11.484715 -0.012935 -0.141333 0.138420 -0.191997 0.189245 -0.199626 0.198807
11.644806 -0.012935 -0.141314 0.138421 -0.191995 0.189245 -0.199626 0.198805
11.807128 -0.012935 -0.141311 0.138421 -0.191994 0.189245 -0.199626 0.198804
11.971713 -0.012935 -0.141311 0.138421 -0.191993 0.189245 -0.199626 0.198803
12.138593 -0.012935 -0.141311 0.138421 -0.191992 0.189245 -0.199626 0.198801
12.307798 -0.012935 -0.141311 0.138421 -0.191990 0.189245 -0.199626 0.198800
12.479362 -0.012935 -0.141311 0.138421 -0.191989 0.189245 -0.199626 0.198799
12.653318 -0.012935 -0.141311 0.138421 -0.191987 0.189245 -0.199626 0.198797
12.829698 -0.012935 -0.141311 0.138421 -0.191986 0.189245 -0.199626 0.198796
13.008537 -0.012935 -0.141310 0.138421 -0.191984 0.189245 -0.199626 0.198794
13.189869 -0.012935 -0.141310 0.138421 -0.191983 0.189245 -0.199626 0.198793
13.373729 -0.012935 -0.141309 0.138421 -0.191981 0.189245 -0.199626 0.198791
13.560151 -0.012935 -0.141304 0.138421 -0.191979 0.189245 -0.199626 0.198789
13.749172 -0.012935 -0.141301 0.138421 -0.191978 0.189245 -0.199626 0.198788
13.940828 -0.012935 -0.141301 0.138421 -0.191976 0.189245 -0.199626 0.198786
14.135156 -0.012935 -0.141300 0.138421 -0.191974 0.189244 -0.199626 0.198784
14.332192 -0.012935 -0.141300 0.138421 -0.191972 0.189244 -0.199626 0.198782
14.531975 -0.012935 -0.141300 0.138422 -0.191970 0.189244 -0.199626 0.198780
14.734543 -0.012935 -0.141300 0.138422 -0.191969 0.189244 -0.199626 0.198778
14.939935 -0.012935 -0.141299 0.138422 -0.191967 0.189244 -0.199626 0.198776
15.148189 -0.012935 -0.141299 0.138422 -0.191965 0.189244 -0.199626 0.198774
15.359347 -0.012935 -0.141299 0.138422 -0.191962 0.189244 -0.199626 0.198772
15.573448 -0.012935 -0.141298 0.138422 -0.191960 0.189243 -0.199626 0.198770
15.790533 -0.012935 -0.141298 0.138422 -0.191958 0.189215 -0.199626 0.198768
16.010645 -0.012935 -0.141298 0.138422 -0.191956 0.189186 -0.199626 0.198765
16.233824 -0.012935 -0.141297 0.138422 -0.191954 0.189188 -0.199626 0.198763
16.460115 -0.012935 -0.141297 0.138422 -0.191951 0.189216 -0.199626 0.198760
16.689560 -0.012935 -0.141297 0.138422 -0.191949 0.189243 -0.199626 0.198758
16.922204 -0.012935 -0.141296 0.138423 -0.191946 0.189243 -0.199626 0.198755
17.158090 -0.012935 -0.141296 0.138423 -0.191944 0.189243 -0.199626 0.198753
17.397264 -0.012934 -0.141285 0.138423 -0.191941 0.189243 -0.199626 0.198750
17.639773 -0.012934 -0.141250 0.138423 -0.191938 0.189243 -0.199626 0.198747
17.885662 -0.012934 -0.141214 0.138423 -0.191936 0.189242 -0.199626 0.198744
18.134978 -0.012934 -0.141178 0.138423 -0.191933 0.189278 -0.199626 0.198741
18.387770 -0.012934 -0.141162 0.138423 -0.191930 0.189366 -0.199625 0.198738
18.644085 -0.012934 -0.141153 0.138423 -0.191927 0.189456 -0.199625 0.198735
18.903974 -0.012934 -0.141145 0.138424 -0.191924 0.189520 -0.199625 0.198732
19.167485 -0.012934 -0.141136 0.138424 -0.191921 0.189553 -0.199625 0.198728
19.434669 -0.012934 -0.141128 0.138424 -0.191918 0.189587 -0.199625 0.198725
19.705578 -0.012934 -0.141119 0.138424 -0.191914 0.189621 -0.199625 0.198722
19.980263 -0.012934 -0.141110 0.138424 -0.191911 0.189656 -0.199625 0.198718
20.258777 -0.012929 -0.141100 0.138424 -0.191907 0.189692 -0.199625 0.198714
20.541173 -0.012886 -0.141091 0.138425 -0.191904 0.189729 -0.199625 0.198710
20.827506 -0.012842 -0.141081 0.138425 -0.191900 0.189765 -0.199625 0.198707
21.117830 -0.012798 -0.141075 0.138425 -0.191897 0.189803 -0.199625 0.198703
21.412202 -0.012753 -0.141075 0.138425 -0.191893 0.189841 -0.199625 0.198698
21.710676 -0.012707 -0.141075 0.138425 -0.191889 0.189880 -0.199625 0.198694
22.013311 -0.012660 -0.141075 0.138426 -0.191885 0.189920 -0.199625 0.198690
22.320165 -0.012613 -0.141075 0.138426 -0.191881 0.189960 -0.199625 0.198685
22.631296 -0.012565 -0.141075 0.138426 -0.191876 0.190001 -0.199625 0.198719
22.946764 -0.012516 -0.141074 0.138426 -0.191872 0.190043 -0.199625 0.198759
23.266629 -0.012466 -0.141074 0.138426 -0.191867 0.190085 -0.199625 0.198800
23.590953 -0.012415 -0.141074 0.138427 -0.191863 0.190129 -0.199624 0.198842
23.919798 -0.012364 -0.141074 0.138427 -0.191858 0.190173 -0.199624 0.198885
24.253227 -0.012312 -0.141074 0.138427 -0.191853 0.190217 -0.199624 0.198928
24.591304 -0.012259 -0.141074 0.138428 -0.191848 0.190244 -0.199624 0.198972
24.934094 -0.012205 -0.141074 0.138428 -0.191843 0.190246 -0.199624 0.199016
25.281661 -0.012150 -0.141074 0.138428 -0.191838 0.190247 -0.199624 0.199062
25.634074 -0.012094 -0.141074 0.138428 -0.191833 0.190249 -0.199624 0.199108
25.991399 -0.012037 -0.141073 0.138429 -0.191827 0.190250 -0.199624 0.199155
26.353705 -0.011980 -0.141073 0.138429 -0.191822 0.190252 -0.199624 0.199203
26.721062 -0.011921 -0.141073 0.138429 -0.191816 0.190253 -0.199624 0.199252
27.093539 -0.011862 -0.141073 0.138430 -0.191814 0.190255 -0.199624 0.199301
27.471208 -0.011802 -0.141073 0.138430 -0.191804 0.190257 -0.199623 0.199352
27.854142 -0.011805 -0.141073 0.138430 -0.191798 0.190258 -0.199623 0.199403
28.242413 -0.011814 -0.141073 0.138431 -0.191791 0.190260 -0.199623 0.199455
28.636097 -0.011823 -0.141073 0.138431 -0.191785 0.190262 -0.199623 0.199508
29.035269 -0.011832 -0.141072 0.138432 -0.191778 0.190264 -0.199623 0.199562
29.440005 -0.011841 -0.141072 0.138432 -0.191771 0.190266 -0.199623 0.199617
29.850382 -0.011850 -0.141072 0.138433 -0.191764 0.190286 -0.199623 0.199672
30.266481 -0.011860 -0.141072 0.138433 -0.191757 0.190285 -0.199622 0.199729
30.688379 -0.011869 -0.141072 0.138433 -0.191749 0.190277 -0.199622 0.199787
31.116158 -0.011879 -0.141071 0.138434 -0.191741 0.190275 -0.199622 0.199846
31.549901 -0.011889 -0.141071 0.138434 -0.191734 0.190277 -0.199622 0.199905
31.989689 -0.011898 -0.141071 0.138435 -0.191726 0.190279 -0.199622 0.199966
32.435608 -0.011909 -0.141071 0.138435 -0.191722 0.190282 -0.199622 0.200028
32.887743 -0.011919 -0.141071 0.138436 -0.191719 0.190284 -0.199622 0.200090
33.346180 -0.011929 -0.141070 0.138437 -0.191700 0.190287 -0.199621 0.200154
33.811008 -0.011940 -0.141070 0.138437 -0.191691 0.190289 -0.199621 0.200219
34.282315 -0.011951 -0.141070 0.138438 -0.191682 0.190292 -0.199621 0.200285
34.760192 -0.011962 -0.141070 0.138438 -0.191673 0.190295 -0.199621 0.200352
35.244730 -0.011973 -0.141069 0.138439 -0.191663 0.190297 -0.199621 0.200421
35.736022 -0.011984 -0.141069 0.138440 -0.191653 0.190300 -0.199620 0.200490
36.234163 -0.011996 -0.141069 0.138440 -0.191643 0.190303 -0.199620 0.200561
36.739248 -0.012007 -0.141069 0.138441 -0.191633 0.190306 -0.199620 0.200633
37.251373 -0.012019 -0.141068 0.138442 -0.191622 0.190310 -0.199620 0.200706
37.770637 -0.012031 -0.141068 0.138443 -0.191611 0.190313 -0.199619 0.200780
38.297139 -0.012043 -0.141024 0.138443 -0.191600 0.190316 -0.199619 0.200856
38.830980 -0.012056 -0.140938 0.138444 -0.191588 0.190320 -0.199619 0.200933
39.372263 -0.012068 -0.140850 0.138445 -0.191576 0.190323 -0.199619 0.201011
39.921091 -0.012081 -0.140761 0.138446 -0.191564 0.190327 -0.199618 0.201091
40.477570 -0.012068 -0.140670 0.138447 -0.191552 0.190330 -0.199618 0.201171
41.041805 -0.012018 -0.140578 0.138448 -0.191539 0.190334 -0.199618 0.201254
41.613906 -0.011968 -0.140484 0.138449 -0.191526 0.190338 -0.199617 0.201337
42.193981 -0.011916 -0.140389 0.138450 -0.191513 0.190342 -0.199617 0.201422
42.782142 -0.011864 -0.140293 0.138451 -0.191499 0.190346 -0.199617 0.201509
43.378502 -0.011811 -0.140195 0.138452 -0.191485 0.190351 -0.199616 0.201597
43.983175 -0.011757 -0.140099 0.138453 -0.191470 0.190355 -0.199616 0.201686
44.596276 -0.011703 -0.140069 0.138454 -0.191455 0.190360 -0.199616 0.201777
45.217924 -0.011647 -0.140037 0.138455 -0.191440 0.190364 -0.199615 0.201870
45.848238 -0.011590 -0.140005 0.138457 -0.191424 0.190369 -0.199615 0.201964
46.487337 -0.011533 -0.139973 0.138458 -0.191408 0.190374 -0.199614 0.202059
47.135345 -0.011475 -0.139939 0.138459 -0.191392 0.190379 -0.199614 0.202157
47.792386 -0.011415 -0.139905 0.138460 -0.191375 0.190384 -0.199613 0.202255
48.458586 -0.011355 -0.139839 0.138462 -0.191358 0.190390 -0.199613 0.202356
49.134073 -0.011294 -0.139749 0.138463 -0.191340 0.190395 -0.199612 0.202458
49.818975 -0.011232 -0.139657 0.138465 -0.191322 0.190401 -0.199612 0.202562
50.513425 -0.011169 -0.139564 0.138466 -0.191303 0.190407 -0.199611 0.202668
51.217554 -0.011104 -0.139469 0.138468 -0.191284 0.190412 -0.199611 0.202775
51.931499 -0.011039 -0.139371 0.138470 -0.191264 0.190419 -0.199610 0.202885
52.655396 -0.010973 -0.139272 0.138471 -0.191244 0.190425 -0.199610 0.202996
53.389384 -0.010906 -0.139172 0.138473 -0.191223 0.190431 -0.199609 0.203109
54.133603 -0.010837 -0.139095 0.138475 -0.191202 0.190438 -0.199608 0.203223
54.888196 -0.010736 -0.139057 0.138477 -0.191180 0.190445 -0.199608 0.203340
55.653308 -0.010635 -0.139018 0.138479 -0.191158 0.190452 -0.199607 0.203599
56.429085 -0.010531 -0.138979 0.138481 -0.191135 0.190459 -0.199606 0.203912
57.215676 -0.010426 -0.138939 0.138483 -0.191111 0.190467 -0.199606 0.204229
58.013231 -0.010320 -0.138897 0.138485 -0.191087 0.190474 -0.199605 0.204551
58.821904 -0.010212 -0.138855 0.138487 -0.191063 0.190482 -0.199604 0.204878
59.641849 -0.010103 -0.138812 0.138489 -0.191037 0.190490 -0.199603 0.205210
60.473224 -0.009992 -0.138768 0.138492 -0.191011 0.190499 -0.199603 0.205547
61.316188 -0.009923 -0.138722 0.138494 -0.190984 0.190507 -0.199602 0.205889
62.170903 -0.009966 -0.138676 0.138497 -0.190957 0.190516 -0.199601 0.206237
63.037532 -0.010008 -0.138628 0.138499 -0.190929 0.190553 -0.199600 0.206589
63.916241 -0.009925 -0.138580 0.138502 -0.190900 0.190779 -0.199599 0.206948
64.807198 -0.009841 -0.138530 0.138505 -0.190870 0.190850 -0.199598 0.207311
65.710575 -0.009756 -0.138479 0.138508 -0.190864 0.190903 -0.199597 0.207680
66.626545 -0.009669 -0.138427 0.138511 -0.190863 0.191095 -0.199596 0.208055
67.555283 -0.009647 -0.138374 0.138514 -0.190863 0.191289 -0.199595 0.208435
68.496967 -0.009646 -0.138319 0.138517 -0.190861 0.191368 -0.199594 0.208821
69.451778 -0.009646 -0.138263 0.138520 -0.190828 0.191362 -0.199592 0.209213
70.419898 -0.009646 -0.138206 0.138524 -0.190793 0.191356 -0.199591 0.209611
71.401513 -0.009646 -0.138147 0.138527 -0.190758 0.191323 -0.199590 0.210014
72.396811 -0.009646 -0.138087 0.138531 -0.190722 0.191282 -0.199589 0.210424
73.405984 -0.009646 -0.138026 0.138535 -0.190685 0.191241 -0.199587 0.210840
74.429223 -0.009646 -0.137963 0.138539 -0.190646 0.191198 -0.199586 0.211262
75.466726 -0.009646 -0.137899 0.138543 -0.190607 0.191154 -0.199584 0.211691
76.518692 -0.009646 -0.137833 0.138547 -0.190567 0.191108 -0.199583 0.212126
77.585321 -0.009646 -0.137766 0.138551 -0.190526 0.191062 -0.199581 0.212567
78.666818 -0.009646 -0.137697 0.138556 -0.190411 0.191014 -0.199580 0.213016
79.763391 -0.009646 -0.137632 0.138560 -0.190323 0.190965 -0.199578 0.213470
80.875249 -0.009646 -0.137628 0.138565 -0.190278 0.190914 -0.199576 0.213932
82.002606 -0.009645 -0.137623 0.138570 -0.190233 0.190917 -0.199574 0.214400
83.145678 -0.009645 -0.137618 0.138586 -0.190186 0.190948 -0.199573 0.214876
84.304684 -0.009645 -0.137613 0.138653 -0.190138 0.191251 -0.199571 0.215358
85.479845 -0.009645 -0.137534 0.138624 -0.190089 0.191243 -0.199569 0.215848
86.671388 -0.009645 -0.137379 0.138594 -0.190038 0.191233 -0.199567 0.216345
87.879540 -0.009645 -0.137221 0.138597 -0.189986 0.191222 -0.199564 0.216849
89.104533 -0.009645 -0.137061 0.138603 -0.189933 0.191211 -0.199562 0.217360
90.346602 -0.009698 -0.136913 0.138620 -0.189879 0.191200 -0.199560 0.217880
91.605985 -0.009644 -0.136824 0.138700 -0.189823 0.191188 -0.199557 0.218406
92.882923 -0.009644 -0.136733 0.138782 -0.189765 0.191175 -0.199555 0.218941
94.177660 -0.009644 -0.136640 0.138866 -0.189709 0.191162 -0.199552 0.219483
95.490446 -0.009644 -0.136580 0.138953 -0.189688 0.191149 -0.199550 0.220034
96.821531 -0.009644 -0.136571 0.139005 -0.189667 0.191135 -0.199547 0.220592
98.171170 -0.009644 -0.136491 0.139014 -0.189639 0.191121 -0.199544 0.221158
99.539623 -0.009643 -0.136388 0.139022 -0.189574 0.191106 -0.199541 0.221733
100.927151 -0.009574 -0.136344 0.139031 -0.189507 0.191091 -0.199538 0.222316
102.334021 -0.009456 -0.136298 0.139040 -0.189439 0.191075 -0.199535 0.222908
103.760502 -0.009337 -0.136265 0.139031 -0.189407 0.191089 -0.199532 0.223508
105.206867 -0.009215 -0.136161 0.138986 -0.189406 0.191282 -0.199528 0.224117
106.673394 -0.009111 -0.136041 0.138940 -0.189405 0.191326 -0.199525 0.224734
108.160363 -0.009110 -0.135926 0.138894 -0.189337 0.191235 -0.199521 0.225361
109.668060 -0.009146 -0.135808 0.138847 -0.189263 0.191193 -0.199517 0.225996
111.196773 -0.009285 -0.135732 0.138800 -0.189187 0.191221 -0.199513 0.226641
112.746796 -0.009426 -0.135565 0.138752 -0.189110 0.191250 -0.199509 0.227295
114.318425 -0.009570 -0.135440 0.138802 -0.189030 0.191279 -0.199505 0.227958
115.911962 -0.009704 -0.135343 0.138925 -0.188945 0.191310 -0.199501 0.228631
117.527712 -0.009853 -0.135324 0.139052 -0.188857 0.191314 -0.199496 0.229313
119.165984 -0.010004 -0.135304 0.139163 -0.188766 0.191196 -0.199492 0.230005
120.827094 -0.010159 -0.135284 0.139177 -0.188673 0.191266 -0.199487 0.230707
122.511358 -0.010225 -0.135244 0.139191 -0.188600 0.191373 -0.199482 0.231419
124.219100 -0.010016 -0.134938 0.139205 -0.188507 0.191475 -0.199477 0.232140
125.950646 -0.009803 -0.134626 0.139220 -0.188423 0.191511 -0.199471 0.232872
127.706330 -0.009638 -0.134573 0.139236 -0.188404 0.191547 -0.199466 0.233614
129.486487 -0.009638 -0.134528 0.139368 -0.188385 0.191585 -0.199460 0.234367
131.291459 -0.009638 -0.134481 0.139583 -0.188364 0.191875 -0.199454 0.235130
133.121590 -0.009637 -0.134432 0.139802 -0.188343 0.191729 -0.199448 0.235904
134.977233 -0.009637 -0.134362 0.139903 -0.188322 0.191705 -0.199441 0.236688
136.858742 -0.009636 -0.134255 0.139933 -0.188299 0.191713 -0.199435 0.237484
138.766479 -0.009636 -0.134226 0.139964 -0.188275 0.191558 -0.199428 0.238290
140.700809 -0.009635 -0.134050 0.139787 -0.188265 0.191400 -0.199421 0.239108
142.662102 -0.009635 -0.133852 0.139934 -0.188261 0.191310 -0.199414 0.239937
144.650734 -0.009634 -0.133841 0.140062 -0.188199 0.191327 -0.199406 0.240777
146.667087 -0.009633 -0.133829 0.140097 -0.188172 0.191345 -0.199398 0.241629
148.711546 -0.009633 -0.133736 0.140181 -0.188144 0.191363 -0.199390 0.242492
150.784505 -0.009632 -0.133472 0.140337 -0.188114 0.191679 -0.199381 0.243367
152.886359 -0.009632 -0.133205 0.140496 -0.188084 0.191484 -0.199373 0.244254
155.017512 -0.009631 -0.132934 0.140657 -0.188052 0.191418 -0.199364 0.245154
157.178372 -0.009630 -0.132659 0.140821 -0.188019 0.191895 -0.199354 0.246065
159.369353 -0.009629 -0.132380 0.140871 -0.187985 0.192090 -0.199344 0.246988
161.590875 -0.009629 -0.132236 0.140870 -0.187950 0.192151 -0.199334 0.247924
163.843365 -0.009628 -0.132212 0.141048 -0.187900 0.192121 -0.199324 0.248873
166.127252 -0.009621 -0.132187 0.141106 -0.187814 0.192138 -0.199313 0.249834
168.442976 -0.009068 -0.131894 0.141085 -0.187724 0.192155 -0.199302 0.250808
170.790980 -0.009066 -0.131589 0.141063 -0.187632 0.192172 -0.199290 0.251795
173.171713 -0.009064 -0.131568 0.141040 -0.187536 0.192191 -0.199278 0.252795
175.585633 -0.009074 -0.131547 0.141136 -0.187437 0.192210 -0.199266 0.253808
178.033202 -0.009207 -0.131525 0.141294 -0.187335 0.192229 -0.199253 0.254568
180.514888 -0.009342 -0.131502 0.141337 -0.187228 0.192249 -0.199239 0.255255
183.031168 -0.009407 -0.131478 0.141328 -0.187118 0.192270 -0.199226 0.255949
185.582523 -0.009049 -0.131454 0.141318 -0.186975 0.192505 -0.199211 0.256651
188.169442 -0.008926 -0.131428 0.141309 -0.186769 0.192763 -0.199196 0.257359
190.792422 -0.008924 -0.131219 0.141298 -0.186608 0.193025 -0.199181 0.258075
193.451965 -0.008921 -0.131275 0.141395 -0.186540 0.193291 -0.199165 0.258798
196.148581 -0.008918 -0.131165 0.141884 -0.186470 0.193560 -0.199149 0.259528
198.882786 -0.009032 -0.131194 0.141656 -0.186370 0.193728 -0.199131 0.260266
201.655104 -0.009028 -0.131222 0.141255 -0.186230 0.193588 -0.199114 0.261011
204.466067 -0.009024 -0.131104 0.141286 -0.186115 0.193643 -0.199095 0.261763
207.316213 -0.009020 -0.130590 0.141329 -0.186106 0.193739 -0.199076 0.262523
210.206088 -0.009124 -0.130068 0.141424 -0.186087 0.193838 -0.199057 0.263291
213.136247 -0.009604 -0.129656 0.141211 -0.186004 0.194049 -0.199036 0.264066
216.107251 -0.009603 -0.129390 0.141420 -0.185918 0.194308 -0.199015 0.264849
219.119669 -0.009601 -0.129339 0.141647 -0.185829 0.194571 -0.198993 0.265639
222.174078 -0.009599 -0.129295 0.141725 -0.185509 0.194837 -0.198971 0.266437
225.271064 -0.009113 -0.129249 0.141806 -0.185160 0.195107 -0.198947 0.267242
228.411221 -0.008877 -0.129201 0.141888 -0.184801 0.195379 -0.198923 0.268055
231.595149 -0.008872 -0.129057 0.141941 -0.184432 0.195655 -0.198898 0.268876
234.823460 -0.008867 -0.128670 0.141930 -0.184052 0.195935 -0.198872 0.269704
238.096772 -0.008862 -0.128664 0.141607 -0.183661 0.196218 -0.198845 0.270541
241.415712 -0.008665 -0.128659 0.141076 -0.183259 0.196504 -0.198817 0.271385
244.780916 -0.008287 -0.128652 0.141183 -0.182845 0.196806 -0.198788 0.272237
248.193029 -0.007895 -0.128406 0.141307 -0.182419 0.197316 -0.198758 0.273096
251.652705 -0.007491 -0.127993 0.141618 -0.181996 0.197835 -0.198727 0.273964
255.160607 -0.007124 -0.127570 0.141849 -0.181885 0.197948 -0.198695 0.274839
258.717408 -0.006815 -0.127165 0.142499 -0.181771 0.198046 -0.198662 0.275722
262.323788 -0.006575 -0.126900 0.142510 -0.181654 0.198296 -0.198627 0.276613
265.980440 -0.006586 -0.126811 0.142459 -0.181533 0.198607 -0.198592 0.277512
269.688063 -0.006705 -0.126350 0.142406 -0.181409 0.198922 -0.198555 0.278419
273.447368 -0.006759 -0.125524 0.142351 -0.181281 0.199240 -0.198516 0.279334
277.259076 -0.006744 -0.125137 0.142595 -0.181150 0.199562 -0.198482 0.280256
281.123917 -0.006194 -0.125052 0.142900 -0.180890 0.199888 -0.198481 0.281187
285.042632 -0.005975 -0.124965 0.143018 -0.180559 0.200218 -0.198481 0.282125
289.015972 -0.005735 -0.124562 0.143026 -0.180217 0.200552 -0.198480 0.283072
293.044698 -0.005571 -0.124252 0.143125 -0.179866 0.200889 -0.198479 0.284026
297.129582 -0.005556 -0.123816 0.143308 -0.179709 0.201230 -0.198478 0.284988
301.271407 -0.005375 -0.123807 0.143497 -0.179638 0.201575 -0.198477 0.285959
305.470967 -0.004905 -0.123797 0.143692 -0.179564 0.201924 -0.198476 0.286937
309.729067 -0.004525 -0.123664 0.143893 -0.179488 0.202277 -0.198475 0.287923
314.046522 -0.004088 -0.123466 0.144100 -0.179409 0.202452 -0.198453 0.288917
318.424160 -0.003644 -0.123261 0.144155 -0.179327 0.202596 -0.198398 0.289919
322.862820 -0.003191 -0.123049 0.144404 -0.179243 0.202745 -0.198342 0.290928
327.363353 -0.003118 -0.122829 0.143934 -0.179155 0.202897 -0.198283 0.291946
331.926620 -0.003069 -0.121912 0.143520 -0.179064 0.203053 -0.198222 0.292972
336.553498 -0.001999 -0.120841 0.143485 -0.178875 0.203214 -0.198160 0.294005
341.244871 -0.001838 -0.120585 0.143161 -0.178676 0.203378 -0.198095 0.295046
346.001639 -0.000801 -0.120555 0.143133 -0.178361 0.204384 -0.198027 0.296095
350.824714 -0.000081 -0.120523 0.143176 -0.178053 0.205438 -0.197958 0.297152
355.715021 0.001055 -0.120490 0.143191 -0.177985 0.205719 -0.197886 0.298217
360.673495 0.001476 -0.120455 0.143134 -0.177824 0.206002 -0.197811 0.299289
365.701088 0.001675 -0.120420 0.142958 -0.177596 0.206289 -0.197733 0.300370
370.798763 0.001951 -0.120160 0.143147 -0.177361 0.206578 -0.197653 0.301458
375.967497 0.002789 -0.120098 0.143343 -0.177197 0.206870 -0.197570 0.302553
381.208280 0.003026 -0.119869 0.143544 -0.177161 0.207236 -0.197484 0.303656
386.522116 0.003496 -0.119439 0.143474 -0.177124 0.208307 -0.197396 0.304767
391.910025 0.004078 -0.118789 0.143306 -0.177085 0.208895 -0.197303 0.305886
397.373038 0.004655 -0.118132 0.143331 -0.177044 0.209322 -0.197208 0.307011
402.912203 0.005561 -0.117465 0.143345 -0.177002 0.209753 -0.197109 0.308145
408.528580 0.006816 -0.116789 0.143847 -0.176958 0.210189 -0.197007 0.309286
414.223247 0.006904 -0.116105 0.144118 -0.176913 0.211683 -0.196901 0.310434
419.997295 0.007244 -0.115408 0.144241 -0.176718 0.213280 -0.196791 0.311590
425.851829 0.007792 -0.114986 0.144134 -0.176278 0.214901 -0.196678 0.312753
431.787973 0.008389 -0.114535 0.144035 -0.175824 0.216033 -0.196560 0.313923
437.806863 0.008466 -0.114378 0.144149 -0.175353 0.216568 -0.196439 0.315100
443.909653 0.008533 -0.113769 0.143885 -0.174867 0.218072 -0.196313 0.316285
450.097513 0.009113 -0.113282 0.143533 -0.174730 0.219908 -0.196182 0.317477
456.371628 0.009484 -0.113056 0.143307 -0.174535 0.221759 -0.196047 0.318675
462.733201 0.009732 -0.112724 0.142966 -0.174115 0.223623 -0.195907 0.319881
469.183451 0.009559 -0.112387 0.142239 -0.173682 0.225501 -0.195762 0.321093
475.723614 0.010423 -0.112159 0.142081 -0.173237 0.227393 -0.195613 0.322313
482.354943 0.010823 -0.111952 0.142183 -0.172780 0.228917 -0.195564 0.323539
489.078709 0.011271 -0.111628 0.142218 -0.172638 0.230446 -0.195548 0.324772
495.896201 0.011736 -0.111447 0.142507 -0.172560 0.232006 -0.195533 0.326012
502.808725 0.011948 -0.111305 0.143066 -0.172380 0.233597 -0.195517 0.327258
509.817606 0.012726 -0.111257 0.143109 -0.171893 0.234986 -0.195500 0.328510
516.924187 0.013099 -0.111195 0.143147 -0.171304 0.235447 -0.195483 0.329769
524.129830 0.014060 -0.110567 0.143745 -0.170798 0.235911 -0.195466 0.331034
531.435916 0.014269 -0.110313 0.144153 -0.170361 0.236378 -0.195448 0.332306
538.843844 0.014310 -0.109392 0.144832 -0.169825 0.236847 -0.195430 0.333584
546.355035 0.014463 -0.108454 0.144769 -0.169277 0.237320 -0.195412 0.334867
553.970928 0.014640 -0.107974 0.145129 -0.168715 0.237795 -0.195393 0.336157
561.692982 0.015473 -0.108032 0.144939 -0.168140 0.239224 -0.195374 0.337453
569.522678 0.016016 -0.108093 0.145165 -0.167551 0.241347 -0.195354 0.338754
577.461515 0.016436 -0.107032 0.145916 -0.166948 0.243485 -0.195333 0.340061
585.511016 0.016822 -0.105936 0.146902 -0.166330 0.245637 -0.195313 0.341374
593.672722 0.017279 -0.105831 0.147090 -0.165698 0.247803 -0.195292 0.342692
601.948197 0.017256 -0.105076 0.147515 -0.165051 0.249247 -0.195270 0.344015
610.339029 0.017374 -0.104063 0.147953 -0.164701 0.250372 -0.195248 0.345344
618.846824 0.017452 -0.102724 0.148403 -0.164512 0.251505 -0.195225 0.346678
627.473213 0.018174 -0.102459 0.149690 -0.164319 0.252646 -0.195202 0.348017
636.219849 0.018198 -0.102024 0.149489 -0.164123 0.254191 -0.195178 0.349361
645.088409 0.018843 -0.100997 0.149828 -0.163923 0.256536 -0.195154 0.351310
654.080591 0.019749 -0.099943 0.150330 -0.163719 0.258909 -0.195129 0.353475
663.198120 0.020680 -0.099371 0.150845 -0.163512 0.261310 -0.195104 0.355656
672.442742 0.020646 -0.099008 0.151375 -0.163301 0.262239 -0.195078 0.357854
681.816229 0.021547 -0.098971 0.151264 -0.163086 0.262950 -0.195051 0.360068
691.320378 0.022032 -0.098675 0.151681 -0.162607 0.263664 -0.195024 0.362299
700.957009 0.022642 -0.097247 0.150842 -0.161821 0.264382 -0.194996 0.364545
710.727970 0.022136 -0.096666 0.151054 -0.161016 0.265104 -0.194968 0.366807
720.635132 0.022774 -0.096575 0.151779 -0.160473 0.266889 -0.194939 0.369085
730.680395 0.023980 -0.096747 0.153548 -0.160386 0.269555 -0.194909 0.371379
740.865683 0.024208 -0.096087 0.153485 -0.160428 0.272270 -0.194879 0.373751
751.192949 0.025205 -0.094289 0.154496 -0.160473 0.275893 -0.194848 0.376569
761.664172 0.025535 -0.093422 0.155546 -0.160174 0.281655 -0.194816 0.379402
772.281357 0.026001 -0.091656 0.156251 -0.159417 0.287495 -0.194784 0.382247
783.046540 0.028273 -0.091951 0.156519 -0.158635 0.291114 -0.194751 0.385106
793.961785 0.028012 -0.091365 0.157674 -0.157825 0.292581 -0.194718 0.387977
805.029181 0.029108 -0.090370 0.158884 -0.156988 0.294056 -0.194683 0.390859
816.250851 0.030420 -0.089177 0.160508 -0.156376 0.295539 -0.194648 0.393752
827.628946 0.030995 -0.088671 0.162029 -0.156425 0.297030 -0.194612 0.396656
839.165644 0.032295 -0.087775 0.162675 -0.155432 0.298933 -0.194575 0.399570
850.863158 0.033319 -0.086603 0.164379 -0.154417 0.302149 -0.194538 0.402493
862.723729 0.033581 -0.085884 0.166127 -0.153480 0.305416 -0.194500 0.405424
874.749630 0.034639 -0.084756 0.167891 -0.153105 0.308735 -0.194461 0.408364
886.943166 0.036128 -0.083601 0.171382 -0.152727 0.312105 -0.194421 0.411310
899.306672 0.037641 -0.082782 0.172469 -0.152347 0.313619 -0.194381 0.414264
911.842520 0.037360 -0.082223 0.174452 -0.151964 0.314849 -0.194339 0.417223
924.553110 0.038385 -0.081521 0.177229 -0.151578 0.317312 -0.194297 0.420188
937.440879 0.038569 -0.081319 0.178932 -0.151190 0.320956 -0.194254 0.423157
950.508296 0.039687 -0.080843 0.180591 -0.150799 0.323073 -0.194210 0.426130
963.757866 0.040837 -0.080261 0.182265 -0.150406 0.324763 -0.194165 0.429107
977.192128 0.041565 -0.079478 0.183954 -0.150010 0.326215 -0.194119 0.432087
990.813657 0.042379 -0.079030 0.184965 -0.149807 0.327794 -0.194072 0.435068
1004.625062 0.042810 -0.078135 0.185511 -0.149212 0.329376 -0.194025 0.438051
1018.628990 0.042562 -0.078368 0.188054 -0.148396 0.330962 -0.193976 0.441034
1032.828126 0.043064 -0.078443 0.189804 -0.148404 0.333506 -0.193927 0.444017
1047.225190 0.044817 -0.078622 0.192610 -0.147996 0.335643 -0.193877 0.447000
1061.822941 0.045878 -0.078597 0.193798 -0.147586 0.336938 -0.193825 0.449981
1076.624177 0.047404 -0.077744 0.194851 -0.147174 0.338234 -0.193773 0.452959
1091.631734 0.048361 -0.076353 0.196005 -0.146760 0.339532 -0.193720 0.455936
1106.848489 0.049105 -0.075812 0.197109 -0.146857 0.340831 -0.193665 0.460918
1122.277356 0.050323 -0.075003 0.198215 -0.147868 0.342157 -0.193610 0.468123
1137.921294 0.051459 -0.074245 0.200552 -0.147742 0.345797 -0.193554 0.475340
1153.783300 0.052259 -0.073350 0.203835 -0.146137 0.351058 -0.193496 0.482567
1169.866413 0.052270 -0.073626 0.205737 -0.144656 0.354612 -0.193438 0.489801
1186.173716 0.053742 -0.073117 0.208293 -0.144229 0.356622 -0.193379 0.497037
1202.708335 0.054551 -0.072603 0.210866 -0.143442 0.358631 -0.193318 0.504274
1219.473437 0.054446 -0.070537 0.212787 -0.142287 0.360639 -0.193257 0.511506
1236.472235 0.055902 -0.069513 0.215056 -0.141529 0.365382 -0.193194 0.518733
1253.707987 0.058060 -0.068414 0.217387 -0.141672 0.370525 -0.193131 0.525949
1271.183997 0.059382 -0.067590 0.218712 -0.141817 0.374851 -0.193066 0.533152
1288.903612 0.061246 -0.066721 0.220254 -0.141628 0.376569 -0.193000 0.540339
1306.870230 0.061683 -0.066264 0.221429 -0.141188 0.378284 -0.192933 0.547507
1325.087292 0.062665 -0.065150 0.222821 -0.140746 0.379995 -0.192865 0.554651
1343.558290 0.064315 -0.064475 0.224235 -0.140864 0.383758 -0.192796 0.561770
1362.286764 0.065383 -0.063027 0.225672 -0.139957 0.391165 -0.192726 0.568861
1381.276303 0.066158 -0.061817 0.227132 -0.139412 0.398609 -0.192655 0.575920
1400.530545 0.068169 -0.061187 0.229077 -0.138299 0.400227 -0.192582 0.582944
1420.053182 0.068437 -0.061862 0.230120 -0.138663 0.401743 -0.192509 0.586388
1439.847953 0.070438 -0.060561 0.231649 -0.140068 0.403255 -0.192434 0.589363
1459.918652 0.072117 -0.059240 0.233305 -0.139338 0.407383 -0.192358 0.592334
1480.269127 0.074110 -0.059762 0.235245 -0.139502 0.413278 -0.192281 0.595301
1500.903276 0.075326 -0.059102 0.237231 -0.138169 0.416313 -0.192203 0.598262
1521.825053 0.076852 -0.057949 0.239699 -0.137349 0.420144 -0.192124 0.601219
1543.038469 0.078893 -0.057837 0.242254 -0.138151 0.424309 -0.192044 0.604169
1564.547589 0.080255 -0.057627 0.245003 -0.138467 0.429522 -0.191963 0.607114
1586.356534 0.082314 -0.057064 0.245712 -0.138269 0.434060 -0.191880 0.610052
1608.469483 0.083762 -0.055007 0.247601 -0.139300 0.438561 -0.191797 0.612983
1630.890676 0.085034 -0.053544 0.249612 -0.139924 0.440811 -0.191712 0.615908
1653.624407 0.086629 -0.052829 0.251089 -0.139383 0.444391 -0.191626 0.618824
1676.675035 0.087281 -0.052237 0.252815 -0.139762 0.447903 -0.191539 0.621733
1700.046975 0.088934 -0.050748 0.253923 -0.139357 0.451256 -0.191451 0.624634
1723.744708 0.090269 -0.050384 0.255759 -0.138321 0.455125 -0.191362 0.627527
1747.772774 0.091362 -0.049914 0.257260 -0.138798 0.458938 -0.191272 0.630410
1772.135779 0.091836 -0.048276 0.261495 -0.140072 0.462692 -0.191181 0.633285
1796.838391 0.092293 -0.046622 0.264351 -0.141307 0.466387 -0.191088 0.636150
1821.885343 0.092736 -0.046972 0.265926 -0.142448 0.470022 -0.190995 0.639005
1847.281437 0.093916 -0.047925 0.268230 -0.143148 0.473597 -0.190901 0.641850
1873.031539 0.095098 -0.047103 0.272532 -0.143827 0.477017 -0.190805 0.644684
1899.140582 0.097039 -0.047497 0.274720 -0.144487 0.480340 -0.190709 0.647508
1925.613572 0.097975 -0.046181 0.277725 -0.145127 0.483601 -0.190612 0.650321
1952.455581 0.097774 -0.046943 0.279628 -0.145369 0.487279 -0.190513 0.653123
1979.671753 0.099755 -0.045891 0.281476 -0.145164 0.490544 -0.190414 0.655913
2007.267304 0.101262 -0.046223 0.283269 -0.145405 0.493746 -0.190314 0.658690
2035.247521 0.103948 -0.045701 0.285008 -0.146242 0.497063 -0.190213 0.661456
2063.617768 0.106033 -0.045021 0.288047 -0.147057 0.500440 -0.190111 0.664210
2092.383480 0.107503 -0.044663 0.290011 -0.147473 0.504176 -0.190008 0.666950
2121.550171 0.110169 -0.044406 0.290537 -0.147314 0.507613 -0.189904 0.669678
2151.123430 0.112197 -0.043633 0.294851 -0.146878 0.510971 -0.189800 0.672392
2181.108924 0.114173 -0.042812 0.299081 -0.147292 0.514250 -0.189694 0.675093
2211.512400 0.116193 -0.041424 0.302533 -0.147877 0.517453 -0.189588 0.679596
2242.339683 0.118617 -0.040963 0.305987 -0.148301 0.520578 -0.189481 0.684773
2273.596682 0.120780 -0.041777 0.308183 -0.148467 0.523627 -0.189374 0.689873
2305.289387 0.122603 -0.039889 0.310429 -0.148633 0.527005 -0.189265 0.694895
2337.423871 0.124841 -0.038838 0.313311 -0.148799 0.530893 -0.189156 0.699838
2370.006292 0.126028 -0.038965 0.315580 -0.149428 0.534771 -0.189047 0.704703
2403.042894 0.127457 -0.038072 0.319291 -0.150065 0.538639 -0.188936 0.709489
2436.540009 0.128551 -0.038047 0.324497 -0.150700 0.542497 -0.188826 0.714195
2470.504055 0.130593 -0.038646 0.329942 -0.151332 0.546344 -0.188714 0.718822
2504.941542 0.132296 -0.038164 0.335015 -0.151827 0.550179 -0.188602 0.723369
2539.859069 0.134161 -0.037687 0.336371 -0.152094 0.554001 -0.188490 0.727837
2575.263327 0.136261 -0.036665 0.341457 -0.152358 0.558743 -0.188377 0.732225
2611.161101 0.138010 -0.036743 0.344283 -0.152619 0.567449 -0.188263 0.736533
2647.559271 0.139932 -0.037896 0.349509 -0.152878 0.569765 -0.188150 0.740762
2684.464811 0.141062 -0.037441 0.352728 -0.152920 0.572017 -0.188036 0.744911
2721.884795 0.143643 -0.038206 0.358058 -0.152947 0.574206 -0.187921 0.748982
2759.826392 0.146508 -0.038389 0.363118 -0.152973 0.576629 -0.188101 0.752974
2798.296876 0.148870 -0.039494 0.366404 -0.152998 0.580028 -0.188375 0.756889
2837.303617 0.150418 -0.040832 0.369688 -0.153023 0.582347 -0.188642 0.760726
2876.854090 0.151895 -0.041582 0.372774 -0.153180 0.586166 -0.188902 0.764485
2916.955876 0.153383 -0.042566 0.376245 -0.153882 0.591291 -0.189156 0.768169
2957.616659 0.154888 -0.042351 0.381014 -0.154576 0.594276 -0.189402 0.771776
2998.844231 0.156186 -0.042662 0.385958 -0.155069 0.598760 -0.189642 0.775309
3040.646493 0.157477 -0.042273 0.391706 -0.155295 0.602906 -0.189876 0.778767
3083.031457 0.158332 -0.043158 0.396657 -0.155516 0.607025 -0.190103 0.782151
3126.007243 0.159620 -0.044018 0.399868 -0.155734 0.611117 -0.190325 0.785463
3169.582089 0.161593 -0.044020 0.402804 -0.155947 0.615182 -0.190540 0.788703
3213.764344 0.163067 -0.043810 0.408173 -0.156156 0.619723 -0.190749 0.791871
3258.562476 0.163763 -0.043136 0.410854 -0.156432 0.624310 -0.190953 0.794969
3303.985070 0.165115 -0.043366 0.414707 -0.156804 0.628883 -0.191151 0.797998
3350.040830 0.166148 -0.043091 0.419807 -0.157171 0.633440 -0.191344 0.800958
3396.738582 0.168244 -0.043000 0.422120 -0.157535 0.637980 -0.191532 0.803851
3444.087276 0.170116 -0.042565 0.424640 -0.157894 0.642502 -0.191713 0.806678
3492.095985 0.171705 -0.043082 0.426626 -0.158248 0.647005 -0.191871 0.809438
3540.773909 0.173569 -0.043598 0.429186 -0.158599 0.651188 -0.192065 0.812135
3590.130377 0.174768 -0.044112 0.430792 -0.158945 0.655653 -0.192232 0.814767
3640.174847 0.176128 -0.044819 0.432761 -0.159287 0.658343 -0.192396 0.817338
3690.916911 0.177682 -0.045167 0.437941 -0.159625 0.659790 -0.192554 0.819847
3742.366291 0.179651 -0.045643 0.441853 -0.159911 0.661670 -0.192708 0.822295
3794.532847 0.180450 -0.046151 0.444314 -0.160000 0.665344 -0.192858 0.824684
3847.426577 0.181783 -0.046656 0.446866 -0.160086 0.668986 -0.193004 0.827015
3901.057617 0.182858 -0.047160 0.450500 -0.160169 0.672366 -0.193146 0.829289
3955.436245 0.183663 -0.047661 0.455134 -0.160248 0.674269 -0.193284 0.831506
4010.572881 0.185354 -0.048729 0.459715 -0.160325 0.676155 -0.193417 0.833668
4066.478092 0.186996 -0.049035 0.463533 -0.160398 0.678022 -0.193548 0.835777
4123.162591 0.187936 -0.049155 0.467676 -0.160468 0.679872 -0.193674 0.837832
4180.637241 0.189068 -0.049649 0.471039 -0.160536 0.684124 -0.193797 0.839835
4238.913057 0.189754 -0.049870 0.473822 -0.160624 0.689194 -0.193916 0.841787
4298.001206 0.190994 -0.050630 0.476976 -0.161448 0.694189 -0.194032 0.843690
4357.913012 0.191952 -0.050900 0.479442 -0.162025 0.699109 -0.194145 0.845543
4418.659956 0.193152 -0.051009 0.485180 -0.162116 0.703624 -0.194254 0.847349
4480.253680 0.194289 -0.051117 0.489107 -0.162204 0.708717 -0.194361 0.849628
4542.705986 0.195248 -0.051047 0.493995 -0.162340 0.713403 -0.194464 0.854102
4606.028844 0.196156 -0.051325 0.497986 -0.162743 0.718009 -0.194564 0.858445
4670.234388 0.197083 -0.051916 0.501710 -0.163139 0.722535 -0.194662 0.862659
4735.334923 0.199020 -0.052804 0.506331 -0.163528 0.726979 -0.194757 0.866748
4801.342924 0.199765 -0.053242 0.510948 -0.163910 0.731342 -0.194849 0.870713
4868.271040 0.200387 -0.053206 0.515266 -0.164285 0.735623 -0.194938 0.874557
4936.132098 0.200958 -0.053432 0.516180 -0.164653 0.739822 -0.195025 0.878282
5004.939103 0.201611 -0.053523 0.520299 -0.165014 0.743939 -0.195109 0.881891
5074.705239 0.202212 -0.053612 0.524726 -0.165369 0.747973 -0.195191 0.885387
5145.443878 0.202807 -0.053699 0.529141 -0.165717 0.751925 -0.195271 0.888771
5217.168576 0.203438 -0.053784 0.533544 -0.166059 0.755794 -0.195348 0.892047
5289.893076 0.203975 -0.053867 0.537217 -0.166395 0.759582 -0.195423 0.895217
5363.631317 0.204549 -0.053948 0.540095 -0.166725 0.763288 -0.195496 0.898283
5438.397428 0.205116 -0.054028 0.543217 -0.167048 0.766913 -0.195566 0.901249
5514.205739 0.205718 -0.054377 0.545836 -0.167366 0.770457 -0.195635 0.904117
5591.070777 0.206303 -0.054368 0.549531 -0.167677 0.773921 -0.195702 0.906889
5669.007271 0.206973 -0.054319 0.549765 -0.167983 0.777305 -0.195766 0.909568
5748.030158 0.207717 -0.054328 0.552402 -0.168283 0.780611 -0.195818 0.912157
5828.154581 0.208431 -0.054357 0.555410 -0.168519 0.783839 -0.195867 0.914657
5909.395895 0.209190 -0.054250 0.558366 -0.168726 0.786989 -0.195914 0.917072
5991.769669 0.209918 -0.054447 0.560489 -0.168930 0.790063 -0.195959 0.919404
6075.291689 0.210641 -0.054602 0.564032 -0.169130 0.793062 -0.196002 0.921655
6159.977960 0.211360 -0.054667 0.566932 -0.169328 0.795986 -0.196043 0.923828
6245.844712 0.211598 -0.054730 0.569378 -0.169522 0.798837 -0.196083 0.925925
6332.908400 0.211750 -0.054792 0.572013 -0.169713 0.801616 -0.196121 0.927949
6421.185709 0.212722 -0.054852 0.575736 -0.169901 0.806201 -0.196158 0.929900
6510.693555 0.213674 -0.054911 0.579423 -0.170085 0.811157 -0.196194 0.931783
6601.449093 0.214502 -0.054969 0.583074 -0.170267 0.815982 -0.196228 0.933599
6693.469713 0.214585 -0.055025 0.584786 -0.170446 0.820677 -0.196261 0.935349
6786.773051 0.214664 -0.055080 0.585940 -0.170622 0.825244 -0.196292 0.937037
6881.376986 0.214742 -0.055134 0.587628 -0.170795 0.828940 -0.196322 0.938664
6977.299650 0.214817 -0.055186 0.589532 -0.170965 0.831703 -0.196351 0.940232
7074.559423 0.214889 -0.055317 0.592335 -0.171104 0.834426 -0.196379 0.941743
7173.174944 0.215312 -0.055565 0.594622 -0.171134 0.837109 -0.196406 0.943199
7273.165113 0.216039 -0.055809 0.596865 -0.171163 0.838727 -0.196432 0.944602
7374.549090 0.216759 -0.056049 0.599065 -0.171190 0.839379 -0.196456 0.945953
7477.346305 0.217472 -0.056192 0.601222 -0.171217 0.841398 -0.196480 0.947254
7581.576458 0.217889 -0.056207 0.603336 -0.171243 0.843391 -0.196503 0.948508
7687.259522 0.218101 -0.056221 0.604935 -0.171268 0.845358 -0.196525 0.949715
7794.415750 0.218307 -0.056235 0.605316 -0.171292 0.847298 -0.196546 0.950877
7903.065679 0.218505 -0.056249 0.605555 -0.171315 0.849213 -0.196566 0.951996
8013.230128 0.218698 -0.056332 0.609582 -0.171830 0.851102 -0.196586 0.953074
8124.930211 0.219482 -0.056635 0.613297 -0.172371 0.852965 -0.196605 0.954111
8238.187331 0.220436 -0.056934 0.615170 -0.172795 0.854803 -0.196623 0.955109
8353.023195 0.221371 -0.057232 0.617006 -0.172931 0.855236 -0.196640 0.956070
8469.459808 0.221543 -0.057526 0.618712 -0.173065 0.855595 -0.196657 0.956994
8587.519485 0.221665 -0.057819 0.618784 -0.173196 0.855940 -0.196673 0.957884
8707.224849 0.221783 -0.058108 0.618853 -0.173325 0.856271 -0.196688 0.958740
8828.598841 0.221897 -0.058395 0.619709 -0.173452 0.857364 -0.196703 0.959564
8951.664721 0.222009 -0.058680 0.619834 -0.173519 0.860090 -0.196717 0.960356
9076.446073 0.222117 -0.058962 0.619954 -0.173550 0.862549 -0.196730 0.961119
9202.966809 0.222221 -0.059098 0.620070 -0.173580 0.865296 -0.196743 0.961852
9331.251175 0.222323 -0.059208 0.620190 -0.173609 0.868591 -0.196756 0.962558
9461.323756 0.222643 -0.059317 0.623204 -0.173636 0.871301 -0.196768 0.963236
9593.209478 0.222966 -0.059438 0.626182 -0.173663 0.873408 -0.196780 0.963889
9726.933615 0.223284 -0.059697 0.629124 -0.173690 0.875504 -0.196791 0.964516
9862.521795 0.223598 -0.059952 0.632030 -0.173715 0.878583 -0.196802 0.965120
10000.000000 0.223906 -0.060204 0.634901 -0.173739 0.881556 -0.196812 0.965700
