10.000000 0.244625 0.067608 0.407934 0.010830 0.494234 0.000544 0.544422
10.139395 0.244966 0.067733 0.408893 0.010848 0.494385 0.000544 0.544650
10.280732 0.245348 0.067856 0.409615 0.010866 0.494532 0.000544 0.544874
10.424040 0.245503 0.067906 0.410403 0.010884 0.494678 0.000544 0.545096
10.569346 0.246106 0.067959 0.410929 0.010901 0.494821 0.000545 0.545314
10.716676 0.246705 0.068119 0.411448 0.010919 0.494961 0.000545 0.545529
10.866061 0.247298 0.068279 0.411838 0.010936 0.495099 0.000545 0.545741
11.017528 0.247886 0.068436 0.412290 0.010953 0.495259 0.000546 0.545951
11.171107 0.248468 0.068557 0.412658 0.010970 0.495369 0.000546 0.546157
11.326826 0.249046 0.068641 0.413456 0.010987 0.495500 0.000546 0.546360
11.484715 0.249525 0.068695 0.413922 0.011004 0.495629 0.000546 0.546560
11.644806 0.249613 0.068748 0.414022 0.011020 0.495755 0.000547 0.546758
11.807128 0.249654 0.068880 0.414220 0.011037 0.495880 0.000547 0.546953
11.971713 0.249662 0.069070 0.414799 0.011053 0.496003 0.000547 0.547045
12.138593 0.249670 0.069199 0.415564 0.011070 0.496123 0.000547 0.547083
12.307798 0.249879 0.069300 0.416194 0.011086 0.496241 0.000547 0.547120
12.479362 0.250128 0.069400 0.416486 0.011102 0.496367 0.000548 0.547157
12.653318 0.250645 0.069499 0.417163 0.011118 0.496539 0.000548 0.547193
12.829698 0.251064 0.069595 0.417599 0.011133 0.496709 0.000548 0.547228
13.008537 0.251144 0.069691 0.418340 0.011149 0.496875 0.000548 0.547263
13.189869 0.251223 0.069785 0.419150 0.011165 0.497038 0.000549 0.547298
13.373729 0.251301 0.069877 0.419698 0.011180 0.497199 0.000549 0.547332
13.560151 0.251416 0.069968 0.420502 0.011195 0.497356 0.000549 0.547400
13.749172 0.251798 0.070058 0.421427 0.011210 0.497511 0.000549 0.547542
13.940828 0.252177 0.070146 0.422079 0.011225 0.497663 0.000549 0.547682
14.135156 0.252553 0.070233 0.422092 0.011240 0.497813 0.000550 0.547820
14.332192 0.252926 0.070319 0.422166 0.011255 0.497946 0.000550 0.547957
14.531975 0.253296 0.070403 0.422762 0.011270 0.498103 0.000550 0.548093
14.734543 0.253664 0.070486 0.423350 0.011284 0.498245 0.000550 0.548227
14.939935 0.254029 0.070567 0.423928 0.011299 0.498384 0.000550 0.548359
15.148189 0.254391 0.070648 0.424333 0.011313 0.498520 0.000551 0.548490
15.359347 0.254751 0.070727 0.424579 0.011327 0.498654 0.000551 0.548619
15.573448 0.255108 0.070804 0.424904 0.011342 0.498786 0.000551 0.548747
15.790533 0.255462 0.070881 0.425492 0.011356 0.499039 0.000551 0.548873
16.010645 0.255814 0.070993 0.425594 0.011369 0.499516 0.000551 0.548998
16.233824 0.256162 0.071140 0.425694 0.011383 0.499987 0.000551 0.549121
16.460115 0.256509 0.071213 0.426007 0.011397 0.500453 0.000552 0.549243
16.689560 0.256852 0.071285 0.426553 0.011410 0.500912 0.000552 0.549364
16.922204 0.257179 0.071355 0.427002 0.011424 0.501365 0.000553 0.549483
17.158090 0.257220 0.071425 0.427678 0.011437 0.501812 0.000554 0.549601
17.397264 0.257261 0.071493 0.428233 0.011450 0.502386 0.000555 0.549717
17.639773 0.257301 0.071561 0.428752 0.011464 0.502924 0.000555 0.549833
17.885662 0.257340 0.071627 0.429096 0.011477 0.503534 0.000556 0.549946
18.134978 0.257379 0.071693 0.429255 0.011489 0.504126 0.000557 0.550059
18.387770 0.257417 0.071757 0.429700 0.011502 0.504691 0.000558 0.550170
18.644085 0.257454 0.071821 0.430249 0.011515 0.505247 0.000559 0.550280
18.903974 0.257491 0.071883 0.430392 0.011528 0.505796 0.000560 0.550388
19.167485 0.257528 0.071987 0.430533 0.011540 0.506338 0.000560 0.550496
19.434669 0.257564 0.072043 0.431041 0.011552 0.506872 0.000561 0.550602
19.705578 0.257599 0.072098 0.431246 0.011565 0.507398 0.000562 0.550707
19.980263 0.257634 0.072152 0.431762 0.011577 0.507918 0.000563 0.550810
20.258777 0.257668 0.072206 0.432272 0.011589 0.508430 0.000563 0.550913
20.541173 0.257722 0.072259 0.432777 0.011601 0.508935 0.000564 0.551014
20.827506 0.257988 0.072311 0.433275 0.011613 0.509233 0.000565 0.551114
21.117830 0.258250 0.072363 0.433768 0.011624 0.509294 0.000566 0.551213
21.412202 0.258508 0.072413 0.434256 0.011636 0.509764 0.000566 0.551311
21.710676 0.258762 0.072464 0.434738 0.011648 0.510298 0.000567 0.551407
22.013311 0.259013 0.072513 0.435214 0.011659 0.510824 0.000568 0.551503
22.320165 0.259259 0.072562 0.435405 0.011670 0.511343 0.000569 0.551597
22.631296 0.259501 0.072611 0.436014 0.011682 0.511853 0.000569 0.551691
22.946764 0.259740 0.072659 0.436393 0.011693 0.512356 0.000570 0.551783
23.266629 0.259975 0.072710 0.437036 0.011704 0.512463 0.000571 0.551874
23.590953 0.260207 0.072762 0.437533 0.011715 0.512525 0.000571 0.551964
23.919798 0.260420 0.072810 0.438203 0.011726 0.512706 0.000572 0.552053
24.253227 0.260437 0.072857 0.438853 0.011737 0.513222 0.000572 0.552141
24.591304 0.260563 0.072904 0.439013 0.011747 0.513730 0.000573 0.552228
24.934094 0.260998 0.072949 0.439263 0.011758 0.514229 0.000574 0.552314
25.281661 0.261311 0.072994 0.439687 0.011768 0.514720 0.000574 0.552399
25.634074 0.261521 0.073039 0.439978 0.011779 0.515203 0.000575 0.552483
25.991399 0.261813 0.073082 0.440319 0.011789 0.515678 0.000576 0.552566
26.353705 0.262183 0.073125 0.440814 0.011799 0.516145 0.000576 0.552648
26.721062 0.262550 0.073168 0.440904 0.011810 0.516604 0.000577 0.552729
27.093539 0.262913 0.073209 0.441017 0.011820 0.517056 0.000577 0.552809
27.471208 0.263273 0.073250 0.441268 0.011830 0.517500 0.000578 0.552888
27.854142 0.263631 0.073290 0.441516 0.011839 0.517937 0.000578 0.552966
28.242413 0.263985 0.073330 0.441760 0.011849 0.518367 0.000579 0.553043
28.636097 0.264088 0.073369 0.442001 0.011859 0.518818 0.000579 0.553120
29.035269 0.264398 0.073407 0.442238 0.011869 0.519364 0.000580 0.553195
29.440005 0.264704 0.073445 0.442473 0.011878 0.519825 0.000580 0.553270
29.850382 0.265006 0.073482 0.442704 0.011887 0.520167 0.000581 0.553344
30.266481 0.265305 0.073519 0.442931 0.011897 0.520505 0.000581 0.553417
30.688379 0.265600 0.073555 0.443078 0.011906 0.520837 0.000582 0.553489
31.116158 0.265891 0.073590 0.443102 0.011915 0.521179 0.000582 0.553560
31.549901 0.266178 0.073625 0.443125 0.011924 0.521554 0.000583 0.553630
31.989689 0.266462 0.073660 0.443148 0.011933 0.521923 0.000583 0.553700
32.435608 0.266742 0.073693 0.443265 0.011942 0.522286 0.000584 0.553768
32.887743 0.267018 0.073727 0.443714 0.011951 0.522642 0.000584 0.553836
33.346180 0.267291 0.073759 0.444059 0.011960 0.522993 0.000585 0.553903
33.811008 0.267560 0.073791 0.444131 0.011969 0.523337 0.000585 0.553970
34.282315 0.267826 0.073823 0.444202 0.011977 0.523676 0.000586 0.554035
34.760192 0.268088 0.073854 0.444272 0.011986 0.524009 0.000586 0.554100
35.244730 0.268347 0.073885 0.444594 0.011994 0.524336 0.000587 0.554164
35.736022 0.268602 0.073915 0.444965 0.012003 0.524657 0.000587 0.554227
36.234163 0.268676 0.073945 0.445331 0.012011 0.524973 0.000587 0.554290
36.739248 0.268717 0.073974 0.445693 0.012019 0.525284 0.000588 0.554351
37.251373 0.268758 0.074002 0.445993 0.012028 0.525589 0.000588 0.554412
37.770637 0.268798 0.074031 0.446175 0.012036 0.525890 0.000589 0.554473
38.297139 0.268837 0.074058 0.446354 0.012044 0.526185 0.000589 0.554532
38.830980 0.268876 0.074086 0.446615 0.012052 0.526474 0.000589 0.554591
39.372263 0.268914 0.074113 0.447054 0.012059 0.526623 0.000590 0.554649
39.921091 0.268952 0.074139 0.447489 0.012067 0.526749 0.000590 0.554707
40.477570 0.268989 0.074167 0.447721 0.012075 0.526872 0.000591 0.554764
41.041805 0.269025 0.074194 0.448062 0.012083 0.526993 0.000591 0.554820
41.613906 0.269061 0.074221 0.448461 0.012090 0.527113 0.000591 0.554876
42.193981 0.269096 0.074248 0.448633 0.012098 0.527264 0.000592 0.554930
42.782142 0.269130 0.074275 0.448793 0.012105 0.527496 0.000592 0.554985
43.378502 0.269164 0.074301 0.449002 0.012113 0.527725 0.000592 0.555038
43.983175 0.269198 0.074326 0.449359 0.012120 0.527950 0.000593 0.555091
44.596276 0.269243 0.074352 0.449539 0.012127 0.528172 0.000593 0.555143
45.217924 0.269418 0.074377 0.449695 0.012134 0.528312 0.000593 0.555195
45.848238 0.269591 0.074402 0.449848 0.012141 0.528410 0.000594 0.555246
46.487337 0.269762 0.074426 0.449999 0.012148 0.528505 0.000594 0.555297
47.135345 0.269848 0.074450 0.450147 0.012155 0.528600 0.000594 0.555347
47.792386 0.269860 0.074474 0.450293 0.012162 0.528692 0.000595 0.555396
48.458586 0.269871 0.074497 0.450437 0.012169 0.528783 0.000595 0.555445
49.134073 0.269882 0.074520 0.450578 0.012176 0.529068 0.000595 0.555493
49.818975 0.269894 0.074543 0.450760 0.012183 0.529440 0.000596 0.555540
50.513425 0.269904 0.074566 0.451012 0.012189 0.529807 0.000596 0.555587
51.217554 0.269915 0.074588 0.451261 0.012196 0.530169 0.000596 0.555634
51.931499 0.269926 0.074610 0.451507 0.012202 0.530402 0.000596 0.555680
52.655396 0.269936 0.074631 0.451751 0.012209 0.530586 0.000597 0.555725
53.389384 0.269946 0.074658 0.451991 0.012215 0.530768 0.000597 0.555770
54.133603 0.269956 0.074715 0.452230 0.012222 0.531041 0.000597 0.555814
54.888196 0.269966 0.074772 0.452465 0.012228 0.531312 0.000597 0.555858
55.653308 0.269975 0.074829 0.452588 0.012234 0.531579 0.000598 0.555901
56.429085 0.269985 0.074885 0.452597 0.012240 0.531667 0.000598 0.555944
57.215676 0.269994 0.074940 0.452605 0.012246 0.531974 0.000598 0.555986
58.013231 0.270003 0.074994 0.452614 0.012252 0.532276 0.000598 0.556028
58.821904 0.270122 0.075048 0.452622 0.012253 0.532574 0.000599 0.556069
59.641849 0.270263 0.075102 0.452795 0.012253 0.532854 0.000599 0.556110
60.473224 0.270403 0.075155 0.453055 0.012253 0.532999 0.000599 0.556150
61.316188 0.270540 0.075207 0.453304 0.012254 0.533054 0.000599 0.556190
62.170903 0.270676 0.075259 0.453565 0.012254 0.533107 0.000600 0.556230
63.037532 0.270809 0.075310 0.453816 0.012255 0.533160 0.000600 0.556268
63.916241 0.270941 0.075360 0.454063 0.012255 0.533211 0.000600 0.556307
64.807198 0.271071 0.075410 0.454307 0.012255 0.533262 0.000600 0.556345
65.710575 0.271199 0.075460 0.454549 0.012256 0.533312 0.000601 0.556382
66.626545 0.271325 0.075509 0.454787 0.012256 0.533361 0.000601 0.556419
67.555283 0.271450 0.075557 0.455022 0.012256 0.533469 0.000601 0.556456
68.496967 0.271572 0.075582 0.455254 0.012257 0.533606 0.000601 0.556492
69.451778 0.271693 0.075596 0.455484 0.012257 0.533742 0.000601 0.556528
70.419898 0.271812 0.075610 0.455710 0.012258 0.533876 0.000602 0.556563
71.401513 0.271930 0.075624 0.455902 0.012258 0.534007 0.000602 0.556598
72.396811 0.272046 0.075638 0.455911 0.012258 0.534137 0.000602 0.556633
73.405984 0.272147 0.075651 0.456171 0.012259 0.534264 0.000602 0.556667
74.429223 0.272185 0.075664 0.456326 0.012259 0.534390 0.000602 0.556700
75.466726 0.272222 0.075677 0.456407 0.012259 0.534513 0.000603 0.556734
76.518692 0.272258 0.075690 0.456560 0.012260 0.534635 0.000603 0.556767
77.585321 0.272294 0.075702 0.456732 0.012260 0.534755 0.000603 0.556799
78.666818 0.272330 0.075714 0.456823 0.012260 0.534873 0.000603 0.556831
79.763391 0.272365 0.075726 0.456913 0.012260 0.534989 0.000603 0.556863
80.875249 0.272422 0.075738 0.457000 0.012261 0.535103 0.000603 0.556894
82.002606 0.272521 0.075750 0.457087 0.012261 0.535216 0.000604 0.556925
83.145678 0.272619 0.075761 0.457172 0.012261 0.535327 0.000604 0.556956
84.304684 0.272716 0.075766 0.457255 0.012262 0.535436 0.000604 0.556986
85.479845 0.272812 0.075767 0.457337 0.012262 0.535543 0.000604 0.557016
86.671388 0.272907 0.075769 0.457418 0.012262 0.535649 0.000604 0.557046
87.879540 0.273002 0.075771 0.457497 0.012262 0.535753 0.000604 0.557075
89.104533 0.273095 0.075772 0.457575 0.012263 0.535856 0.000605 0.557104
90.346602 0.273187 0.075774 0.457710 0.012263 0.535957 0.000605 0.557132
91.605985 0.273279 0.075775 0.457934 0.012263 0.536056 0.000605 0.557160
92.882923 0.273285 0.075777 0.458155 0.012263 0.536154 0.000605 0.557188
94.177660 0.273286 0.075778 0.458374 0.012264 0.536250 0.000605 0.557216
95.490446 0.273287 0.075780 0.458589 0.012264 0.536345 0.000605 0.557243
96.821531 0.273288 0.075781 0.458803 0.012264 0.536393 0.000605 0.557270
98.171170 0.273290 0.075783 0.458917 0.012264 0.536415 0.000606 0.557296
99.539623 0.273291 0.075784 0.458963 0.012264 0.536436 0.000606 0.557322
100.927151 0.273292 0.075786 0.459008 0.012265 0.536457 0.000606 0.557348
102.334021 0.273293 0.075787 0.459053 0.012265 0.536478 0.000606 0.557374
103.760502 0.273294 0.075788 0.459097 0.012265 0.536498 0.000606 0.557399
105.206867 0.273295 0.075790 0.459175 0.012265 0.536518 0.000606 0.557424
106.673394 0.273296 0.075791 0.459382 0.012266 0.536538 0.000606 0.557449
108.160363 0.273297 0.075792 0.459587 0.012266 0.536558 0.000607 0.557473
109.668060 0.273298 0.075793 0.459789 0.012266 0.536577 0.000607 0.557542
111.196773 0.273299 0.075795 0.459989 0.012266 0.536596 0.000607 0.557610
112.746796 0.273300 0.075796 0.460187 0.012266 0.536615 0.000607 0.557678
114.318425 0.273301 0.075797 0.460382 0.012267 0.536633 0.000607 0.557744
115.911962 0.273302 0.075798 0.460481 0.012267 0.536651 0.000607 0.557809
117.527712 0.273303 0.075800 0.460518 0.012267 0.536669 0.000607 0.557873
119.165984 0.273304 0.075801 0.460554 0.012267 0.536687 0.000607 0.557936
120.827094 0.273305 0.075802 0.460774 0.012267 0.536704 0.000607 0.557997
122.511358 0.273305 0.075803 0.461045 0.012267 0.536722 0.000608 0.558058
124.219100 0.273318 0.075804 0.461243 0.012268 0.536738 0.000608 0.558118
125.950646 0.273343 0.075805 0.461261 0.012268 0.536755 0.000608 0.558176
127.706330 0.273368 0.075806 0.461279 0.012268 0.536772 0.000608 0.558234
129.486487 0.273392 0.075807 0.461297 0.012268 0.536788 0.000608 0.558290
131.291459 0.273416 0.075808 0.461314 0.012268 0.536804 0.000608 0.558346
133.121590 0.273448 0.075809 0.461332 0.012268 0.536819 0.000608 0.558401
134.977233 0.273498 0.075810 0.461349 0.012268 0.536835 0.000608 0.558454
136.858742 0.273548 0.075811 0.461366 0.012269 0.536850 0.000608 0.558507
138.766479 0.273596 0.075812 0.461382 0.012269 0.536865 0.000608 0.558559
140.700809 0.273644 0.075813 0.461399 0.012269 0.536880 0.000609 0.558610
142.662102 0.273692 0.075814 0.461415 0.012269 0.536895 0.000609 0.558660
144.650734 0.273738 0.075815 0.461432 0.012269 0.536909 0.000609 0.558709
146.667087 0.273784 0.075816 0.461448 0.012269 0.536923 0.000609 0.558758
148.711546 0.273830 0.075817 0.461464 0.012269 0.536937 0.000609 0.558805
150.784505 0.273874 0.075818 0.461479 0.012270 0.536951 0.000609 0.558852
152.886359 0.273918 0.075819 0.461495 0.012270 0.536965 0.000609 0.558898
155.017512 0.273951 0.075820 0.461510 0.012270 0.536978 0.000609 0.558943
157.178372 0.273964 0.075821 0.461525 0.012270 0.536992 0.000609 0.558987
159.369353 0.273976 0.075822 0.461540 0.012270 0.537005 0.000609 0.559031
161.590875 0.273988 0.075822 0.461555 0.012270 0.537017 0.000609 0.559073
163.843365 0.274000 0.075823 0.461570 0.012270 0.537030 0.000609 0.559115
166.127252 0.274012 0.075824 0.461585 0.012270 0.537043 0.000610 0.559157
168.442976 0.274024 0.075825 0.461675 0.012271 0.537055 0.000610 0.559197
170.790980 0.274035 0.075826 0.461791 0.012271 0.537067 0.000610 0.559237
173.171713 0.274046 0.075827 0.461906 0.012271 0.537079 0.000610 0.559276
175.585633 0.274057 0.075827 0.462019 0.012271 0.537091 0.000610 0.559315
178.033202 0.274068 0.075828 0.462131 0.012271 0.537102 0.000610 0.559353
180.514888 0.274079 0.075829 0.462242 0.012271 0.537114 0.000610 0.559390
183.031168 0.274089 0.075830 0.462352 0.012271 0.537125 0.000610 0.559426
185.582523 0.274100 0.075830 0.462431 0.012271 0.537136 0.000610 0.559462
188.169442 0.274110 0.075831 0.462456 0.012271 0.537147 0.000610 0.559477
190.792422 0.274120 0.075832 0.462481 0.012271 0.537158 0.000610 0.559487
193.451965 0.274130 0.075832 0.462506 0.012272 0.537169 0.000610 0.559496
196.148581 0.274139 0.075833 0.462531 0.012272 0.537179 0.000610 0.559506
198.882786 0.274149 0.075834 0.462555 0.012272 0.537190 0.000610 0.559516
201.655104 0.274158 0.075834 0.462578 0.012272 0.537200 0.000611 0.559525
204.466067 0.274168 0.075835 0.462602 0.012272 0.537210 0.000611 0.559534
207.316213 0.274177 0.075836 0.462625 0.012272 0.537220 0.000611 0.559543
210.206088 0.274186 0.075836 0.462713 0.012272 0.537230 0.000611 0.559552
213.136247 0.274194 0.075837 0.462845 0.012272 0.537239 0.000611 0.559561
216.107251 0.274203 0.075838 0.462975 0.012272 0.537249 0.000611 0.559570
219.119669 0.274212 0.075838 0.463104 0.012272 0.537258 0.000611 0.559579
222.174078 0.274220 0.075839 0.463232 0.012272 0.537267 0.000611 0.559587
225.271064 0.274228 0.075839 0.463358 0.012273 0.537276 0.000611 0.559595
228.411221 0.274236 0.075840 0.463483 0.012273 0.537285 0.000611 0.559604
231.595149 0.274244 0.075841 0.463607 0.012273 0.537294 0.000611 0.559612
234.823460 0.274252 0.075841 0.463729 0.012273 0.537303 0.000611 0.559620
238.096772 0.274260 0.075844 0.463850 0.012273 0.537311 0.000611 0.559627
241.415712 0.274268 0.075849 0.463970 0.012273 0.537320 0.000611 0.559635
244.780916 0.274275 0.075853 0.464088 0.012273 0.537328 0.000611 0.559643
248.193029 0.274283 0.075858 0.464205 0.012273 0.537336 0.000611 0.559650
251.652705 0.274297 0.075863 0.464321 0.012273 0.537345 0.000611 0.559658
255.160607 0.274311 0.075867 0.464426 0.012273 0.537353 0.000611 0.559665
258.717408 0.274325 0.075871 0.464458 0.012273 0.537360 0.000611 0.559672
262.323788 0.274339 0.075876 0.464490 0.012273 0.537368 0.000612 0.559679
265.980440 0.274353 0.075880 0.464521 0.012273 0.537376 0.000612 0.559686
269.688063 0.274354 0.075884 0.464552 0.012273 0.537383 0.000612 0.559693
273.447368 0.274354 0.075888 0.464583 0.012273 0.537391 0.000612 0.559700
277.259076 0.274354 0.075892 0.464614 0.012274 0.537398 0.000612 0.559707
281.123917 0.274354 0.075897 0.464644 0.012274 0.537405 0.000612 0.559713
285.042632 0.274354 0.075901 0.464674 0.012274 0.537412 0.000612 0.559720
289.015972 0.274357 0.075904 0.464703 0.012274 0.537419 0.000612 0.559726
293.044698 0.274363 0.075908 0.464732 0.012274 0.537426 0.000612 0.559732
297.129582 0.274369 0.075912 0.464761 0.012274 0.537433 0.000612 0.559738
301.271407 0.274375 0.075916 0.464790 0.012274 0.537450 0.000612 0.559744
305.470967 0.274380 0.075920 0.464818 0.012274 0.537543 0.000612 0.559750
309.729067 0.274386 0.075923 0.464846 0.012274 0.537634 0.000612 0.559756
314.046522 0.274392 0.075927 0.464874 0.012274 0.537724 0.000612 0.559762
318.424160 0.274397 0.075930 0.464901 0.012274 0.537814 0.000612 0.559768
322.862820 0.274403 0.075934 0.464928 0.012274 0.537902 0.000612 0.559774
327.363353 0.274408 0.075937 0.464955 0.012274 0.537989 0.000612 0.559779
331.926620 0.274413 0.075941 0.464982 0.012274 0.538074 0.000612 0.559785
336.553498 0.274418 0.075944 0.465008 0.012274 0.538159 0.000612 0.559790
341.244871 0.274424 0.075948 0.465034 0.012274 0.538243 0.000612 0.559795
346.001639 0.274449 0.075951 0.465060 0.012274 0.538326 0.000612 0.559801
350.824714 0.274489 0.075954 0.465085 0.012274 0.538408 0.000612 0.559806
355.715021 0.274529 0.075957 0.465110 0.012274 0.538488 0.000612 0.559811
360.673495 0.274569 0.075960 0.465135 0.012274 0.538568 0.000612 0.559816
365.701088 0.274608 0.075964 0.465160 0.012275 0.538647 0.000612 0.559821
370.798763 0.274644 0.075967 0.465184 0.012275 0.538724 0.000612 0.559826
375.967497 0.274654 0.075970 0.465208 0.012275 0.538801 0.000612 0.559830
381.208280 0.274665 0.075973 0.465232 0.012275 0.538877 0.000612 0.559835
386.522116 0.274675 0.075975 0.465256 0.012275 0.538952 0.000613 0.559840
391.910025 0.274685 0.075978 0.465279 0.012275 0.539026 0.000613 0.559844
397.373038 0.274696 0.075981 0.465302 0.012275 0.539099 0.000613 0.559849
402.912203 0.274706 0.075984 0.465325 0.012275 0.539171 0.000613 0.559853
408.528580 0.274715 0.075987 0.465348 0.012275 0.539242 0.000613 0.559858
414.223247 0.274725 0.075990 0.465370 0.012275 0.539312 0.000613 0.559862
419.997295 0.274735 0.075992 0.465408 0.012275 0.539382 0.000613 0.559866
425.851829 0.274744 0.075995 0.465448 0.012275 0.539450 0.000613 0.559870
431.787973 0.274754 0.075997 0.465487 0.012275 0.539518 0.000613 0.559875
437.806863 0.274763 0.076000 0.465526 0.012275 0.539585 0.000613 0.559879
443.909653 0.274772 0.076003 0.465564 0.012275 0.539636 0.000613 0.559883
450.097513 0.274782 0.076005 0.465602 0.012275 0.539636 0.000613 0.559887
456.371628 0.274791 0.076008 0.465640 0.012275 0.539637 0.000613 0.559890
462.733201 0.274800 0.076010 0.465676 0.012275 0.539637 0.000613 0.559894
469.183451 0.274809 0.076012 0.465713 0.012275 0.539637 0.000613 0.559898
475.723614 0.274817 0.076015 0.465748 0.012275 0.539637 0.000613 0.559902
482.354943 0.274826 0.076017 0.465784 0.012275 0.539637 0.000613 0.559905
489.078709 0.274835 0.076019 0.465818 0.012275 0.539637 0.000613 0.559909
495.896201 0.274843 0.076022 0.465853 0.012275 0.539637 0.000613 0.559913
502.808725 0.274851 0.076024 0.465887 0.012275 0.539637 0.000613 0.559916
509.817606 0.274860 0.076026 0.465920 0.012275 0.539637 0.000613 0.559919
516.924187 0.274868 0.076028 0.465953 0.012275 0.539637 0.000613 0.559923
524.129830 0.274876 0.076031 0.465985 0.012275 0.539637 0.000613 0.559926
531.435916 0.274884 0.076033 0.466017 0.012275 0.539637 0.000613 0.559930
538.843844 0.274892 0.076035 0.466049 0.012275 0.539637 0.000613 0.559933
546.355035 0.274900 0.076037 0.466080 0.012275 0.539637 0.000613 0.559936
553.970928 0.274908 0.076039 0.466111 0.012275 0.539637 0.000613 0.559939
561.692982 0.274915 0.076041 0.466141 0.012276 0.539637 0.000613 0.559942
569.522678 0.274923 0.076043 0.466171 0.012276 0.539637 0.000613 0.559945
577.461515 0.274930 0.076045 0.466201 0.012276 0.539637 0.000613 0.559948
585.511016 0.274938 0.076047 0.466230 0.012276 0.539637 0.000613 0.559951
593.672722 0.274945 0.076049 0.466258 0.012276 0.539637 0.000613 0.559954
601.948197 0.274953 0.076050 0.466287 0.012276 0.539637 0.000613 0.559957
610.339029 0.274960 0.076052 0.466314 0.012276 0.539637 0.000613 0.559960
618.846824 0.274967 0.076054 0.466342 0.012276 0.539637 0.000613 0.559963
627.473213 0.274974 0.076056 0.466369 0.012276 0.539638 0.000613 0.559965
636.219849 0.274981 0.076058 0.466396 0.012276 0.539638 0.000613 0.559968
645.088409 0.274988 0.076059 0.466422 0.012276 0.539638 0.000613 0.559971
654.080591 0.274995 0.076061 0.466448 0.012276 0.539638 0.000613 0.559973
663.198120 0.275001 0.076063 0.466474 0.012276 0.539638 0.000613 0.559976
672.442742 0.275008 0.076064 0.466499 0.012276 0.539638 0.000613 0.559979
681.816229 0.275015 0.076066 0.466524 0.012276 0.539638 0.000613 0.559981
691.320378 0.275061 0.076068 0.466549 0.012276 0.539638 0.000613 0.559984
700.957009 0.275107 0.076069 0.466573 0.012276 0.539638 0.000613 0.559986
710.727970 0.275153 0.076071 0.466597 0.012276 0.539638 0.000613 0.559988
720.635132 0.275198 0.076072 0.466621 0.012276 0.539638 0.000613 0.559991
730.680395 0.275243 0.076074 0.466644 0.012276 0.539638 0.000613 0.559993
740.865683 0.275287 0.076076 0.466667 0.012276 0.539638 0.000613 0.559995
751.192949 0.275331 0.076077 0.466689 0.012276 0.539638 0.000613 0.559998
761.664172 0.275375 0.076078 0.466712 0.012276 0.539638 0.000613 0.560000
772.281357 0.275418 0.076080 0.466734 0.012276 0.539638 0.000613 0.560002
783.046540 0.275460 0.076081 0.466755 0.012276 0.539638 0.000613 0.560004
793.961785 0.275503 0.076083 0.466777 0.012276 0.539638 0.000614 0.560006
805.029181 0.275544 0.076084 0.466798 0.012276 0.539638 0.000614 0.560008
816.250851 0.275586 0.076086 0.466819 0.012276 0.539638 0.000614 0.560011
827.628946 0.275627 0.076087 0.466839 0.012276 0.539638 0.000614 0.560013
839.165644 0.275667 0.076088 0.466860 0.012276 0.539638 0.000614 0.560015
850.863158 0.275707 0.076090 0.466867 0.012276 0.539638 0.000614 0.560017
862.723729 0.275747 0.076091 0.466872 0.012276 0.539638 0.000614 0.560018
874.749630 0.275787 0.076092 0.466878 0.012276 0.539638 0.000614 0.560020
886.943166 0.275826 0.076093 0.466883 0.012276 0.539638 0.000614 0.560022
899.306672 0.275864 0.076095 0.466888 0.012276 0.539638 0.000614 0.560042
911.842520 0.275903 0.076096 0.466893 0.012276 0.539638 0.000614 0.560062
924.553110 0.275941 0.076097 0.466898 0.012276 0.539638 0.000614 0.560081
937.440879 0.275978 0.076098 0.466903 0.012276 0.539638 0.000614 0.560101
950.508296 0.276015 0.076099 0.466908 0.012276 0.539638 0.000614 0.560119
963.757866 0.276052 0.076101 0.466913 0.012276 0.539638 0.000614 0.560138
977.192128 0.276088 0.076102 0.466918 0.012276 0.539638 0.000614 0.560157
990.813657 0.276125 0.076103 0.466922 0.012276 0.539638 0.000614 0.560175
1004.625062 0.276151 0.076104 0.466927 0.012276 0.539638 0.000614 0.560193
1018.628990 0.276154 0.076105 0.466931 0.012276 0.539638 0.000614 0.560210
1032.828126 0.276157 0.076106 0.466936 0.012276 0.539638 0.000614 0.560228
1047.225190 0.276159 0.076107 0.466940 0.012276 0.539638 0.000614 0.560245
1061.822941 0.276162 0.076108 0.466945 0.012276 0.539638 0.000614 0.560262
1076.624177 0.276164 0.076109 0.466949 0.012276 0.539638 0.000614 0.560278
1091.631734 0.276167 0.076110 0.466953 0.012276 0.539639 0.000614 0.560295
1106.848489 0.276169 0.076111 0.466957 0.012276 0.539639 0.000614 0.560311
1122.277356 0.276172 0.076112 0.466961 0.012276 0.539639 0.000614 0.560327
1137.921294 0.276174 0.076113 0.466965 0.012276 0.539639 0.000614 0.560343
1153.783300 0.276177 0.076114 0.466969 0.012276 0.539639 0.000614 0.560358
1169.866413 0.276179 0.076115 0.466973 0.012276 0.539639 0.000614 0.560374
1186.173716 0.276181 0.076116 0.466977 0.012276 0.539639 0.000614 0.560389
1202.708335 0.276184 0.076117 0.466980 0.012276 0.539639 0.000614 0.560404
1219.473437 0.276186 0.076118 0.466984 0.012276 0.539639 0.000614 0.560418
1236.472235 0.276188 0.076119 0.466988 0.012276 0.539639 0.000614 0.560433
1253.707987 0.276190 0.076120 0.466991 0.012276 0.539639 0.000614 0.560447
1271.183997 0.276193 0.076121 0.466995 0.012276 0.539639 0.000614 0.560461
1288.903612 0.276195 0.076121 0.466998 0.012276 0.539639 0.000614 0.560475
1306.870230 0.276197 0.076122 0.467002 0.012276 0.539639 0.000614 0.560489
1325.087292 0.276199 0.076123 0.467005 0.012276 0.539639 0.000614 0.560502
1343.558290 0.276201 0.076124 0.467008 0.012276 0.539639 0.000614 0.560516
1362.286764 0.276203 0.076125 0.467012 0.012276 0.539639 0.000614 0.560529
1381.276303 0.276205 0.076126 0.467015 0.012276 0.539639 0.000614 0.560542
1400.530545 0.276207 0.076126 0.467018 0.012276 0.539639 0.000614 0.560555
1420.053182 0.276209 0.076127 0.467021 0.012276 0.539639 0.000614 0.560567
1439.847953 0.276211 0.076128 0.467024 0.012276 0.539639 0.000614 0.560580
1459.918652 0.276213 0.076129 0.467027 0.012276 0.539639 0.000614 0.560592
1480.269127 0.276215 0.076129 0.467030 0.012276 0.539639 0.000614 0.560604
1500.903276 0.276217 0.076130 0.467033 0.012276 0.539639 0.000614 0.560616
1521.825053 0.276219 0.076131 0.467036 0.012276 0.539639 0.000614 0.560628
1543.038469 0.276221 0.076132 0.467039 0.012276 0.539639 0.000614 0.560640
1564.547589 0.276223 0.076132 0.467042 0.012276 0.539639 0.000614 0.560651
1586.356534 0.276225 0.076133 0.467044 0.012276 0.539639 0.000614 0.560662
1608.469483 0.276226 0.076134 0.467047 0.012276 0.539639 0.000614 0.560674
1630.890676 0.276228 0.076134 0.467050 0.012276 0.539639 0.000614 0.560684
1653.624407 0.276230 0.076135 0.467052 0.012276 0.539639 0.000614 0.560695
1676.675035 0.276232 0.076136 0.467055 0.012277 0.539639 0.000614 0.560706
1700.046975 0.276233 0.076136 0.467057 0.012277 0.539639 0.000614 0.560717
1723.744708 0.276235 0.076137 0.467060 0.012277 0.539639 0.000614 0.560727
1747.772774 0.276237 0.076138 0.467062 0.012277 0.539639 0.000614 0.560737
1772.135779 0.276238 0.076138 0.467065 0.012277 0.539639 0.000614 0.560747
1796.838391 0.276240 0.076139 0.467067 0.012277 0.539639 0.000614 0.560757
1821.885343 0.276242 0.076139 0.467070 0.012277 0.539639 0.000614 0.560767
1847.281437 0.276243 0.076140 0.467072 0.012277 0.539639 0.000614 0.560777
1873.031539 0.276245 0.076141 0.467074 0.012277 0.539639 0.000614 0.560786
1899.140582 0.276246 0.076141 0.467076 0.012277 0.539639 0.000614 0.560796
1925.613572 0.276248 0.076142 0.467079 0.012277 0.539639 0.000614 0.560805
1952.455581 0.276249 0.076142 0.467081 0.012277 0.539639 0.000614 0.560814
1979.671753 0.276251 0.076143 0.467083 0.012277 0.539639 0.000614 0.560823
2007.267304 0.276252 0.076143 0.467085 0.012277 0.539639 0.000614 0.560832
2035.247521 0.276254 0.076144 0.467087 0.012277 0.539639 0.000614 0.560841
2063.617768 0.276255 0.076144 0.467089 0.012277 0.539639 0.000614 0.560850
2092.383480 0.276257 0.076145 0.467091 0.012277 0.539639 0.000614 0.560858
2121.550171 0.276258 0.076146 0.467093 0.012277 0.539639 0.000614 0.560867
2151.123430 0.276260 0.076146 0.467095 0.012277 0.539639 0.000614 0.560875
2181.108924 0.276261 0.076147 0.467097 0.012277 0.539639 0.000614 0.560883
2211.512400 0.276262 0.076147 0.467099 0.012277 0.539639 0.000614 0.560891
2242.339683 0.276264 0.076148 0.467101 0.012277 0.539639 0.000614 0.560899
2273.596682 0.276265 0.076148 0.467103 0.012277 0.539639 0.000614 0.560907
2305.289387 0.276266 0.076148 0.467104 0.012277 0.539639 0.000614 0.560915
2337.423871 0.276268 0.076149 0.467106 0.012277 0.539639 0.000614 0.560923
2370.006292 0.276269 0.076149 0.467108 0.012277 0.539639 0.000614 0.560930
2403.042894 0.276270 0.076150 0.467110 0.012277 0.539639 0.000614 0.560938
2436.540009 0.276271 0.076150 0.467111 0.012277 0.539639 0.000614 0.560945
2470.504055 0.276273 0.076151 0.467113 0.012277 0.539639 0.000614 0.560952
2504.941542 0.276274 0.076151 0.467115 0.012277 0.539639 0.000614 0.560959
2539.859069 0.276275 0.076152 0.467116 0.012277 0.539639 0.000614 0.560966
2575.263327 0.276276 0.076152 0.467118 0.012277 0.539639 0.000614 0.560973
2611.161101 0.276277 0.076152 0.467119 0.012277 0.539639 0.000614 0.560980
2647.559271 0.276279 0.076153 0.467121 0.012277 0.539639 0.000614 0.560987
2684.464811 0.276280 0.076153 0.467122 0.012277 0.539639 0.000614 0.560993
2721.884795 0.276281 0.076154 0.467124 0.012277 0.539639 0.000614 0.561000
2759.826392 0.276282 0.076154 0.467125 0.012277 0.539639 0.000614 0.561006
2798.296876 0.276283 0.076154 0.467127 0.012277 0.539639 0.000614 0.561013
2837.303617 0.276284 0.076155 0.467128 0.012277 0.539639 0.000614 0.561019
2876.854090 0.276285 0.076155 0.467130 0.012277 0.539639 0.000614 0.561025
2916.955876 0.276286 0.076156 0.467131 0.012277 0.539639 0.000614 0.561031
2957.616659 0.276287 0.076156 0.467132 0.012277 0.539639 0.000614 0.561038
2998.844231 0.276288 0.076156 0.467134 0.012277 0.539639 0.000614 0.561043
3040.646493 0.276290 0.076157 0.467135 0.012277 0.539639 0.000614 0.561049
3083.031457 0.276291 0.076157 0.467136 0.012277 0.539639 0.000614 0.561055
3126.007243 0.276292 0.076157 0.467138 0.012277 0.539639 0.000614 0.561061
3169.582089 0.276293 0.076158 0.467139 0.012277 0.539639 0.000614 0.561066
3213.764344 0.276294 0.076158 0.467140 0.012277 0.539639 0.000614 0.561072
3258.562476 0.276294 0.076158 0.467141 0.012277 0.539639 0.000614 0.561078
3303.985070 0.276295 0.076159 0.467142 0.012277 0.539639 0.000614 0.561083
3350.040830 0.276296 0.076159 0.467144 0.012277 0.539639 0.000614 0.561088
3396.738582 0.276297 0.076159 0.467145 0.012277 0.539639 0.000614 0.561093
3444.087276 0.276298 0.076160 0.467146 0.012277 0.539639 0.000614 0.561099
3492.095985 0.276299 0.076160 0.467147 0.012277 0.539639 0.000614 0.561104
3540.773909 0.276300 0.076160 0.467148 0.012277 0.539639 0.000614 0.561109
3590.130377 0.276301 0.076161 0.467149 0.012277 0.539639 0.000614 0.561114
3640.174847 0.276302 0.076161 0.467150 0.012277 0.539639 0.000614 0.561119
3690.916911 0.276303 0.076161 0.467151 0.012277 0.539639 0.000614 0.561123
3742.366291 0.276304 0.076162 0.467152 0.012277 0.539639 0.000614 0.561128
3794.532847 0.276304 0.076162 0.467153 0.012277 0.539639 0.000614 0.561133
3847.426577 0.276305 0.076162 0.467155 0.012277 0.539639 0.000614 0.561138
3901.057617 0.276306 0.076162 0.467155 0.012277 0.539639 0.000614 0.561142
3955.436245 0.276307 0.076163 0.467156 0.012277 0.539639 0.000614 0.561147
4010.572881 0.276308 0.076163 0.467157 0.012277 0.539639 0.000614 0.561151
4066.478092 0.276309 0.076163 0.467158 0.012277 0.539639 0.000614 0.561155
4123.162591 0.276309 0.076163 0.467159 0.012277 0.539639 0.000614 0.561160
4180.637241 0.276310 0.076164 0.467160 0.012277 0.539639 0.000614 0.561164
4238.913057 0.276311 0.076164 0.467161 0.012277 0.539639 0.000614 0.561168
4298.001206 0.276312 0.076164 0.467162 0.012277 0.539639 0.000614 0.561172
4357.913012 0.276312 0.076164 0.467163 0.012277 0.539639 0.000614 0.561176
4418.659956 0.276313 0.076165 0.467164 0.012277 0.539639 0.000614 0.561181
4480.253680 0.276314 0.076165 0.467165 0.012277 0.539639 0.000614 0.561185
4542.705986 0.276315 0.076165 0.467165 0.012277 0.539639 0.000614 0.561188
4606.028844 0.276315 0.076165 0.467166 0.012277 0.539639 0.000614 0.561192
4670.234388 0.276316 0.076166 0.467167 0.012277 0.539639 0.000614 0.561196
4735.334923 0.276317 0.076166 0.467168 0.012277 0.539639 0.000614 0.561200
4801.342924 0.276317 0.076166 0.467169 0.012277 0.539639 0.000614 0.561204
4868.271040 0.276318 0.076166 0.467169 0.012277 0.539639 0.000614 0.561207
4936.132098 0.276319 0.076167 0.467170 0.012277 0.539639 0.000614 0.561211
5004.939103 0.276320 0.076167 0.467171 0.012277 0.539639 0.000614 0.561214
5074.705239 0.276320 0.076167 0.467172 0.012277 0.539639 0.000614 0.561218
5145.443878 0.276321 0.076167 0.467172 0.012277 0.539639 0.000614 0.561221
5217.168576 0.276321 0.076167 0.467173 0.012277 0.539639 0.000614 0.561225
5289.893076 0.276322 0.076168 0.467174 0.012277 0.539639 0.000614 0.561228
5363.631317 0.276323 0.076168 0.467175 0.012277 0.539639 0.000614 0.561231
5438.397428 0.276323 0.076168 0.467175 0.012277 0.539639 0.000614 0.561235
5514.205739 0.276324 0.076168 0.467176 0.012277 0.539639 0.000614 0.561238
5591.070777 0.276325 0.076168 0.467177 0.012277 0.539639 0.000614 0.561241
5669.007271 0.276325 0.076169 0.467177 0.012277 0.539639 0.000614 0.561244
5748.030158 0.276326 0.076169 0.467178 0.012277 0.539639 0.000614 0.561247
5828.154581 0.276326 0.076169 0.467179 0.012277 0.539639 0.000614 0.561250
5909.395895 0.276327 0.076169 0.467179 0.012277 0.539639 0.000614 0.561253
5991.769669 0.276328 0.076169 0.467180 0.012277 0.539639 0.000614 0.561256
6075.291689 0.276328 0.076169 0.467180 0.012277 0.539639 0.000614 0.561259
6159.977960 0.276329 0.076170 0.467183 0.012277 0.539639 0.000614 0.561262
6245.844712 0.276329 0.076170 0.467185 0.012277 0.539639 0.000614 0.561265
6332.908400 0.276330 0.076170 0.467188 0.012277 0.539639 0.000614 0.561268
6421.185709 0.276330 0.076170 0.467191 0.012277 0.539639 0.000614 0.561271
6510.693555 0.276331 0.076170 0.467193 0.012277 0.539639 0.000614 0.561273
6601.449093 0.276331 0.076171 0.467196 0.012277 0.539639 0.000614 0.561276
6693.469713 0.276332 0.076171 0.467199 0.012277 0.539639 0.000614 0.561279
6786.773051 0.276332 0.076171 0.467201 0.012277 0.539639 0.000614 0.561281
6881.376986 0.276333 0.076171 0.467204 0.012277 0.539639 0.000614 0.561284
6977.299650 0.276333 0.076171 0.467206 0.012277 0.539639 0.000614 0.561286
7074.559423 0.276334 0.076171 0.467208 0.012277 0.539639 0.000614 0.561289
7173.174944 0.276334 0.076171 0.467211 0.012277 0.539639 0.000614 0.561291
7273.165113 0.276335 0.076172 0.467213 0.012277 0.539639 0.000614 0.561294
7374.549090 0.276335 0.076172 0.467216 0.012277 0.539639 0.000614 0.561296
7477.346305 0.276336 0.076172 0.467218 0.012277 0.539639 0.000614 0.561299
7581.576458 0.276336 0.076172 0.467220 0.012277 0.539639 0.000614 0.561301
7687.259522 0.276337 0.076172 0.467223 0.012277 0.539639 0.000614 0.561303
7794.415750 0.276337 0.076172 0.467225 0.012277 0.539639 0.000614 0.561305
7903.065679 0.276338 0.076172 0.467227 0.012277 0.539639 0.000614 0.561308
8013.230128 0.276338 0.076173 0.467229 0.012277 0.539639 0.000614 0.561310
8124.930211 0.276339 0.076173 0.467232 0.012277 0.539639 0.000614 0.561312
8238.187331 0.276339 0.076173 0.467234 0.012277 0.539639 0.000614 0.561314
8353.023195 0.276339 0.076173 0.467236 0.012277 0.539639 0.000614 0.561316
8469.459808 0.276340 0.076173 0.467238 0.012277 0.539639 0.000614 0.561318
8587.519485 0.276340 0.076173 0.467240 0.012277 0.539639 0.000614 0.561321
8707.224849 0.276341 0.076173 0.467242 0.012277 0.539639 0.000614 0.561323
8828.598841 0.276341 0.076173 0.467244 0.012277 0.539639 0.000614 0.561325
8951.664721 0.276341 0.076174 0.467246 0.012277 0.539639 0.000614 0.561327
9076.446073 0.276342 0.076174 0.467248 0.012277 0.539639 0.000614 0.561329
9202.966809 0.276342 0.076174 0.467250 0.012277 0.539639 0.000614 0.561330
9331.251175 0.276343 0.076174 0.467252 0.012277 0.539639 0.000614 0.561332
9461.323756 0.276343 0.076174 0.467254 0.012277 0.539639 0.000614 0.561334
9593.209478 0.276343 0.076174 0.467256 0.012277 0.539639 0.000614 0.561336
9726.933615 0.276344 0.076174 0.467258 0.012277 0.539639 0.000614 0.561338
9862.521795 0.276344 0.076174 0.467260 0.012277 0.539639 0.000614 0.561340
10000.000000 0.276345 0.076174 0.467262 0.012277 0.539639 0.000614 0.561341
