10.000000 0.000287 0.000133 0.000679 0.000106 0.000933 0.000100 0.000999
10.139395 0.000287 0.000133 0.000679 0.000106 0.000933 0.000100 0.000999
10.280732 0.000287 0.000133 0.000679 0.000106 0.000933 0.000100 0.000999
10.424040 0.000287 0.000133 0.000679 0.000106 0.000933 0.000100 0.000999
10.569346 0.000287 0.000133 0.000679 0.000106 0.000933 0.000100 0.000999
10.716676 0.000287 0.000133 0.000679 0.000106 0.000933 0.000100 0.000999
10.866061 0.000287 0.000133 0.000679 0.000106 0.000933 0.000100 0.000999
11.017528 0.000287 0.000133 0.000679 0.000106 0.000933 0.000100 0.000999
11.171107 0.000287 0.000133 0.000679 0.000106 0.000933 0.000100 0.000999
11.326826 0.000287 0.000133 0.000679 0.000106 0.000933 0.000100 0.000999
11.484715 0.000287 0.000133 0.000679 0.000106 0.000933 0.000100 0.000999
11.644806 0.000287 0.000133 0.000679 0.000106 0.000933 0.000100 0.000999
11.807128 0.000287 0.000133 0.000679 0.000106 0.000933 0.000100 0.000999
11.971713 0.000287 0.000133 0.000679 0.000106 0.000933 0.000100 0.000999
12.138593 0.000287 0.000133 0.000679 0.000106 0.000933 0.000100 0.000999
12.307798 0.000287 0.000133 0.000679 0.000106 0.000933 0.000100 0.000999
12.479362 0.000287 0.000133 0.000679 0.000106 0.000933 0.000100 0.000999
12.653318 0.000287 0.000133 0.000679 0.000106 0.000933 0.000100 0.000999
12.829698 0.000287 0.000133 0.000679 0.000106 0.000933 0.000100 0.000999
13.008537 0.000287 0.000133 0.000679 0.000106 0.000933 0.000100 0.000999
13.189869 0.000287 0.000133 0.000679 0.000106 0.000933 0.000100 0.000999
13.373729 0.000287 0.000133 0.000679 0.000106 0.000933 0.000100 0.000999
13.560151 0.000287 0.000133 0.000679 0.000106 0.000933 0.000100 0.000999
13.749172 0.000287 0.000133 0.000679 0.000106 0.000933 0.000100 0.000999
13.940828 0.000287 0.000133 0.000679 0.000106 0.000933 0.000100 0.000999
14.135156 0.000287 0.000133 0.000679 0.000106 0.000933 0.000100 0.000999
14.332192 0.000287 0.000133 0.000679 0.000106 0.000933 0.000100 0.000999
14.531975 0.000287 0.000133 0.000679 0.000106 0.000933 0.000100 0.000999
14.734543 0.000287 0.000133 0.000679 0.000106 0.000933 0.000100 0.000999
14.939935 0.000287 0.000133 0.000679 0.000106 0.000933 0.000100 0.000999
15.148189 0.000287 0.000133 0.000679 0.000106 0.000933 0.000100 0.000999
15.359347 0.000287 0.000133 0.000679 0.000106 0.000933 0.000100 0.000999
15.573448 0.000287 0.000133 0.000679 0.000106 0.000933 0.000100 0.000999
15.790533 0.000287 0.000133 0.000679 0.000106 0.000933 0.000100 0.000999
16.010645 0.000287 0.000133 0.000679 0.000106 0.000933 0.000100 0.000999
16.233824 0.000287 0.000133 0.000679 0.000106 0.000933 0.000100 0.000999
16.460115 0.000287 0.000133 0.000679 0.000106 0.000933 0.000100 0.000999
16.689560 0.000287 0.000133 0.000679 0.000106 0.000933 0.000100 0.000999
16.922204 0.000287 0.000133 0.000679 0.000106 0.000933 0.000100 0.000999
17.158090 0.000287 0.000133 0.000679 0.000106 0.000933 0.000100 0.000999
17.397264 0.000287 0.000133 0.000679 0.000106 0.000933 0.000100 0.000999
17.639773 0.000287 0.000133 0.000679 0.000106 0.000933 0.000100 0.000999
17.885662 0.000287 0.000133 0.000679 0.000106 0.000933 0.000100 0.000999
18.134978 0.000287 0.000133 0.000679 0.000106 0.000933 0.000100 0.000999
18.387770 0.000287 0.000133 0.000679 0.000106 0.000933 0.000100 0.000999
18.644085 0.000287 0.000133 0.000679 0.000106 0.000933 0.000100 0.000999
18.903974 0.000287 0.000133 0.000679 0.000106 0.000933 0.000100 0.000999
19.167485 0.000287 0.000133 0.000679 0.000106 0.000933 0.000100 0.000999
19.434669 0.000287 0.000133 0.000679 0.000106 0.000933 0.000100 0.000999
19.705578 0.000287 0.000133 0.000679 0.000106 0.000933 0.000100 0.000999
19.980263 0.000287 0.000133 0.000679 0.000106 0.000933 0.000100 0.000999
20.258777 0.000287 0.000133 0.000679 0.000106 0.000933 0.000100 0.000999
20.541173 0.000287 0.000133 0.000679 0.000106 0.000933 0.000100 0.000999
20.827506 0.000287 0.000133 0.000679 0.000106 0.000933 0.000100 0.000999
21.117830 0.000287 0.000133 0.000679 0.000106 0.000933 0.000100 0.000999
21.412202 0.000287 0.000133 0.000679 0.000106 0.000933 0.000100 0.000999
21.710676 0.000287 0.000133 0.000679 0.000106 0.000933 0.000100 0.000999
22.013311 0.000287 0.000133 0.000679 0.000106 0.000933 0.000100 0.000999
22.320165 0.000287 0.000133 0.000679 0.000106 0.000933 0.000100 0.000999
22.631296 0.000287 0.000133 0.000679 0.000106 0.000933 0.000100 0.000999
22.946764 0.000287 0.000133 0.000679 0.000106 0.000933 0.000100 0.000999
23.266629 0.000287 0.000133 0.000679 0.000106 0.000933 0.000100 0.000999
23.590953 0.000287 0.000133 0.000679 0.000106 0.000933 0.000100 0.000999
23.919798 0.000287 0.000133 0.000679 0.000106 0.000933 0.000100 0.000999
24.253227 0.000287 0.000133 0.000679 0.000106 0.000933 0.000100 0.000999
24.591304 0.000287 0.000133 0.000679 0.000106 0.000933 0.000100 0.000999
24.934094 0.000287 0.000133 0.000679 0.000106 0.000933 0.000100 0.000999
25.281661 0.000287 0.000133 0.000679 0.000106 0.000933 0.000100 0.000999
25.634074 0.000287 0.000133 0.000679 0.000106 0.000933 0.000100 0.000999
25.991399 0.000287 0.000133 0.000679 0.000106 0.000933 0.000100 0.000999
26.353705 0.000287 0.000133 0.000679 0.000106 0.000933 0.000100 0.000999
26.721062 0.000287 0.000133 0.000679 0.000106 0.000933 0.000100 0.000999
27.093539 0.000287 0.000133 0.000679 0.000106 0.000933 0.000100 0.000999
27.471208 0.000287 0.000133 0.000679 0.000106 0.000933 0.000100 0.000999
27.854142 0.000287 0.000133 0.000679 0.000106 0.000933 0.000100 0.000999
28.242413 0.000287 0.000133 0.000679 0.000106 0.000933 0.000100 0.000999
28.636097 0.000287 0.000133 0.000679 0.000106 0.000933 0.000100 0.000999
29.035269 0.000287 0.000133 0.000679 0.000106 0.000933 0.000100 0.000999
29.440005 0.000287 0.000133 0.000679 0.000106 0.000933 0.000100 0.000999
29.850382 0.000287 0.000133 0.000679 0.000106 0.000933 0.000100 0.000999
30.266481 0.000287 0.000133 0.000679 0.000106 0.000933 0.000100 0.000999
30.688379 0.000287 0.000133 0.000679 0.000106 0.000933 0.000100 0.000999
31.116158 0.000287 0.000133 0.000679 0.000106 0.000933 0.000100 0.000999
31.549901 0.000287 0.000133 0.000679 0.000106 0.000933 0.000100 0.000999
31.989689 0.000287 0.000133 0.000679 0.000106 0.000933 0.000100 0.000999
32.435608 0.000287 0.000133 0.000679 0.000106 0.000933 0.000100 0.000999
32.887743 0.000287 0.000133 0.000679 0.000106 0.000933 0.000100 0.000999
33.346180 0.000287 0.000133 0.000679 0.000106 0.000933 0.000100 0.000999
33.811008 0.000287 0.000133 0.000679 0.000106 0.000933 0.000100 0.000999
34.282315 0.000287 0.000133 0.000679 0.000106 0.000933 0.000100 0.000999
34.760192 0.000287 0.000133 0.000679 0.000106 0.000933 0.000100 0.000999
35.244730 0.000287 0.000133 0.000679 0.000106 0.000933 0.000100 0.000999
35.736022 0.000287 0.000133 0.000679 0.000106 0.000933 0.000100 0.000999
36.234163 0.000287 0.000133 0.000679 0.000106 0.000933 0.000100 0.000999
36.739248 0.000287 0.000133 0.000679 0.000106 0.000933 0.000100 0.000999
37.251373 0.000287 0.000133 0.000679 0.000106 0.000933 0.000100 0.000999
37.770637 0.000287 0.000133 0.000679 0.000106 0.000933 0.000100 0.000999
38.297139 0.000287 0.000133 0.000679 0.000106 0.000933 0.000100 0.000999
38.830980 0.000287 0.000133 0.000679 0.000106 0.000933 0.000100 0.000999
39.372263 0.000287 0.000133 0.000679 0.000106 0.000933 0.000100 0.000999
39.921091 0.000287 0.000133 0.000679 0.000106 0.000933 0.000100 0.000999
40.477570 0.000287 0.000133 0.000679 0.000106 0.000933 0.000100 0.000999
41.041805 0.000287 0.000133 0.000679 0.000106 0.000933 0.000100 0.000999
41.613906 0.000287 0.000133 0.000679 0.000106 0.000933 0.000100 0.000999
42.193981 0.000287 0.000133 0.000679 0.000106 0.000933 0.000100 0.000999
42.782142 0.000287 0.000133 0.000679 0.000106 0.000933 0.000100 0.000999
43.378502 0.000287 0.000133 0.000679 0.000106 0.000933 0.000100 0.000999
43.983175 0.000287 0.000133 0.000679 0.000106 0.000933 0.000100 0.000999
44.596276 0.000287 0.000133 0.000679 0.000106 0.000933 0.000100 0.000999
45.217924 0.000287 0.000133 0.000679 0.000106 0.000933 0.000100 0.000999
45.848238 0.000287 0.000133 0.000679 0.000106 0.000933 0.000100 0.000999
46.487337 0.000287 0.000133 0.000679 0.000106 0.000933 0.000100 0.000999
47.135345 0.000287 0.000133 0.000679 0.000106 0.000933 0.000100 0.000999
47.792386 0.000287 0.000133 0.000679 0.000106 0.000933 0.000100 0.000999
48.458586 0.000287 0.000133 0.000679 0.000106 0.000933 0.000100 0.000999
49.134073 0.000287 0.000133 0.000679 0.000106 0.000933 0.000100 0.000999
49.818975 0.000287 0.000133 0.000679 0.000106 0.000933 0.000100 0.000999
50.513425 0.000287 0.000133 0.000679 0.000106 0.000933 0.000100 0.000999
51.217554 0.000287 0.000133 0.000679 0.000106 0.000933 0.000100 0.000999
51.931499 0.000287 0.000133 0.000679 0.000106 0.000933 0.000100 0.000999
52.655396 0.000287 0.000133 0.000679 0.000106 0.000933 0.000100 0.000999
53.389384 0.000287 0.000133 0.000679 0.000106 0.000933 0.000100 0.000999
54.133603 0.000287 0.000133 0.000679 0.000106 0.000933 0.000100 0.000999
54.888196 0.000287 0.000133 0.000679 0.000106 0.000933 0.000100 0.000999
55.653308 0.000287 0.000133 0.000679 0.000106 0.000933 0.000100 0.000999
56.429085 0.000287 0.000133 0.000679 0.000106 0.000933 0.000100 0.000999
57.215676 0.000287 0.000133 0.000679 0.000106 0.000933 0.000100 0.000999
58.013231 0.000287 0.000133 0.000679 0.000106 0.000933 0.000100 0.000999
58.821904 0.000287 0.000133 0.000679 0.000106 0.000933 0.000100 0.000999
59.641849 0.000287 0.000133 0.000679 0.000106 0.000933 0.000100 0.000999
60.473224 0.000287 0.000133 0.000679 0.000106 0.000933 0.000100 0.000999
61.316188 0.000287 0.000133 0.000679 0.000106 0.000933 0.000100 0.000999
62.170903 0.000287 0.000133 0.000679 0.000106 0.000933 0.000100 0.000999
63.037532 0.000287 0.000133 0.000679 0.000106 0.000933 0.000100 0.000999
63.916241 0.000287 0.000133 0.000679 0.000106 0.000933 0.000100 0.000999
64.807198 0.000287 0.000133 0.000679 0.000106 0.000933 0.000100 0.000999
65.710575 0.000287 0.000133 0.000679 0.000106 0.000933 0.000100 0.000999
66.626545 0.000287 0.000133 0.000679 0.000106 0.000933 0.000100 0.000999
67.555283 0.000287 0.000133 0.000679 0.000106 0.000933 0.000100 0.000999
68.496967 0.000287 0.000133 0.000679 0.000106 0.000933 0.000100 0.000999
69.451778 0.000287 0.000133 0.000679 0.000106 0.000933 0.000100 0.000999
70.419898 0.000287 0.000133 0.000679 0.000106 0.000933 0.000100 0.000999
71.401513 0.000287 0.000133 0.000679 0.000106 0.000933 0.000100 0.000999
72.396811 0.000287 0.000133 0.000679 0.000106 0.000933 0.000100 0.000999
73.405984 0.000287 0.000133 0.000679 0.000106 0.000933 0.000100 0.000999
74.429223 0.000287 0.000133 0.000679 0.000106 0.000933 0.000100 0.000999
75.466726 0.000287 0.000133 0.000679 0.000106 0.000933 0.000100 0.000999
76.518692 0.000287 0.000133 0.000679 0.000106 0.000933 0.000100 0.000999
77.585321 0.000287 0.000133 0.000679 0.000106 0.000933 0.000100 0.000999
78.666818 0.000287 0.000133 0.000679 0.000106 0.000933 0.000100 0.000999
79.763391 0.000287 0.000133 0.000679 0.000106 0.000933 0.000100 0.000999
80.875249 0.000287 0.000133 0.000679 0.000106 0.000933 0.000100 0.000999
82.002606 0.000287 0.000133 0.000679 0.000106 0.000933 0.000100 0.000999
83.145678 0.000287 0.000133 0.000679 0.000106 0.000933 0.000100 0.000999
84.304684 0.000287 0.000133 0.000679 0.000106 0.000933 0.000100 0.000999
85.479845 0.000287 0.000133 0.000679 0.000106 0.000933 0.000100 0.000999
86.671388 0.000287 0.000133 0.000679 0.000106 0.000933 0.000100 0.000999
87.879540 0.000287 0.000133 0.000679 0.000106 0.000933 0.000100 0.000999
89.104533 0.000287 0.000133 0.000679 0.000106 0.000933 0.000100 0.000999
90.346602 0.000287 0.000133 0.000679 0.000106 0.000933 0.000100 0.000999
91.605985 0.000287 0.000133 0.000679 0.000106 0.000933 0.000100 0.000999
92.882923 0.000287 0.000133 0.000679 0.000106 0.000933 0.000100 0.000999
94.177660 0.000287 0.000133 0.000679 0.000106 0.000933 0.000100 0.000999
95.490446 0.000287 0.000133 0.000679 0.000106 0.000933 0.000100 0.000999
96.821531 0.000287 0.000133 0.000679 0.000106 0.000933 0.000100 0.000999
98.171170 0.000287 0.000133 0.000679 0.000106 0.000933 0.000100 0.000999
99.539623 0.000287 0.000133 0.000679 0.000106 0.000933 0.000100 0.000999
100.927151 0.000287 0.000133 0.000679 0.000106 0.000933 0.000100 0.000999
102.334021 0.000287 0.000133 0.000679 0.000106 0.000933 0.000100 0.000999
103.760502 0.000287 0.000133 0.000679 0.000106 0.000933 0.000100 0.000999
105.206867 0.000287 0.000133 0.000679 0.000106 0.000933 0.000100 0.000999
106.673394 0.000287 0.000133 0.000679 0.000106 0.000933 0.000100 0.000999
108.160363 0.000287 0.000133 0.000679 0.000106 0.000933 0.000100 0.000999
109.668060 0.000287 0.000133 0.000679 0.000106 0.000933 0.000100 0.000999
111.196773 0.000287 0.000133 0.000679 0.000106 0.000933 0.000100 0.000999
112.746796 0.000287 0.000133 0.000679 0.000106 0.000933 0.000100 0.000999
114.318425 0.000287 0.000133 0.000679 0.000106 0.000933 0.000100 0.000999
115.911962 0.000287 0.000133 0.000679 0.000106 0.000933 0.000100 0.000999
117.527712 0.000287 0.000133 0.000679 0.000106 0.000933 0.000100 0.000999
119.165984 0.000287 0.000133 0.000679 0.000106 0.000933 0.000100 0.000999
120.827094 0.000287 0.000133 0.000679 0.000106 0.000933 0.000100 0.000999
122.511358 0.000287 0.000133 0.000679 0.000106 0.000933 0.000100 0.000999
124.219100 0.000287 0.000133 0.000679 0.000106 0.000933 0.000100 0.000999
125.950646 0.000287 0.000133 0.000679 0.000106 0.000933 0.000100 0.000999
127.706330 0.000287 0.000133 0.000679 0.000106 0.000933 0.000100 0.000999
129.486487 0.000287 0.000133 0.000679 0.000106 0.000933 0.000100 0.000999
131.291459 0.000287 0.000133 0.000679 0.000106 0.000933 0.000100 0.000999
133.121590 0.000287 0.000133 0.000679 0.000106 0.000933 0.000100 0.000999
134.977233 0.000287 0.000133 0.000679 0.000106 0.000933 0.000100 0.000999
136.858742 0.000287 0.000133 0.000679 0.000106 0.000933 0.000100 0.000999
138.766479 0.000287 0.000133 0.000679 0.000106 0.000933 0.000100 0.000999
140.700809 0.000287 0.000133 0.000679 0.000106 0.000933 0.000100 0.000999
142.662102 0.000287 0.000133 0.000679 0.000106 0.000933 0.000100 0.000999
144.650734 0.000287 0.000133 0.000679 0.000106 0.000933 0.000100 0.000999
146.667087 0.000287 0.000133 0.000679 0.000106 0.000933 0.000100 0.000999
148.711546 0.000287 0.000133 0.000679 0.000106 0.000933 0.000100 0.000999
150.784505 0.000287 0.000133 0.000679 0.000106 0.000933 0.000100 0.000999
152.886359 0.000287 0.000133 0.000679 0.000106 0.000933 0.000100 0.000999
155.017512 0.000287 0.000133 0.000679 0.000106 0.000933 0.000100 0.000999
157.178372 0.000287 0.000133 0.000679 0.000106 0.000933 0.000100 0.000999
159.369353 0.000287 0.000133 0.000679 0.000106 0.000933 0.000100 0.000999
161.590875 0.000287 0.000133 0.000679 0.000106 0.000933 0.000100 0.000999
163.843365 0.000287 0.000133 0.000679 0.000106 0.000933 0.000100 0.000999
166.127252 0.000287 0.000133 0.000679 0.000106 0.000933 0.000100 0.000999
168.442976 0.000287 0.000133 0.000679 0.000106 0.000933 0.000100 0.000999
170.790980 0.000287 0.000133 0.000679 0.000106 0.000933 0.000100 0.000999
173.171713 0.000287 0.000133 0.000679 0.000106 0.000933 0.000100 0.000999
175.585633 0.000287 0.000133 0.000679 0.000106 0.000933 0.000100 0.000999
178.033202 0.000287 0.000133 0.000679 0.000106 0.000933 0.000100 0.000999
180.514888 0.000287 0.000133 0.000679 0.000106 0.000933 0.000100 0.000999
183.031168 0.000287 0.000133 0.000679 0.000106 0.000933 0.000100 0.000999
185.582523 0.000287 0.000133 0.000679 0.000106 0.000933 0.000100 0.000999
188.169442 0.000287 0.000133 0.000679 0.000106 0.000933 0.000100 0.000999
190.792422 0.000287 0.000133 0.000679 0.000106 0.000933 0.000100 0.000999
193.451965 0.000287 0.000133 0.000679 0.000106 0.000933 0.000100 0.000999
196.148581 0.000287 0.000133 0.000679 0.000106 0.000933 0.000100 0.000999
198.882786 0.000287 0.000133 0.000679 0.000106 0.000933 0.000100 0.000999
201.655104 0.000287 0.000133 0.000679 0.000106 0.000933 0.000100 0.000999
204.466067 0.000287 0.000133 0.000679 0.000106 0.000933 0.000100 0.000999
207.316213 0.000287 0.000133 0.000679 0.000106 0.000933 0.000100 0.000999
210.206088 0.000287 0.000133 0.000679 0.000106 0.000933 0.000100 0.000999
213.136247 0.000287 0.000133 0.000679 0.000106 0.000933 0.000100 0.000999
216.107251 0.000287 0.000133 0.000679 0.000106 0.000933 0.000100 0.000999
219.119669 0.000287 0.000133 0.000679 0.000106 0.000933 0.000100 0.000999
222.174078 0.000287 0.000133 0.000679 0.000106 0.000933 0.000100 0.000999
225.271064 0.000287 0.000133 0.000679 0.000106 0.000933 0.000100 0.000999
228.411221 0.000287 0.000133 0.000679 0.000106 0.000933 0.000100 0.000999
231.595149 0.000287 0.000133 0.000679 0.000106 0.000933 0.000100 0.000999
234.823460 0.000287 0.000133 0.000679 0.000106 0.000933 0.000100 0.000999
238.096772 0.000287 0.000133 0.000679 0.000106 0.000933 0.000100 0.000999
241.415712 0.000287 0.000133 0.000679 0.000106 0.000933 0.000100 0.000999
244.780916 0.000287 0.000133 0.000679 0.000106 0.000933 0.000100 0.000999
248.193029 0.000287 0.000133 0.000679 0.000106 0.000933 0.000100 0.000999
251.652705 0.000287 0.000133 0.000679 0.000106 0.000933 0.000100 0.000999
255.160607 0.000287 0.000133 0.000679 0.000106 0.000933 0.000100 0.000999
258.717408 0.000287 0.000133 0.000679 0.000106 0.000933 0.000100 0.000999
262.323788 0.000287 0.000133 0.000679 0.000106 0.000933 0.000100 0.000999
265.980440 0.000287 0.000133 0.000679 0.000106 0.000933 0.000100 0.000999
269.688063 0.000287 0.000133 0.000679 0.000106 0.000933 0.000100 0.000999
273.447368 0.000287 0.000133 0.000679 0.000106 0.000933 0.000100 0.000999
277.259076 0.000287 0.000133 0.000679 0.000106 0.000933 0.000100 0.000999
281.123917 0.000287 0.000133 0.000679 0.000106 0.000933 0.000100 0.000999
285.042632 0.000287 0.000133 0.000679 0.000106 0.000933 0.000100 0.000999
289.015972 0.000287 0.000133 0.000679 0.000106 0.000933 0.000100 0.000999
293.044698 0.000287 0.000133 0.000679 0.000106 0.000933 0.000100 0.000999
297.129582 0.000287 0.000133 0.000679 0.000106 0.000933 0.000100 0.000999
301.271407 0.000287 0.000133 0.000679 0.000106 0.000933 0.000100 0.000999
305.470967 0.000287 0.000133 0.000679 0.000106 0.000933 0.000100 0.000999
309.729067 0.000287 0.000133 0.000679 0.000106 0.000933 0.000100 0.000999
314.046522 0.000287 0.000133 0.000679 0.000106 0.000933 0.000100 0.000999
318.424160 0.000287 0.000133 0.000679 0.000106 0.000933 0.000100 0.000999
322.862820 0.000287 0.000133 0.000679 0.000106 0.000933 0.000100 0.000999
327.363353 0.000287 0.000133 0.000679 0.000106 0.000933 0.000100 0.000999
331.926620 0.000287 0.000133 0.000679 0.000106 0.000933 0.000100 0.000999
336.553498 0.000287 0.000133 0.000679 0.000106 0.000933 0.000100 0.000999
341.244871 0.000287 0.000133 0.000679 0.000106 0.000933 0.000100 0.000999
346.001639 0.000287 0.000133 0.000679 0.000106 0.000933 0.000100 0.000999
350.824714 0.000287 0.000133 0.000679 0.000106 0.000933 0.000100 0.000999
355.715021 0.000287 0.000133 0.000679 0.000106 0.000933 0.000100 0.000999
360.673495 0.000287 0.000133 0.000679 0.000106 0.000933 0.000100 0.000999
365.701088 0.000287 0.000133 0.000679 0.000106 0.000933 0.000100 0.000999
370.798763 0.000287 0.000133 0.000679 0.000106 0.000933 0.000100 0.000999
375.967497 0.000287 0.000133 0.000679 0.000106 0.000933 0.000100 0.000999
381.208280 0.000287 0.000133 0.000679 0.000106 0.000933 0.000100 0.000999
386.522116 0.000287 0.000133 0.000679 0.000106 0.000933 0.000100 0.000999
391.910025 0.000287 0.000133 0.000679 0.000106 0.000933 0.000100 0.000999
397.373038 0.000287 0.000133 0.000679 0.000106 0.000933 0.000100 0.000999
402.912203 0.000287 0.000133 0.000679 0.000106 0.000933 0.000100 0.000999
408.528580 0.000287 0.000133 0.000679 0.000106 0.000933 0.000100 0.000999
414.223247 0.000287 0.000133 0.000679 0.000106 0.000933 0.000100 0.000999
419.997295 0.000287 0.000133 0.000679 0.000106 0.000933 0.000100 0.000999
425.851829 0.000287 0.000133 0.000679 0.000106 0.000933 0.000100 0.000999
431.787973 0.000287 0.000133 0.000679 0.000106 0.000933 0.000100 0.000999
437.806863 0.000287 0.000133 0.000679 0.000106 0.000933 0.000100 0.000999
443.909653 0.000287 0.000133 0.000679 0.000106 0.000933 0.000100 0.000999
450.097513 0.000287 0.000133 0.000679 0.000106 0.000933 0.000100 0.000999
456.371628 0.000287 0.000133 0.000679 0.000106 0.000933 0.000100 0.000999
462.733201 0.000287 0.000133 0.000679 0.000106 0.000933 0.000100 0.000999
469.183451 0.000287 0.000133 0.000679 0.000106 0.000933 0.000100 0.000999
475.723614 0.000287 0.000133 0.000679 0.000106 0.000933 0.000100 0.000999
482.354943 0.000287 0.000133 0.000679 0.000106 0.000933 0.000100 0.000999
489.078709 0.000287 0.000133 0.000679 0.000106 0.000933 0.000100 0.000999
495.896201 0.000287 0.000133 0.000679 0.000106 0.000933 0.000100 0.000999
502.808725 0.000287 0.000133 0.000679 0.000106 0.000933 0.000100 0.000999
509.817606 0.000287 0.000133 0.000679 0.000106 0.000933 0.000100 0.000999
516.924187 0.000287 0.000133 0.000679 0.000106 0.000933 0.000100 0.000999
524.129830 0.000287 0.000133 0.000679 0.000106 0.000933 0.000100 0.000999
531.435916 0.000287 0.000133 0.000679 0.000106 0.000933 0.000100 0.000999
538.843844 0.000287 0.000133 0.000679 0.000106 0.000933 0.000100 0.000999
546.355035 0.000287 0.000133 0.000679 0.000106 0.000933 0.000100 0.000999
553.970928 0.000287 0.000133 0.000679 0.000106 0.000933 0.000100 0.000999
561.692982 0.000287 0.000133 0.000679 0.000106 0.000933 0.000100 0.000999
569.522678 0.000287 0.000133 0.000679 0.000106 0.000933 0.000100 0.000999
577.461515 0.000287 0.000133 0.000679 0.000106 0.000933 0.000100 0.000999
585.511016 0.000287 0.000133 0.000679 0.000106 0.000933 0.000100 0.000999
593.672722 0.000287 0.000133 0.000679 0.000106 0.000933 0.000100 0.000999
601.948197 0.000287 0.000133 0.000679 0.000106 0.000933 0.000100 0.000999
610.339029 0.000287 0.000133 0.000679 0.000106 0.000933 0.000100 0.000999
618.846824 0.000287 0.000133 0.000679 0.000106 0.000933 0.000100 0.000999
627.473213 0.000287 0.000133 0.000679 0.000106 0.000933 0.000100 0.000999
636.219849 0.000287 0.000133 0.000679 0.000106 0.000933 0.000100 0.000999
645.088409 0.000287 0.000133 0.000679 0.000106 0.000933 0.000100 0.000999
654.080591 0.000287 0.000133 0.000679 0.000106 0.000933 0.000100 0.000999
663.198120 0.000287 0.000133 0.000679 0.000106 0.000933 0.000100 0.000999
672.442742 0.000287 0.000133 0.000679 0.000106 0.000933 0.000100 0.000999
681.816229 0.000287 0.000133 0.000679 0.000106 0.000933 0.000100 0.000999
691.320378 0.000287 0.000133 0.000679 0.000106 0.000933 0.000100 0.000999
700.957009 0.000287 0.000133 0.000679 0.000106 0.000933 0.000100 0.000999
710.727970 0.000287 0.000133 0.000679 0.000106 0.000933 0.000100 0.000999
720.635132 0.000287 0.000133 0.000679 0.000106 0.000933 0.000100 0.000999
730.680395 0.000287 0.000133 0.000679 0.000106 0.000933 0.000100 0.000999
740.865683 0.000287 0.000133 0.000679 0.000106 0.000933 0.000100 0.000999
751.192949 0.000287 0.000133 0.000679 0.000106 0.000933 0.000100 0.000999
761.664172 0.000287 0.000133 0.000679 0.000106 0.000933 0.000100 0.000999
772.281357 0.000287 0.000133 0.000679 0.000106 0.000933 0.000100 0.000999
783.046540 0.000287 0.000133 0.000679 0.000106 0.000933 0.000100 0.000999
793.961785 0.000287 0.000133 0.000679 0.000106 0.000933 0.000100 0.000999
805.029181 0.000287 0.000133 0.000679 0.000106 0.000933 0.000100 0.000999
816.250851 0.000287 0.000133 0.000679 0.000106 0.000933 0.000100 0.000999
827.628946 0.000287 0.000133 0.000679 0.000106 0.000933 0.000100 0.000999
839.165644 0.000287 0.000133 0.000679 0.000106 0.000933 0.000100 0.000999
850.863158 0.000287 0.000133 0.000679 0.000106 0.000933 0.000100 0.000999
862.723729 0.000287 0.000133 0.000679 0.000106 0.000933 0.000100 0.000999
874.749630 0.000287 0.000133 0.000679 0.000106 0.000933 0.000100 0.000999
886.943166 0.000287 0.000133 0.000679 0.000106 0.000933 0.000100 0.000999
899.306672 0.000287 0.000133 0.000679 0.000106 0.000933 0.000100 0.000999
911.842520 0.000287 0.000133 0.000679 0.000106 0.000933 0.000100 0.000999
924.553110 0.000287 0.000133 0.000679 0.000106 0.000933 0.000100 0.000999
937.440879 0.000287 0.000133 0.000679 0.000106 0.000933 0.000100 0.000999
950.508296 0.000287 0.000133 0.000679 0.000106 0.000933 0.000100 0.000999
963.757866 0.000287 0.000133 0.000679 0.000106 0.000933 0.000100 0.000999
977.192128 0.000287 0.000133 0.000679 0.000106 0.000933 0.000100 0.000999
990.813657 0.000287 0.000133 0.000679 0.000106 0.000933 0.000100 0.000999
1004.625062 0.000287 0.000133 0.000679 0.000106 0.000933 0.000100 0.000999
1018.628990 0.000287 0.000133 0.000679 0.000106 0.000933 0.000100 0.000999
1032.828126 0.000287 0.000133 0.000679 0.000106 0.000933 0.000100 0.000999
1047.225190 0.000287 0.000133 0.000679 0.000106 0.000933 0.000100 0.000999
1061.822941 0.000287 0.000133 0.000679 0.000106 0.000933 0.000100 0.000999
1076.624177 0.000287 0.000133 0.000679 0.000106 0.000933 0.000100 0.000999
1091.631734 0.000287 0.000133 0.000679 0.000106 0.000933 0.000100 0.000999
1106.848489 0.000287 0.000133 0.000679 0.000106 0.000933 0.000100 0.000999
1122.277356 0.000287 0.000133 0.000679 0.000106 0.000933 0.000100 0.000999
1137.921294 0.000287 0.000133 0.000679 0.000106 0.000933 0.000100 0.000999
1153.783300 0.000287 0.000133 0.000679 0.000106 0.000933 0.000100 0.000999
1169.866413 0.000287 0.000133 0.000679 0.000106 0.000933 0.000100 0.000999
1186.173716 0.000287 0.000133 0.000679 0.000106 0.000933 0.000100 0.000999
1202.708335 0.000287 0.000133 0.000679 0.000106 0.000933 0.000100 0.000999
1219.473437 0.000287 0.000133 0.000679 0.000106 0.000933 0.000100 0.000999
1236.472235 0.000287 0.000133 0.000679 0.000106 0.000933 0.000100 0.000999
1253.707987 0.000287 0.000133 0.000679 0.000106 0.000933 0.000100 0.000999
1271.183997 0.000287 0.000133 0.000679 0.000106 0.000933 0.000100 0.000999
1288.903612 0.000287 0.000133 0.000679 0.000106 0.000933 0.000100 0.000999
1306.870230 0.000287 0.000133 0.000679 0.000106 0.000933 0.000100 0.000999
1325.087292 0.000287 0.000133 0.000679 0.000106 0.000933 0.000100 0.000999
1343.558290 0.000287 0.000133 0.000679 0.000106 0.000933 0.000100 0.000999
1362.286764 0.000287 0.000133 0.000679 0.000106 0.000933 0.000100 0.000999
1381.276303 0.000287 0.000133 0.000679 0.000106 0.000933 0.000100 0.000999
1400.530545 0.000287 0.000133 0.000679 0.000106 0.000933 0.000100 0.000999
1420.053182 0.000287 0.000133 0.000679 0.000106 0.000933 0.000100 0.000999
1439.847953 0.000287 0.000133 0.000679 0.000106 0.000933 0.000100 0.000999
1459.918652 0.000287 0.000133 0.000679 0.000106 0.000933 0.000100 0.000999
1480.269127 0.000287 0.000133 0.000679 0.000106 0.000933 0.000100 0.000999
1500.903276 0.000287 0.000133 0.000679 0.000106 0.000933 0.000100 0.000999
1521.825053 0.000287 0.000133 0.000679 0.000106 0.000933 0.000100 0.000999
1543.038469 0.000287 0.000133 0.000679 0.000106 0.000933 0.000100 0.000999
1564.547589 0.000287 0.000133 0.000679 0.000106 0.000933 0.000100 0.000999
1586.356534 0.000287 0.000133 0.000679 0.000106 0.000933 0.000100 0.000999
1608.469483 0.000287 0.000133 0.000679 0.000106 0.000933 0.000100 0.000999
1630.890676 0.000287 0.000133 0.000679 0.000106 0.000933 0.000100 0.000999
1653.624407 0.000287 0.000133 0.000679 0.000106 0.000933 0.000100 0.000999
1676.675035 0.000287 0.000133 0.000679 0.000106 0.000933 0.000100 0.000999
1700.046975 0.000287 0.000133 0.000679 0.000106 0.000933 0.000100 0.000999
1723.744708 0.000287 0.000133 0.000679 0.000106 0.000933 0.000100 0.000999
1747.772774 0.000287 0.000133 0.000679 0.000106 0.000933 0.000100 0.000999
1772.135779 0.000287 0.000133 0.000679 0.000106 0.000933 0.000100 0.000999
1796.838391 0.000287 0.000133 0.000679 0.000106 0.000933 0.000100 0.000999
1821.885343 0.000287 0.000133 0.000679 0.000106 0.000933 0.000100 0.000999
1847.281437 0.000287 0.000133 0.000679 0.000106 0.000933 0.000100 0.000999
1873.031539 0.000287 0.000133 0.000679 0.000106 0.000933 0.000100 0.000999
1899.140582 0.000287 0.000133 0.000679 0.000106 0.000933 0.000100 0.000999
1925.613572 0.000287 0.000133 0.000679 0.000106 0.000933 0.000100 0.000999
1952.455581 0.000287 0.000133 0.000679 0.000106 0.000933 0.000100 0.000999
1979.671753 0.000287 0.000133 0.000679 0.000106 0.000933 0.000100 0.000999
2007.267304 0.000287 0.000133 0.000679 0.000106 0.000933 0.000100 0.000999
2035.247521 0.000287 0.000133 0.000679 0.000106 0.000933 0.000100 0.000999
2063.617768 0.000287 0.000133 0.000679 0.000106 0.000933 0.000100 0.000999
2092.383480 0.000287 0.000133 0.000679 0.000106 0.000933 0.000100 0.000999
2121.550171 0.000287 0.000133 0.000679 0.000106 0.000933 0.000100 0.000999
2151.123430 0.000287 0.000133 0.000679 0.000106 0.000933 0.000100 0.000999
2181.108924 0.000287 0.000133 0.000679 0.000106 0.000933 0.000100 0.000999
2211.512400 0.000287 0.000133 0.000679 0.000106 0.000933 0.000100 0.000999
2242.339683 0.000287 0.000133 0.000679 0.000106 0.000933 0.000100 0.000999
2273.596682 0.000287 0.000133 0.000679 0.000106 0.000933 0.000100 0.000999
2305.289387 0.000287 0.000133 0.000679 0.000106 0.000933 0.000100 0.000999
2337.423871 0.000287 0.000133 0.000679 0.000106 0.000933 0.000100 0.000999
2370.006292 0.000287 0.000133 0.000679 0.000106 0.000933 0.000100 0.000999
2403.042894 0.000287 0.000133 0.000679 0.000106 0.000933 0.000100 0.000999
2436.540009 0.000287 0.000133 0.000679 0.000106 0.000933 0.000100 0.000999
2470.504055 0.000287 0.000133 0.000679 0.000106 0.000933 0.000100 0.000999
2504.941542 0.000287 0.000133 0.000679 0.000106 0.000933 0.000100 0.000999
2539.859069 0.000287 0.000133 0.000679 0.000106 0.000933 0.000100 0.000999
2575.263327 0.000287 0.000133 0.000679 0.000106 0.000933 0.000100 0.000999
2611.161101 0.000287 0.000133 0.000679 0.000106 0.000933 0.000100 0.000999
2647.559271 0.000287 0.000133 0.000679 0.000106 0.000933 0.000100 0.000999
2684.464811 0.000287 0.000133 0.000679 0.000106 0.000933 0.000100 0.000999
2721.884795 0.000287 0.000133 0.000679 0.000106 0.000933 0.000100 0.000999
2759.826392 0.000287 0.000133 0.000679 0.000106 0.000933 0.000100 0.000999
2798.296876 0.000287 0.000133 0.000679 0.000106 0.000933 0.000100 0.000999
2837.303617 0.000287 0.000133 0.000679 0.000106 0.000933 0.000100 0.000999
2876.854090 0.000287 0.000133 0.000679 0.000106 0.000933 0.000100 0.000999
2916.955876 0.000287 0.000133 0.000679 0.000106 0.000933 0.000100 0.000999
2957.616659 0.000287 0.000133 0.000679 0.000106 0.000933 0.000100 0.000999
2998.844231 0.000287 0.000133 0.000679 0.000106 0.000933 0.000100 0.000999
3040.646493 0.000287 0.000133 0.000679 0.000106 0.000933 0.000100 0.000999
3083.031457 0.000287 0.000133 0.000679 0.000106 0.000933 0.000100 0.000999
3126.007243 0.000287 0.000133 0.000679 0.000106 0.000933 0.000100 0.000999
3169.582089 0.000287 0.000133 0.000679 0.000106 0.000933 0.000100 0.000999
3213.764344 0.000287 0.000133 0.000679 0.000106 0.000933 0.000100 0.000999
3258.562476 0.000287 0.000133 0.000679 0.000106 0.000933 0.000100 0.000999
3303.985070 0.000287 0.000133 0.000679 0.000106 0.000933 0.000100 0.000999
3350.040830 0.000287 0.000133 0.000679 0.000106 0.000933 0.000100 0.000999
3396.738582 0.000287 0.000133 0.000679 0.000106 0.000933 0.000100 0.000999
3444.087276 0.000287 0.000133 0.000679 0.000106 0.000933 0.000100 0.000999
3492.095985 0.000287 0.000133 0.000679 0.000106 0.000933 0.000100 0.000999
3540.773909 0.000287 0.000133 0.000679 0.000106 0.000933 0.000100 0.000999
3590.130377 0.000287 0.000133 0.000679 0.000106 0.000933 0.000100 0.000999
3640.174847 0.000287 0.000133 0.000679 0.000106 0.000933 0.000100 0.000999
3690.916911 0.000287 0.000133 0.000679 0.000106 0.000933 0.000100 0.000999
3742.366291 0.000287 0.000133 0.000679 0.000106 0.000933 0.000100 0.000999
3794.532847 0.000287 0.000133 0.000679 0.000106 0.000933 0.000100 0.000999
3847.426577 0.000287 0.000133 0.000679 0.000106 0.000933 0.000100 0.000999
3901.057617 0.000287 0.000133 0.000679 0.000106 0.000933 0.000100 0.000999
3955.436245 0.000287 0.000133 0.000679 0.000106 0.000933 0.000100 0.000999
4010.572881 0.000287 0.000133 0.000679 0.000106 0.000933 0.000100 0.000999
4066.478092 0.000287 0.000133 0.000679 0.000106 0.000933 0.000100 0.000999
4123.162591 0.000287 0.000133 0.000679 0.000106 0.000933 0.000100 0.000999
4180.637241 0.000287 0.000133 0.000679 0.000106 0.000933 0.000100 0.000999
4238.913057 0.000287 0.000133 0.000679 0.000106 0.000933 0.000100 0.000999
4298.001206 0.000287 0.000133 0.000679 0.000106 0.000933 0.000100 0.000999
4357.913012 0.000287 0.000133 0.000679 0.000106 0.000933 0.000100 0.000999
4418.659956 0.000287 0.000133 0.000679 0.000106 0.000933 0.000100 0.000999
4480.253680 0.000287 0.000133 0.000679 0.000106 0.000933 0.000100 0.000999
4542.705986 0.000287 0.000133 0.000679 0.000106 0.000933 0.000100 0.000999
4606.028844 0.000287 0.000133 0.000679 0.000106 0.000933 0.000100 0.000999
4670.234388 0.000287 0.000133 0.000679 0.000106 0.000933 0.000100 0.000999
4735.334923 0.000287 0.000133 0.000679 0.000106 0.000933 0.000100 0.000999
4801.342924 0.000287 0.000133 0.000679 0.000106 0.000933 0.000100 0.000999
4868.271040 0.000287 0.000133 0.000679 0.000106 0.000933 0.000100 0.000999
4936.132098 0.000287 0.000133 0.000679 0.000106 0.000933 0.000100 0.000999
5004.939103 0.000287 0.000133 0.000679 0.000106 0.000933 0.000100 0.000999
5074.705239 0.000287 0.000133 0.000679 0.000106 0.000933 0.000100 0.000999
5145.443878 0.000287 0.000133 0.000679 0.000106 0.000933 0.000100 0.000999
5217.168576 0.000287 0.000133 0.000679 0.000106 0.000933 0.000100 0.000999
5289.893076 0.000287 0.000133 0.000679 0.000106 0.000933 0.000100 0.000999
5363.631317 0.000287 0.000133 0.000679 0.000106 0.000933 0.000100 0.000999
5438.397428 0.000287 0.000133 0.000679 0.000106 0.000933 0.000100 0.000999
5514.205739 0.000287 0.000133 0.000679 0.000106 0.000933 0.000100 0.000999
5591.070777 0.000287 0.000133 0.000679 0.000106 0.000933 0.000100 0.000999
5669.007271 0.000287 0.000133 0.000679 0.000106 0.000933 0.000100 0.000999
5748.030158 0.000287 0.000133 0.000679 0.000106 0.000933 0.000100 0.000999
5828.154581 0.000287 0.000133 0.000679 0.000106 0.000933 0.000100 0.000999
5909.395895 0.000287 0.000133 0.000679 0.000106 0.000933 0.000100 0.000999
5991.769669 0.000287 0.000133 0.000679 0.000106 0.000933 0.000100 0.000999
6075.291689 0.000287 0.000133 0.000679 0.000106 0.000933 0.000100 0.000999
6159.977960 0.000287 0.000133 0.000679 0.000106 0.000933 0.000100 0.000999
6245.844712 0.000287 0.000133 0.000679 0.000106 0.000933 0.000100 0.000999
6332.908400 0.000287 0.000133 0.000679 0.000106 0.000933 0.000100 0.000999
6421.185709 0.000287 0.000133 0.000679 0.000106 0.000933 0.000100 0.000999
6510.693555 0.000287 0.000133 0.000679 0.000106 0.000933 0.000100 0.000999
6601.449093 0.000287 0.000133 0.000679 0.000106 0.000933 0.000100 0.000999
6693.469713 0.000287 0.000133 0.000679 0.000106 0.000933 0.000100 0.000999
6786.773051 0.000287 0.000133 0.000679 0.000106 0.000933 0.000100 0.000999
6881.376986 0.000287 0.000133 0.000679 0.000106 0.000933 0.000100 0.000999
6977.299650 0.000287 0.000133 0.000679 0.000106 0.000933 0.000100 0.000999
7074.559423 0.000287 0.000133 0.000679 0.000106 0.000933 0.000100 0.000999
7173.174944 0.000287 0.000133 0.000679 0.000106 0.000933 0.000100 0.000999
7273.165113 0.000287 0.000133 0.000679 0.000106 0.000933 0.000100 0.000999
7374.549090 0.000287 0.000133 0.000679 0.000106 0.000933 0.000100 0.000999
7477.346305 0.000287 0.000133 0.000679 0.000106 0.000933 0.000100 0.000999
7581.576458 0.000287 0.000133 0.000679 0.000106 0.000933 0.000100 0.000999
7687.259522 0.000287 0.000133 0.000679 0.000106 0.000933 0.000100 0.000999
7794.415750 0.000287 0.000133 0.000679 0.000106 0.000933 0.000100 0.000999
7903.065679 0.000287 0.000133 0.000679 0.000106 0.000933 0.000100 0.000999
8013.230128 0.000287 0.000133 0.000679 0.000106 0.000933 0.000100 0.000999
8124.930211 0.000287 0.000133 0.000679 0.000106 0.000933 0.000100 0.000999
8238.187331 0.000287 0.000133 0.000679 0.000106 0.000933 0.000100 0.000999
8353.023195 0.000287 0.000133 0.000679 0.000106 0.000933 0.000100 0.000999
8469.459808 0.000287 0.000133 0.000679 0.000106 0.000933 0.000100 0.000999
8587.519485 0.000287 0.000133 0.000679 0.000106 0.000933 0.000100 0.000999
8707.224849 0.000287 0.000133 0.000679 0.000106 0.000933 0.000100 0.000999
8828.598841 0.000287 0.000133 0.000679 0.000106 0.000933 0.000100 0.000999
8951.664721 0.000287 0.000133 0.000679 0.000106 0.000933 0.000100 0.000999
9076.446073 0.000287 0.000133 0.000679 0.000106 0.000933 0.000100 0.000999
9202.966809 0.000287 0.000133 0.000679 0.000106 0.000933 0.000100 0.000999
9331.251175 0.000287 0.000133 0.000679 0.000106 0.000933 0.000100 0.000999
9461.323756 0.000287 0.000133 0.000679 0.000106 0.000933 0.000100 0.000999
9593.209478 0.000287 0.000133 0.000679 0.000106 0.000933 0.000100 0.000999
9726.933615 0.000287 0.000133 0.000679 0.000106 0.000933 0.000100 0.000999
9862.521795 0.000287 0.000133 0.000679 0.000106 0.000933 0.000100 0.000999
10000.000000 0.000287 0.000133 0.000679 0.000106 0.000933 0.000100 0.000999
