10.000000 -0.026210 -0.329317 0.243179 -0.475271 0.318262 -0.498833 0.331689
10.139395 -0.026210 -0.329317 0.243179 -0.475268 0.318262 -0.498833 0.331688
10.280732 -0.026210 -0.329317 0.243179 -0.475265 0.318262 -0.498833 0.331686
10.424040 -0.026210 -0.329317 0.243179 -0.475262 0.318262 -0.498833 0.331685
10.569346 -0.026210 -0.329316 0.243180 -0.475259 0.318262 -0.498833 0.331684
10.716676 -0.026210 -0.329311 0.243180 -0.475255 0.318262 -0.498833 0.331682
10.866061 -0.026210 -0.329302 0.243180 -0.475252 0.318262 -0.498833 0.331681
11.017528 -0.026210 -0.329292 0.243180 -0.475248 0.318261 -0.498833 0.331679
11.171107 -0.026210 -0.329282 0.243180 -0.475245 0.318261 -0.498833 0.331678
11.326826 -0.026210 -0.329239 0.243180 -0.475241 0.318261 -0.498833 0.331676
11.484715 -0.026210 -0.329191 0.243180 -0.475238 0.318261 -0.498833 0.331674
11.644806 -0.026210 -0.329141 0.243180 -0.475234 0.318261 -0.498833 0.331673
11.807128 -0.026210 -0.329132 0.243180 -0.475230 0.318261 -0.498833 0.331671
11.971713 -0.026210 -0.329132 0.243180 -0.475226 0.318261 -0.498833 0.331669
12.138593 -0.026210 -0.329132 0.243180 -0.475222 0.318261 -0.498833 0.331667
12.307798 -0.026209 -0.329131 0.243180 -0.475217 0.318261 -0.498833 0.331665
12.479362 -0.026209 -0.329131 0.243180 -0.475213 0.318261 -0.498832 0.331663
12.653318 -0.026209 -0.329131 0.243180 -0.475209 0.318261 -0.498832 0.331661
12.829698 -0.026209 -0.329131 0.243181 -0.475204 0.318261 -0.498832 0.331659
13.008537 -0.026209 -0.329130 0.243181 -0.475199 0.318261 -0.498832 0.331657
13.189869 -0.026209 -0.329130 0.243181 -0.475194 0.318260 -0.498832 0.331655
13.373729 -0.026209 -0.329127 0.243181 -0.475190 0.318260 -0.498832 0.331652
13.560151 -0.026209 -0.329114 0.243181 -0.475184 0.318260 -0.498832 0.331650
13.749172 -0.026209 -0.329105 0.243181 -0.475179 0.318260 -0.498832 0.331648
13.940828 -0.026209 -0.329104 0.243181 -0.475174 0.318260 -0.498832 0.331645
14.135156 -0.026209 -0.329103 0.243181 -0.475168 0.318260 -0.498832 0.331643
14.332192 -0.026209 -0.329103 0.243181 -0.475163 0.318260 -0.498832 0.331640
14.531975 -0.026209 -0.329102 0.243181 -0.475157 0.318260 -0.498832 0.331638
14.734543 -0.026209 -0.329101 0.243182 -0.475151 0.318260 -0.498832 0.331635
14.939935 -0.026209 -0.329100 0.243182 -0.475145 0.318259 -0.498832 0.331632
15.148189 -0.026209 -0.329100 0.243182 -0.475139 0.318259 -0.498832 0.331629
15.359347 -0.026209 -0.329099 0.243182 -0.475133 0.318259 -0.498832 0.331626
15.573448 -0.026209 -0.329098 0.243182 -0.475126 0.318258 -0.498831 0.331623
15.790533 -0.026209 -0.329097 0.243182 -0.475119 0.318218 -0.498831 0.331620
16.010645 -0.026208 -0.329096 0.243182 -0.475112 0.318177 -0.498831 0.331617
16.233824 -0.026208 -0.329095 0.243183 -0.475105 0.318181 -0.498831 0.331613
16.460115 -0.026208 -0.329094 0.243183 -0.475098 0.318220 -0.498831 0.331610
16.689560 -0.026208 -0.329093 0.243183 -0.475091 0.318258 -0.498831 0.331606
16.922204 -0.026208 -0.329092 0.243183 -0.475083 0.318258 -0.498831 0.331603
17.158090 -0.026208 -0.329091 0.243183 -0.475075 0.318258 -0.498831 0.331599
17.397264 -0.026208 -0.329062 0.243183 -0.475067 0.318258 -0.498831 0.331595
17.639773 -0.026208 -0.328966 0.243184 -0.475059 0.318257 -0.498831 0.331591
17.885662 -0.026208 -0.328869 0.243184 -0.475051 0.318257 -0.498830 0.331587
18.134978 -0.026208 -0.328771 0.243184 -0.475042 0.318307 -0.498830 0.331583
18.387770 -0.026207 -0.328727 0.243184 -0.475033 0.318432 -0.498830 0.331579
18.644085 -0.026207 -0.328705 0.243184 -0.475024 0.318559 -0.498830 0.331575
18.903974 -0.026207 -0.328682 0.243185 -0.475015 0.318649 -0.498830 0.331570
19.167485 -0.026207 -0.328659 0.243185 -0.475005 0.318696 -0.498830 0.331565
19.434669 -0.026207 -0.328635 0.243185 -0.474995 0.318744 -0.498830 0.331561
19.705578 -0.026207 -0.328611 0.243185 -0.474985 0.318793 -0.498829 0.331556
19.980263 -0.026207 -0.328586 0.243186 -0.474975 0.318842 -0.498829 0.331551
20.258777 -0.026197 -0.328561 0.243186 -0.474964 0.318893 -0.498829 0.331546
20.541173 -0.026109 -0.328535 0.243186 -0.474953 0.318944 -0.498829 0.331540
20.827506 -0.026019 -0.328509 0.243187 -0.474942 0.318996 -0.498829 0.331535
21.117830 -0.025928 -0.328492 0.243187 -0.474931 0.319050 -0.498829 0.331529
21.412202 -0.025835 -0.328492 0.243187 -0.474919 0.319104 -0.498828 0.331524
21.710676 -0.025741 -0.328491 0.243187 -0.474907 0.319159 -0.498828 0.331518
22.013311 -0.025645 -0.328491 0.243188 -0.474894 0.319215 -0.498828 0.331512
22.320165 -0.025548 -0.328491 0.243188 -0.474882 0.319272 -0.498828 0.331505
22.631296 -0.025449 -0.328491 0.243188 -0.474869 0.319330 -0.498828 0.331552
22.946764 -0.025349 -0.328490 0.243189 -0.474855 0.319389 -0.498827 0.331608
23.266629 -0.025247 -0.328490 0.243189 -0.474842 0.319448 -0.498827 0.331666
23.590953 -0.025143 -0.328490 0.243190 -0.474827 0.319509 -0.498827 0.331724
23.919798 -0.025037 -0.328490 0.243190 -0.474813 0.319571 -0.498827 0.331783
24.253227 -0.024930 -0.328489 0.243190 -0.474798 0.319635 -0.498826 0.331843
24.591304 -0.024822 -0.328489 0.243191 -0.474783 0.319673 -0.498826 0.331904
24.934094 -0.024711 -0.328489 0.243191 -0.474767 0.319675 -0.498826 0.331966
25.281661 -0.024599 -0.328488 0.243192 -0.474751 0.319677 -0.498826 0.332029
25.634074 -0.024484 -0.328488 0.243192 -0.474735 0.319679 -0.498825 0.332094
25.991399 -0.024368 -0.328488 0.243193 -0.474718 0.319681 -0.498825 0.332159
26.353705 -0.024250 -0.328488 0.243193 -0.474701 0.319683 -0.498825 0.332226
26.721062 -0.024131 -0.328487 0.243194 -0.474683 0.319685 -0.498824 0.332293
27.093539 -0.024009 -0.328487 0.243194 -0.474676 0.319688 -0.498824 0.332362
27.471208 -0.023885 -0.328486 0.243195 -0.474647 0.319690 -0.498824 0.332432
27.854142 -0.023893 -0.328486 0.243195 -0.474627 0.319693 -0.498823 0.332504
28.242413 -0.023911 -0.328486 0.243196 -0.474608 0.319695 -0.498823 0.332576
28.636097 -0.023929 -0.328485 0.243196 -0.474588 0.319698 -0.498823 0.332650
29.035269 -0.023947 -0.328485 0.243197 -0.474567 0.319701 -0.498822 0.332725
29.440005 -0.023966 -0.328484 0.243198 -0.474546 0.319703 -0.498822 0.332801
29.850382 -0.023985 -0.328484 0.243198 -0.474524 0.319732 -0.498821 0.332878
30.266481 -0.024004 -0.328483 0.243199 -0.474502 0.319730 -0.498821 0.332957
30.688379 -0.024023 -0.328483 0.243200 -0.474479 0.319719 -0.498820 0.333037
31.116158 -0.024043 -0.328482 0.243201 -0.474456 0.319715 -0.498820 0.333119
31.549901 -0.024063 -0.328482 0.243201 -0.474432 0.319719 -0.498819 0.333202
31.989689 -0.024084 -0.328481 0.243202 -0.474407 0.319722 -0.498819 0.333286
32.435608 -0.024104 -0.328481 0.243203 -0.474397 0.319725 -0.498818 0.333372
32.887743 -0.024125 -0.328480 0.243204 -0.474387 0.319729 -0.498818 0.333459
33.346180 -0.024147 -0.328480 0.243205 -0.474329 0.319732 -0.498817 0.333548
33.811008 -0.024168 -0.328479 0.243206 -0.474302 0.319736 -0.498817 0.333638
34.282315 -0.024191 -0.328478 0.243207 -0.474274 0.319740 -0.498816 0.333729
34.760192 -0.024213 -0.328478 0.243208 -0.474245 0.319744 -0.498815 0.333823
35.244730 -0.024236 -0.328477 0.243209 -0.474216 0.319748 -0.498815 0.333918
35.736022 -0.024259 -0.328476 0.243210 -0.474185 0.319752 -0.498814 0.334014
36.234163 -0.024282 -0.328476 0.243211 -0.474154 0.319756 -0.498813 0.334112
36.739248 -0.024306 -0.328475 0.243212 -0.474122 0.319760 -0.498813 0.334212
37.251373 -0.024331 -0.328474 0.243213 -0.474090 0.319765 -0.498812 0.334313
37.770637 -0.024355 -0.328473 0.243214 -0.474056 0.319769 -0.498811 0.334416
38.297139 -0.024380 -0.328355 0.243215 -0.474022 0.319774 -0.498810 0.334521
38.830980 -0.024406 -0.328120 0.243217 -0.473987 0.319779 -0.498809 0.334628
39.372263 -0.024431 -0.327882 0.243218 -0.473951 0.319784 -0.498809 0.334736
39.921091 -0.024458 -0.327640 0.243219 -0.473913 0.319789 -0.498808 0.334847
40.477570 -0.024431 -0.327395 0.243221 -0.473875 0.319794 -0.498807 0.334959
41.041805 -0.024329 -0.327145 0.243222 -0.473836 0.319800 -0.498806 0.335073
41.613906 -0.024225 -0.326892 0.243224 -0.473796 0.319805 -0.498805 0.335189
42.193981 -0.024120 -0.326635 0.243225 -0.473755 0.319811 -0.498804 0.335306
42.782142 -0.024013 -0.326374 0.243227 -0.473713 0.319817 -0.498803 0.335426
43.378502 -0.023905 -0.326109 0.243228 -0.473670 0.319823 -0.498801 0.335548
43.983175 -0.023794 -0.325850 0.243230 -0.473626 0.319829 -0.498800 0.335672
44.596276 -0.023682 -0.325767 0.243232 -0.473580 0.319835 -0.498799 0.335798
45.217924 -0.023568 -0.325683 0.243234 -0.473534 0.319842 -0.498798 0.335926
45.848238 -0.023453 -0.325596 0.243236 -0.473486 0.319849 -0.498797 0.336056
46.487337 -0.023335 -0.325508 0.243237 -0.473437 0.319856 -0.498795 0.336189
47.135345 -0.023216 -0.325418 0.243239 -0.473386 0.319863 -0.498794 0.336323
47.792386 -0.023094 -0.325326 0.243242 -0.473335 0.319870 -0.498792 0.336460
48.458586 -0.022971 -0.325147 0.243244 -0.473282 0.319878 -0.498791 0.336599
49.134073 -0.022846 -0.324903 0.243246 -0.473227 0.319885 -0.498789 0.336740
49.818975 -0.022719 -0.324655 0.243248 -0.473171 0.319893 -0.498788 0.336884
50.513425 -0.022590 -0.324403 0.243251 -0.473114 0.319902 -0.498786 0.337030
51.217554 -0.022458 -0.324145 0.243253 -0.473056 0.319910 -0.498784 0.337179
51.931499 -0.022325 -0.323883 0.243256 -0.472995 0.319919 -0.498783 0.337330
52.655396 -0.022189 -0.323616 0.243258 -0.472934 0.319928 -0.498781 0.337484
53.389384 -0.022052 -0.323343 0.243261 -0.472870 0.319937 -0.498779 0.337640
54.133603 -0.021911 -0.323136 0.243264 -0.472805 0.319946 -0.498777 0.337798
54.888196 -0.021706 -0.323034 0.243267 -0.472739 0.319956 -0.498775 0.337960
55.653308 -0.021498 -0.322930 0.243270 -0.472670 0.319966 -0.498773 0.338318
56.429085 -0.021287 -0.322824 0.243273 -0.472600 0.319976 -0.498771 0.338749
57.215676 -0.021073 -0.322715 0.243276 -0.472528 0.319986 -0.498768 0.339186
58.013231 -0.020855 -0.322604 0.243279 -0.472455 0.319997 -0.498766 0.339630
58.821904 -0.020635 -0.322490 0.243283 -0.472379 0.320008 -0.498764 0.340081
59.641849 -0.020412 -0.322373 0.243286 -0.472301 0.320020 -0.498761 0.340538
60.473224 -0.020186 -0.322254 0.243290 -0.472222 0.320032 -0.498759 0.341002
61.316188 -0.020045 -0.322131 0.243294 -0.472140 0.320044 -0.498756 0.341473
62.170903 -0.020133 -0.322006 0.243298 -0.472056 0.320056 -0.498753 0.341951
63.037532 -0.020219 -0.321878 0.243302 -0.471970 0.320108 -0.498750 0.342435
63.916241 -0.020050 -0.321747 0.243306 -0.471882 0.320427 -0.498747 0.342927
64.807198 -0.019878 -0.321613 0.243310 -0.471792 0.320527 -0.498744 0.343426
65.710575 -0.019704 -0.321476 0.243315 -0.471771 0.320602 -0.498741 0.343932
66.626545 -0.019527 -0.321335 0.243319 -0.471771 0.320873 -0.498738 0.344446
67.555283 -0.019481 -0.321192 0.243324 -0.471770 0.321147 -0.498734 0.344967
68.496967 -0.019481 -0.321044 0.243329 -0.471764 0.321257 -0.498731 0.345495
69.451778 -0.019481 -0.320894 0.243334 -0.471662 0.321249 -0.498727 0.346031
70.419898 -0.019481 -0.320740 0.243339 -0.471556 0.321241 -0.498723 0.346575
71.401513 -0.019480 -0.320582 0.243345 -0.471449 0.321194 -0.498719 0.347127
72.396811 -0.019480 -0.320421 0.243350 -0.471338 0.321137 -0.498715 0.347687
73.405984 -0.019480 -0.320256 0.243356 -0.471224 0.321078 -0.498711 0.348254
74.429223 -0.019480 -0.320087 0.243362 -0.471108 0.321018 -0.498706 0.348830
75.466726 -0.019480 -0.319914 0.243368 -0.470988 0.320955 -0.498702 0.349414
76.518692 -0.019480 -0.319737 0.243375 -0.470866 0.320892 -0.498697 0.350006
77.585321 -0.019480 -0.319556 0.243381 -0.470740 0.320826 -0.498692 0.350607
78.666818 -0.019479 -0.319370 0.243388 -0.470389 0.320759 -0.498687 0.351217
79.763391 -0.019479 -0.319196 0.243395 -0.470120 0.320689 -0.498682 0.351834
80.875249 -0.019479 -0.319184 0.243403 -0.469985 0.320618 -0.498676 0.352461
82.002606 -0.019479 -0.319171 0.243410 -0.469846 0.320622 -0.498671 0.353097
83.145678 -0.019478 -0.319158 0.243435 -0.469703 0.320665 -0.498665 0.353741
84.304684 -0.019478 -0.319145 0.243538 -0.469557 0.321093 -0.498659 0.354395
85.479845 -0.019478 -0.318933 0.243493 -0.469406 0.321082 -0.498653 0.355057
86.671388 -0.019478 -0.318515 0.243448 -0.469252 0.321067 -0.498646 0.355729
87.879540 -0.019477 -0.318091 0.243452 -0.469094 0.321052 -0.498639 0.356410
89.104533 -0.019477 -0.317661 0.243461 -0.468932 0.321037 -0.498632 0.357101
90.346602 -0.019585 -0.317263 0.243487 -0.468766 0.321020 -0.498625 0.357802
91.605985 -0.019477 -0.317024 0.243611 -0.468596 0.321003 -0.498618 0.358512
92.882923 -0.019476 -0.316780 0.243737 -0.468421 0.320986 -0.498610 0.359231
94.177660 -0.019476 -0.316530 0.243868 -0.468249 0.320968 -0.498602 0.359961
95.490446 -0.019476 -0.316371 0.244001 -0.468186 0.320949 -0.498594 0.360701
96.821531 -0.019475 -0.316346 0.244082 -0.468120 0.320929 -0.498585 0.361451
98.171170 -0.019475 -0.316132 0.244095 -0.468035 0.320909 -0.498576 0.362211
99.539623 -0.019475 -0.315856 0.244108 -0.467837 0.320888 -0.498567 0.362981
100.927151 -0.019334 -0.315737 0.244122 -0.467634 0.320867 -0.498557 0.363762
102.334021 -0.019093 -0.315614 0.244136 -0.467425 0.320844 -0.498548 0.364554
103.760502 -0.018849 -0.315524 0.244122 -0.467330 0.320864 -0.498537 0.365356
105.206867 -0.018602 -0.315246 0.244052 -0.467327 0.321136 -0.498527 0.366169
106.673394 -0.018389 -0.314924 0.243982 -0.467324 0.321199 -0.498516 0.366993
108.160363 -0.018387 -0.314616 0.243911 -0.467116 0.321070 -0.498504 0.367828
109.668060 -0.018460 -0.314300 0.243839 -0.466891 0.321011 -0.498493 0.368674
111.196773 -0.018743 -0.314098 0.243766 -0.466661 0.321051 -0.498480 0.369531
112.746796 -0.019032 -0.313651 0.243692 -0.466425 0.321091 -0.498468 0.370400
114.318425 -0.019326 -0.313316 0.243768 -0.466183 0.321133 -0.498455 0.371280
115.911962 -0.019597 -0.313055 0.243958 -0.465924 0.321176 -0.498441 0.372172
117.527712 -0.019901 -0.313004 0.244153 -0.465656 0.321181 -0.498427 0.373075
119.165984 -0.020211 -0.312951 0.244325 -0.465380 0.321015 -0.498413 0.373990
120.827094 -0.020526 -0.312897 0.244346 -0.465097 0.321114 -0.498397 0.374918
122.511358 -0.020662 -0.312791 0.244368 -0.464876 0.321265 -0.498382 0.375857
124.219100 -0.020234 -0.311974 0.244390 -0.464594 0.321408 -0.498366 0.376808
125.950646 -0.019799 -0.311140 0.244413 -0.464338 0.321459 -0.498349 0.377772
127.706330 -0.019464 -0.310999 0.244437 -0.464281 0.321510 -0.498332 0.378748
129.486487 -0.019463 -0.310877 0.244641 -0.464222 0.321564 -0.498314 0.379736
131.291459 -0.019463 -0.310751 0.244972 -0.464160 0.321972 -0.498295 0.380737
133.121590 -0.019462 -0.310622 0.245310 -0.464096 0.321766 -0.498276 0.381751
134.977233 -0.019461 -0.310434 0.245464 -0.464030 0.321733 -0.498256 0.382778
136.858742 -0.019460 -0.310150 0.245510 -0.463961 0.321743 -0.498235 0.383817
138.766479 -0.019459 -0.310071 0.245558 -0.463890 0.321526 -0.498214 0.384870
140.700809 -0.019458 -0.309602 0.245286 -0.463858 0.321302 -0.498192 0.385936
142.662102 -0.019457 -0.309075 0.245512 -0.463847 0.321176 -0.498169 0.387014
144.650734 -0.019456 -0.309045 0.245710 -0.463659 0.321200 -0.498145 0.388107
146.667087 -0.019454 -0.309014 0.245763 -0.463576 0.321225 -0.498120 0.389213
148.711546 -0.019453 -0.308765 0.245893 -0.463490 0.321250 -0.498095 0.390332
150.784505 -0.019452 -0.308063 0.246133 -0.463401 0.321695 -0.498068 0.391465
152.886359 -0.019451 -0.307351 0.246377 -0.463309 0.321420 -0.498041 0.392612
155.017512 -0.019449 -0.306630 0.246625 -0.463213 0.321328 -0.498013 0.393772
157.178372 -0.019448 -0.305899 0.246876 -0.463113 0.322000 -0.497983 0.394947
159.369353 -0.019446 -0.305158 0.246954 -0.463009 0.322274 -0.497953 0.396136
161.590875 -0.019445 -0.304774 0.246951 -0.462902 0.322360 -0.497921 0.397339
163.843365 -0.019443 -0.304709 0.247226 -0.462750 0.322318 -0.497889 0.398556
166.127252 -0.019430 -0.304643 0.247315 -0.462489 0.322341 -0.497855 0.399787
168.442976 -0.018303 -0.303865 0.247282 -0.462219 0.322365 -0.497820 0.401033
170.790980 -0.018298 -0.303056 0.247249 -0.461939 0.322390 -0.497784 0.402294
173.171713 -0.018293 -0.303002 0.247214 -0.461649 0.322416 -0.497746 0.403569
175.585633 -0.018315 -0.302946 0.247360 -0.461348 0.322443 -0.497707 0.404859
178.033202 -0.018586 -0.302887 0.247603 -0.461038 0.322470 -0.497667 0.405826
180.514888 -0.018861 -0.302827 0.247669 -0.460716 0.322499 -0.497625 0.406698
183.031168 -0.018993 -0.302763 0.247655 -0.460382 0.322528 -0.497582 0.407579
185.582523 -0.018264 -0.302698 0.247640 -0.459950 0.322858 -0.497537 0.408468
188.169442 -0.018014 -0.302630 0.247625 -0.459325 0.323221 -0.497491 0.409364
190.792422 -0.018008 -0.302075 0.247610 -0.458840 0.323590 -0.497443 0.410269
193.451965 -0.018002 -0.302224 0.247758 -0.458634 0.323963 -0.497394 0.411182
196.148581 -0.017996 -0.301934 0.248508 -0.458422 0.324341 -0.497342 0.412104
198.882786 -0.018229 -0.302009 0.248158 -0.458120 0.324576 -0.497289 0.413033
201.655104 -0.018221 -0.302085 0.247543 -0.457695 0.324380 -0.497234 0.413971
204.466067 -0.018212 -0.301772 0.247590 -0.457350 0.324457 -0.497176 0.414917
207.316213 -0.018204 -0.300410 0.247657 -0.457324 0.324592 -0.497117 0.415871
210.206088 -0.018417 -0.299030 0.247803 -0.457265 0.324730 -0.497056 0.416833
213.136247 -0.019395 -0.297941 0.247475 -0.457013 0.325027 -0.496992 0.417804
216.107251 -0.019392 -0.297240 0.247797 -0.456754 0.325391 -0.496927 0.418783
219.119669 -0.019388 -0.297104 0.248145 -0.456487 0.325759 -0.496859 0.419770
222.174078 -0.019384 -0.296988 0.248265 -0.455521 0.326132 -0.496788 0.420766
225.271064 -0.018394 -0.296867 0.248389 -0.454470 0.326509 -0.496715 0.421769
228.411221 -0.017912 -0.296742 0.248515 -0.453389 0.326891 -0.496639 0.422782
231.595149 -0.017903 -0.296362 0.248596 -0.452278 0.327277 -0.496561 0.423802
234.823460 -0.017893 -0.295342 0.248578 -0.451136 0.327668 -0.496480 0.424830
238.096772 -0.017883 -0.295327 0.248084 -0.449962 0.328064 -0.496396 0.425867
241.415712 -0.017482 -0.295311 0.247269 -0.448755 0.328464 -0.496309 0.426912
244.780916 -0.016712 -0.295295 0.247433 -0.447515 0.328885 -0.496219 0.427965
248.193029 -0.015917 -0.294647 0.247623 -0.446240 0.329598 -0.496125 0.429027
251.652705 -0.015095 -0.293561 0.248101 -0.444976 0.330321 -0.496029 0.430097
255.160607 -0.014351 -0.292447 0.248455 -0.444644 0.330479 -0.495929 0.431174
258.717408 -0.013724 -0.291384 0.249452 -0.444303 0.330615 -0.495825 0.432261
262.323788 -0.013237 -0.290689 0.249469 -0.443953 0.330963 -0.495718 0.433355
265.980440 -0.013260 -0.290456 0.249390 -0.443592 0.331396 -0.495607 0.434457
269.688063 -0.013500 -0.289245 0.249309 -0.443222 0.331834 -0.495492 0.435568
273.447368 -0.013610 -0.287084 0.249224 -0.442842 0.332277 -0.495372 0.436686
277.259076 -0.013580 -0.286073 0.249599 -0.442450 0.332725 -0.495266 0.437813
281.123917 -0.012465 -0.285851 0.250065 -0.441674 0.333178 -0.495263 0.438947
285.042632 -0.012022 -0.285624 0.250247 -0.440687 0.333636 -0.495261 0.440090
289.015972 -0.011536 -0.284570 0.250259 -0.439669 0.334099 -0.495258 0.441241
293.044698 -0.011204 -0.283763 0.250410 -0.438627 0.334567 -0.495256 0.442399
297.129582 -0.011173 -0.282627 0.250691 -0.438159 0.335040 -0.495253 0.443566
301.271407 -0.010807 -0.282602 0.250980 -0.437948 0.335518 -0.495250 0.444740
305.470967 -0.009857 -0.282577 0.251278 -0.437729 0.336002 -0.495247 0.445922
309.729067 -0.009091 -0.282230 0.251584 -0.437503 0.336490 -0.495244 0.447112
314.046522 -0.008210 -0.281714 0.251900 -0.437268 0.336731 -0.495174 0.448309
318.424160 -0.007314 -0.281180 0.251985 -0.437025 0.336932 -0.495004 0.449515
322.862820 -0.006402 -0.280628 0.252366 -0.436774 0.337137 -0.494828 0.450727
327.363353 -0.006256 -0.280058 0.251648 -0.436513 0.337347 -0.494646 0.451948
331.926620 -0.006158 -0.277676 0.251015 -0.436243 0.337563 -0.494457 0.453176
336.553498 -0.004005 -0.274902 0.250961 -0.435683 0.337785 -0.494262 0.454411
341.244871 -0.003683 -0.274240 0.250465 -0.435094 0.338012 -0.494060 0.455654
346.001639 -0.001604 -0.274161 0.250422 -0.434158 0.339400 -0.493851 0.456904
350.824714 -0.000161 -0.274078 0.250489 -0.433248 0.340852 -0.493634 0.458161
355.715021 0.002108 -0.273992 0.250510 -0.433044 0.341238 -0.493410 0.459425
360.673495 0.002947 -0.273904 0.250423 -0.432570 0.341628 -0.493178 0.460697
365.701088 0.003344 -0.273812 0.250155 -0.431895 0.342022 -0.492937 0.461976
370.798763 0.003895 -0.273140 0.250444 -0.431201 0.342419 -0.492688 0.463261
375.967497 0.005563 -0.272980 0.250743 -0.430716 0.342821 -0.492430 0.464554
381.208280 0.006035 -0.272390 0.251052 -0.430610 0.343323 -0.492164 0.465853
386.522116 0.006968 -0.271278 0.250944 -0.430499 0.344791 -0.491887 0.467159
391.910025 0.008122 -0.269605 0.250687 -0.430384 0.345597 -0.491601 0.468472
397.373038 0.009268 -0.267912 0.250725 -0.430264 0.346181 -0.491305 0.469792
402.912203 0.011060 -0.266199 0.250746 -0.430140 0.346770 -0.490999 0.471117
408.528580 0.013539 -0.264466 0.251514 -0.430010 0.347365 -0.490682 0.472450
414.223247 0.013714 -0.262712 0.251928 -0.429876 0.349403 -0.490353 0.473788
419.997295 0.014384 -0.260928 0.252117 -0.429302 0.351577 -0.490013 0.475133
425.851829 0.015463 -0.259852 0.251954 -0.428005 0.353775 -0.489661 0.476484
431.787973 0.016638 -0.258700 0.251802 -0.426665 0.355307 -0.489297 0.477841
437.806863 0.016789 -0.258301 0.251977 -0.425281 0.356031 -0.488920 0.479203
443.909653 0.016922 -0.256749 0.251573 -0.423853 0.358061 -0.488530 0.480572
450.097513 0.018062 -0.255508 0.251035 -0.423448 0.360532 -0.488126 0.481946
456.371628 0.018790 -0.254933 0.250689 -0.422878 0.363016 -0.487708 0.483326
462.733201 0.019276 -0.254091 0.250166 -0.421644 0.365510 -0.487275 0.484712
469.183451 0.018936 -0.253235 0.249052 -0.420377 0.368015 -0.486827 0.486103
475.723614 0.020632 -0.252656 0.248810 -0.419074 0.370530 -0.486364 0.487499
482.354943 0.021415 -0.252131 0.248967 -0.417735 0.372551 -0.486213 0.488900
489.078709 0.022291 -0.251308 0.249021 -0.417320 0.374573 -0.486165 0.490306
495.896201 0.023200 -0.250850 0.249463 -0.417093 0.376631 -0.486117 0.491717
502.808725 0.023615 -0.250491 0.250320 -0.416567 0.378725 -0.486067 0.493134
509.817606 0.025132 -0.250369 0.250385 -0.415147 0.380549 -0.486016 0.494554
516.924187 0.025860 -0.250212 0.250444 -0.413431 0.381153 -0.485964 0.495980
524.129830 0.027730 -0.248624 0.251359 -0.411956 0.381760 -0.485911 0.497409
531.435916 0.028136 -0.247982 0.251982 -0.410686 0.382371 -0.485856 0.498843
538.843844 0.028215 -0.245656 0.253019 -0.409131 0.382985 -0.485801 0.500281
546.355035 0.028513 -0.243293 0.252922 -0.407540 0.383603 -0.485744 0.501724
553.970928 0.028857 -0.242087 0.253472 -0.405913 0.384224 -0.485685 0.503170
561.692982 0.030474 -0.242234 0.253181 -0.404250 0.386087 -0.485625 0.504620
569.522678 0.031527 -0.242386 0.253527 -0.402549 0.388848 -0.485564 0.506073
577.461515 0.032340 -0.239722 0.254672 -0.400810 0.391617 -0.485502 0.507531
585.511016 0.033088 -0.236977 0.256173 -0.399031 0.394396 -0.485438 0.508991
593.672722 0.033970 -0.236714 0.256457 -0.397214 0.397183 -0.485372 0.510455
601.948197 0.033926 -0.234827 0.257104 -0.395356 0.399036 -0.485305 0.511922
610.339029 0.034155 -0.232301 0.257768 -0.394352 0.400476 -0.485237 0.513391
618.846824 0.034306 -0.228969 0.258450 -0.393810 0.401923 -0.485167 0.514864
627.473213 0.035699 -0.228310 0.260400 -0.393258 0.403379 -0.485095 0.516339
636.219849 0.035746 -0.227230 0.260096 -0.392696 0.405346 -0.485022 0.517817
645.088409 0.036989 -0.224688 0.260610 -0.392123 0.408322 -0.484947 0.519955
654.080591 0.038734 -0.222081 0.261368 -0.391541 0.411323 -0.484870 0.522322
663.198120 0.040523 -0.220669 0.262147 -0.390949 0.414347 -0.484792 0.524700
672.442742 0.040458 -0.219776 0.262947 -0.390346 0.415514 -0.484711 0.527088
681.816229 0.042186 -0.219684 0.262780 -0.389733 0.416405 -0.484630 0.529486
691.320378 0.043115 -0.218955 0.263409 -0.388365 0.417301 -0.484546 0.531893
700.957009 0.044281 -0.215445 0.262142 -0.386124 0.418200 -0.484460 0.534310
710.727970 0.043314 -0.214020 0.262463 -0.383836 0.419102 -0.484373 0.536736
720.635132 0.044535 -0.213797 0.263555 -0.382293 0.421330 -0.484283 0.539171
730.680395 0.046837 -0.214218 0.266218 -0.382047 0.424645 -0.484192 0.541614
740.865683 0.047271 -0.212601 0.266124 -0.382167 0.428006 -0.484099 0.544132
751.192949 0.049171 -0.208211 0.267643 -0.382293 0.432471 -0.484003 0.547113
761.664172 0.049799 -0.206098 0.269217 -0.381447 0.439518 -0.483906 0.550096
772.281357 0.050685 -0.201810 0.270271 -0.379302 0.446596 -0.483806 0.553081
783.046540 0.054992 -0.202524 0.270673 -0.377088 0.450950 -0.483704 0.556067
793.961785 0.054497 -0.201103 0.272399 -0.374803 0.452708 -0.483601 0.559054
805.029181 0.056569 -0.198696 0.274201 -0.372445 0.454472 -0.483494 0.562040
816.250851 0.059045 -0.195816 0.276617 -0.370725 0.456241 -0.483386 0.565025
827.628946 0.060126 -0.194598 0.278872 -0.370863 0.458016 -0.483276 0.568008
839.165644 0.062570 -0.192442 0.279828 -0.368075 0.460275 -0.483163 0.570989
850.863158 0.064489 -0.189629 0.282346 -0.365231 0.464077 -0.483047 0.573968
862.723729 0.064980 -0.187906 0.284920 -0.362614 0.467921 -0.482930 0.576942
874.749630 0.066959 -0.185210 0.287511 -0.361568 0.471807 -0.482809 0.579912
886.943166 0.069736 -0.182455 0.292615 -0.360515 0.475732 -0.482687 0.582877
899.306672 0.072552 -0.180507 0.294199 -0.359455 0.477489 -0.482562 0.585836
911.842520 0.072029 -0.179179 0.297078 -0.358389 0.478913 -0.482434 0.588789
924.553110 0.073931 -0.177513 0.301096 -0.357318 0.481757 -0.482304 0.591735
937.440879 0.074274 -0.177033 0.303549 -0.356240 0.485945 -0.482171 0.594674
950.508296 0.076343 -0.175907 0.305933 -0.355156 0.488367 -0.482035 0.597604
963.757866 0.078469 -0.174531 0.308332 -0.354066 0.490296 -0.481897 0.600525
977.192128 0.079812 -0.172680 0.310745 -0.352970 0.491949 -0.481756 0.603436
990.813657 0.081311 -0.171624 0.312186 -0.352408 0.493742 -0.481613 0.606338
1004.625062 0.082105 -0.169516 0.312964 -0.350762 0.495535 -0.481466 0.609228
1018.628990 0.081650 -0.170064 0.316574 -0.348510 0.497328 -0.481317 0.612108
1032.828126 0.082571 -0.170239 0.319050 -0.348531 0.500194 -0.481165 0.614975
1047.225190 0.085789 -0.170662 0.323005 -0.347407 0.502594 -0.481010 0.617830
1061.822941 0.087731 -0.170603 0.324674 -0.346279 0.504045 -0.480852 0.620671
1076.624177 0.090517 -0.168596 0.326151 -0.345145 0.505494 -0.480691 0.623499
1091.631734 0.092261 -0.165330 0.327766 -0.344006 0.506941 -0.480527 0.626313
1106.848489 0.093613 -0.164062 0.329309 -0.344274 0.508387 -0.480360 0.630998
1122.277356 0.095824 -0.162168 0.330851 -0.347055 0.509861 -0.480190 0.637716
1137.921294 0.097881 -0.160398 0.334100 -0.346706 0.513892 -0.480016 0.644381
1153.783300 0.099327 -0.158311 0.338643 -0.342295 0.519678 -0.479840 0.650989
1169.866413 0.099347 -0.158956 0.341263 -0.338241 0.523562 -0.479661 0.657539
1186.173716 0.102002 -0.157770 0.344772 -0.337074 0.525750 -0.479478 0.664028
1202.708335 0.103458 -0.156574 0.348290 -0.334928 0.527930 -0.479292 0.670455
1219.473437 0.103270 -0.151779 0.350906 -0.331782 0.530102 -0.479103 0.676817
1236.472235 0.105885 -0.149413 0.353985 -0.329724 0.535209 -0.478911 0.683113
1253.707987 0.109747 -0.146876 0.357137 -0.330113 0.540705 -0.478716 0.689340
1271.183997 0.112108 -0.144979 0.358924 -0.330504 0.545297 -0.478517 0.695498
1288.903612 0.115423 -0.142981 0.360996 -0.329991 0.547113 -0.478315 0.701585
1306.870230 0.116199 -0.141934 0.362574 -0.328798 0.548920 -0.478110 0.707598
1325.087292 0.117939 -0.139381 0.364437 -0.327601 0.550720 -0.477901 0.713538
1343.558290 0.120857 -0.137838 0.366327 -0.327919 0.554661 -0.477689 0.719402
1362.286764 0.122740 -0.134532 0.368242 -0.325464 0.562356 -0.477473 0.725190
1381.276303 0.124106 -0.131780 0.370184 -0.323993 0.570008 -0.477255 0.730900
1400.530545 0.127637 -0.130349 0.372763 -0.320989 0.571660 -0.477032 0.736531
1420.053182 0.128108 -0.131882 0.374143 -0.321970 0.573205 -0.476807 0.739274
1439.847953 0.131607 -0.128930 0.376161 -0.325765 0.574742 -0.476578 0.741634
1459.918652 0.134532 -0.125940 0.378341 -0.323792 0.578923 -0.476346 0.743982
1480.269127 0.137993 -0.127120 0.380888 -0.324235 0.584850 -0.476110 0.746318
1500.903276 0.140099 -0.125629 0.383488 -0.320642 0.587883 -0.475871 0.748641
1521.825053 0.142734 -0.123027 0.386705 -0.318435 0.591692 -0.475628 0.750951
1543.038469 0.146248 -0.122774 0.390023 -0.320591 0.595810 -0.475382 0.753249
1564.547589 0.148586 -0.122303 0.393578 -0.321444 0.600931 -0.475133 0.755533
1586.356534 0.152108 -0.121036 0.394492 -0.320910 0.605358 -0.474880 0.757804
1608.469483 0.154576 -0.116419 0.396923 -0.323691 0.609722 -0.474624 0.760062
1630.890676 0.156741 -0.113147 0.399503 -0.325375 0.611893 -0.474365 0.762305
1653.624407 0.159446 -0.111552 0.401393 -0.323915 0.615334 -0.474102 0.764536
1676.675035 0.160549 -0.110231 0.403595 -0.324939 0.618692 -0.473836 0.766752
1700.046975 0.163341 -0.106921 0.405005 -0.323844 0.621884 -0.473567 0.768954
1723.744708 0.165590 -0.106115 0.407338 -0.321051 0.625548 -0.473295 0.771142
1747.772774 0.167427 -0.105073 0.409239 -0.322336 0.629139 -0.473019 0.773315
1772.135779 0.168223 -0.101450 0.414579 -0.325775 0.632658 -0.472740 0.775474
1796.838391 0.168990 -0.097804 0.418161 -0.329120 0.636103 -0.472458 0.777618
1821.885343 0.169732 -0.098575 0.420129 -0.332220 0.639476 -0.472173 0.779747
1847.281437 0.171707 -0.100676 0.423000 -0.334124 0.642777 -0.471885 0.781862
1873.031539 0.173679 -0.098863 0.428330 -0.335977 0.645919 -0.471594 0.783961
1899.140582 0.176911 -0.099730 0.431028 -0.337778 0.648959 -0.471299 0.786046
1925.613572 0.178465 -0.096834 0.434718 -0.339530 0.651929 -0.471002 0.788115
1952.455581 0.178131 -0.098510 0.437046 -0.340190 0.655263 -0.470702 0.790168
1979.671753 0.181413 -0.096196 0.439299 -0.339629 0.658208 -0.470399 0.792207
2007.267304 0.183901 -0.096925 0.441480 -0.340290 0.661084 -0.470094 0.794230
2035.247521 0.188320 -0.095779 0.443589 -0.342583 0.664051 -0.469785 0.796237
2063.617768 0.191736 -0.094287 0.447261 -0.344822 0.667057 -0.469474 0.798228
2092.383480 0.194136 -0.093502 0.449626 -0.345966 0.670368 -0.469160 0.800204
2121.550171 0.198472 -0.092939 0.450258 -0.345530 0.673399 -0.468844 0.802164
2151.123430 0.201757 -0.091248 0.455421 -0.344331 0.676347 -0.468526 0.804108
2181.108924 0.204947 -0.089454 0.460450 -0.345469 0.679214 -0.468205 0.806036
2211.512400 0.208196 -0.086429 0.464530 -0.347078 0.682002 -0.467881 0.809237
2242.339683 0.212078 -0.085426 0.468591 -0.348247 0.684711 -0.467556 0.812896
2273.596682 0.215528 -0.087197 0.471162 -0.348705 0.687343 -0.467228 0.816479
2305.289387 0.218426 -0.083093 0.473782 -0.349163 0.690247 -0.466898 0.819986
2337.423871 0.221971 -0.080814 0.477131 -0.349621 0.693573 -0.466567 0.823417
2370.006292 0.223846 -0.081090 0.479758 -0.351359 0.696874 -0.466233 0.826775
2403.042894 0.226096 -0.079157 0.484034 -0.353122 0.700150 -0.465898 0.830060
2436.540009 0.227815 -0.079103 0.489992 -0.354881 0.703401 -0.465561 0.833272
2470.504055 0.231018 -0.080399 0.496175 -0.356634 0.706627 -0.465222 0.836413
2504.941542 0.233678 -0.079358 0.501889 -0.358011 0.709826 -0.464882 0.839483
2539.859069 0.236582 -0.078326 0.503410 -0.358751 0.712999 -0.464540 0.842483
2575.263327 0.239842 -0.076122 0.509083 -0.359485 0.716915 -0.464198 0.845415
2611.161101 0.242546 -0.076289 0.512218 -0.360214 0.724042 -0.463853 0.848280
2647.559271 0.245509 -0.078777 0.517979 -0.360936 0.725924 -0.463508 0.851078
2684.464811 0.247247 -0.077795 0.521506 -0.361052 0.727749 -0.463162 0.853810
2721.884795 0.251202 -0.079447 0.527309 -0.361127 0.729518 -0.462815 0.856478
2759.826392 0.255573 -0.079843 0.532775 -0.361199 0.731471 -0.463361 0.859082
2798.296876 0.259159 -0.082236 0.536304 -0.361271 0.734200 -0.464193 0.861624
2837.303617 0.261501 -0.085141 0.539813 -0.361340 0.736054 -0.465004 0.864105
2876.854090 0.263731 -0.086772 0.543096 -0.361778 0.739098 -0.465795 0.866525
2916.955876 0.265971 -0.088916 0.546771 -0.363736 0.743159 -0.466565 0.868886
2957.616659 0.268230 -0.088448 0.551789 -0.365676 0.745512 -0.467315 0.871189
2998.844231 0.270174 -0.089126 0.556955 -0.367058 0.749031 -0.468046 0.873435
3040.646493 0.272104 -0.088277 0.562915 -0.367690 0.752266 -0.468757 0.875626
3083.031457 0.273380 -0.090208 0.568009 -0.368310 0.755465 -0.469451 0.877761
3126.007243 0.275298 -0.092091 0.571294 -0.368920 0.758626 -0.470125 0.879842
3169.582089 0.278226 -0.092095 0.574284 -0.369519 0.761749 -0.470782 0.881871
3213.764344 0.280408 -0.091635 0.579720 -0.370106 0.765221 -0.471422 0.883848
3258.562476 0.281437 -0.090161 0.582419 -0.370881 0.768708 -0.472045 0.885775
3303.985070 0.283431 -0.090664 0.586279 -0.371927 0.772165 -0.472651 0.887652
3350.040830 0.284952 -0.090062 0.591358 -0.372961 0.775591 -0.473241 0.889480
3396.738582 0.288029 -0.089865 0.593649 -0.373985 0.778984 -0.473815 0.891261
3444.087276 0.290767 -0.088916 0.596137 -0.374997 0.782346 -0.474367 0.892996
3492.095985 0.293085 -0.090044 0.598091 -0.375998 0.785675 -0.474853 0.894685
3540.773909 0.295797 -0.091170 0.600602 -0.376987 0.788751 -0.475445 0.896329
3590.130377 0.297536 -0.092295 0.602173 -0.377966 0.792017 -0.475960 0.897930
3640.174847 0.299505 -0.093845 0.604093 -0.378933 0.793977 -0.476460 0.899489
3690.916911 0.301748 -0.094608 0.609122 -0.379889 0.795028 -0.476947 0.901006
3742.366291 0.304584 -0.095653 0.612896 -0.380699 0.796391 -0.477420 0.902483
3794.532847 0.305731 -0.096767 0.615260 -0.380953 0.799047 -0.477880 0.903920
3847.426577 0.307642 -0.097879 0.617702 -0.381197 0.801668 -0.478328 0.905318
3901.057617 0.309179 -0.098987 0.621165 -0.381431 0.804090 -0.478763 0.906679
3955.436245 0.310330 -0.100093 0.625556 -0.381656 0.805449 -0.479186 0.908003
4010.572881 0.312740 -0.102451 0.629870 -0.381873 0.806793 -0.479597 0.909290
4066.478092 0.315074 -0.103127 0.633444 -0.382081 0.808121 -0.479997 0.910543
4123.162591 0.316408 -0.103392 0.637301 -0.382280 0.809433 -0.480386 0.911761
4180.637241 0.318010 -0.104485 0.640417 -0.382472 0.812439 -0.480764 0.912946
4238.913057 0.318980 -0.104975 0.642984 -0.382722 0.816003 -0.481132 0.914098
4298.001206 0.320730 -0.106661 0.645881 -0.385064 0.819494 -0.481489 0.915219
4357.913012 0.322080 -0.107259 0.648139 -0.386705 0.822912 -0.481836 0.916308
4418.659956 0.323768 -0.107503 0.653362 -0.386965 0.826032 -0.482173 0.917368
4480.253680 0.325364 -0.107741 0.656914 -0.387216 0.829531 -0.482501 0.918702
4542.705986 0.326706 -0.107586 0.661307 -0.387605 0.832732 -0.482819 0.921310
4606.028844 0.327978 -0.108203 0.664874 -0.388754 0.835862 -0.483129 0.923831
4670.234388 0.329272 -0.109519 0.668185 -0.389884 0.838920 -0.483429 0.926266
4735.334923 0.331972 -0.111496 0.672270 -0.390994 0.841909 -0.483721 0.928618
4801.342924 0.333006 -0.112473 0.676328 -0.392086 0.844827 -0.484005 0.930889
4868.271040 0.333871 -0.112391 0.680099 -0.393159 0.847676 -0.484281 0.933081
4936.132098 0.334663 -0.112895 0.680895 -0.394214 0.850457 -0.484549 0.935197
5004.939103 0.335567 -0.113099 0.684470 -0.395250 0.853171 -0.484809 0.937239
5074.705239 0.336400 -0.113297 0.688289 -0.396269 0.855818 -0.485062 0.939210
5145.443878 0.337222 -0.113492 0.692076 -0.397269 0.858399 -0.485307 0.941110
5217.168576 0.338095 -0.113682 0.695832 -0.398253 0.860914 -0.485546 0.942944
5289.893076 0.338836 -0.113868 0.698948 -0.399218 0.863366 -0.485777 0.944712
5363.631317 0.339627 -0.114050 0.701379 -0.400167 0.865755 -0.486002 0.946416
5438.397428 0.340409 -0.114227 0.704006 -0.401099 0.868082 -0.486221 0.948060
5514.205739 0.341238 -0.115009 0.706201 -0.402015 0.870348 -0.486433 0.949644
5591.070777 0.342041 -0.114987 0.709287 -0.402914 0.872554 -0.486639 0.951171
5669.007271 0.342962 -0.114877 0.709482 -0.403797 0.874701 -0.486839 0.952643
5748.030158 0.343983 -0.114899 0.711674 -0.404664 0.876790 -0.487000 0.954061
5828.154581 0.344962 -0.114964 0.714165 -0.405347 0.878822 -0.487150 0.955427
5909.395895 0.346000 -0.114725 0.716604 -0.405946 0.880799 -0.487295 0.956742
5991.769669 0.346996 -0.115165 0.718351 -0.406536 0.882721 -0.487434 0.958010
6075.291689 0.347983 -0.115512 0.721254 -0.407116 0.884590 -0.487568 0.959231
6159.977960 0.348963 -0.115657 0.723620 -0.407688 0.886406 -0.487696 0.960406
6245.844712 0.349288 -0.115798 0.725610 -0.408251 0.888171 -0.487819 0.961538
6332.908400 0.349495 -0.115937 0.727746 -0.408805 0.889885 -0.487938 0.962628
6421.185709 0.350818 -0.116072 0.730752 -0.409350 0.892703 -0.488052 0.963677
6510.693555 0.352110 -0.116204 0.733715 -0.409886 0.895733 -0.488162 0.964687
6601.449093 0.353235 -0.116333 0.736635 -0.410414 0.898667 -0.488267 0.965659
6693.469713 0.353347 -0.116459 0.738000 -0.410934 0.901507 -0.488368 0.966595
6786.773051 0.353455 -0.116582 0.738918 -0.411445 0.904256 -0.488466 0.967495
6881.376986 0.353560 -0.116702 0.740259 -0.411948 0.906470 -0.488559 0.968362
6977.299650 0.353661 -0.116820 0.741768 -0.412443 0.908120 -0.488649 0.969195
7074.559423 0.353759 -0.117111 0.743983 -0.412849 0.909741 -0.488736 0.969997
7173.174944 0.354332 -0.117667 0.745785 -0.412936 0.911333 -0.488819 0.970769
7273.165113 0.355316 -0.118215 0.747546 -0.413019 0.912291 -0.488898 0.971512
7374.549090 0.356289 -0.118754 0.749269 -0.413100 0.912676 -0.488975 0.972226
7477.346305 0.357251 -0.119075 0.750954 -0.413177 0.913869 -0.489049 0.972913
7581.576458 0.357814 -0.119109 0.752601 -0.413252 0.915043 -0.489120 0.973574
7687.259522 0.358100 -0.119141 0.753843 -0.413325 0.916199 -0.489188 0.974209
7794.415750 0.358377 -0.119173 0.754140 -0.413395 0.917338 -0.489253 0.974820
7903.065679 0.358645 -0.119203 0.754325 -0.413463 0.918459 -0.489316 0.975408
8013.230128 0.358904 -0.119390 0.757441 -0.414963 0.919563 -0.489376 0.975973
8124.930211 0.359960 -0.120069 0.760302 -0.416542 0.920649 -0.489434 0.976517
8238.187331 0.361242 -0.120743 0.761740 -0.417781 0.921719 -0.489490 0.977039
8353.023195 0.362495 -0.121412 0.763146 -0.418179 0.921970 -0.489544 0.977542
8469.459808 0.362726 -0.122075 0.764450 -0.418570 0.922179 -0.489595 0.978025
8587.519485 0.362889 -0.122733 0.764505 -0.418954 0.922379 -0.489645 0.978489
8707.224849 0.363048 -0.123386 0.764557 -0.419332 0.922571 -0.489692 0.978936
8828.598841 0.363201 -0.124033 0.765210 -0.419703 0.923205 -0.489738 0.979365
8951.664721 0.363350 -0.124675 0.765305 -0.419899 0.924783 -0.489782 0.979777
9076.446073 0.363495 -0.125312 0.765397 -0.419989 0.926203 -0.489824 0.980174
9202.966809 0.363635 -0.125619 0.765485 -0.420076 0.927784 -0.489865 0.980555
9331.251175 0.363771 -0.125869 0.765577 -0.420161 0.929675 -0.489904 0.980922
9461.323756 0.364200 -0.126114 0.767869 -0.420242 0.931225 -0.489941 0.981274
9593.209478 0.364632 -0.126388 0.770125 -0.420321 0.932427 -0.489977 0.981612
9726.933615 0.365057 -0.126973 0.772346 -0.420398 0.933620 -0.490012 0.981938
9862.521795 0.365476 -0.127551 0.774533 -0.420472 0.935368 -0.490045 0.982250
10000.000000 0.365888 -0.128121 0.776684 -0.420544 0.937050 -0.490077 0.982551
