10.000000 841814957455.145142 54630570220.634682 4750633920198.543945 4756266341.518159 11779923815338.599609 382009501.880556 28334669213192.714844
10.139395 867048934163.173950 56738741540.415062 4888435843459.082031 4956646071.340425 12009282056918.906250 402788057.677872 28756345609083.332031
10.280732 892524269364.036743 59411492813.743622 5015307735404.933594 5165396870.423401 12230741192381.314453 424691033.789232 29182436634433.449219
10.424040 925174651640.477661 61396864835.218803 5145294750631.696289 5382864519.345945 12459257414298.310547 447778884.459435 29612943756257.285156
10.569346 959008655614.160156 64536539453.630760 5278466721071.040039 5609408865.616446 12720178730509.730469 472115287.665722 30047867310398.808594
10.716676 989253201655.783203 68139580904.387245 5408575425577.888672 5845404384.170081 12964891968547.523438 497767315.237889 30487206485054.851562
10.866061 1019829795501.937866 71294209110.077972 5545687961208.938477 6091240759.569871 13213548984190.875000 524805611.838085 30930959304742.195312
11.017528 1051283479066.937866 74239389760.667114 5697810641846.643555 6347323490.714086 13466191556910.148438 553304583.251991 31379122614729.101562
11.171107 1088458847305.381348 77185946113.069916 5835210845967.926758 6614074518.880346 13722861319387.769531 583342594.467698 31831692065951.246094
11.326826 1120334410949.895020 80315777254.108246 5994638622564.756836 6891932879.981147 13983599739485.566406 615002178.043409 32288662100431.425781
11.484715 1160613637670.078369 83795811939.893387 6148462092167.849609 7181355381.914780 14248448101963.876953 648370253.287045 32750025937222.101562
11.644806 1197089245034.602539 87236909402.515579 6288167420355.822266 7482817307.940084 14517447489960.937500 683538356.799940 33215775558891.414062
11.807128 1234813402097.665771 90813893921.363815 6416589856842.814453 7796813147.032194 14790638766243.455078 720602884.963094 33685901698569.718750
11.971713 1272978142090.241455 94531868187.261993 6547316978921.429688 8123857352.211803 15050300543593.089844 759665348.972128 34160393827576.691406
12.138593 1312626209551.859619 98396114342.483032 6680380358839.673828 8464485127.862539 15283342815435.005859 800832643.059322 34639240143645.972656
12.307798 1354229846758.082031 102412099766.006058 6784761854838.008789 8819253247.107279 15518869035805.304688 844217326.571226 35122427559766.609375
12.479362 1395384906446.217285 106845642273.325058 6944815180718.842773 9188740900.329800 15801997155945.375000 889937920.603732 35609941693656.453125
12.653318 1440283810561.033691 110981096905.701294 7061535775947.977539 9573550575.973021 16096458447726.576172 938119219.930738 36101766857886.812500
12.829698 1499858477825.907715 115428070148.971832 7235258495215.920898 9974308974.794744 16395598865102.992188 988892621.000537 36597886050673.078125
13.008537 1561840373465.862061 120109603045.930344 7453815461725.260742 10391667958.776089 16699469225258.529297 1042396466.810184 37098280947347.812500
13.189869 1618912734102.502686 124857390219.725632 7593411196537.856445 10826305535.944185 17008120231797.554688 1098776409.507823 37602931892531.242188
13.373729 1666784829884.396240 129992282359.251602 7715646397193.800781 11278926882.397438 17321602452928.056641 1158185791.618017 38111817893014.703125
13.560151 1709072766964.342529 135273685902.809494 7899998061406.111328 11750265402.865772 17639966299220.121094 1220786046.823404 38624916611370.101562
13.749172 1757138382508.888672 140724683665.804565 8080375359257.380859 12241083831.194275 17963262000946.652344 1286747121.287276 39142204360299.976562
13.940828 1806547299474.850586 146263054821.097870 8251604681290.125977 12808658025.708916 18338902050223.500000 1356247916.545634 39663656097739.875000
14.135156 1857239312141.647705 152893056027.223022 8398057005173.098633 13472558427.559572 18741658937747.546875 1429476755.050131 40189245422725.859375
14.332192 1907648060610.425781 159713028311.712799 8553731254304.016602 14170333940.362364 19077657540341.554688 1506631869.493325 40718944572039.039062
14.531975 1971271511954.893066 166019236703.521118 8768245774697.501953 14903679088.439684 19418421206312.535156 1587921917.105592 41252724417636.476562
14.734543 2027353314344.699951 172840169076.354584 8918119174946.468750 15674371048.581047 19743383230415.539062 1673566520.167892 41790554464879.875000
14.939935 2120172505579.520020 181236273543.727722 9076715446987.375000 16484273552.438856 20042906255716.218750 1763796834.047565 42332402851570.132812
15.148189 2182173519318.442871 190253646048.880676 9242580870113.498047 17335340965.446766 20345161002287.125000 1858856144.123450 42878236347796.515625
15.359347 2245827619954.362305 200314890445.738434 9511196461553.740234 18229622549.788334 20677883473363.976562 1959000493.038257 43428020356608.492188
15.573448 2330530966440.507324 208952264133.195709 9688437823744.189453 19169266919.244286 21030402543132.691406 2064499339.779451 43981718915515.828125
15.790533 2392426657795.816895 218119676134.288605 9910816148312.884766 20156526694.050598 21385898380997.164062 2175636252.165678 44539294698824.109375
16.010645 2472230142809.098145 226546804684.454315 10137149567877.500000 21193763364.213024 21744396123606.859375 2292709634.389845 45100709020809.398438
16.233824 2553863206745.026367 235155237256.561981 10353327796966.210938 22283452370.056705 22105921119872.062500 2416033491.350699 45665921839737.039062
16.460115 2653258125407.845215 244085014327.250458 10573349258695.046875 23428188409.114769 22560876291129.484375 2545938231.583978 46234891762727.632812
16.689560 2770992154017.542480 253377250680.994476 10797651518712.789062 24630690978.824100 23055883429151.195312 2682771510.694161 46807576051472.000000
16.922204 2854749811929.084473 263038829513.514771 11079260193995.294922 25893810164.839527 23490794962087.203125 2826899117.276401 47383930628796.984375
17.158090 2932702976894.986816 276240890850.563538 11296242952684.789062 27220532685.162533 23856568604884.093750 2978705903.412417 47963910086082.906250
17.397264 3031033853900.030273 286251265032.140137 11552920320234.613281 28613988200.656120 24199687646155.558594 3138596761.923913 48547467691530.835938
17.639773 3116865510347.705078 296609291996.904602 11864989461640.070312 30137195899.323563 24546046062297.417969 3306997652.669013 49134555399280.085938
17.885662 3225424685268.789551 307326360530.281677 12184180971880.539062 31776387907.476238 24897304732803.503906 3484356680.275911 49725123859371.656250
18.134978 3347255635580.368164 321791467542.105591 12462753897386.201172 33228333847.886116 25346206605522.527344 3671145225.819726 50319122428556.398438
18.387770 3439332572440.938477 334277031771.095215 12660852315248.460938 34911728737.317398 25802174301758.984375 3867859135.067200 50916499181941.679688
18.644085 3526053968525.198242 346958210875.588684 12940247913764.621094 36459441615.125305 26265286001014.812500 4075019966.035164 51517200925472.828125
18.903974 3633233715308.587402 360096085564.596069 13224843205679.109375 38075764724.678833 26735619428636.781250 4293176298.739264 52121173209242.335938
19.167485 3764131775319.090332 373706037367.456177 13494400636366.470703 39763739143.600334 27213251800458.234375 4522905110.140947 52728360341620.390625
19.434669 3881014854952.186523 387803922459.477356 13809916623812.792969 41526541478.458633 27698259767161.839844 4764813217.441642 53338705404198.343750
19.705578 4020728535195.823242 402749144713.430969 14110537543311.650391 43367488533.873093 28184051689304.343750 5019538793.021201 53952150267536.609375
19.980263 4147528699965.412109 419517732223.038574 14408033868976.666016 45290044498.997284 28642617916130.949219 5287752954.465143 54568635607706.820312
20.258777 4282632823275.656250 436965335557.434998 14650168852439.324219 47297826077.298264 29106584449394.230469 5570161433.291287 55188100923617.335938
20.541173 4421514081231.356445 452288695076.462585 15045601283667.072266 49394610092.514420 29575966953005.972656 5867506326.143189 55810484555112.218750
20.827506 4548956830534.681641 468089272285.722046 15368598191061.453125 51584343769.572037 30053975906370.554688 6180567932.403117 56435723701828.195312
21.117830 4695546547624.915039 484410263969.506836 15697371397201.533203 54067461730.837486 30676570709751.007812 6510166682.344978 57063754442799.234375
21.412202 4827442855790.843750 501589011507.564270 16058634822101.699219 56464318796.419647 31306126427730.375000 6857165160.146670 57694511756793.460938
21.710676 4962802070512.686523 522524712456.048523 16372541165305.175781 58967426045.860519 31952497672598.476562 7222470226.270936 58327929543366.562500
22.013311 5107250373217.403320 541826620301.334290 16719085680149.974609 61581490824.060448 32606011174097.531250 7607035243.933996 58963940644618.039062
22.320165 5269684304520.901367 560646708555.837891 17071702379587.695312 64619831248.993202 33270009900216.734375 8011862414.591428 59602476867631.500000
22.631296 5402852784131.134766 580134965585.694946 17344164425562.626953 67857545664.141853 33944580881759.824219 8438005227.593012 60243469007583.882812
22.946764 5561356369720.860352 601516348800.596680 17690174364444.054688 70718031514.824692 34629809554042.144531 8886571029.395699 60886846871503.640625
23.266629 5732614235194.630859 623995323156.948242 18032045017583.863281 73585776436.578644 35325779678005.976562 9358723717.959124 61532539302661.000000
23.590953 5970814497328.688477 650175247430.422485 18381002582021.335938 76567491160.542130 36032573260494.539062 9855686568.204809 62180474205569.617188
23.919798 6130871812273.541992 677420640951.432007 18733348328991.750000 79887224391.337509 36750270473751.812500 10378745194.681986 62830578571580.343750
24.253227 6295700444426.797852 705773175511.087036 19089115155850.093750 83428609676.161621 37359930167295.820312 10929250657.852638 63482778505046.515625
24.591304 6469496294745.618164 735276068990.563477 19448336279366.265625 87126973523.443710 37950697456138.304688 11508622720.701784 64136999250038.953125
24.934094 6624094335541.858398 765974138757.947998 19813159804719.515625 91196863188.842377 38545951180915.867188 12118353262.666351 64793165217589.664062
25.281661 6794081984480.097656 797913856731.876343 20250018077766.484375 95711776554.638290 39145725412755.726562 12760009858.188271 65451200013441.546875
25.634074 7032539944716.727539 835177490035.850342 20733656678318.671875 100447954516.646942 39750054481529.656250 13435239527.523108 66111026466281.601562
25.991399 7224245015572.086914 879314432396.356689 21260010215294.789062 104942715471.130417 40358972977819.296875 14145772667.763100 66772566656434.226562
26.353705 7399812330408.296875 917149138470.614502 21713520895327.542969 109593977723.754883 40972515754895.828125 14893427172.384104 67435741944990.898438
26.721062 7620900799617.293945 952573196257.354614 22209819203600.050781 114451376916.545517 41590717930714.992188 15680112747.989796 68100473003352.625000
27.093539 7857202442111.221680 989311120584.075684 22552332195614.523438 119524045275.985992 42213614889927.070312 16507835437.300701 68766679843160.445312
27.471208 8122189125304.217773 1027409086148.334473 23050159027653.398438 124821524412.354507 42841242285902.460938 17378702357.826775 69434281846589.164062
27.854142 8395239108249.326172 1081740464084.993408 23481662898466.015625 130353775205.405121 43555856446766.109375 18294926666.072269 70103197796979.937500
28.242413 8647586257456.890625 1139300592339.807617 23987710598488.667969 136131200084.270538 44165054003412.390625 19258832757.536575 70773345909785.828125
28.636097 8935288455524.009766 1179736398823.550293 24498344044651.437500 142164663357.316254 44778927354228.609375 20272861713.228649 71444643863804.765625
29.035269 9207327574915.990234 1217212927229.927979 24976200811383.886719 148465510911.157349 45399778824757.757812 21339577003.852566 72117008832676.031250
29.440005 9437200058025.037109 1255835940859.334717 25470058256538.109375 155045590799.498779 46051602754025.343750 22461670463.308220 72790357516611.515625
29.850382 9694858632691.378906 1297475881395.089355 25955142202958.324219 161917274599.819244 46766587611437.359375 23641968543.639378 73464606174338.546875
30.266481 9988373648228.693359 1350650180319.116211 26383520049346.878906 169093483096.034149 47522000531288.875000 24883438864.069595 74139670655227.250000
30.688379 10227533662113.542969 1405925664972.962158 26901541255745.058594 176587710938.771118 48286679511939.257812 26189197067.307365 74815466431576.375000
31.116158 10508809685518.808594 1461006352765.821777 27439150626916.410156 184414048008.942108 49060655619339.898438 27562513996.840546 75491908631032.046875
31.549901 10793389420354.166016 1510414289777.765381 27935869001590.011719 192587210410.540588 49843958212158.875000 29006823209.520084 76209655101405.281250
31.989689 11121042097109.636719 1561388565089.666748 28381517544062.828125 201122564258.130768 50543555203298.789062 30525728838.325104 77048340449732.921875
32.435608 11461254363914.843750 1613974657752.132568 28826301624767.855469 209744302431.753571 50931079204709.414062 32123013820.813030 77890695922785.843750
32.887743 11724701570229.695312 1670404337861.201416 29286246982749.339844 217913439081.383667 51557774652901.656250 33802648509.401764 78736653841359.000000
33.346180 11993656884919.324219 1733321840685.658447 29784441120870.453125 228767246185.156891 52374549130172.515625 35568799680.285469 79586145785528.015625
33.811008 12347186773381.298828 1798500032763.245850 30352437082320.062500 239217699632.333649 53197514472427.515625 37338903332.922081 80439102619450.281250
34.282315 12649837267975.509766 1866015225572.947510 30907833338232.925781 249819424164.073608 54026717604258.851562 39032533769.665504 81295454516385.093750
34.760192 12932758888843.349609 1935946097717.010742 31444830058510.191406 261962393273.595276 54862205805930.679688 40800080628.112450 82155130983912.453125
35.244730 13283547812303.785156 2040667539415.923584 31988521580497.160156 275480874646.848938 55615845705433.937500 42644626023.168800 83018060889330.296875
35.736022 13591813019392.248047 2127454573213.781250 32523363515968.992188 289690669019.464478 56159096005381.414062 44569373889.744713 83884172485211.250000
36.234163 13904583267104.017578 2211091860785.648438 33028717389675.468750 304626711552.374573 56703579940789.992188 46577654509.950180 84753393435098.593750
36.739248 14251822271692.539062 2321340792801.802734 33602524716043.328125 320325675258.104980 57334051491124.140625 48672929197.417191 85625650839321.953125
37.251373 14574241327386.000000 2401694443650.181641 34180320022046.984375 336777078379.869751 58128415724499.640625 50858795143.832283 86500871260913.375000
37.770637 14998507552987.742188 2477101400143.614746 34763341064235.062500 353359194936.187012 58928224417132.890625 53138990432.919945 87381066700908.640625
38.297139 15350648411978.398438 2554689765536.722168 35351635105571.359375 370734397127.902710 59806623661068.929688 55517399227.274178 88279797874351.359375
38.830980 15828379549012.906250 2659876852171.990723 35983516115478.742188 388939223064.077942 60736837864958.562500 57998057133.600380 89181574107523.343750
39.372263 16210711438889.228516 2803195498649.231934 36544233378705.078125 408011812618.317200 61448326747296.546875 60585156752.099701 90086319192902.593750
39.921091 16487900777654.697266 2917708806134.925781 37186230403269.625000 427991972938.425110 62182653938062.562500 63283053415.898438 90993956426101.578125
40.477570 16898760758025.271484 3024050638523.650879 37797862626130.078125 448921246364.646606 63266125276385.914062 66096271126.609131 91904408632774.578125
41.041805 17281704291257.363281 3134067189831.948730 38416355271192.492188 470842980829.235535 64604669431909.851562 69029508692.290039 92817598195548.828125
41.613906 17692166884966.277344 3247876769445.780273 39015442888685.171875 493802402811.270020 65953855648744.203125 72087646074.258926 93733447080960.265625
42.193981 18029984595769.609375 3365601146296.318359 39673943100473.031250 516401946197.183167 67062077153728.015625 75275750949.415970 94651876866375.421875
42.782142 18345844899230.476562 3487365637165.874023 40313044741515.414062 539419376718.503113 68119933309092.937500 78871758156.166122 95572808766881.281250
43.378502 18637112954871.773438 3613299196833.645996 41013351551533.304688 563462523016.072266 69124788412181.929688 83006767439.654465 96496163662124.703125
43.983175 18989582771701.597656 3722428060912.658203 42005204734281.093750 588577079497.658569 70074714712122.250000 87354683827.439407 97421862123083.687500
44.596276 19414703464797.265625 3833583954078.953613 42746057028812.851562 614810769762.725098 71031841121311.234375 91926221730.715469 98349824438753.484375
45.217924 19830674829010.347656 3947773199782.241211 43397436942997.023438 642213447498.606323 71996222214059.703125 96732619145.251617 99279970642729.562500
45.848238 20161820557287.355469 4112790295843.376465 44013048282528.835938 668834125559.354492 72967912978332.656250 101785662269.786606 100212220539671.765625
46.487337 20649553956487.574219 4310282858110.050781 44634001809847.281250 693223733310.894897 73946968818884.781250 107097711222.841583 101146493731632.968750
47.135345 21147242632711.878906 4464154443639.833984 45445343297734.234375 718449682058.603271 74852883533005.140625 112681726903.338074 102082709644235.890625
47.792386 21655027013775.238281 4623207616862.598633 46251351350886.046875 744538665090.040894 75913722518250.562500 118551299042.161209 103020787552683.140625
48.458586 22163294250420.191406 4787603911826.362305 46865273574294.101562 771518161023.187012 76928887164114.843750 124720675493.429489 103960646607585.359375
49.134073 22616838833063.152344 4957509399342.837891 47649971951956.984375 807618217617.990845 77937965804194.015625 131204792816.054733 104902205860592.578125
49.818975 22961007252000.796875 5133094797102.245117 48418616156848.468750 847988835205.816528 78954692907579.765625 138019308197.959229 105845384289814.765625
50.513425 23309610713687.628906 5314535581948.829102 49271052154945.796875 890363730695.899902 79979126446949.937500 145180632777.146454 106790100825017.593750
51.217554 23934290473925.515625 5508472119978.009766 50200847337767.765625 934841511718.382690 81011324834394.984375 152705966415.779724 107736274372580.187500
51.931499 24689069899627.015625 5727443149239.079102 50974939571313.773438 981525578430.880249 82051346924748.718750 160613333985.324280 108683823840202.625000
52.655396 25223019386203.808594 5967556234102.240234 51620286185262.554688 1018619715016.047241 83099252018943.875000 168921623222.819061 109632668161350.031250
53.389384 25818431830881.593750 6270860332413.661133 52272130458296.375000 1053777130314.236084 84155099867393.640625 177650624220.440948 110582726319421.046875
54.133603 26225194293889.312500 6474081493078.225586 52930537811961.859375 1097749245569.539795 85218950673398.359375 186821070612.523224 111533917371631.218750
54.888196 26594273787934.507812 6689162468543.561523 53872236816588.953125 1154648069349.878418 85950851864866.125000 196454682526.455231 112486160472597.421875
55.653308 27197860685125.570312 6938156296438.843750 54791722350598.632812 1212551460763.275879 86662809719822.890625 206574211365.978668 113439374897616.046875
56.429085 27632736915102.890625 7174891263823.808594 55453474431659.765625 1253666752088.793945 87374649994717.515625 217203486497.701721 114393480065622.062500
57.215676 28069750767361.777344 7419124756518.061523 56351394879582.867188 1296154248197.687744 88086294046086.500000 228367463913.899841 115348395561821.640625
58.013231 28694066506197.523438 7671072952015.481445 57003632207189.609375 1340058688592.683838 88797663645963.765625 240092276947.036102 116304041159988.687500
58.821904 29302855705472.039062 7930957479946.712891 57867844937421.625000 1385426220645.538086 89538324580228.281250 252405289113.763977 117260336844415.828125
59.641849 30028988953630.558594 8199005528804.808594 58903608224369.640625 1432304441456.363770 91262837452574.281250 265335149168.635773 118281564607416.718750
60.473224 30632769896139.585938 8475449953293.140625 59947800221622.304688 1480742440839.989746 93000896530539.609375 278911848450.157288 119429689588446.671875
61.316188 31098266381273.132812 8715498635394.835938 60947078710859.078125 1530790845463.001465 94492487749854.046875 293166780604.350037 120581511522066.312500
62.170903 31886645934039.441406 8909129987286.738281 61879830255902.765625 1600802048278.789551 95398207321835.828125 308132803773.499268 121736969122419.593750
63.037532 32440985370151.296875 9177419784465.273438 62725582972396.843750 1679872144847.468018 96309250675910.484375 323844305340.315247 122896002603691.343750
63.916241 33218523445556.046875 9490452065692.724609 63447135274496.953125 1757734786665.758301 97225681776251.906250 340337269320.359680 124058553777887.765625
64.807198 33863157346491.343750 9766267346873.230469 64153295951643.828125 1835599090759.513672 98147567332888.296875 357649346498.183472 125224566153107.796875
65.710575 34462357440027.484375 10046420789990.265625 64965954200259.679688 1916911261161.338135 99074976805368.031250 375819927405.258057 126393985032224.046875
66.626545 35090417773995.738281 10353656048374.703125 66024946794645.359375 2001823866773.619385 100007982401754.843750 394890218240.475891 127566757611891.906250
67.555283 35753606266063.226562 10669471843041.650391 67080912551034.406250 2090496224971.490479 100946659072776.843750 414903319836.637268 128742833081804.234375
68.496967 36515603122589.906250 10948047199149.423828 67825903129156.734375 2183094705322.330811 101891084500959.640625 435904309779.038635 129922162724100.484375
69.451778 37475573083205.867188 11203175264034.001953 68715873436125.734375 2259878796709.504883 102841339084574.390625 457940327784.970886 131267881263768.625000
70.419898 38393205728686.375000 11509887859808.703125 69522519834237.578125 2352220099294.611328 104086428802358.968750 481060664455.630371 132833488616518.671875
71.401513 39430918283890.687500 11829898768599.412109 70543573490702.000000 2447580456577.979980 105401313281281.812500 505316853514.595520 134405853486881.531250
72.396811 40141423932853.156250 12243640468728.605469 71496142589959.453125 2556005451372.490234 106724270540897.500000 530762767649.697754 135984872239598.312500
73.405984 40839029326599.093750 12721334524751.048828 72525252265765.156250 2669231182002.123535 108093212678283.656250 557454718077.791626 137570443863306.265625
74.429223 41485842447941.343750 13138532321179.654297 73521241458674.093750 2787470048104.040039 109582964067744.078125 585451557954.468872 139162470077133.765625
75.466726 42174235846818.796875 13423512353958.640625 74445074164157.718750 2910943819561.512695 111085048859106.500000 614814789753.391968 140760855427884.531250
76.518692 42904127347726.171875 13819977994726.634766 75457837155636.421875 3039884079484.782715 112599471158889.953125 645608676742.363281 142365507377502.531250
77.585321 43691737996691.742188 14330814225198.000000 76503623772558.359375 3174532625519.122559 114126232950105.531250 675298118448.484131 143976336380551.312500
78.666818 44389197784366.937500 14686933720222.437500 77516219911856.796875 3315141955868.727051 115665334080785.843750 705246739691.638794 145593255951481.656250
79.763391 45164086120859.445312 15051046242321.396484 78535164672029.140625 3461975700165.194336 117216772257588.406250 736476130626.871948 147216182721505.125000
80.875249 46086433628764.882812 15470022282720.009766 79545558899387.312500 3615309152728.756348 118483187910246.750000 769038598141.426147 148845036484935.531250
82.002606 46793034265582.148438 15974209605408.748047 80514556185067.312500 3775429736279.380859 119510012237381.406250 802988462123.818726 150479740234907.125000
83.145678 47543701255121.554688 16422976260369.875000 81576591290906.109375 3942637592733.690918 120408902079509.718750 838382127042.645264 152120220188421.593750
84.304684 48369960749957.632812 16830053958417.412109 82669331683845.171875 4104381238215.348145 121899782923595.984375 875278155801.233276 153766405800724.812500
85.479845 49178953474975.765625 17337902917293.687500 83922468258550.703125 4266697315605.889160 123410967105941.937500 913737345928.594238 155418229769059.875000
86.671388 49875239221517.867188 17841486699111.152344 85115827503931.953125 4455623988065.011719 124680310212622.750000 953822808168.131226 157075628025890.218750
87.879540 50654346885178.710938 18330904789905.195312 86255960075285.312500 4652910462032.113281 126121631569388.968750 995600047526.647095 158738539721731.781250
89.104533 51496081638327.242188 18832482950390.691406 87212839026526.765625 4858926250637.876953 127571801970620.750000 1039137046847.214233 160406907197779.593750
90.346602 52346082959039.789062 19293498064277.953125 88282168686522.375000 5074057144096.926758 129030875745345.875000 1084504352970.515137 162080675948558.437500
91.605985 53340200086539.281250 19665730357486.031250 89434784752912.593750 5298705970255.964844 130498907556147.093750 1131775165550.227295 163759794574870.437500
92.882923 54188274440605.109375 20043924200382.011719 90657408700375.453125 5533293313701.562500 131975952401210.031250 1181025428589.130859 165444214727355.000000
94.177660 55136441222748.359375 20752443828390.996094 91838099555524.046875 5778258318535.005859 133462065616383.593750 1232333924763.393555 167133891041016.718750
95.490446 56088605079750.890625 21376077803270.578125 92953340688541.687500 6034059472905.575195 134859568127606.968750 1285782372603.602295 168828781061113.968750
96.821531 57092688626454.304688 21786335500772.097656 94146550513974.578125 6260541300894.799805 136171046933384.343750 1341455526601.927490 170528845160839.625000
98.171170 57896789223387.703125 22497091621068.898438 95350003330137.359375 6473931712670.567383 137516018275604.796875 1399441280315.719482 172234046451257.125000
99.539623 58773463624212.156250 23050673822660.929688 96836541063162.171875 6694175984301.540039 139020930653852.203125 1459830772538.635254 173944350683987.843750
100.927151 59606379544106.906250 23617725290917.003906 97930707419348.468750 6921471718916.100586 140218478141223.906250 1522718496611.249756 175659726147172.437500
102.334021 60605524605523.125000 24198567939086.648438 99022231780289.031250 7156021043647.616211 141515103450629.687500 1588202412943.768555 177380143555256.937500
103.760502 61712592648246.171875 24793531155096.402344 100374999533183.453125 7398030654398.071289 142876018745821.593750 1656384064824.318604 179105575933176.312500
105.206867 62558720120222.312500 25402951966987.480469 102251803827332.500000 7647711858074.831055 144247042750729.437500 1727368697586.715332 180835998495525.812500
106.673394 63557260476737.718750 26027175211628.652344 104154434597731.046875 7905280612155.986328 145628250551593.000000 1801265381212.379639 182571388521328.187500
108.160363 64484741668599.539062 26666553706948.996094 105286484653166.406250 8170957561441.063477 147019717792383.281250 1878187136441.545898 184311725225018.843750
109.668060 65421204779801.125000 27321448427555.804688 106614639722221.453125 8466196257510.512695 148421520678945.406250 1958251064469.262695 186056989624277.500000
111.196773 66366660494964.906250 27992228683934.183594 107970081226566.328125 8803429946335.363281 149833735983171.718750 2041578480302.157715 187807164405341.437500
112.746796 67715927602029.156250 28679272305180.613281 109149524471548.781250 9103380208749.337891 151256441047207.093750 2128295049852.250000 189562233786441.343750
114.318425 68566641318528.453125 29607553398391.363281 110555556005254.812500 9499468341501.164062 152689713787683.812500 2218530930844.047363 191322183379991.406250
115.911962 69427338935578.500000 30408582021144.718750 111802271179224.046875 9911630657431.505859 154133632699989.500000 2312420917611.635254 192673197384627.406250
117.527712 70502349456185.109375 31218565840939.632812 113461566725242.078125 10240217801507.621094 155588276862565.687500 2410104589862.071289 193557515818340.812500
119.165984 71441821400729.375000 32025998786722.558594 114750485177289.750000 10558584838261.292969 157338245563278.781250 2511726465481.479492 194437273483489.562500
120.827094 72490468454275.234375 33038188837912.539062 116027032450126.578125 10886036151126.683594 159101347823868.125000 2617436157459.960449 195312428397269.000000
122.511358 73811906749243.203125 33740785526992.453125 117313543336287.671875 11222802998223.593750 160873773443034.968750 2727388535010.948242 196182939583504.375000
124.219100 74753366861102.968750 34666939689805.207031 118801940990982.656250 11569121669092.490234 162655499524138.093750 2841743888960.153809 197048767069688.625000
125.950646 75728009273305.921875 35694668061915.578125 119961813659298.796875 11925233571740.220703 164446501927972.156250 2960668101478.595703 198696298296157.343750
127.706330 76981625979436.984375 36566981868550.539062 121233638387023.593750 12291385320712.820312 166246755232297.031250 3084332820233.241699 200482601862528.312500
129.486487 78204978787052.109375 37436519243393.046875 122643320345618.281250 12667828826198.357422 167935864281582.406250 3212915637027.733887 202273099754504.968750
131.291459 79553165336300.578125 38129982600595.453125 123944374382785.000000 13054821384162.851562 169536450753361.156250 3346600271004.721680 204067783768164.937500
133.121590 80808908857492.484375 38957662302869.320312 125255863373868.609375 13452625767520.953125 171350022660346.406250 3485576756479.320801 205866647081387.937500
134.977233 82156883399523.046875 39803144760967.117188 126604710242735.828125 13861510318343.625000 173062197333229.000000 3630041635472.255859 207669684100194.250000
136.858742 83394941706991.609375 40810719599058.968750 127973781245263.890625 14291777906584.912109 174326983253005.656250 3780198155008.694336 209657406517955.156250
138.766479 84498428858589.703125 42202422470838.875000 129353538020557.953125 14791892904661.466797 176113870916645.031250 3936256469247.163086 211804313684290.718750
140.700809 85939614810573.000000 43170468452343.421875 131152979056587.656250 15308390072995.617188 177909270662987.812500 4098433846500.170898 213957389857320.375000
142.662102 87162561748726.734375 43910863890274.625000 132468584108709.984375 15841757700460.398438 179713125185889.687500 4266954881205.781250 216116719237661.156250
144.650734 88513552189582.531250 45159240663512.632812 133796187791990.937500 16357382420184.730469 181525376884553.062500 4442051710906.005859 218282383641045.812500
146.667087 89822890339634.921875 46625845388519.390625 135320657912636.859375 16801857606131.593750 183288024739557.000000 4623964238285.141602 220454462157781.343750
148.711546 90935432457044.218750 47834483237381.328125 136765417135642.656250 17257393813216.642578 184770146358966.593750 4812940358316.892578 222633030841008.093750
150.784505 92185577656988.062500 48869923099486.703125 138035851018694.984375 17724240950104.203125 186256424202602.656250 5009236190565.740234 224818162424014.937500
152.886359 93383748560259.000000 49927530177226.304688 139866544035250.906250 18381179385623.933594 187851747561179.937500 5213116316683.181641 227009926066688.031250
155.017512 94326597244824.765625 51007771013945.257812 141764237689880.812500 19098988466404.957031 189744815438288.937500 5424854023134.994141 229208387130998.687500
157.178372 95801913482297.875000 52111121725121.031250 143319652368100.468750 19842303942745.167969 191652822112224.968750 5644731549190.238281 231413606985271.031250
159.369353 97246612890058.046875 53114324097064.617188 144543829986833.531250 20611900533896.917969 193575885469754.625000 5873040340197.449219 233756298100086.218750
161.590875 98625185688320.250000 54373008683134.851562 145962180459174.625000 21408569405513.386719 195514124327925.781250 6110081306166.776367 236112620135077.187500
163.843365 99946475291589.781250 55564698994062.226562 147610272454026.500000 22219698011560.515625 197467658441409.656250 6356165085670.808594 238472585952380.437500
166.127252 101658939624246.468750 56934718298207.984375 149208319033444.687500 22974485780343.625000 199436608509899.156250 6611612315069.204102 240649102638447.500000
168.442976 103170163738664.265625 58201933115125.335938 150750036848998.156250 23599726847867.035156 201421096185566.718750 6876753903055.018555 242542937662706.562500
170.790980 104397158336733.703125 59192370055147.789062 152305958116075.625000 24222298390589.730469 203421244080580.406250 7151931310511.613281 244789757698369.406250
173.171713 106157750420974.953125 60567714636304.593750 154037599000525.937500 25101415411335.253906 205437175774679.718750 7437496835661.128906 247043643625145.375000
175.585633 107933081457260.828125 62036723258747.453125 155849487495437.468750 26009419421245.343750 207469015822811.062500 7733813904474.920898 249304621068270.031250
178.033202 109461016861225.140625 63521918119767.031250 157673457806697.218750 26947110715489.386719 209516889762822.906250 8041257366306.721680 251572711079908.906250
180.514888 111339931182628.718750 65040668994859.375000 159390166009425.406250 27915304273878.726562 211580924123223.031250 8360213794698.586914 253847930187251.937500
183.031168 113004756459535.937500 66505185820618.812500 161016850188583.062500 28840409508700.960938 213561525438621.781250 8691081793296.719727 256130290458386.000000
185.582523 114527068115947.187500 67632589403529.351562 162321767419892.312500 29558246512707.964844 215394012484339.750000 9034272306803.640625 258419799584505.968750
188.169442 116129832976284.531250 69627610500777.718750 164023344990244.375000 30292351684352.187500 217099524105474.031250 9390208936878.101562 260716460976990.312500
190.792422 117816186661690.531250 71306596629651.250000 166202341420026.843750 31043058594798.250000 218809584600217.593750 9759328262880.943359 263020273877863.656250
193.451965 119494025568741.984375 72859090920237.296875 167863592553967.000000 31810706969051.425781 220524149283596.156250 10142080167349.820312 265331233482170.125000
196.148581 121194104801556.875000 74600883151902.921875 169165229768535.656250 32595642784921.035156 222243173688430.812500 10538928166069.302734 267649331070788.687500
198.882786 122795452410475.328125 76334615932318.937500 170666114386095.437500 33398218373077.761719 223617846310689.531250 10950349742586.275391 269974554152247.093750
201.655104 124329517598243.437500 77921423993379.937500 172319381241652.812500 34218792518192.054688 224376236725258.312500 11376836687002.449219 272306886612125.250000
204.466067 125912029371802.015625 79596874076371.578125 174168557611038.125000 35057730561137.472656 225627374825771.093750 11818895438855.851562 274646308868671.281250
207.316213 127684243152246.968750 81100571816936.078125 176298795426456.500000 35915404502243.429688 227936483253110.906250 12277047433884.404297 276992798033313.062500
210.206088 129409266139534.406250 82262912345169.109375 178567476361246.656250 36792193105576.898438 230288735090977.843750 12751829454441.501953 279346328074795.375000
213.136247 131569777034974.875000 84194414822730.937500 180358589454244.031250 37688482004233.531250 232648512720677.125000 13243793983312.173828 281706869985741.750000
216.107251 133541901735956.406250 85927958889786.000000 182403942861067.218750 38604663806614.250000 235039918134910.343750 13753509560653.914062 284074391950503.875000
219.119669 135371222129799.218750 87924144981363.656250 184475924445700.062500 39541138203662.468750 237439054965826.687500 14281561143761.005859 286448859513238.187500
222.174078 137012337209979.265625 89283914955988.875000 186566651104978.187500 40498312077034.039062 239854026884347.156250 14828550469324.812500 288830235745223.125000
225.271064 138866147916623.000000 90561171097686.078125 188676292424300.093750 41476599608169.476562 241929195570589.593750 15395096417833.976562 291218481410509.875000
228.411221 140780405855915.812500 92695941497582.531250 190721804526526.906250 42535458472956.078125 243862981040668.406250 15981835379730.394531 293613555129086.187500
231.595149 142816710366145.000000 94587077900326.343750 192912394682235.937500 43722140570712.757812 245802040135447.906250 16589421622903.458984 296015413536805.312500
234.823460 144546112058241.468750 96285051685404.828125 195120423293335.468750 44936372375977.687500 247812282233832.062500 17218527661075.527344 298424011441426.437500
238.096772 146632789039525.937500 98029313675154.531250 197091671602218.500000 46178604964313.000000 249695774921871.375000 17869844622594.960938 300839301974185.375000
241.415712 148796860430913.656250 99828062826424.531250 199040602190148.250000 47449292751158.867188 251650349011486.562500 18443623593110.984375 303261236736400.562500
244.780916 151380542297297.562500 101370197835999.890625 200967324313771.000000 48748893573114.164062 253609993538340.625000 19025900836196.656250 305689765940696.625000
248.193029 153480422050515.718750 103049505652444.500000 202909522259043.000000 50077868779665.148438 255574658274615.937500 19625526028358.808594 308124838546503.812500
251.652705 155395871656666.968750 104922587553838.562500 205316370777037.687500 51436683335329.828125 257829736937493.250000 20242984813511.468750 310566402389561.875000
255.160607 157486787986057.031250 106916029336638.843750 207552712210711.187500 52825805932116.648438 260140069572061.312500 20878775460658.320312 313014404305234.937500
258.717408 159456878655909.625000 108624854500541.000000 209764996880857.312500 54245709112137.437500 262468520326283.718750 21533409156810.199219 315468790245492.937500
262.323788 161445889870336.656250 110174120011014.000000 212284665840681.312500 55696869400139.148438 264815231286306.562500 22207410305073.507812 317929505389494.875000
265.980440 163845149456534.718750 112290286708580.546875 214931719697159.093750 57179767445664.851562 267180345652545.406250 22901316827908.152344 320396494247747.937500
269.688063 166295508835489.187500 114080419084111.187500 217227218219166.500000 58694888174470.984375 269564007748424.156250 23615680475547.449219 322869700759879.625000
273.447368 168381680392670.968750 116145926362253.906250 219549144788883.281250 60242720948773.890625 271422859995414.781250 24351067139564.855469 325349068386096.812500
277.259076 170312098867017.656250 117917514408023.000000 221791950213507.812500 61823759735822.515625 273787988497031.500000 25108057171564.277344 327834540192454.812500
281.123917 172419489505439.406250 119518544179069.250000 224120693698300.531250 63438503284228.054688 276673880608704.250000 25887245706962.621094 330326058930087.500000
285.042632 174550506886939.031250 121140635643881.656250 226545089443912.906250 64916754277711.750000 279287059697219.906250 26689242993823.234375 332823567108583.937500
289.015972 176598658391805.593750 122952340553817.906250 229119988091116.875000 66382230029952.710938 281534519788143.875000 27514674726690.878906 335327007063725.250000
293.044698 179142905800188.625000 125119455505179.890625 231738402288462.281250 67877682271903.757812 283696545560356.312500 28364182385366.058594 337836321019809.375000
297.129582 181013014335218.562500 127383708381892.750000 234180347049281.218750 69403661599996.250000 285863926731294.875000 29238423578548.285156 340351451146816.812500
301.271407 183212716607038.500000 129641375594726.375000 236474937770617.125000 71104089329354.781250 288036609189636.375000 30138072392263.582031 342872339612673.937500
305.470967 185636303361329.593750 131734869932365.406250 239161273397322.437500 72993000461961.468750 290610768698269.187500 31063819742980.785156 345398928630887.812500
309.729067 187795188215620.843750 134243388451845.125000 241527522649755.312500 74931910257996.859375 293912418010015.875000 32016373735307.164062 347931160503824.062500
314.046522 189973685439567.312500 136142342985051.296875 244229752893063.625000 77439904792198.656250 296791670100798.687500 32996460024139.726562 350468977661906.187500
318.424160 192282171312885.531250 138299773429928.343750 246785728569618.281250 79572815531929.671875 299011058611608.375000 34004822181133.605469 353012322699008.312500
322.862820 194684232913712.406250 140700289132988.125000 248638041306369.843750 81553227806251.281250 301867512264055.875000 35042222065334.492188 355561138404317.625000
327.363353 196908746663622.625000 143002880371230.593750 250728171776048.343750 83573202635128.640625 304252057333210.250000 36109440197801.687500 358115367790925.687500
331.926620 199357637839741.875000 145466973041431.875000 252831732366784.718750 85633311676978.500000 306501549683311.000000 37207276140035.648438 360674954121410.437500
336.553498 201429238673648.593750 148089400912169.000000 256140911468079.906250 87508541353852.140625 308756116037111.875000 38336548876000.039062 363239840930653.437500
341.244871 203955052228783.468750 150003691482593.406250 258633632957549.656250 89719890632793.015625 313069539407728.312500 39498097197512.156250 365809972046129.625000
346.001639 206136514505926.531250 152669514953361.718750 261142976111833.718750 91294096216828.484375 315813074316234.000000 40692780092752.937500 368385291605894.750000
350.824714 208392478039795.031250 155613423398812.593750 263669051765513.000000 92895131304941.750000 318578124608717.250000 41921477137625.414062 370965744074481.687500
355.715021 210829350338924.281250 158322624712657.062500 266211971492222.125000 94520039837211.156250 321364859013393.125000 43185088889668.687500 373551274256905.437500
360.673495 213681387837066.968750 160774335938325.312500 268771847609577.093750 96136113992464.546875 324173447581678.687500 44484537284207.312500 376141827310959.625000
365.701088 216491661216310.281250 163447566451296.656250 271983253149720.375000 97863825299129.312500 326611573901283.687500 45820766032393.953125 378737348757981.687500
370.798763 219023130055242.937500 165698836285991.531250 274435174764039.656250 99576829608411.234375 329001611184269.875000 47194741020770.703125 381337784492237.687500
375.967497 221802989759886.718750 168120962422109.281250 277393512637870.062500 101319028996510.875000 331410420162636.562500 48607450711952.132812 383943080789081.687500
381.208280 224600553023905.625000 171051559104617.437500 280373278372483.062500 103090921041059.859375 333838148271969.937500 50059906545996.492188 386553184312014.875000
386.522116 228027533854540.125000 174019911192708.218750 282950451292586.125000 104997025235734.625000 336666209859503.312500 51553143342005.703125 389168042118768.562500
391.910025 230759820308998.375000 176443213159880.250000 286063558089116.750000 107263520808429.000000 339514603079476.250000 53088219699457.359375 391787601666521.625000
397.373038 233397989282207.812500 179065542928492.531250 288866118957427.812500 109574301738441.546875 344460051164260.812500 54666218398740.140625 394411810816347.875000
402.912203 236090260307139.468750 181362497533619.218750 291700494145688.312500 111930135661541.375000 347350974528266.062500 56288246800325.445312 397040617836983.875000
408.528580 238517246432076.218750 185041053610599.906250 294807524696137.375000 113895958704191.921875 349717394548770.250000 57955437241972.609375 399673971407995.437500
414.223247 241185971350440.000000 187770561491626.281250 297524481750401.750000 116780087333197.984375 353499690685739.000000 59668947433321.093750 402311820622409.937500
419.997295 244381966329516.937500 190242943249949.281250 301087768919488.812500 119103537614318.578125 355859190833785.250000 61429960847187.492188 405321166262399.437500
425.851829 247256521105291.031250 193436520245809.937500 304565535607025.687500 121160587857548.453125 358008105450270.562500 63239687106834.742188 409054968077510.500000
431.787973 249672420139984.375000 196194718521332.843750 307581623612844.312500 123701467296171.218750 360179936154700.750000 65099362368441.578125 412792752014200.500000
437.806863 252515583154754.250000 199070742050818.187500 310675948236999.687500 127055614014679.000000 362614647381211.125000 67010249697949.203125 416534401922352.562500
443.909653 255700606290393.718750 201903846759605.093750 313791986711843.187500 129749231228480.140625 365540059284695.125000 68973639441415.070312 420279813406212.312500
450.097513 258276832961375.312500 204829902623773.687500 316784671260469.625000 132494437712842.234375 368473629570666.187500 70990849587949.906250 425124955601809.500000
456.371628 261347556168712.125000 207761092687847.156250 320104957713983.125000 135292100580148.109375 371415279552959.500000 73063226124265.375000 427881611673961.250000
462.733201 264145208876136.406250 210727236868217.250000 323187651152641.562500 138143098169687.890625 374885284352226.062500 75192143379797.812500 431537745333296.812500
469.183451 267201656576752.625000 213728751988842.218750 326224534567290.875000 141048320059152.531250 378556865705361.937500 77379004361321.484375 435297386746866.562500
475.723614 269978260220959.875000 216327204679518.562500 329511791317750.250000 143481403802810.843750 383302218580108.125000 79625241075904.234375 439060436164680.750000
482.354943 273234634077456.281250 219446601298045.468750 332827663823413.375000 145913195777558.843750 388504382443836.562500 81932314840993.015625 442826854577788.687500
489.078709 276583943055602.500000 222135543294315.406250 336544197794266.437500 148383996482816.406250 391853123809704.875000 84301716580357.250000 446596612766949.812500
495.896201 279768423664203.343750 224926771917650.968750 340150948399975.312500 152726640221635.031250 395214496335032.000000 86734967104549.765625 450369690922983.250000
502.808725 283074961968328.562500 227868514382983.031250 343130374287210.500000 156419715731964.562500 398602229458269.000000 89233617374476.843750 454146078247205.250000
509.817606 286799338728919.000000 231197762375238.312500 346788886221920.437500 159669593367223.812500 402016529904827.937500 91799248746598.375000 457925772533772.875000
516.924187 289880962362376.000000 234991666082710.562500 349954608744252.187500 162358629998081.906250 405457606021306.562500 94433473198209.031250 461708779735814.937500
524.129830 292996686679837.250000 237957308430542.718750 353722507264529.000000 165019253361506.218750 408925667788199.875000 97137933531170.687500 465495113517277.812500
531.435916 296256924003597.250000 240987923470998.750000 357501234294494.562500 167721084207798.187500 412420926832715.187500 99914303552399.015625 469284794792465.187500
538.843844 299838087370856.812500 244461541257817.218750 361194817966047.562500 170979069458566.250000 416099331621354.750000 102764288229318.468750 473077851255270.875000
546.355035 303348297078746.625000 247958816713940.375000 365130273364837.187500 175132012387400.125000 419493891574584.062500 105689623818426.687500 476874316900135.375000
553.970928 306763666712883.500000 251178421566208.750000 368902950127805.937500 179371811187496.968750 422847131220133.625000 108692077965024.125000 480674231536755.125000
561.692982 310626155191751.000000 254438686434678.781250 372240821239482.250000 183691679560457.812500 426014290170900.437500 111773449772080.484375 484477640300582.750000
569.522678 314279778812984.687500 257783809801885.875000 375917305021931.562500 187939760835411.875000 429607339304505.500000 114935569836123.359375 488284593161137.937500
577.461515 317474629636466.750000 261131282716822.125000 379504057264228.437500 191772674057831.031250 433426918469620.500000 118180300247951.125000 492095144430130.937500
585.511016 320846693821264.875000 264468608549540.468750 382648655595624.187500 195542959637609.531250 437311156225093.000000 121509534555877.500000 495909352271360.750000
593.672722 324848042010894.562500 267896713647745.593750 386041086625339.750000 198741596874517.593750 441147227989360.625000 124925197689129.468750 499727278214317.562500
601.948197 328486299344895.312500 271368111887571.687500 389624171216105.312500 201990079708845.718750 445385484843475.437500 128429245838932.000000 503548986673358.625000
610.339029 331803066687271.312500 274883350013082.312500 393595573238037.375000 205289184903758.375000 448933091712874.375000 132023666294715.078125 507374544474266.375000
618.846824 335519181042654.750000 278395405798422.812500 397850700950310.625000 209433184509967.125000 452726009677457.187500 135710477232792.906250 511204020389926.562500
627.473213 339243690000411.187500 282188230487957.562500 402202297981690.437500 213780797872833.031250 456390005123941.375000 139491727454770.906250 515037484686787.687500
636.219849 343209452249869.562500 285864377032585.687500 405844378391716.062500 217466459150116.250000 460242386343203.062500 143369496072846.187500 518875008683671.437500
645.088409 346525608603166.062500 289449339134253.375000 409917576624536.750000 222064304211781.062500 464332810567664.437500 147345892139071.062500 522716664324406.875000
654.080591 350658218394249.937500 293136763215958.562500 413692409517786.750000 225778358116603.625000 468440682059428.937500 151423054215569.718750 526562523765671.937500
663.198120 354579126788016.875000 297045792372129.875000 417188166722910.625000 230788574318234.187500 472993254383379.500000 155603149882594.843750 530412658981297.875000
672.442742 358502439094561.500000 300612953295836.937500 421199383140107.625000 235753821092005.718750 477580853149705.062500 159888375181239.031250 534267141384201.125000
681.816229 362747983388040.187500 304167242353422.062500 425197208639388.625000 239479510414312.843750 482203747843782.000000 164280953987518.718750 538126041466972.875000
691.320378 366907052959015.937500 308154059526710.562500 428853563199624.375000 242829734701920.812500 486862210024344.750000 168783137314475.093750 541989428462045.000000
700.957009 370867524273783.812500 312130286228913.750000 432174155730329.375000 246860547326766.375000 491556513339438.312500 173397202538854.375000 545857370022222.875000
710.727970 374942658619340.687500 316030975549761.562500 435873992178752.750000 251702494681974.375000 496951064306503.250000 178125452548855.656250 549729931922252.687500
720.635132 378912831873591.687500 320694425911567.937500 440295892146532.312500 255606553095693.750000 502279536804146.625000 182970214809365.781250 553607177781958.750000
730.680395 383067621440523.625000 324832600334978.000000 444747312494400.375000 259568136132548.343750 508118443970254.812500 187933840341039.125000 557489168811366.687500
740.865683 387252724885794.937500 329110387512854.125000 448652565911289.125000 263588091393140.906250 513966657140388.062500 193018702609514.656250 561375963578089.312500
751.192949 391539163409340.687500 333096520195029.125000 452534784382723.687500 267667278967105.593750 519337954264183.562500 198227196321025.875000 565267617797142.375000
761.664172 395583003128371.375000 337071053730665.062500 456652106154537.250000 271806571617127.718750 522129520961536.875000 203561736120599.218750 569164184143215.625000
772.281357 399713967930704.812500 341176180837667.812500 461028978837989.750000 277345318807613.000000 528892342951136.875000 209024755189019.593750 573065712085319.750000
783.046540 403984274197752.000000 345671848183583.437500 465177189237682.437500 283603263235968.625000 533991523996055.437500 214618703734707.250000 576972247743602.625000
793.961785 408423442604995.250000 350117025284600.812500 469478935000899.125000 288022941944754.250000 538792319023284.187500 220346047376641.562500 581642470656518.875000
805.029181 412867116546664.687500 354939678135995.125000 473625135748543.187500 292511273645252.312500 543540900281017.812500 226209265414468.156250 586809199374833.875000
816.250851 417351998646221.375000 359821734900594.812500 477975755757513.437500 298057470418691.437500 548288989726071.687500 232210848981933.031250 592001149021549.250000
827.628946 421875722085115.062500 364508869961876.812500 482703152968153.000000 304649839585790.625000 553026154946162.125000 238353299079827.343750 597218442710392.750000
839.165644 426129713303810.812500 369200371916671.250000 487074203096697.437500 310304975921425.500000 557485800240911.000000 244639124484647.250000 602461204156059.500000
850.863158 430418573563975.000000 373917870677403.625000 492668543001603.812500 315532605496487.187500 561974576270513.937500 251070839529264.656250 607729557677148.000000
862.723729 435178137246869.187500 378526326032360.937500 497416096005865.250000 320326986157570.625000 567473487562610.500000 257650961751949.906250 613023628199106.500000
874.749630 439711646494189.562500 383137085287976.812500 501912254390662.312500 325129595483735.250000 572308616847696.125000 264382009410214.312500 619951479816832.125000
886.943166 444195843278810.687500 388145674342244.500000 505985695323233.125000 328744504683259.125000 577699620537458.500000 271266498856042.312500 626865109302687.000000
899.306672 449404626322170.750000 393009717337110.562500 510463203236520.937500 333142044294608.875000 582507703012223.500000 278306941769236.625000 633741972686738.625000
911.842520 454107258798016.312500 397602529299229.125000 515757762555385.500000 338472776879822.875000 587937880710015.000000 285505842245756.125000 640579911158882.750000
924.553110 458923248601080.812500 402364669433841.125000 520572880780262.875000 343697278954927.125000 593409836943695.000000 292865693738139.312500 647376846705837.000000
937.440879 463820492438324.625000 407060175563132.937500 526071943716338.687500 348478934435395.062500 598923893147690.000000 300388975845295.375000 654130786221092.250000
950.508296 469254246322883.437500 412629663544943.312500 531638218196163.437500 353521361383350.812500 604480373229470.750000 308078150949232.250000 661999860731244.250000
963.757866 474168234782639.562500 417655234258068.125000 536397991053939.000000 360610931558491.375000 610079603588576.875000 314461857182297.562500 669916044279263.375000
977.192128 479164279084590.000000 422772752308840.187500 541984771141099.312500 365478609572194.625000 615122275572886.000000 319751442088629.000000 677822611558230.000000
990.813657 484280455352027.937500 428061887066771.375000 546560327900721.750000 371432146480064.562500 619591441320138.625000 325129199903430.875000 685716926758780.875000
1004.625062 489550439494411.687500 433330446413452.500000 551979361463926.437500 377892033521446.062500 624504181824052.750000 330596600394544.625000 693596373500408.375000
1018.628990 494087992085101.375000 438555808693002.625000 557248811999102.250000 383592319598285.937500 629600302724191.750000 336155137829597.937500 699438298033036.125000
1032.828126 499389039054042.750000 443654611948420.062500 562447567677930.437500 389375414645508.000000 635983104382669.375000 341806331384397.687500 705617429975109.625000
1047.225190 504981195408150.187500 448812648813646.875000 567360047627076.125000 395242521642310.812500 641028597351603.750000 347551725558126.875000 713357821343652.000000
1061.822941 509777836542641.375000 454171760464542.125000 573221001226124.750000 401415917869052.625000 646482987623753.500000 353392890595464.312500 721061114561879.500000
1076.624177 515202948549154.937500 460077056577781.125000 578303078235063.000000 408696596314399.062500 652155407241529.000000 359331422915739.062500 728724911940838.250000
1091.631734 520958625804501.562500 465773917307003.500000 583791488631676.500000 414342985797581.812500 657837365788034.125000 365368945549241.625000 736462725709863.750000
1106.848489 526091801656026.562500 471360601250805.125000 589644975507303.000000 419575745722053.000000 663528166306518.125000 371507108580805.625000 744708614003707.750000
1122.277356 531007888504065.750000 477257839888617.062500 595055561885823.125000 424286469171490.000000 669203542923867.625000 377747589600783.562500 752990610729827.875000
1137.921294 536600371588484.625000 482753903423363.125000 600293176291183.125000 430463799682815.312500 674487657213261.250000 384092094163539.875000 761308732314147.375000
1153.783300 542207614013791.625000 488225101458446.625000 605523165800728.500000 437164733626624.562500 680604562977914.000000 390542356253589.375000 769662996162524.500000
1169.866413 547463737053267.625000 493962175300088.437500 612438596688899.625000 443969756395169.937500 686365696320283.125000 397100138759502.875000 778053419785135.750000
1186.173716 553237337589526.250000 500223302556734.375000 617593625820748.875000 449895257194561.000000 692090109578706.750000 403767233955713.250000 786085567623295.250000
1202.708335 559414930956236.125000 506264441900825.812500 624292537369555.375000 456110006232158.937500 697819107497340.875000 410545463992351.812500 793551345555597.625000
1219.473437 566226472083985.250000 511845098159246.875000 630699481300586.000000 461932429071397.750000 704715594762874.125000 417436681393253.375000 800970364362033.250000
1236.472235 572403437936327.000000 517861311434010.187500 636156485357545.000000 467057173771012.500000 709287996967708.375000 424442769562258.437500 808340862580637.000000
1253.707987 579229829215671.750000 524802126141155.937500 641722239429388.875000 472500943970037.062500 715026460451107.625000 431565643297957.437500 815661167921617.125000
1271.183997 585365591935324.500000 530842769400383.500000 647946019778809.875000 479562162180026.375000 720766654162130.750000 438611288324972.812500 822929700185157.625000
1288.903612 591607080043798.500000 537511808931772.625000 653632549146682.750000 487125728294720.125000 726784403132686.500000 445757005773628.625000 830144973918836.500000
1306.870230 598157839883662.750000 542792048223427.250000 659314002033649.625000 494321787595166.000000 733695614372370.875000 453018259264744.000000 837305600803725.500000
1325.087292 604111226971328.375000 548820446588522.125000 666188379361492.500000 500518068750273.000000 741497470930183.125000 461172831944809.625000 844410291759440.375000
1343.558290 610405257362235.250000 555359546889423.625000 672322202857559.000000 506807624036464.250000 750064840562581.000000 469001077736840.187500 851457858759734.625000
1362.286764 617772337352343.000000 561986289912294.500000 679067635783696.500000 513662908514832.062500 757048145363293.000000 475514068027387.312500 858447216351565.125000
1381.276303 624708296204281.375000 568067388163559.500000 685361652042499.500000 521426841060824.937500 763679286238334.750000 483256450702902.312500 865377382871966.500000
1400.530545 630863556294569.375000 574478232888305.375000 692893745831567.625000 526943502861555.062500 770351729745377.375000 491124016645173.125000 872247481358497.250000
1420.053182 638503042700863.000000 581570559719552.875000 699312648223732.625000 530734273124570.125000 777065733141421.875000 496171230886431.250000 880357268981648.000000
1439.847953 644840569493904.375000 588018047388642.750000 704976138474986.625000 537546560755031.125000 783821555285814.875000 500449987488505.187500 888538829543693.000000
1459.918652 651711575897606.500000 596021323576793.500000 712095786795719.375000 545590036068659.812500 791026525255391.875000 506590502656102.375000 896730131335552.625000
1480.269127 658014994340102.875000 602671367443283.875000 719835622714070.625000 553219081583568.750000 798321915697658.625000 513155452253374.750000 904931185955447.500000
1500.903276 665110841493825.875000 609335658758984.875000 726138697344127.750000 560766430065438.312500 805043868767523.625000 519827129337151.125000 913142005015409.500000
1521.825053 672203093871809.750000 615838106963308.750000 733142721946278.500000 570368777068052.375000 812150468636681.000000 526607268994076.000000 921362600141293.500000
1543.038469 679313485357163.875000 622519233667071.000000 740432733708515.875000 578122535772738.750000 821101008735142.750000 532560136950646.562500 929592982972801.500000
1564.547589 685820457123827.125000 629825704037051.625000 748455793762937.375000 583753359867043.625000 828771568488877.375000 535975895828552.875000 937833165163491.750000
1586.356534 693052509884657.750000 638559330513325.375000 755886394865521.500000 590403092334937.250000 836503884368309.375000 539459658910041.250000 946083158380795.000000
1608.469483 700323226502409.625000 645895839495983.750000 763572176877453.375000 596948702952971.500000 844724664136146.000000 543012780088015.187500 954342974306037.000000
1630.890676 707117356711645.500000 653196502772615.875000 771074099727127.750000 605741821019844.375000 852155777316005.625000 546636640209976.250000 962612624634450.750000
1653.624407 715191368655172.625000 659517929102991.625000 779360927316194.500000 613193763033526.125000 860076360829876.750000 550332647614662.687500 970892121075192.750000
1676.675035 722486099331064.000000 667356526961495.500000 788040259265640.125000 619140784858457.250000 868060713425377.625000 554102238679371.125000 979181475351363.750000
1700.046975 729786837309560.500000 674365279490349.000000 795309633534360.875000 625559982909046.125000 875008022368449.750000 559009325852922.562500 987480699200019.750000
1723.744708 737692896760172.375000 682651839360877.125000 803476204126203.875000 634675456446172.875000 881737007359301.000000 564548831027761.000000 995789804372191.000000
1747.772774 744994606399446.625000 690915180471486.500000 812060804268665.250000 641116746794008.250000 888659365126153.625000 570199477752112.250000 1004108802632900.500000
1772.135779 753297840819212.875000 698701294996458.750000 819190470287052.500000 648052597045407.625000 899869387548372.750000 575963495908183.500000 1012437705761178.250000
1796.838391 761288062317470.500000 707307797377956.875000 827793349648999.875000 655743676289501.000000 908957127301303.125000 581843160117299.000000 1020776525550078.625000
1821.885343 769539018206057.750000 714976756839647.750000 836154834620879.625000 662248132026371.750000 917335021809690.000000 587840790637517.500000 1029125273806698.875000
1847.281437 777233805399555.500000 723321860871342.125000 843295584535793.250000 669087697618050.375000 925780367237298.875000 593958754279266.500000 1040234988466313.250000
1873.031539 785381488660543.875000 731382202227336.250000 852144472455995.750000 675060407916009.000000 934293706635430.250000 600199465339339.875000 1055206412957463.625000
1899.140582 792804897893268.000000 738448660782030.750000 859731821068638.625000 682590507005087.250000 944341508043060.625000 606565386553639.500000 1070249039878506.625000
1925.613572 800870563811012.875000 745979267148748.000000 868053833976449.750000 689040803669703.500000 955311277799148.375000 613059030069029.250000 1085358876180122.375000
1952.455581 809011792240839.625000 753622930548966.000000 876455455206865.000000 696310906476695.000000 966874693281290.500000 619682958434690.750000 1100531839499897.125000
1979.671753 817317663455063.000000 762721364544483.500000 884924183100275.625000 703009790301178.125000 974915277394074.250000 626439785613366.250000 1115763762768315.125000
2007.267304 825980553612195.125000 770619204059487.875000 894190463030146.625000 709408771767733.250000 983019312296915.000000 633332178012892.250000 1131050399138277.250000
2035.247521 835378443524967.625000 778910262293565.500000 902561287148242.625000 716249996821783.500000 992504909482955.500000 640362855538427.250000 1142903446079850.500000
2063.617768 843737044791156.500000 786914082647072.875000 912986077166134.125000 722315634314949.375000 1004319772990203.500000 647534592665794.625000 1152722519792952.500000
2092.383480 853049444044409.375000 794957330360893.125000 923335714683398.750000 729808568543713.000000 1016138491792443.125000 654541951476503.500000 1162572948157981.500000
2121.550171 862764903958280.250000 802746503762238.000000 932107964029282.125000 737430736627920.625000 1028156102740608.875000 660187026791257.500000 1172454482505814.250000
2151.123430 871547061396258.750000 810836378358565.000000 941122292027284.500000 745141786305660.375000 1039218194159585.500000 665944606107247.125000 1182366871507619.500000
2181.108924 881115955757744.875000 820656206257363.500000 950636761446776.500000 752942754019264.125000 1052600562595855.750000 671816931582385.625000 1192309861464476.500000
2211.512400 890953758752282.125000 828945666881602.875000 960229910889764.375000 758605689933890.000000 1065030502523349.125000 677806290059861.750000 1202283196586692.500000
2242.339683 900076797469900.875000 837886612466551.375000 969494004923811.125000 765888285025641.125000 1075586051751913.500000 683915013958696.625000 1218951667102881.750000
2273.596682 909475334514971.250000 844773051968809.125000 980022710057162.875000 773236215902438.500000 1086310680080251.500000 690145482182051.875000 1236284150874804.000000
2305.289387 918378278648497.375000 852819529061819.875000 989750566959146.125000 782709763729147.750000 1097577732073293.875000 696500121043637.625000 1253667697342460.250000
2337.423871 928237433095921.125000 860932954524592.875000 1000803765481229.125000 791179668109941.500000 1111635902480105.625000 702981405212588.125000 1271096989060852.750000
2370.006292 937417976432145.500000 869239401221742.750000 1012199366335933.250000 797664053735679.125000 1125719724047531.000000 709591858677161.750000 1288566657557950.000000
2403.042894 946953245962636.000000 877529554928788.625000 1023450272774293.000000 804155058444480.000000 1140407622005064.250000 716334055727654.000000 1306071291996121.250000
2436.540009 956545030109501.125000 885581869825959.125000 1034406996691535.000000 810976607705996.250000 1153945656346169.750000 723210621958892.375000 1323605448114727.500000
2470.504055 965923417237604.250000 894408735722714.250000 1046760660383474.500000 818729048365582.375000 1168078294005698.750000 730224235292717.500000 1341163657430311.250000
2504.941542 974513908878886.750000 902945791968307.000000 1059451702747996.750000 826443867602847.125000 1182217650262744.250000 737377627020837.875000 1358740436668846.750000
2539.859069 985224582968672.875000 912616237789497.750000 1072043273226759.500000 833442251066644.625000 1196358878736387.000000 744673582868468.500000 1376330297402786.750000
2575.263327 994829523923128.750000 922180339963274.875000 1084487820654661.750000 841389470005141.500000 1210706553933598.250000 752114944079167.625000 1393927755863834.500000
2611.161101 1005671089059526.125000 930748736026779.875000 1097622508389837.625000 850440588845567.875000 1225621438456474.750000 759704608521295.875000 1411527342900826.000000
2647.559271 1015750503653835.250000 938701695723473.375000 1109755081997518.750000 858547080520800.375000 1238744919675132.000000 767445531816523.750000 1429123614050557.500000
2684.464811 1024995407098423.125000 945343912656291.000000 1121336917741754.625000 866726299567374.000000 1252844676594624.000000 775340728490831.500000 1446711159688082.750000
2721.884795 1036765432812009.750000 953840112515082.000000 1134176285221199.500000 874978898458733.750000 1266921771574718.250000 783393273148447.625000 1464284615221789.750000
2759.826392 1046630987372659.250000 962435811209748.375000 1148057968059924.500000 882957948030163.375000 1281679576584534.000000 791606301669181.500000 1485886853703733.500000
2798.296876 1057682874247782.875000 971525493167233.000000 1160459798141682.000000 891218582135506.375000 1296570296764526.250000 798438836597578.750000 1507323774567196.000000
2837.303617 1068850068741213.500000 980050735760172.500000 1173607283234782.250000 898320924299680.750000 1312808931389119.500000 804708131190259.750000 1523695762923428.500000
2876.854090 1080857729356882.250000 991524455721488.250000 1187279526455070.250000 905906560838266.375000 1329808784089564.750000 811038219801219.250000 1540155606507357.750000
2916.955876 1091535205289173.750000 1000261448636414.500000 1199298024161461.250000 913524193922989.000000 1345373515336124.500000 817429691956535.000000 1556703776766975.000000
2957.616659 1102181422098131.125000 1009990877737782.875000 1214313581294553.250000 921224490046863.625000 1361114259343533.500000 823883142898983.750000 1573340747680153.250000
2998.844231 1114085280649555.500000 1018073412886605.500000 1228649912973942.000000 928187687373245.875000 1377033006540762.500000 830399173643474.250000 1590066995768219.750000
3040.646493 1125907695017909.000000 1027803719058468.125000 1243041856236183.750000 934402545688819.000000 1393131769865419.750000 836978391033021.250000 1606883000109609.500000
3083.031457 1137109466700024.750000 1037503742563467.625000 1257618555364366.750000 943186885087310.500000 1407413554826270.250000 843621407795260.000000 1623789242353580.500000
3126.007243 1149080621625157.000000 1046353688705769.625000 1274051054491233.500000 952089129646077.375000 1424921507393678.500000 850328842599512.000000 1640786206734015.000000
3169.582089 1160908767793256.000000 1055973587033060.375000 1288331196676675.000000 960997654912353.250000 1442458488468970.500000 857101320114400.500000 1657874380083287.500000
3213.764344 1172647328237861.250000 1065212108812687.000000 1303350547058438.750000 969436176067396.875000 1459368045327750.250000 863080581807864.375000 1675054251846208.500000
3258.562476 1183804986034749.500000 1074979481220116.250000 1318405903000967.250000 977517717684992.750000 1476397889135711.000000 868714204374636.750000 1692326314094039.500000
3303.985070 1195511097982436.750000 1082883098474595.000000 1336980067725422.750000 985912441999538.875000 1494547783853986.750000 874435052383713.250000 1709691061538595.750000
3350.040830 1208422010379479.500000 1092982457880518.125000 1351453697081296.250000 994398261988682.125000 1514298647935617.000000 880244476347609.375000 1727148991546408.750000
3396.738582 1219956445950308.250000 1101320892406255.750000 1369159174356083.250000 1002976166180647.625000 1532940221772894.500000 888754075997179.750000 1744700604152973.000000
3444.087276 1232354254575851.000000 1110643989827747.625000 1385995275970174.000000 1011754857274218.125000 1555622008951888.000000 899137834261569.125000 1762346402077072.250000
3492.095985 1244314603297581.250000 1120487553445176.125000 1402692447142400.000000 1022324529814262.250000 1576890855542061.750000 906383617774025.000000 1780086890735172.750000
3540.773909 1257770893859486.750000 1129343390005737.500000 1420568123558640.250000 1029536717148622.875000 1603811216591490.750000 913566236830356.000000 1797922578255902.000000
3590.130377 1271510933061660.500000 1138533861104329.000000 1437893250817920.000000 1037788396981941.000000 1627859290570759.750000 919529896430175.000000 1815853975494606.500000
3640.174847 1283459929312106.000000 1148949011416909.000000 1455813736264518.750000 1047282306118517.125000 1651407600564084.750000 925533569031900.500000 1833881596047979.500000
3690.916911 1296828804606390.500000 1158792913087720.750000 1474043288402664.750000 1053328519160271.000000 1675663765065831.000000 931577523101612.250000 1852005956268768.250000
3742.366291 1311922609720659.000000 1169288002591008.250000 1493162749568697.750000 1058079882047732.750000 1695291853993159.250000 937662028906657.750000 1870227575280573.000000
3794.532847 1327332559659187.000000 1179484777006463.500000 1510517029086120.500000 1066891495950984.625000 1713896362597043.750000 943787358527734.250000 1888546974992708.750000
3847.426577 1339671930472513.750000 1189934907005055.500000 1525853621719902.000000 1076097140494367.125000 1737477125399679.250000 949953785871057.250000 1906964680115158.000000
3901.057617 1352781557241570.000000 1201374282967722.000000 1544042482442138.000000 1084806006575057.125000 1761169274162310.750000 956161586680606.250000 1925481218173591.750000
3955.436245 1368053382987053.000000 1213571284666159.500000 1562967531054134.750000 1094418404800853.875000 1787964945188305.000000 962411038550459.500000 1944097119524491.000000
4010.572881 1383364803267965.500000 1225268596727769.500000 1582622947714114.000000 1100832283536776.125000 1810516716242832.750000 968702420937203.125000 1967806337120653.000000
4066.478092 1397676675650423.250000 1235828135608468.250000 1602230536564298.500000 1112477411944340.125000 1837525207261380.250000 975036015172430.500000 1994394913560292.750000
4123.162591 1412632019790469.250000 1245596746884565.250000 1622224923521198.000000 1122413362870575.250000 1860900144707875.500000 981412104475319.000000 2021330607376343.500000
4180.637241 1427101861240397.000000 1255076386410987.000000 1642465204245673.000000 1133133034994881.500000 1880525268135690.250000 987830973965298.750000 2048617950231992.250000
4238.913057 1442071388853910.500000 1266681430656812.250000 1662954402773672.000000 1142946763602090.000000 1904396659764145.500000 994292910674799.875000 2076261532951885.750000
4298.001206 1457160109202161.750000 1277081138815460.250000 1683695580331163.250000 1148939982670697.500000 1930926974242461.750000 1001632195857456.250000 2104266006294495.750000
4357.913012 1471979991542383.500000 1286829084805933.500000 1704691835791494.250000 1155359839700570.250000 1960459702481490.750000 1009411014641081.500000 2132636081734552.000000
4418.659956 1486736047267527.500000 1297454375700505.000000 1725946306138395.250000 1162473698727052.250000 1988715195626955.750000 1017310272964445.625000 2161376532255716.750000
4480.253680 1501931563131381.250000 1307714489696679.750000 1745616271254440.250000 1169622780993228.250000 2016614599258654.750000 1025331835594312.875000 2190492193153581.500000
4542.705986 1518317134598349.750000 1318490903170567.500000 1765931614508010.500000 1179379053069252.750000 2041138976230731.500000 1033477596169652.500000 2219987962849159.500000
4606.028844 1534095228408873.250000 1329290562536721.250000 1791290957874322.250000 1189471875887866.500000 2062945213586364.750000 1041749477648668.125000 2249868803713000.750000
4670.234388 1551094670251418.000000 1340922939842799.000000 1813610436337930.500000 1196655796013629.500000 2095627030382943.500000 1050149432762745.000000 2280139742900050.000000
4735.334923 1566160723717170.500000 1354444815926978.000000 1836204402869693.750000 1204582405918787.750000 2121197502663801.750000 1058679444477433.000000 2310805873195432.000000
4801.342924 1580607109249931.500000 1367415975652190.500000 1859076233162268.500000 1210037761829817.250000 2150037251140608.500000 1067341526460559.000000 2341872353871250.500000
4868.271040 1596588838099965.500000 1379682353844378.500000 1882229344423054.750000 1215498177921854.750000 2183632007531299.250000 1076137723557592.625000 2373344411554589.500000
4936.132098 1613551644439503.000000 1391337463912801.750000 1905667195884740.250000 1222043435865634.000000 2219203883036857.750000 1085070112274367.500000 2407494530066985.000000
5004.939103 1630458417422294.000000 1402154438815727.250000 1929398447840075.250000 1230222407076714.000000 2255353219792864.000000 1094140801267282.250000 2448415290191210.500000
5074.705239 1645409698525652.000000 1413757330577818.500000 1953159786855512.750000 1238449920414563.000000 2292089392101094.000000 1103351931841086.000000 2490189218405229.000000
5145.443878 1660301180366464.500000 1427404280012272.750000 1974521759198437.000000 1246726263976305.000000 2317404871694069.000000 1112705678454374.375000 2532675108124617.000000
5217.168576 1678153755062414.500000 1440195272320555.250000 1998126891464439.250000 1255051727568915.000000 2353291030111842.000000 1122204249232908.125000 2575885093453264.000000
5289.893076 1694913064028855.500000 1453674001947250.750000 2022042074429577.000000 1263426602719372.250000 2389567037350410.500000 1131849886490886.250000 2619831515299056.000000
5363.631317 1713478101524448.500000 1466114262017605.750000 2046716371201990.500000 1272782343822715.500000 2426955997780480.500000 1141644867260283.500000 2664526924898464.500000
5438.397428 1730540171541995.750000 1478970221469285.000000 2073332711627431.250000 1282353847265698.000000 2463495121395027.500000 1151591503828387.250000 2709604210670350.000000
5514.205739 1747231749297171.250000 1492436292224979.750000 2098891105318808.250000 1290528758081275.750000 2499483635974703.500000 1161692144283653.000000 2754762615275275.000000
5591.070777 1763220003276540.250000 1506023243802182.250000 2125990677848695.250000 1298149451001238.250000 2538323648578470.000000 1171949173070018.750000 2801550591324545.500000
5669.007271 1781306214613343.000000 1519732161311262.250000 2149774463511275.250000 1306052476975095.250000 2577223548231536.500000 1182365011549794.500000 2849132447703869.000000
5748.030158 1796620735715542.500000 1531799750082931.250000 2180678896811295.000000 1314730041153196.750000 2612521583103655.500000 1192942118575270.000000 2897521654668463.000000
5828.154581 1816458938694359.250000 1543930751898164.500000 2208814338002076.500000 1323459106603220.750000 2646448621980361.000000 1203682991069174.500000 2946731911031641.500000
5909.395895 1836247776408944.250000 1554960131717582.000000 2232543133499226.000000 1333199001716218.000000 2683055080995470.500000 1214461277195936.000000 2996777148042889.000000
5991.769669 1855365015044905.500000 1567381909179892.500000 2250172064167426.250000 1345184502724228.750000 2721470081253810.500000 1222195158200931.750000 3047671533331766.500000
6075.291689 1876124780790929.500000 1584167591027467.500000 2279096083820196.500000 1354258347435165.500000 2760425186638712.500000 1230041124354817.500000 3099429474918708.500000
6159.977960 1895837223996580.000000 1597451065914773.500000 2308917307471978.000000 1361905390206377.000000 2798874552382088.500000 1238000800078837.750000 3152065625293884.000000
6245.844712 1912652587501085.000000 1608410813131032.250000 2340052752431768.500000 1369637680437317.750000 2837605152176637.500000 1243980209188155.500000 3205594885565250.500000
6332.908400 1932404268004163.750000 1620392824974714.500000 2370115098635561.000000 1377456168446903.000000 2876865576522049.500000 1249466636187374.750000 3260032409677032.500000
6421.185709 1951123870952092.250000 1633015524097110.250000 2400762668753429.000000 1386000017539303.250000 2916663073280639.000000 1255010179658634.500000 3315393608699728.000000
6510.693555 1967431931733897.750000 1646596524344973.250000 2429954034947750.000000 1393785231880728.000000 2957004989463600.000000 1260611434213214.500000 3371694155192939.500000
6601.449093 1988858993257403.500000 1660795653578940.750000 2461783652909964.000000 1404389290380629.250000 2997898772587322.500000 1266271000652597.500000 3428949987642205.500000
6693.469713 2009233810557398.250000 1673784683600459.500000 2492494882741203.500000 1413516496348839.500000 3039351972048296.000000 1271989486032912.750000 3487177314971148.000000
6786.773051 2033043020505421.000000 1686688953466783.000000 2522320480043945.500000 1421307888394825.250000 3081372240516791.500000 1277767503730050.250000 3546392621130150.500000
6881.376986 2053888427065867.500000 1701686911638667.500000 2554607130023565.000000 1429261641104271.250000 3124156123953477.500000 1283605673505452.750000 3606612669762912.000000
6977.299650 2074102605934353.500000 1716817793407780.500000 2583271928104172.500000 1437381137824450.500000 3174723264707165.500000 1289504621572590.000000 3667854508952157.500000
7074.559423 2099222747631761.250000 1730041085907313.000000 2616525844056933.000000 1445669832406407.000000 3226108003884407.500000 1295464980664132.500000 3730135476045921.000000
7173.174944 2119542105010202.000000 1743085521840835.750000 2649561868452430.500000 1454131250674143.750000 3272888715159432.000000 1301487390099815.750000 3793473202565660.500000
7273.165113 2139732042331240.250000 1756747080297862.500000 2677437679699187.000000 1462768991924430.000000 3322671127786944.500000 1307572495855016.000000 3857885619197692.000000
7374.549090 2158985995505957.500000 1771556215806618.750000 2710217646739787.500000 1471586730457861.500000 3375127736519619.500000 1313720950630039.750000 3923390960869305.000000
7477.346305 2180961386217957.000000 1785178603922263.500000 2744800343440948.000000 1480588217141822.000000 3428411656938825.000000 1319933413920131.000000 3990007771910987.000000
7581.576458 2201850067395570.500000 1799700292584062.750000 2779125181072422.500000 1489162675445978.500000 3482535936869101.500000 1326210552086214.250000 4057754911306288.000000
7687.259522 2223116332803785.000000 1816041247211384.250000 2815226301849204.500000 1499157830871282.500000 3537513829916835.000000 1332553038426365.750000 4126651558030708.000000
7794.415750 2247543787262945.000000 1830599878723085.250000 2849980141865167.500000 1508733857012252.000000 3593358798715716.000000 1338961553248035.250000 4196717216481213.000000
7903.065679 2267939277007658.500000 1843404730630463.500000 2887996411377877.000000 1518509432854786.500000 3646389762195488.500000 1345436783941014.500000 4267971721997838.500000
8013.230128 2292080720326847.500000 1859879856602273.000000 2925245523139620.000000 1528488716708691.500000 3687236249639702.000000 1351979425051171.500000 4340435246479030.000000
8124.930211 2314374752874390.500000 1877824229763860.250000 2962852284307147.000000 1538675953536572.250000 3728574500742840.000000 1358590178354946.000000 4414128304092227.500000
8238.187331 2337817298158720.000000 1895220596482069.500000 3003517255472542.500000 1548644619198581.750000 3770655078714681.000000 1365269752934625.250000 4489071757081347.500000
8353.023195 2360886131353618.000000 1911065387481320.500000 3039433925085739.500000 1555368023844742.750000 3824361458133948.500000 1372018865254399.500000 4565286821672806.000000
8469.459808 2389078511125914.000000 1925643409108295.500000 3078455325400707.000000 1565864233783651.500000 3880182863672639.000000 1379246964337778.000000 4642795074081773.000000
8587.519485 2411726808600646.500000 1943914899699442.500000 3117758712581833.000000 1581592464867692.250000 3937615948944214.500000 1388335095333968.000000 4721618456620317.000000
8707.224849 2438581421305778.500000 1960449582180983.500000 3158389802838210.000000 1592886302381614.250000 3995898550473878.500000 1397484202882690.500000 4801779283909197.000000
8828.598841 2464124581847222.000000 1976988245740979.000000 3199190751695203.000000 1604415486152141.000000 4055043233804103.500000 1406694696104363.750000 4883300249195029.000000
8951.664721 2487059189975525.000000 1993982324182773.500000 3240557801289909.000000 1613999727470328.750000 4115062750339451.500000 1415966986864388.000000 4966204430774707.000000
9076.446073 2519073881292541.500000 2010217777290085.000000 3282498806097635.000000 1621829635037532.750000 4175970040095724.000000 1425301489791562.750000 5050515298528756.000000
9202.966809 2546668425606468.000000 2027151684818448.750000 3325021729572140.000000 1634486412249081.250000 4237778234489790.000000 1434698622296628.000000 5136256720565585.000000
9331.251175 2571843362623960.000000 2043681288677324.250000 3368134645657673.000000 1648862949346324.250000 4300500659170669.500000 1442718245554460.250000 5223452969978446.000000
9461.323756 2598295247199804.500000 2059823812881321.750000 3411845740322007.000000 1663378897257039.500000 4364150836892517.000000 1449760349015860.500000 5312128731717089.000000
9593.209478 2626801313605682.500000 2075563794277611.250000 3456163313110722.000000 1674723346866197.500000 4428742490430070.000000 1456822439704272.000000 5402309109575964.000000
9726.933615 2657813495889512.500000 2092375563346648.750000 3501095778723064.000000 1685588969620446.250000 4494289545537247.000000 1463904574348375.750000 5494019633301026.000000
9862.521795 2688804512571938.500000 2111124944428441.250000 3550165835405491.000000 1696519079756244.500000 4559791527272489.000000 1471006809837864.250000 5587286265817111.000000
10000.000000 2718528406687841.000000 2128383963601676.000000 3594353826548370.500000 1707514060005669.250000 4623125117539341.000000 1478129203223894.750000 5682135410577935.000000
