0.001000 14910442476572665446400.000000 874163694913070208.000000 117733986824263719125516288.000000 3609873142458213.500000 5782899725822697789286514688.000000 -346290821877593341952.000000 25329375642851634730835640320.000000
0.001038 16043259274361999196160.000000 956390190711842432.000000 112233176382140827605925888.000000 5925643141232899.000000 5497699664219872882962989056.000000 115754009550786.343750 23963752195613787574570582016.000000
0.001077 14990553335904780419072.000000 957502024783560320.000000 106548000030216481253883904.000000 5383116494721820.000000 5226563749075797299314032640.000000 -41058826419144512.000000 22671752526841519518630543360.000000
0.001117 14835452997560954781696.000000 994291666366471040.000000 101049161026854504619835392.000000 6290646623867096.000000 4968798248252592650809507840.000000 123723732513562.031250 21449406772886915169294221312.000000
0.001159 15595499173001606201344.000000 983703837509948288.000000 97038866054492632498831360.000000 5432018662735829.000000 4723743908704026571655086080.000000 -1562727286136044288.000000 20292959704505421206973841408.000000
0.001203 14475722810846064148480.000000 897263799882985344.000000 93751299312058923057414144.000000 3613448557857187.000000 4490773988872289178852786176.000000 -2564152360514100224.000000 19198858601913670798663483392.000000
0.001248 15303946116124318367744.000000 1054887060500087424.000000 89427248470908265404825600.000000 6177942345124829.000000 4269292521358258858423746560.000000 63995452091802.656250 18163742618300491257171935232.000000
0.001296 15160215495045860556800.000000 1074910879161375872.000000 86084885173997840468279296.000000 6252460041072620.000000 4058733017975026816840105984.000000 -1021643204722566528.000000 17184431625858659668929282048.000000
0.001344 15017832967908217585664.000000 1078703610420073088.000000 82867429129355558524026880.000000 6588965466909040.000000 3858556922032122864846503936.000000 68711697727888.156250 16257917452821267741528817664.000000
0.001395 14357346909077781872640.000000 1094361113858678016.000000 79770180128815921886134272.000000 6804619762921974.000000 3668252169411238619705769984.000000 71199069882293.187500 15381353696422778158303936512.000000
0.001448 14086480887650604548096.000000 1158517779936847872.000000 76788766629287914048061440.000000 7754599523635858.000000 3487332028746491949045776384.000000 156192628773539.218750 14552047197945479619936256000.000000
0.001502 13448011750956377047040.000000 1246226971432267008.000000 73918720124320267857035264.000000 7989851167103224.000000 3315333684460346269977542656.000000 161479489360897.156250 13767450433629331058359009280.000000
0.001559 14422196159126597271552.000000 1127962551300481536.000000 71155938807790685426548736.000000 7494858632841825.000000 3151817231572984679731560448.000000 79212994280356.109375 13025153043010296120342478848.000000
0.001617 14143008640967037157376.000000 1140626845305918592.000000 68496447446829467917352960.000000 7539390659442698.000000 2996364390434446139285569536.000000 -313896383452875776.000000 12322874806468602052678254592.000000
0.001678 12961832730634372513792.000000 1259285527296863488.000000 65936328201839701775089664.000000 8739173520578691.000000 2848577529701073529843220480.000000 178440117543459.250000 11658458270945099648065339392.000000
0.001742 13600792939458365227008.000000 1368896997688728064.000000 63471887794771482384531456.000000 9004347300110455.000000 2708078621648816030686904320.000000 184480898206495.250000 11029861828469604610125856768.000000
0.001807 13444365560205793034240.000000 1145004276469294976.000000 61099576754156884845395968.000000 8186510926058166.000000 2574508297991844855988355072.000000 -780587568291117184.000000 10435154913724897117530488832.000000
0.001875 12684609718853876842496.000000 1340546473324184832.000000 58815926758628338266275840.000000 9558923717249472.000000 2447524909560466624863010816.000000 197182223631098.250000 9872510223111843143605026816.000000
0.001946 12463520993905762893824.000000 1206851724639721984.000000 56617625582502721391427584.000000 8691759303179436.000000 2326803605613796246998220800.000000 -494248084394270592.000000 9340199218769104489880223744.000000
0.002019 12921842678697528655872.000000 1397587055539852544.000000 54501480468820417212055552.000000 10147764604989412.000000 2212035623257356068433428480.000000 210757509111029.625000 8836586806085981286864781312.000000
0.002095 12646893176550114459648.000000 1285547345021892608.000000 52464430957947472570220544.000000 10455579549958062.000000 2102927373560035508872019968.000000 217892038136314.031250 8360125649206569498430144512.000000
0.002174 12377647850615759437824.000000 1311980348541118464.000000 50503500073889763505995776.000000 10772737831916394.000000 1999199772073821068838567936.000000 225268225170480.187500 7909352025221172207902785536.000000
0.002256 12250947486460187508736.000000 1487794322837970176.000000 48615871543177562392887296.000000 11099551503441290.000000 1900587493849186821568724992.000000 232893858810195.937500 7482881015947313322297131008.000000
0.002341 12057430678910244225024.000000 1527556647744518656.000000 46798779729774320405184512.000000 11436337481099850.000000 1801142109523448617708290048.000000 240777297449576.437500 7079402579119631219302596608.000000
0.002430 12106255128391292289024.000000 1423634261732973056.000000 45049617679944289829781504.000000 11783257680748338.000000 1704505534852547799978868736.000000 248928213826590.031250 6697677136156040356113154048.000000
0.002521 12092861543191985258496.000000 1583846692213822208.000000 43365818097823097164922880.000000 12140708314071506.000000 1613053397674483239977222144.000000 257354740505189.343750 6336531832818325145983647744.000000
0.002616 12040057833397952708608.000000 1500880950500434944.000000 41668566379487840715145216.000000 12509067959795924.000000 1526507860553769701599084544.000000 266066454538787.218750 5994857303115673137001267200.000000
0.002715 11987756020798683348992.000000 1542347925568386560.000000 39977937933595719009042432.000000 12888562199909590.000000 1444605739823855148592005120.000000 275072775754774.406250 5671603742427331979819089920.000000
0.002817 11857256739471596978176.000000 1584960154093457920.000000 38355900484630910819368960.000000 13279548929048430.000000 1367097657990522053796560896.000000 284384599568551.750000 5365778138522904443341504512.000000
0.002923 11671703297575289356288.000000 1628749246794203904.000000 36799666943902729468116992.000000 13682379926283600.000000 1293748085069867352972066816.000000 294011286322099.625000 5076440859743358209404960768.000000
0.003033 11489052846452214071296.000000 1676246484691959808.000000 35306574271012829627678720.000000 14097438031615036.000000 1224333772049864427906793472.000000 303963681685968.625000 4802703027491746443645943808.000000
0.003148 11309257807175977271296.000000 1602140333274697984.000000 33874054658961773560856576.000000 14525126003407942.000000 1158643607171310790668976128.000000 314253210524305.000000 4543723660518102543076687872.000000
0.003266 11132277480175788097536.000000 1770041432853440512.000000 32499655518338410063331328.000000 15062538600442332.000000 1096477903934451445252751360.000000 324890854792793.375000 4298707078946268002673229824.000000
0.003389 10958066197666377760768.000000 1816337454353984512.000000 31181016708402227691126784.000000 15621285297558436.000000 1041520080964729110683189248.000000 335889059018294.875000 4066900559139272233152675840.000000
0.003517 10861298946050575302656.000000 1866516311129391104.000000 29915876859059435315658752.000000 16200758048340300.000000 989563270571686629289754624.000000 347259193707365.750000 3847591892516990682610532352.000000
0.003650 10798777140654500741120.000000 1918080800452381952.000000 28702062867035576602722304.000000 16801724267499086.000000 940198119413039685506695168.000000 359014047653311.312500 3640107299530414503374094336.000000
0.003787 10736612810720091832320.000000 1819633664082062848.000000 27537495134802540897501184.000000 17424979783868274.000000 893295423082903006049468416.000000 371167065306423.687500 3443809333036863972339351552.000000
0.003930 10674803872985205702656.000000 1953562014870701824.000000 26420173907733483737841664.000000 18071353339579812.000000 848732298990307657306341376.000000 383731305976657.437500 3258094904155621294566539264.000000
0.004078 10613348264821332639744.000000 1926862495986586624.000000 25348183647688764768124928.000000 18741700366721348.000000 806392069951110878769184768.000000 396720822920482.125000 3082393433240435751680737280.000000
0.004232 10552243831496362688512.000000 1899739186669111040.000000 24319685276678931016056832.000000 19436910672522340.000000 766163882295192366935441408.000000 410150111054878.187500 2916165082133143908880744448.000000
0.004391 10491488300646489128960.000000 1959851785710445312.000000 23332914426096933052350464.000000 20157907011172728.000000 727942339525522079107514368.000000 424034019787516.375000 2758899157693702093882261504.000000
0.004557 10427385249644484231168.000000 2021865674292306944.000000 22386176593067408306995200.000000 20905643568704752.000000 691627385659482570760388608.000000 438387776222857.937500 2610112465661696990091673600.000000
0.004728 10306673085872934486016.000000 2085840917786401280.000000 21477849800650678618554368.000000 21681113845310648.000000 657123899359063178727129088.000000 453227566817296.875000 2469347872844011270213468160.000000
0.004906 10187355195197251125248.000000 2151839486488468992.000000 20606373530183349563293696.000000 22485345119133892.000000 624341524125401892693999616.000000 468569545190094.812500 2336172882110938775843504128.000000
0.005091 10069415417022240522240.000000 2219925303723787264.000000 19770254659724089334169600.000000 23319404319754556.000000 593194413931443880835678208.000000 484430917410212.000000 2210178331462317950090870784.000000
0.005283 9952837920283175157760.000000 2290164306922579200.000000 18968057331163786683351040.000000 24184397416964932.000000 563601001270187921304977408.000000 500829106402318.500000 2090977093808304397544849408.000000
0.005482 9837606830846362255360.000000 2362624531235661312.000000 18198406564273503523045376.000000 25081469505058400.000000 535483776366665816671780864.000000 517782280692994.062500 1978202930833020702154555392.000000
0.005689 9723706477648906551296.000000 2437376108608327168.000000 17459980989227943719862272.000000 26011812983161840.000000 509047304634776908736757760.000000 535309502404130.500000 1871509341523997326087028736.000000
0.005903 9589792127055592161280.000000 2514491421582363648.000000 16750615703027647122505728.000000 26976659329581272.000000 485450433900560627378683904.000000 553429784804827.812500 1770568502441480532936097792.000000
0.006126 9453532441712596615168.000000 2568120616179336192.000000 15904697426663520813973504.000000 27899538057481032.000000 462947128236127875388932096.000000 572163555132687.375000 1675070265878546213773508608.000000
0.006356 9319206027982107836416.000000 2585126238532289024.000000 15290427121697710091010048.000000 28798923476528320.000000 441486707278518569159098368.000000 591531249339776.250000 1584721203385697606918209536.000000
0.006596 9080364790002684526592.000000 2602246643870826496.000000 14761624964964664303681536.000000 29727286513465860.000000 421020846240469505154220032.000000 611554607663467.625000 1499243710705615150669365248.000000
0.006844 9030075985978051264512.000000 2619479955088287744.000000 14193651570695176126988288.000000 30685559504857232.000000 401494816324558917453479936.000000 632255681756093.500000 1418375143674200801635467264.000000
0.007102 8927553254941751508992.000000 2636826856833730048.000000 13617703219000026339475456.000000 31674705009926356.000000 381149039088638771886817280.000000 653657537259187.000000 1341867017685837336729878528.000000
0.007370 8620932672178446401536.000000 2654286345399597056.000000 13065121503284599231348736.000000 32695716471892808.000000 361833905248420718614413312.000000 675783733308521.750000 1269484249728256828839559168.000000
0.007648 8543715186215098515456.000000 2678923592525692928.000000 12534958916328135833157632.000000 33749619020929668.000000 345282719017252469849718784.000000 698658877566595.375000 1201004424660193695091392512.000000
0.007936 8367708403776617447424.000000 2764763740412637184.000000 12026305568366871026073600.000000 34837470711948276.000000 329800569923876625340956672.000000 722308113468005.875000 1136217120062572473966657536.000000
0.008235 8201352110123491786752.000000 2867194595624752640.000000 11538288972073984143130624.000000 35960363688141912.000000 315012339853376457149513728.000000 746758045930976.875000 1074923258705752986849640448.000000
0.008545 8192883550050818457600.000000 2973419377778486784.000000 11070071711226515052036096.000000 37119424994192896.000000 300886929316780451381116928.000000 772035411734162.875000 1016934494238335027191480320.000000
0.008867 8047311858263401693184.000000 3083578575754580992.000000 10620850736505410373550080.000000 38315817657223320.000000 287394632802361715334316032.000000 798168259437002.000000 962072635605027173232017408.000000
0.009201 8035034374180443258880.000000 3197817830899922432.000000 10189855338322520851873792.000000 39550742404736352.000000 274507075934860378864877568.000000 825185747057011.125000 910169097607176551523155968.000000
0.009548 7961618070548731920384.000000 3316288131225596928.000000 9776345951164790627893248.000000 40825437926296720.000000 261906258237308961596375040.000000 853117570917814.000000 861064383390710814503600128.000000
0.009908 7848453683192475418624.000000 3370877022545723392.000000 9379613249088075428003840.000000 42141183007124208.000000 249762991515832138225156096.000000 881994756393587.875000 814607596026439533055705088.000000
0.010281 7736893940144699080704.000000 3422752415048532480.000000 9038413389040850999181312.000000 43499297161189192.000000 238182514830944616751038464.000000 911849467793270.000000 770655972443447872469336064.000000
0.010669 7626916008789397209088.000000 3475425251057011200.000000 8735705988372412892184576.000000 44901142264273384.000000 226278746405409703990394880.000000 942714516459588.750000 729074447335135597576585216.000000
0.011071 7518497412188016214016.000000 3528907717604974592.000000 8443122816015914913234944.000000 46348123659801816.000000 214841724429891581639655424.000000 974624251006541.250000 690991970461402851931324416.000000
0.011488 7411615950565292376064.000000 3583212122450765824.000000 8160325222598398162501632.000000 47841691793314856.000000 203982690790638144951681024.000000 1007613931445388.500000 656828302827525882729463808.000000
0.011921 7271543629627704475648.000000 3645524779396902400.000000 7886985889207081146253312.000000 49383343497218824.000000 193672438634997414925172736.000000 1041720149976093.500000 624352641381110381048496128.000000
0.012370 7196773245516068683776.000000 3749490420423797760.000000 7612176798439693703184384.000000 50974623358280200.000000 183883236152823787093491712.000000 1076980641523840.750000 593481597770355923052658688.000000
0.012836 6945560575837840867328.000000 3856418195385347072.000000 7302557929062523169931264.000000 52617125485319664.000000 174655395302831223495196672.000000 1113434561549384.375000 564135903069582651142701056.000000
0.013320 6839749493644030115840.000000 3966392307557447680.000000 6992102107782992892002304.000000 54312494872750216.000000 166821295468080004566351872.000000 1151122171164922.000000 536240203798036811408736256.000000
0.013822 6728871839132338356224.000000 4079499355320384000.000000 6661621537778687048417280.000000 56062429055084000.000000 158731278930649818073137152.000000 1190085338667286.000000 509722868927505976304599040.000000
0.014343 6625549048728932843520.000000 4195828370972008448.000000 6432048063316053161148416.000000 57868679811462624.000000 150818109099672223860391936.000000 1230367043396313.500000 484515805944463511909302272.000000
0.014883 6485501545369461325824.000000 4308488832278071296.000000 6184974839662421697626112.000000 59733054918678192.000000 143299274255233374587191296.000000 1272012118152541.500000 460554285760457347010920448.000000
0.015444 6372291977275558068224.000000 4372767569065949184.000000 5933394567185555108397056.000000 61657419696538112.000000 136155125648670284857737216.000000 1315066519269139.250000 437776777150743638072885248.000000
0.016026 6221162578590546526208.000000 4479569064583577088.000000 5692045039209315427155968.000000 63643699046822336.000000 129366993573027653064065024.000000 1359578002977036.500000 416124787976380442789019648.000000
0.016630 6166869245714238537728.000000 4586571942009998848.000000 5460510273412068332797952.000000 65693879318852072.000000 122917138920138480174497792.000000 1405595809055762.250000 395542715846176618483548160.000000
0.017256 6027032560665409617920.000000 4655991480436012032.000000 5243542477694773732835328.000000 67810010098227256.000000 116788706202991536705110016.000000 1453170950955416.250000 375977704950851154015682560.000000
0.017907 5905575362157909901312.000000 4734251780207319040.000000 5039889321575991780311040.000000 69741705843594520.000000 110965679642405781746221056.000000 1502356095640176.000000 357379510469840587565563904.000000
0.018581 5833367880601012535296.000000 4804967842422654976.000000 4820883872522865584635904.000000 71446236741423680.000000 105432841751726635438047232.000000 1553205725943163.750000 339700369588354937446727680.000000
0.019281 5762036555205162565632.000000 4876737882187320320.000000 4624775987361455001305088.000000 73192411105383904.000000 100175733092865403361689600.000000 1605776124326887.500000 322894878916820778384097280.000000
0.020008 5691570577392676110336.000000 4949577521273247744.000000 4472490393485045871411200.000000 74981256823147040.000000 95180614609774585581666304.000000 1660125483607147.000000 306919877995526101223342080.000000
0.020762 5621959282350009352192.000000 5023502573367066624.000000 4319619375694392948948992.000000 76813803269767328.000000 90434431953290081058422784.000000 1716314008304157.000000 291734338282279555823566848.000000
0.021544 5553192127307911790592.000000 5098529057757731840.000000 4155349517461862947487744.000000 78691128954344032.000000 85924781191874504286011392.000000 1774403873633131.000000 277299258116345987153788928.000000
0.022356 5485258690979288842240.000000 5174673260291852288.000000 3997319766527774042357760.000000 80614325489074800.000000 81639876402599138605137920.000000 1834459452301151.000000 263577562452845131089313792.000000
0.023199 5416289902543734046720.000000 5251951676018158592.000000 3845293087337348507631616.000000 82584506803893360.000000 77568518856431235988717568.000000 1896547164323610.000000 250534007684220901142822912.000000
0.024073 5367264240748664455168.000000 5330381026096477184.000000 3699041458431651796221952.000000 84602821895160992.000000 73700067881757161851715584.000000 1960735766182227.750000 238135091211904234958094336.000000
0.024980 5337646210959368257536.000000 5439832381667881984.000000 3558345514937073010737152.000000 86670447866499696.000000 70024412943357318711476224.000000 2027096354824293.000000 226348965428919929459965952.000000
0.025921 5260395086506659676160.000000 5561527958007947264.000000 3422994224365731519135744.000000 88788587740256560.000000 66531947340359964053995520.000000 2095702320865435.750000 215145355955636895871926272.000000
0.026898 5219224739324968828928.000000 5685940569789925376.000000 3278240766954965636743168.000000 90958472617297008.000000 63213542941298650861535232.000000 2166629657435404.500000 204495483983760117754494976.000000
0.027911 5178477540536217501696.000000 5773280512443328512.000000 3152213301258221124583424.000000 93181368652829392.000000 60060526497640415085199360.000000 2239956785666487.750000 194371992311375549985456128.000000
0.028963 5138032455171343122432.000000 5791046035327260672.000000 3047016378541104580001792.000000 95458568130606784.000000 57064656879642607792160768.000000 2315764955328754.000000 184748875175109495997071360.000000
0.030055 5097886778375245135872.000000 5975783424369252352.000000 2931089205854883064840192.000000 98450030078683616.000000 54218103597307845431787520.000000 2394138007089440.500000 175601411492843277642629120.000000
0.031187 5033728666892562857984.000000 6128972488321954816.000000 2819565849343692915081216.000000 101390608265729072.000000 51513426347118403271000064.000000 2475162664336708.500000 166906101374867059194724352.000000
0.032362 4962033535838519820288.000000 6286082611525739520.000000 2712279031706124550144000.000000 103674988937097136.000000 48943555496250583864573952.000000 2558928564914581.500000 158640605827702524267724800.000000
0.033582 4891351688985899433984.000000 6447213781932352512.000000 2609067827851603010912256.000000 106010842770802832.000000 46501773701764576092094464.000000 2645528452538172.500000 150783689390422140324413440.000000
0.034847 4821668630810958233600.000000 6612468490768191488.000000 2509777427458986851958784.000000 108399294834119808.000000 44181698305004197084397568.000000 2735058112600804.500000 143315165612632156172976128.000000
0.036160 4752970059832596889600.000000 6688310037957229568.000000 2414258899045582746157056.000000 110841560601176992.000000 41911940413708315339522048.000000 2827616574016568.000000 136215845279560765529915392.000000
0.037523 4685241884120594776064.000000 6700782981412235264.000000 2323548603022677033091072.000000 113338836530789280.000000 39695387637233049329991680.000000 2923306253480373.000000 129467487099381253931008000.000000
0.038937 4618470202351734489088.000000 6846386121666015232.000000 2244146853612931780706304.000000 115892359911714576.000000 37596018737278083194159104.000000 3022232968223676.000000 123052750917029677326401536.000000
0.040404 4552641312864862208000.000000 7045485389513656320.000000 2167448123295927428448256.000000 118626690898344720.000000 35607639187763842485583872.000000 3124506147540845.500000 116955153169495758332755968.000000
0.041927 4487741704546806136832.000000 7256220046281010176.000000 2082836346468396649414656.000000 121525401547274992.000000 33724381947319944870887424.000000 3230238903465538.500000 111159024595554674640158720.000000
0.043507 4423758054044927524864.000000 7457538464210540544.000000 1990299454757598784389120.000000 124494903661466160.000000 31940690028102846687215616.000000 3339548181185706.000000 105649470000502452147716096.000000
0.045146 4360677224199089553408.000000 7673109331179314176.000000 1918295612648486080610304.000000 127536920776913872.000000 30251300195715035529478144.000000 3452554817433902.500000 100412330012266602885545984.000000
0.046847 4298486265114470645760.000000 7894890778384878592.000000 1848890837838977810038784.000000 130653222100903440.000000 28651227478418871698849792.000000 3569383783277677.500000 95434144753668799449792512.000000
0.048612 4237172404182687154176.000000 8123060321457691648.000000 1777792505623289721257984.000000 133845620015094960.000000 27135750325698907271593984.000000 3690164246107500.000000 90702119262315171018702848.000000
0.050444 4182060384352476856320.000000 8357800456349469696.000000 1702390223276977759977472.000000 137115968951854064.000000 25700396852781328474570752.000000 3815029714219050.000000 86204090668350657024491520.000000
0.052345 4130693839719423279104.000000 8599298794653693952.000000 1637543616513557294743552.000000 140754374392715952.000000 24340931498144864694960128.000000 3944118180508839.500000 81928496958123317544353792.000000
0.054317 4079944810186682138624.000000 8675307329785701376.000000 1573654337595609825935360.000000 145023240256015936.000000 23080070462884186989527040.000000 4077572366216553.500000 77864347291629135480225792.000000
0.056364 4029805542604555157504.000000 8848097427377956864.000000 1515147433850455617175552.000000 149421527637557888.000000 21912551691003073669365760.000000 4215539719254798.500000 74001193798202622635671552.000000
0.058488 3980268374307265576960.000000 9045751678847708160.000000 1444092822107471426355200.000000 153953156715592224.000000 20804049794487449322258432.000000 4358172715443007.000000 70329104741523006408359936.000000
0.060692 3951766783490319712256.000000 9247801319159107584.000000 1369982771506944636092416.000000 158622163651530752.000000 19751582174852634380337152.000000 4505628921665787.000000 66838639034904361354395648.000000
0.062979 3965156438932398800896.000000 9454342873731584000.000000 1299674661436635775762432.000000 163432712784784768.000000 18752316958316407988158464.000000 4658071254356421.000000 63520821995734812680257536.000000
0.065352 3933875791753862184960.000000 9665474918019287040.000000 1232977798665886203117568.000000 168389087851907200.000000 17803565365991878143508480.000000 4815668075591837.000000 60367122312548576930037760.000000
0.067815 3860251675649055916032.000000 9881298111139831808.000000 1182032151276684941721600.000000 173495708957745088.000000 16902774511849602642083840.000000 4978593462121993.000000 57369430137770568306393088.000000
0.070370 3788001033675225956352.000000 10247008487885053952.000000 1141007766107636228947968.000000 178757121669028992.000000 16047520515334015616548864.000000 5147027334830575.000000 54520036269835350307766272.000000
0.073022 3711346001854139990016.000000 10559526997154236416.000000 1101402563932862438965248.000000 182780151779600128.000000 15235501982053678702395392.000000 5321155645133410.000000 51811612364945460593426432.000000
0.075774 3647517833740245532672.000000 10777752185501589504.000000 1063167443727179837341696.000000 186186146241253056.000000 14464533829007228799025152.000000 5501170630607499.000000 49237192118804583041466368.000000
0.078629 3604755526396622143488.000000 11000232282949367808.000000 1026255003212682348199936.000000 189655480324096160.000000 13732541388004334801780736.000000 5687271009475030.000000 46790153384557692305014784.000000
0.081592 3560306546628221206528.000000 11276836012535132160.000000 990619480090622975541248.000000 193189324342379904.000000 13037554840577096437202944.000000 5879662147039581.000000 44464201171237109372026880.000000
0.084666 3516387683476968570880.000000 11584801635800821760.000000 956216695755760551854080.000000 196788870021060320.000000 12377703912402521845399552.000000 6078556347562513.000000 42253351484603771612299264.000000
0.087857 3472992178697786097664.000000 11801222966329112576.000000 923003999785470805409792.000000 201333443314936192.000000 11751212847171780204298240.000000 6284173042576563.000000 40151915961083024671506432.000000
0.091167 3430113349095263305728.000000 12021604609396615168.000000 890940217760102379159552.000000 208136366551619424.000000 11156395624586028966215680.000000 6496739025368864.000000 38154487266786277654003712.000000
0.094603 3387744586673595351040.000000 12351838132110454784.000000 850129219484080018554880.000000 215167524965284192.000000 10591651427220466043977728.000000 6716488743944562.000000 36255925213463451350859776.000000
0.098168 3350694798469207949312.000000 12705490707126431744.000000 810987154030489096945664.000000 222434457249861824.000000 10055460341862672594108416.000000 6943664508493270.000000 34451343562307787680645120.000000
0.101867 3354019622726089572352.000000 13140905337214953472.000000 775495950817298565038080.000000 229944942487258272.000000 9546379258834670600585216.000000 7178516752719266.000000 32736097479067740621766656.000000
0.105705 3333791770024130641920.000000 13456670361480890368.000000 738022578518017011875840.000000 237707007173424000.000000 9063038003773745982865408.000000 7421304330143340.000000 31105771608773238930276352.000000
0.109688 3272896637204156121088.000000 13557068018753392640.000000 704038209864905634349056.000000 245728932417380384.000000 8604135639713723258503168.000000 7672294800265166.000000 29556168739743182834630656.000000
0.113822 3249049398171256487936.000000 14001432711626821632.000000 671617389988629949972480.000000 254019261297402176.000000 8168436978591255035379712.000000 7931764672416729.000000 28083299027770587251474432.000000
0.118111 3241511236328634187776.000000 14460220561130059776.000000 640688197192432494837760.000000 262586806344412672.000000 7754769251946486300672000.000000 8199999765346962.000000 26683369751665763009167360.000000
0.122561 3212991417812200194048.000000 14502669861254969344.000000 611182018176225076314112.000000 271440657242655296.000000 7362018958290831141765120.000000 8477295448040419.000000 25352775576232261842894848.000000
0.127180 3182218730930045452288.000000 14867492061465825280.000000 583033395312284445704192.000000 280590188623081696.000000 6989128870022230705176576.000000 8763957010038173.000000 24088089295113916734504960.000000
0.131972 3151728556449251983360.000000 14851591284779446272.000000 563161920918445115834368.000000 290045068042821120.000000 6635095186420223572967424.000000 9060299979647678.000000 22886053031305956567285760.000000
0.136945 3121592828886249373696.000000 15050010230000060416.000000 544055964990824763097088.000000 299815264119465152.000000 6298964837414489076793344.000000 9366650428760786.000000 21743569872409084213329920.000000
0.142105 3091584061836784828416.000000 15366977090018170880.000000 525591676558546032394240.000000 309911054790381184.000000 5979832916211355908833280.000000 9683345376236334.000000 20657695919210453905965056.000000
0.147460 3061923953449913286656.000000 15699810984849328128.000000 507747494831446567157760.000000 318903630860077056.000000 5676840248402677277392896.000000 10010733104871582.000000 19625632726730814431166464.000000
0.153017 3032534779174809239552.000000 16161660386794360832.000000 490502583738420164558848.000000 326228361870261632.000000 5389171079051059256098816.000000 10349173557933610.000000 18644720118583223922982912.000000
0.158783 3003413695508196622336.000000 16766725225876097024.000000 473836807612127363727360.000000 333720961592234368.000000 5116050879102528442597376.000000 10699038702188884.000000 17712429356817312871612416.000000
0.164766 2974557878451591708672.000000 17394385436702558208.000000 457730707634586334003200.000000 341385255147548288.000000 4856744262358950670761984.000000 11060712953090494.000000 16826356648776166126125056.000000
0.170975 2945964522913145552896.000000 18045480427057076224.000000 436125916006013112156160.000000 348726680416326528.000000 4610553006669128240463872.000000 11434593558824038.000000 15984216974678506894000128.000000
0.177417 2907795411268141056000.000000 18185221749347670016.000000 413079020197425830690816.000000 353460006247845120.000000 4376814176927775088181248.000000 11821091047599656.000000 15183838220206729135652864.000000
0.184103 2889080890194096816128.000000 18839931742805491712.000000 396645362630240294141952.000000 358257264013169920.000000 4158348886343197990584320.000000 12220629630442556.000000 14423155598919434762190848.000000
0.191040 2861731457897382543360.000000 19380903593442934784.000000 379193761220442898563072.000000 363119300414463488.000000 3973695981780122722107392.000000 12633647683086062.000000 13700206350274545510776832.000000
0.198239 2791074330580311605248.000000 19887818682168537088.000000 359242300425090839347200.000000 368046973063037696.000000 3797142413703791446589440.000000 13060598191866468.000000 13013124699318317314211840.000000
0.205709 2726374575788738478080.000000 20090806443853676544.000000 340340552676030313136128.000000 377785345919050752.000000 3628333929520241521459200.000000 13501949234170130.000000 12360137065608070599540736.000000
0.213460 2707426095658347528192.000000 20210477178530349056.000000 322433298324246870622208.000000 389252433580534336.000000 3466931769986503065731072.000000 13958184480504168.000000 11739557508618605190709248.000000
0.221504 2688584105719793975296.000000 20465230592553508864.000000 305468223751795565920256.000000 401066931597139392.000000 3312611991771570103123968.000000 14429803693958842.000000 11149783398260669524475904.000000
0.229851 2669847277862966001664.000000 21177282683575685120.000000 289395697307872644825088.000000 413239319393272576.000000 3165064819620028992192512.000000 14917323256559924.000000 10589291299174490652540928.000000
0.238512 2631346176317797171200.000000 21740436407894929408.000000 274168945333417378054144.000000 425780389710374400.000000 3023994026851784057683968.000000 15421276710741778.000000 10056633058351338118709248.000000
0.247499 2565818575437870661632.000000 21992488560405336064.000000 264317519493109016166400.000000 438207683357764160.000000 2889116342972855892312064.000000 15942215327967488.000000 9550432086098250460823552.000000
0.256826 2504717050957283196928.000000 22671583721385357312.000000 255074711148398341259264.000000 451776272099630912.000000 2760160887136955916091392.000000 16480708667691188.000000 9069379820573372647997440.000000
0.266503 2503203310272073170944.000000 23460759626930249728.000000 246148503985097162096640.000000 465728509326936832.000000 2623235250732687664611328.000000 17037345173037780.000000 8612232367053810945753088.000000
0.276546 2501661435982436630528.000000 24277383546894970880.000000 234193117417315206430720.000000 479858819300107840.000000 2491144965215911103430656.000000 17612732799125360.000000 8177807303185613860110336.000000
0.286967 2500090360986655522816.000000 25108800126239301632.000000 223834228382077741432832.000000 494416797408210688.000000 2365656833611684305174528.000000 18207499613119240.000000 7764980642068624700342272.000000
0.297780 2498488977862548783104.000000 25953870524887158784.000000 213875085828062349099008.000000 509415314246010048.000000 2246441641539959529668608.000000 18822294473588688.000000 7372683945316811819450368.000000
0.309001 2476407146085875712000.000000 26393442133980041216.000000 204389338324878900592640.000000 524867623091786880.000000 2133186581936008928952320.000000 19457787674960144.000000 6999901578745975899422720.000000
0.320645 2438988660002480193536.000000 26365435187087482880.000000 195940653385876280180736.000000 540787370142643456.000000 2025594437471634980864000.000000 20114671647384860.000000 6645668103613382467256320.000000
0.332727 2402132459663920201728.000000 26337308256174370816.000000 187925792450563153068032.000000 557188606423744896.000000 1923382803787770859880448.000000 20793661666595464.000000 6309065796724526241808384.000000
0.345265 2365830019620955750400.000000 26695469771126591488.000000 180237087097280010387456.000000 572620869617435456.000000 1826283351353151119687680.000000 21495496580744568.000000 5989222293033104718168064.000000
0.358275 2330072948641165475840.000000 27578728715942920192.000000 173942368591746242183168.000000 585490728149401728.000000 1734041124154536431190016.000000 22220939558092016.000000 5685308344683031229890560.000000
0.371776 2294852973814635298816.000000 28324536415665471488.000000 168579159505153225129984.000000 598639177028289152.000000 1646413873308579475226624.000000 22970778870158836.000000 5396535690745448658632704.000000
0.385785 2279915354140588900352.000000 29174967882001485824.000000 163375885920006899236864.000000 612071595758396416.000000 1563171423869840958423040.000000 23745828684872416.000000 5122155032179297979727872.000000
0.400322 2250497552179445104640.000000 29576533365488865280.000000 158327760565084841050112.000000 625793427203842304.000000 1484095073214346748231680.000000 24546929875867900.000000 4861454106816914160353280.000000
0.415407 2220999610621594959872.000000 29888131893389012992.000000 152653806176022590128128.000000 639810175577310208.000000 1408835493810977915273216.000000 25374950887163568.000000 4613755859434114706833408.000000
0.431060 2190504403678935646208.000000 30626954699087966208.000000 147899434948636027387904.000000 654127404199737088.000000 1335566003594615509221376.000000 26230788576076160.000000 4378416702208538528710656.000000
0.447304 2188912902844023308288.000000 31394497208315641856.000000 140639355516081603084288.000000 668750733010154624.000000 1265978933166328646729728.000000 27115369128017700.000000 4154824861092253586685952.000000
0.464159 2196893977973630959616.000000 31753790247133814784.000000 135817022147436788842496.000000 683685835812301952.000000 1199892062825384402485248.000000 28029648955948036.000000 3942398803866245312544768.000000
0.481649 2197996964497319264256.000000 32605694810345000960.000000 131343406680296233369600.000000 698938437229735040.000000 1137132167144528842588160.000000 28974615656207964.000000 3740585745838583998054400.000000
0.499799 2192123763852670664704.000000 33168357650167984128.000000 127012243459610750484480.000000 714514309369330176.000000 1077534571028760435359744.000000 29951288965928488.000000 3548860229341997860651008.000000
0.518632 2166072052520535982080.000000 33314636157986897920.000000 122818991687601276059648.000000 730419268172951808.000000 1020942727655291361427456.000000 30960721772538236.000000 3366722773390817073561600.000000
0.538175 2160176743919935553536.000000 33730631105711738880.000000 117476280386068567556096.000000 746659169418505088.000000 968552638950719812009984.000000 32004001125175408.000000 3193698590037054263918592.000000
0.558455 2153639726968577458176.000000 34467375351232655360.000000 112448175632286350311424.000000 763239904385545856.000000 925315468826370312765440.000000 33082249290801336.000000 3029336364114842180648960.000000
0.579498 2132238150490527367168.000000 34653703489320976384.000000 109336452905014573137920.000000 780167395134502656.000000 881491536203220252622848.000000 34196624831718260.000000 2873207093259491596042240.000000
0.601335 2158194411267275882496.000000 34797171978647171072.000000 106304877290595154919424.000000 797447589393928960.000000 836569744775798321053696.000000 35348323710592576.000000 2724902985204839730905088.000000
0.623994 2141689932890335346688.000000 35358125682853961728.000000 103293614727985348214784.000000 815086455029252608.000000 793902248798703253979136.000000 36538580428622728.000000 2584036409547997927440384.000000
0.647508 2104581283567709454336.000000 35537504277371682816.000000 99551978634338459713536.000000 833089974074938368.000000 753376543671718380568576.000000 37768669191990880.000000 2450238901274276530225152.000000
0.671907 2081741841954019999744.000000 35440417801502576640.000000 96316289344422461571072.000000 851464136304939136.000000 714885733502374887030784.000000 39039905100745968.000000 2323160213491787486986240.000000
0.697226 2049544506414182170624.000000 36002576245534552064.000000 92453196563237004378112.000000 870214932311116544.000000 678328251600790184001536.000000 40353645378800040.000000 2202467416947625306357760.000000
0.723499 2028843037913392349184.000000 36613842512463220736.000000 88195409821309343891456.000000 889348346076024320.000000 643607594901288173699072.000000 41711290623012648.000000 2087844044007343954853888.000000
0.750762 1997102347859354451968.000000 37233547388849545216.000000 84064575849062465536000.000000 908870347001532160.000000 610632071618038224388096.000000 43114286092731296.000000 1978989274906033383276544.000000
0.779052 1997058736430479572992.000000 37861698386677891072.000000 80126081287120022929408.000000 928786881381021312.000000 579314561471644862251008.000000 44564123021170544.000000 1875617164178906375258112.000000
0.808408 1969077612528809541632.000000 38649597332503142400.000000 76370983906434707619840.000000 949103863277649408.000000 549572287861231622029312.000000 46062339965172648.000000 1777455905290029325352960.000000
0.838870 1945869146040383045632.000000 39416578885003247616.000000 73407742850809324371968.000000 969827164778317952.000000 521326601388718582398976.000000 47610524175187968.000000 1684247131568811651629056.000000
0.870480 1919379541091147055104.000000 39796793536475242496.000000 70390303426100382924800.000000 990962605610181120.000000 494502774167767747657728.000000 49210313009657896.000000 1595745251661390880440320.000000
0.903282 1888468771064060575744.000000 40458654693468905472.000000 67855960940171835211776.000000 1012515942071303936.000000 469029804380984925224960.000000 50863395366148272.000000 1511716817793492329693184.000000
0.937319 1870819644669016932352.000000 41128883377463787520.000000 65412698208745111420928.000000 1034492855262372992.000000 444840230572742949208064.000000 52571513154113728.000000 1431939925220538561069056.000000
0.972639 1846250314573953630208.000000 41807437284492845056.000000 62179080565419430379520.000000 1056898938576161408.000000 422802751108693318696960.000000 54336462791736272.000000 1356203641327377023238144.000000
1.009290 1831011335789254803456.000000 42505409390277599232.000000 59885075550433416577024.000000 1079739684424692864.000000 401926915367645546020864.000000 56160096734256504.000000 1284307462911552221347840.000000
1.047322 1830617116880283893760.000000 43189300691360473088.000000 57565973270569823502336.000000 1104862783298899072.000000 382057556041684752531456.000000 58044325030443784.000000 1216060800258388994818048.000000
1.086787 1801800711077412732928.000000 43892473055900663808.000000 55540684036311043014656.000000 1143127686756663168.000000 363146582453177179701248.000000 59991116912243792.000000 1151282486684481985970176.000000
1.127740 1780680989621535113216.000000 44603695221236998144.000000 53488545746956060721152.000000 1182662666207019520.000000 345148199544458278076416.000000 62002502407444520.000000 1089800312292124867428352.000000
1.170235 1756365430849721073664.000000 45007819123355967488.000000 51508585578278416285696.000000 1223505848564215808.000000 328018798334485731475456.000000 64080573984774968.000000 1031450580738975599689728.000000
1.214332 1755113300409512886272.000000 44177659271427104768.000000 49600186235147056578560.000000 1265696208354925312.000000 311716851598007558209536.000000 66227488220546592.000000 976077687886838742646784.000000
1.260090 1724043214631814299648.000000 43362694155962818560.000000 47760766643128944820224.000000 1309273563503882240.000000 296202814520203635851264.000000 68445467496190720.000000 923533721248931722035200.000000
1.307573 1715193779002194526208.000000 43133344104274042880.000000 45987839017674617126912.000000 1354278568842803968.000000 281439030088862816796672.000000 70736801717772296.000000 873678079210149868732416.000000
1.356845 1698277941667892822016.000000 43828734904159600640.000000 44279005497955096461312.000000 1400752707159719424.000000 267389638997481147596800.000000 73103850056928608.000000 826377109043250135564288.000000
1.407973 1694347132863249383424.000000 44531041089961279488.000000 42631954902573008289792.000000 1448738277587353856.000000 254020493845095434420224.000000 75549042715967728.000000 781503762794972367028224.000000
1.461028 1698389998373891735552.000000 44612109423540314112.000000 41141415232631677648896.000000 1498278381113942784.000000 241299077426436965924864.000000 78074882710448752.000000 738937270159746080440320.000000
1.516083 1706120190290448351232.000000 44488646163831382016.000000 39737819520794760314880.000000 1549416903002409472.000000 229194424918728742273024.000000 80683947672181984.000000 698562827503797264187392.000000
1.573212 1670854090741878358016.000000 44658934885284700160.000000 38268170818970030440448.000000 1602198491876025856.000000 217677049777507509731328.000000 83378891664799088.000000 660271302243546765983744.000000
1.632493 1640867718517415477248.000000 45065541445217624064.000000 36618219915296588693504.000000 1656668535235368448.000000 205756321033324511363072.000000 86162447011998768.000000 623946385684161624014848.000000
1.694009 1619955475441195417600.000000 45470978518573678592.000000 35248237299936822034432.000000 1712873131151929856.000000 194159218793101221953536.000000 89037426139819184.000000 589139433404435038994432.000000
1.757842 1593730282726484606976.000000 45874984908525764608.000000 33704951075302742687744.000000 1770859055867463680.000000 183176158318124039405568.000000 92006723420780048.000000 556193680819205668077568.000000
1.824081 1589430055377093001216.000000 46277288530949767168.000000 32364835550040059543552.000000 1830673727033746432.000000 172776002506749665869824.000000 95073317025529920.000000 525011915860086647422976.000000
1.892816 1558149679424706445312.000000 46942940697811238912.000000 30954432739298947104768.000000 1892365162305228544.000000 162929171616406530162688.000000 98240270772443872.000000 495501972948433003085824.000000
1.964141 1563756052468276920320.000000 48079014982062727168.000000 29598715006805700771840.000000 1929197817421047296.000000 153607564946488938201088.000000 101510735973604640.000000 468798559598572887605248.000000
2.038154 1549723862221549469696.000000 49238083684477386752.000000 28295715729108868530176.000000 1954134431716797952.000000 144784486452433329848320.000000 104887953273452736.000000 442452454857204926775296.000000
2.114955 1526408719438675181568.000000 49911118804065878016.000000 27158224697190766346240.000000 2021133420198697216.000000 136434574095572138983424.000000 108375254471508256.000000 417489391022408458043392.000000
2.194651 1524398691438577319936.000000 50239025485907230720.000000 25980829838013538238464.000000 2090386437275741184.000000 128533732743171784310784.000000 111976064327921520.000000 393840159041151104450560.000000
2.277350 1538316786314452664320.000000 50734508379350261760.000000 25070471556505461063680.000000 2161966167942201856.000000 121555073972089896566784.000000 115693902345829952.000000 371438959939375540994048.000000
2.363165 1532160646148544790528.000000 50886166228529930240.000000 24016119069291361337344.000000 2235947410289948416.000000 114989820619476464304128.000000 119532384519046176.000000 350223235578665757573120.000000
2.452213 1506962519009843740672.000000 51204891388938690560.000000 23275687459327588696064.000000 2312407119728145408.000000 108762595268931113451520.000000 123495225047229584.000000 330133507801584270049280.000000
2.544617 1482233291180604391424.000000 51520032347704803328.000000 22262375347363837378560.000000 2391424452654469632.000000 102856448139652967170048.000000 127586238002967488.000000 311113225555366283051008.000000
2.640503 1478061583991185866752.000000 52711883361684348928.000000 21323540816866163294208.000000 2473080809577499136.000000 97284314433628353331200.000000 131809338946755232.000000 293108619604137997238272.000000
2.740003 1487249944940581486592.000000 54127469502231838720.000000 20534494003177543696384.000000 2523907079532632064.000000 91943772860561510891520.000000 136168546482476704.000000 276068564459100456353792.000000
2.843251 1465492127456675495936.000000 55574582604668141568.000000 19773034011744970735616.000000 2597472447974325760.000000 86907404072340548485120.000000 140667983740550816.000000 259944447174578957975552.000000
2.950391 1429932418632949956608.000000 56566229070874730496.000000 19127469321481365749760.000000 2678580237653442048.000000 82132354017894221217792.000000 145311879782724064.000000 244690042675154789597184.000000
3.061567 1435281406062149500928.000000 56522083218127273984.000000 18511960568159933562880.000000 2737658558841759744.000000 77605497003671243718656.000000 150104570914898144.000000 230261395295756867338240.000000
3.176933 1413218506317389365248.000000 56469660038612410368.000000 17913745149335699456000.000000 2797998749762048000.000000 73314361434607930310656.000000 155050501899541568.000000 216616706232221414981632.000000
3.296646 1385810894619425898496.000000 56995971292889874432.000000 17421152433962246733824.000000 2859625275278886400.000000 69247097122918049513472.000000 160154227053033600.000000 203716226614664181579776.000000
3.420870 1384753675064951963648.000000 56724388046597406720.000000 16691756358328278581248.000000 2922562922040351744.000000 65502066946679437787136.000000 165420411216798688.000000 191522155930193724702720.000000
3.549775 1354827955799892688896.000000 57229032258047631360.000000 15792568528750027735040.000000 2984650515514189824.000000 62110866876692504248320.000000 170853830587668320.000000 180092804475900464726016.000000
3.683537 1336059000015005679616.000000 58857687047232045056.000000 15149584180962031304704.000000 3029376334121935360.000000 58876198840131657924608.000000 176459373392294176.000000 169341966550230829629440.000000
3.822340 1305557053528125997056.000000 58844321352936587264.000000 14595276436186962329600.000000 3074646327813985280.000000 55791543243405478854656.000000 182242040392661152.000000 159190844886469908103168.000000
3.966373 1276202106862353514496.000000 59871642142737547264.000000 14127409105834182967296.000000 3120460286712500224.000000 52850642154781254090752.000000 188206945201727840.000000 149607675579262832738304.000000
4.115834 1246954973627927756800.000000 59226516581978406912.000000 13536974482258750603264.000000 3166817565416131072.000000 50025148500863579324416.000000 194359314395599232.000000 140562339573074183061504.000000
4.270926 1234666813330120245248.000000 60443537656580988928.000000 13003815117225189179392.000000 3213717057431483904.000000 47293723047223476879360.000000 200704487401349152.000000 132026277130268179431424.000000
4.431863 1209711789740404244480.000000 61281594391693533184.000000 12444907706009874595840.000000 3261157168578772992.000000 44831580924731627405312.000000 207247916142033248.000000 123972406760500222754816.000000
4.598864 1176614114667727945728.000000 61865891635971948544.000000 11894165281694891900928.000000 3309135789406870528.000000 42407971829898677321728.000000 213995164415970752.000000 116375048382022640730112.000000
4.772158 1160289257972572618752.000000 62986553762588983296.000000 11477842183364309680128.000000 3357650266562373120.000000 39732497606217266364416.000000 220951906991810272.000000 109209850497274637975552.000000
4.951983 1133784694069184692224.000000 63020155274737549312.000000 11066132795030086090752.000000 3406697373135404032.000000 37452691377571787440128.000000 228123928392047072.000000 102453721176365655392256.000000
5.138583 1111535715708719857664.000000 62798131213339189248.000000 10515274288934263193600.000000 3456273277950071296.000000 35333815979942134939648.000000 235517121344302848.000000 96084762652703065112576.000000
5.332215 1087894623308286918656.000000 62325375649786667008.000000 10054179772144495362048.000000 3506373513812850688.000000 33330643278080721813504.000000 243137484872198336.000000 90082209345025555300352.000000
5.533143 1074562306858577690624.000000 62007311161085665280.000000 9720695805925545476096.000000 3556992944719625216.000000 31436973888538159349760.000000 250991122000468544.000000 84426369129643587403776.000000
5.741642 1062119161417623666688.000000 62418021827419627520.000000 9385821477635130130432.000000 3608125732008960000.000000 29646938840098324611072.000000 259084237045681824.000000 79098567695653062836224.000000
5.957999 1043736015615986630656.000000 62924647619771047936.000000 9024915446779919466496.000000 3659765299504544768.000000 27954981971318422896640.000000 267423132463435712.000000 74081095824428912082944.000000
6.182508 1017376447339252678656.000000 62751744310466076672.000000 8696369749856515784704.000000 3711904297618514432.000000 26388575283097523716096.000000 276014205221711456.000000 69357159442714300776448.000000
6.415476 1015714769486286946304.000000 62330397377844510720.000000 8379232055255750410240.000000 3814114133677262848.000000 24946107116416996999168.000000 284863942668679776.000000 64910832306269628399616.000000
6.657224 1003483390632279408640.000000 61896296456675205120.000000 7909645927369109667840.000000 3931812111739781632.000000 23577745112712039366656.000000 293978917860983168.000000 60727011178212654841856.000000
6.908081 1001300602331129446400.000000 61449341729318526976.000000 7519377479189507604480.000000 4052287434991263744.000000 22279830715812938776576.000000 303365784320872000.000000 56791373373003838521344.000000
7.168391 982335278519457939456.000000 60989447737005326336.000000 7297886719392467648512.000000 4115400665604334592.000000 21048884164015580774400.000000 313031270184329216.000000 53090336543465090842624.000000
7.438510 956633315629671514112.000000 60516544327478411264.000000 6975915840393086763008.000000 4135792859594833408.000000 19851109301014224699392.000000 322982171706590592.000000 49611020594301825449984.000000
7.718807 942263640095398690816.000000 60030577604244332544.000000 6765965074430356881408.000000 4156289453813164032.000000 18618394187011171811328.000000 333225346085448576.000000 46341211611372202229760.000000
8.009667 921374126055034847232.000000 60848823636775657472.000000 6546112373026926362624.000000 4176890899029809152.000000 17509215722712772640768.000000 343767703567180288.000000 43269327701385406316544.000000
8.311487 919682822097776803840.000000 62458549855326208000.000000 6182898555666417319936.000000 4197598156616655872.000000 16486566230301484253184.000000 354616198793637056.000000 40384386641886128898048.000000
8.624680 910487248843863883776.000000 60876240088023343104.000000 5929656161891169337344.000000 4218411605647985152.000000 15482269181284905385984.000000 365777821354079744.000000 37675975246260245364736.000000
8.949674 893506051841680736256.000000 62152826500303527936.000000 5714276070290022727680.000000 4258516468555417088.000000 14532152999746186772480.000000 377259585499540928.000000 35134220353143769661440.000000
9.286915 890196809385560375296.000000 63488582893039075328.000000 5470511713478351257600.000000 4290477777200686080.000000 13639934648038262308864.000000 389068518981982272.000000 32749761354002912509952.000000
9.636864 889468174550932783104.000000 63960123137326522368.000000 5303379869254324060160.000000 4311828842773085184.000000 12832902087415890444288.000000 401211650976884480.000000 30513724176838541967360.000000
10.000000 877028767444888715264.000000 64284904292293689344.000000 5079047450496103088128.000000 4333291548733423104.000000 12082356582197367930880.000000 413695999050372352.000000 28417696647929307070464.000000
