0.010000 129.410748 121.804384 138.551311 118.448422 142.337127 116.819113 143.497072
0.012068 87.882893 82.282155 93.513926 79.131093 97.159062 77.656636 98.591747
0.014563 56.140756 52.226235 60.183192 49.542646 63.367320 48.397663 64.915488
0.017575 34.022090 31.550280 36.868028 29.669060 39.258196 28.788631 40.554730
0.021210 20.075956 18.493125 21.977455 17.413114 23.505902 16.739972 24.481485
0.025595 12.063862 11.031516 13.166208 10.356683 14.133347 9.951408 14.853173
0.030888 7.573467 6.931205 8.193794 6.434039 8.798589 6.201566 9.312701
0.037276 5.129077 4.688735 5.546779 4.346323 5.945478 4.157920 6.283724
0.044984 3.867258 3.501659 4.226040 3.242846 4.490997 3.080521 4.779496
0.054287 3.203320 2.880489 3.546785 2.669391 3.776218 2.525206 3.992940
0.065513 2.836094 2.525933 3.167463 2.348794 3.367161 2.207835 3.542845
0.079060 2.607934 2.319068 2.907555 2.145132 3.100735 2.017080 3.242542
0.095410 2.424006 2.158408 2.695951 2.001268 2.872455 1.873959 2.990822
0.115140 2.231508 1.999310 2.476017 1.856559 2.627213 1.741563 2.730648
0.138950 2.015256 1.821865 2.223783 1.694899 2.347160 1.594684 2.434926
0.167683 1.763376 1.610968 1.927830 1.497566 2.025185 1.422270 2.091548
0.202359 1.475552 1.368764 1.598266 1.276718 1.667595 1.222164 1.711867
0.244205 1.173049 1.094430 1.255116 1.036396 1.301001 0.996864 1.322972
0.294705 0.876331 0.821015 0.928760 0.788921 0.955551 0.765308 0.964490
0.355648 0.612186 0.572955 0.649587 0.551365 0.664168 0.541325 0.667394
0.429193 0.397698 0.371804 0.425313 0.354251 0.441922 0.342172 0.448967
0.517947 0.240683 0.223558 0.261010 0.211786 0.276188 0.202477 0.282752
0.625055 0.138142 0.127421 0.151929 0.119094 0.162723 0.113577 0.167509
0.754312 0.075660 0.069026 0.084097 0.064083 0.091357 0.060984 0.094112
0.910298 0.039644 0.035840 0.044615 0.033213 0.048801 0.031505 0.050417
1.098541 0.020124 0.018032 0.022830 0.016699 0.025100 0.015808 0.026007
1.325711 0.010094 0.008975 0.011502 0.008309 0.012684 0.007849 0.013170
1.599859 0.004955 0.004384 0.005679 0.004055 0.006265 0.003827 0.006515
1.930698 0.002387 0.002107 0.002744 0.001949 0.003036 0.001837 0.003161
2.329952 0.001150 0.001012 0.001324 0.000936 0.001467 0.000882 0.001528
2.811769 0.000551 0.000484 0.000636 0.000448 0.000704 0.000422 0.000734
3.393222 0.000261 0.000230 0.000302 0.000212 0.000335 0.000200 0.000349
4.094915 0.000124 0.000108 0.000143 0.000100 0.000158 0.000094 0.000165
4.941713 0.000059 0.000052 0.000068 0.000048 0.000076 0.000045 0.000079
5.963623 0.000028 0.000024 0.000032 0.000023 0.000036 0.000021 0.000037
7.196857 0.000013 0.000011 0.000015 0.000011 0.000017 0.000010 0.000018
8.685114 0.000006 0.000005 0.000007 0.000005 0.000008 0.000005 0.000008
10.481131 0.000003 0.000003 0.000003 0.000002 0.000004 0.000002 0.000004
12.648552 0.000001 0.000001 0.000002 0.000001 0.000002 0.000001 0.000002
15.264180 0.000001 0.000001 0.000001 0.000001 0.000001 0.000000 0.000001
18.420700 0.000000 0.000000 0.000000 0.000000 0.000000 0.000000 0.000000
22.229965 0.000000 0.000000 0.000000 0.000000 0.000000 0.000000 0.000000
26.826958 0.000000 0.000000 0.000000 0.000000 0.000000 0.000000 0.000000
32.374575 0.000000 0.000000 0.000000 0.000000 0.000000 0.000000 0.000000
39.069399 0.000000 0.000000 0.000000 0.000000 0.000000 0.000000 0.000000
47.148664 0.000000 0.000000 0.000000 0.000000 0.000000 0.000000 0.000000
56.898660 0.000000 0.000000 0.000000 0.000000 0.000000 0.000000 0.000000
68.664885 0.000000 0.000000 0.000000 0.000000 0.000000 0.000000 0.000000
82.864277 0.000000 0.000000 0.000000 0.000000 0.000000 0.000000 0.000000
100.000000 0.000000 0.000000 0.000000 0.000000 0.000000 0.000000 0.000000
