26541487243.147282 5.931820 0.465363 1.600067 2.437080 4.051714 46.865223
5596493770.159231 9.145019 0.969038 0.790210 4.708153 3.161630 30.257893
1963826658.255307 9.782237 0.979643 0.016773 5.645324 4.741478 21.655607
56871931855.308838 4.075397 0.187832 7.979856 4.127287 3.767890 57.433974
9543702373.769918 6.436432 0.153352 0.102407 2.789556 3.232245 33.781744
261807382994.038483 4.552231 0.648824 2.460953 1.155229 4.618476 96.775809
136809648736.947357 5.122388 0.704217 4.858039 7.548592 4.348685 79.179555
62824909907.586899 2.743819 0.877089 0.018585 8.495208 4.156721 57.618415
22828032341.281467 8.579814 0.770677 3.103976 4.169513 4.644254 47.703658
8954420229.040579 6.767576 0.052491 1.156403 6.508919 3.566509 33.363009
1941122939.238112 11.163283 0.797987 0.015990 3.172679 4.172359 22.228073
2668713525.575012 13.156724 0.826849 0.908920 2.114407 4.772656 25.716391
344034629.889818 26.650047 0.589463 0.040341 4.507528 3.130324 15.802237
10609600258.039059 6.331419 0.567935 1.464027 9.992728 4.657986 34.897189
7045563239.005332 6.115412 0.707596 0.062362 7.410076 3.746115 30.269595
5266681822.430142 7.618382 0.165475 0.025277 18.223126 4.465734 28.573160
35345091481.892647 3.559457 0.057802 0.874891 16.043534 4.490849 48.373904
7627863261.633311 7.380983 0.429505 2.476424 10.529382 4.089125 32.133760
1217976192.246287 40.129358 0.430896 6.613789 2.679179 4.565851 27.398336
4233704117.454513 7.918141 0.149729 0.103347 2.111682 3.930558 26.767909
73294780232.618515 7.240368 0.452736 5.622886 2.485500 4.826318 68.069498
117903440776.948257 4.994914 0.312981 4.552874 3.863170 4.392892 75.085805
9655042581.017216 28.237461 0.827295 9.202298 3.544663 4.119806 48.875486
8760630839.628784 8.042282 0.228201 4.316631 1.821998 3.607279 34.215437
2243843574.485766 41.536603 0.982332 3.107032 11.068064 3.750270 33.968299
2238672517.156229 15.979812 0.871764 1.133764 2.865590 4.763399 25.498645
5691089628.121871 6.928116 0.889520 0.116253 13.540464 4.518013 28.805694
1336182703.466800 12.330568 0.973081 0.051818 6.465288 4.983984 20.097130
163579870954.030884 2.097079 0.693194 0.017552 6.438798 3.702372 78.869200
124700354444.813599 2.609674 0.259284 0.777085 3.210110 4.282366 72.272593
7498487048.028324 14.811127 0.343069 5.176087 2.420071 4.265700 37.398001
2725751906.393824 12.253330 0.404973 1.103699 14.471775 3.884926 25.449446
827839176.289760 14.034645 0.030092 0.025844 11.690545 4.756125 17.693986
14970024776.366213 22.480597 0.886836 5.584081 3.828348 4.412920 52.839627
2108363262.342265 10.069661 0.972888 0.079018 12.822192 4.123829 22.317158
27933355274.269997 4.662252 0.767611 1.697329 5.499236 4.556756 46.038358
3874274520.610283 7.815465 0.848884 0.474752 7.765908 3.976757 25.921463
21631674079.148659 4.280559 0.027701 0.083943 2.009800 4.449635 41.841443
264032227003.701416 1.639307 0.881237 0.050649 4.996283 4.970804 93.172881
7201918734.274561 6.441631 0.518644 0.172539 7.616095 4.600182 30.759981
1906839532.592202 12.340864 0.776906 0.011763 9.445070 4.301047 22.631062
1358728428.892107 28.187969 0.301384 9.664293 10.318989 4.170880 25.408780
153445540430.221039 2.744127 0.952449 0.227174 2.107016 4.799157 77.595675
286134458.234884 39.631508 0.239877 0.053730 1.233351 3.451559 16.837091
17377547425.212009 11.270177 0.606381 9.538595 9.247489 4.401434 46.257501
17488332009.688370 4.040473 0.535672 0.014719 4.799933 4.756237 38.730479
15022113875.850468 8.400286 0.466417 3.908699 13.134347 3.019452 41.313479
392850194.753741 32.915357 0.994657 0.039535 2.460257 3.892063 17.631544
4710684121.229816 7.483867 0.837560 0.065278 7.978290 4.277234 27.436410
147145486021.896881 2.824725 0.104910 0.015964 4.215340 3.430337 76.618975
2030517379.092848 13.286538 0.547301 0.981823 13.905749 4.136206 23.534706
37696545732.624771 3.198031 0.962130 0.187985 14.163603 4.270142 49.015010
1208465000.156736 12.944052 0.109989 0.014583 7.119239 3.720243 19.668144
1677604523.616762 45.293807 0.810511 4.013303 8.031135 3.869628 31.724492
24920173784.297005 4.335021 0.977973 0.488037 14.867739 4.116908 43.926874
456558934.394696 46.066904 0.990355 1.072948 7.810917 3.389208 20.674913
4415358017.104109 8.301304 0.993459 0.171179 9.424684 3.577912 27.402618
17468975217.620697 14.210512 0.693263 8.309475 5.049418 3.628841 49.050915
70087585968.914734 4.110893 0.915843 1.611243 13.738437 4.297796 61.634531
13037392503.160225 5.656832 0.680402 1.236421 12.873594 4.005021 36.701446
479179670.084157 33.316379 0.252492 2.694738 8.453229 3.850761 18.910755
31367052402.549488 6.057403 0.616056 2.437226 4.929164 3.573915 49.717790
1199640330.907501 44.694274 0.543780 6.319228 3.275536 4.594255 28.244022
355399185.797318 35.829898 0.263773 1.471315 16.418524 4.254139 17.518715
17613817248.891201 14.649456 0.741601 5.963224 6.194332 3.383709 49.572467
2380066098.114069 11.695050 0.262433 0.016047 16.439349 3.711934 24.053576
77220184961.839737 2.993036 0.975367 0.133532 13.214995 3.329381 61.989915
286784418924.159485 3.153309 0.401900 5.561125 1.683387 3.247675 96.309075
153570715637.315521 2.469265 0.399847 0.038442 6.676587 4.947438 77.343682
15945884541.132124 18.525171 0.976003 5.482706 1.832484 3.553369 51.071516
11737541763.858168 23.346308 0.875855 7.151417 15.613325 4.158538 49.266359
7571008602.260707 6.118789 0.021708 1.005802 11.718241 4.583268 31.006937
772984454.220233 22.899358 0.261695 2.581144 17.978078 4.501590 19.782653
7562816670.492649 5.474714 0.062019 0.036963 6.729762 4.672271 30.456452
2072122745.212849 12.894600 0.886828 0.657872 1.588809 4.180497 23.518661
76012702286.527557 7.141107 0.551099 8.264989 2.892028 4.364711 68.724546
7600387810.048925 6.606905 0.551417 0.024130 2.610613 4.697708 31.454992
5188200071.027693 17.954044 0.484191 6.711897 2.505999 3.453842 34.823875
2681933491.701894 46.855476 0.976633 4.471306 1.732909 3.972215 37.516337
2328446194.663965 14.261260 0.859084 1.101422 1.731678 4.977517 25.078974
7801656503.777146 23.519577 0.734499 8.701536 1.794365 3.156593 43.088933
9729115512.224791 5.355794 0.849446 0.113922 3.880757 4.588118 33.015895
1050887386.792844 17.228906 0.309153 0.040704 10.303098 4.175645 20.222129
3252600690.957313 21.070895 0.862856 1.544138 1.681183 4.184920 31.176414
101003057667.847290 2.654969 0.018859 1.903812 11.657351 3.642904 67.410409
223394694302.805908 2.149609 0.929242 0.082544 1.651567 4.762512 87.495433
56368883584.901863 2.688094 0.426032 0.013687 11.694906 3.987219 55.526432
4007711107.006670 19.993500 0.697346 3.875370 2.749183 3.747081 32.926769
4036242646.346465 9.111304 0.892940 0.028286 1.672343 3.579976 27.113429
1699513767.960061 45.184600 0.694961 6.455826 2.988240 3.207876 31.836446
1014904621.334397 13.351725 0.004409 0.023776 1.697733 4.540088 18.700217
67756611781.366791 4.078893 0.151076 0.070978 1.135579 4.163338 60.891992
13136097728.849310 8.893969 0.819972 1.540744 1.647563 3.354729 39.975969
10482846383.144346 5.910038 0.939486 0.031802 1.835221 3.967584 34.364631
230089865932.116638 1.680799 0.719318 0.129920 3.376389 3.836072 88.885422
93273669263.076401 3.396596 0.433935 0.032695 11.350959 3.440110 66.590181
7404740957.958243 10.048085 0.434953 2.137603 6.056798 4.004421 33.906730
2748915402.323515 16.215008 0.294989 8.080171 3.286340 3.047762 27.411398
856807503.725968 29.696393 0.382102 2.021408 1.371158 4.724975 22.141434
650847895.781011 39.471630 0.663418 1.354532 5.824361 4.535568 22.113895
9826335673.429840 7.383598 0.991396 0.032373 1.657026 4.110679 34.966604
21717010045.989197 4.422516 0.849930 0.254646 2.567214 4.114866 42.057241
1067679174.804423 45.012380 0.564116 4.332538 2.657098 4.632415 27.231962
66488089431.064888 2.862467 0.000335 0.015213 1.874619 4.202709 58.832425
11636720619.016298 9.722824 0.952520 3.928762 6.491689 4.140988 39.134928
277459827.872502 36.422117 0.280364 0.072735 11.936540 4.670583 16.216126
8275282098.206537 7.162882 0.323428 2.327587 11.230551 3.915588 32.833846
303225631660.968933 1.847000 0.607925 0.036907 2.268884 3.654288 97.099589
9123088512.402897 5.407395 0.814751 0.014079 1.483000 3.766502 32.361513
4806009603.835034 7.949915 0.129027 3.715894 14.410448 3.726060 27.945504
3777599146.200314 19.597996 0.876205 2.568182 3.690577 4.185470 32.102430
925885294.829386 14.856323 0.400727 0.019482 2.999361 3.742388 18.637445
8874960643.684801 7.175742 0.632956 0.131017 8.921349 4.100096 33.619698
59172924794.064674 3.724572 0.869566 0.784793 1.715117 3.679902 57.673906
8723025662.643871 10.306903 0.724828 2.692884 7.422467 3.400686 36.014869
3266149628.881573 9.828854 0.901968 0.064889 14.870009 4.419410 25.684418
2972511465.127896 8.950914 0.108480 0.217300 4.197723 4.457262 24.393136
787534395.373605 17.398112 0.162593 0.414986 2.174936 3.239885 18.417057
23984301460.140461 16.902152 0.851333 6.643518 2.308840 3.695812 57.064063
59001545122.526215 3.423006 0.781392 0.044659 1.982007 3.938950 57.197677
60270792536.444679 3.314498 0.465667 0.047360 1.692106 4.212466 57.461653
1141292409.357329 12.838398 0.847752 0.022537 17.523085 4.551635 19.257703
8923607560.857071 5.924958 0.447860 0.619619 11.494110 3.551462 32.581781
1689044925.595717 11.630016 0.503444 0.052827 1.487195 3.878875 21.426661
5971157955.719724 7.084835 0.654870 0.046061 6.485528 3.997445 29.390259
3200944850.258326 31.122904 0.691260 8.406723 11.422354 3.174390 34.860974
4998291501.420428 25.961540 0.720183 7.823588 16.509292 4.776633 38.255342
32917321442.514305 8.235596 0.583710 5.346064 6.337907 4.874160 53.445981
1199228643.073520 32.478371 0.352248 6.375112 10.869574 3.411369 25.469435
8384746591.951874 13.309338 0.856088 3.311530 5.370465 3.605130 37.773683
2601262754.276519 10.093626 0.339323 0.391256 13.049054 3.809961 23.948721
8225220150.900023 6.728452 0.825711 0.318895 11.341497 3.233750 32.398230
3602484223.370228 39.234215 0.821056 6.898300 2.666303 4.041006 39.040950
1178229941.139852 13.520949 0.740387 0.023636 14.982676 4.687108 19.716090
344359553.870608 27.365342 0.654087 0.036684 3.649860 3.568085 15.934862
9115976192.033089 7.267620 0.219906 4.850224 10.491173 3.821490 34.001668
12665724251.654131 4.884339 0.150505 0.094912 4.925884 3.894625 35.585275
28558523010.434521 3.914494 0.750229 0.129856 4.596856 4.110510 45.459132
1333331281.279044 11.460839 0.808396 0.022636 17.771276 4.542156 19.733904
490415707.976132 21.921024 0.787743 0.048101 3.417646 3.563980 16.783851
1906591237.678284 11.114738 0.730898 0.379748 10.766195 4.334274 22.073017
16225787550.389116 5.648764 0.833912 0.068264 7.876022 3.862300 39.469260
1527556896.626841 21.094555 0.422299 2.060644 1.932983 4.625241 24.241246
1477627187.822593 33.326868 0.636568 4.632166 8.182648 3.108922 27.527975
14122255398.335861 7.301507 0.150737 3.017914 14.275278 3.736757 39.377214
2025823722.114856 10.222442 0.046838 0.043074 13.840515 3.997930 22.096432
13752388850.937233 17.618495 0.728136 5.351263 15.611899 4.915202 47.945690
80857974025.084763 3.704923 0.330871 0.010958 1.998556 3.020882 63.968397
1279324461.024819 13.107986 0.515476 0.116967 3.784906 4.460759 20.107981
1183277934.850366 12.508884 0.103213 0.012042 13.695707 3.848442 19.366935
1989198227.338975 12.079192 0.427077 1.034775 3.577708 3.569186 22.833495
3666077003.228672 14.318528 0.707099 2.823448 17.093425 3.826262 29.205709
5700647531.920010 9.415191 0.382835 0.012494 1.309443 4.063032 30.635217
5572509830.998726 6.954196 0.162926 0.043294 18.692198 4.246040 28.623696
8432649421.449630 5.961154 0.729823 0.027615 17.780922 3.422854 32.004383
1586288737.475029 10.642461 0.556936 0.011211 4.177363 3.828629 20.553283
35676769992.933723 2.783911 0.148812 0.217289 18.791724 4.801300 47.744400
4460240105.123901 24.143351 0.615635 9.470601 18.087446 4.613932 36.039804
12364689563.747801 5.120414 0.354048 0.013234 4.997051 3.633285 35.531341
637334000.206627 32.921707 0.596875 1.581796 15.318910 4.101730 20.718747
8955024670.424376 8.159295 0.108173 2.698601 10.732239 3.933903 34.566120
11030115030.972298 6.412126 0.470125 2.352897 6.588656 4.701007 35.428662
2548616438.754758 31.390150 0.687807 7.022258 18.229380 4.107835 32.397306
62507496021.363045 3.458918 0.350226 0.012899 2.227315 3.265487 58.358055
589197427.958233 49.862500 0.897450 1.697932 1.981542 3.557676 23.114781
1344142115.029674 26.899210 0.365766 2.697246 1.378067 4.350311 24.958857
158168032455.664856 2.346253 0.439979 0.041222 6.839338 4.947036 78.030254
778975897.986968 19.518179 0.375170 0.994927 19.462274 4.660864 18.944140
7045563239.005332 6.115412 0.707596 0.062362 7.410076 3.746115 30.269595
13834478663.152882 4.920955 0.657355 0.024553 5.263263 3.777371 36.684747
536098921.890191 34.050794 0.765011 0.948913 4.066283 3.602448 19.767796
31328277082.433453 9.261131 0.478329 7.214467 2.643521 4.627726 53.870326
12705562047.209339 4.765001 0.331055 0.029646 6.574481 3.420787 35.505887
312687986149.976624 2.022467 0.918597 0.472762 5.336066 3.419839 97.913644
845273229.574511 43.998805 0.488126 5.488334 6.810889 4.648887 25.002572
2324022781.965500 42.807795 0.875410 5.585462 15.465686 4.799998 34.710603
7488871654.756821 5.670193 0.461538 0.096409 3.381096 4.438061 30.519948
368055864.455077 31.772406 0.263452 0.714755 11.777024 3.943251 17.061801
916902568.671214 16.369628 0.319917 0.090083 13.785835 3.669541 19.058433
247814860957.075226 2.683866 0.035257 0.553852 1.467523 3.777794 90.956931
65901029094.159523 2.564932 0.960164 0.245309 3.514375 4.031464 58.399028
8406614926.716674 17.221618 0.960564 4.107090 2.896475 3.805484 40.438830
23859269597.548107 3.250677 0.594635 0.011428 8.545253 3.996740 42.131927
231255422645.218597 2.911651 0.788100 2.621285 9.185559 3.590272 89.216799
2285857916.683082 10.413583 0.965758 0.038723 7.311107 3.753500 23.100439
5063734855.128054 7.025899 0.808936 0.022087 15.634223 3.760448 27.776435
4261511024.546178 22.671341 0.932622 3.451480 2.505785 4.528809 34.845310
43228771513.085083 2.751162 0.011456 0.101975 7.007573 4.498387 50.873475
1124840464.677745 27.758809 0.473302 3.051402 11.016204 4.400914 23.746443
6406152631.194229 30.415012 0.707139 8.793481 7.456623 4.268161 43.617959
16230303770.524029 12.791657 0.623282 6.224253 11.583387 4.615739 46.614787
6032560034.102804 15.157501 0.435767 2.770775 7.512344 4.876719 34.992287
44074396722.109993 4.100356 0.995343 1.131470 4.764222 3.746580 52.789967
989515320.098129 14.409669 0.494646 0.048980 1.043247 3.846810 18.905250
26587827965.430363 4.444926 0.484460 0.013824 11.418333 4.606501 45.019332
7376139578.938162 27.788898 0.897449 6.089820 1.691559 4.325778 44.461933
4496314993.646244 8.136858 0.889184 0.072952 11.443204 4.558059 27.458360
185496054852.402618 2.250924 0.748581 0.141040 4.527914 3.854558 82.249834
203294937066.510620 1.631889 0.652296 0.010595 5.425282 3.095724 85.418013
82862050086.329086 2.462129 0.732388 0.045087 8.464958 3.434218 62.961834
5655242833.346522 14.479660 0.783943 3.614010 3.446995 4.762972 33.842838
25788465175.149647 4.783818 0.578174 1.198495 6.638806 4.691788 44.978191
2948908778.540180 23.629908 0.975168 2.653750 7.780459 3.029952 31.197738
1223751036.224018 15.724685 0.298686 0.056645 15.818864 4.522883 20.760190
14213599436.640736 5.272979 0.626876 0.061900 7.243554 3.816835 37.377496
3118903681.664815 8.195090 0.250041 0.199954 11.262063 4.117021 24.341292
1690815903.630137 13.757607 0.884859 0.634484 14.135993 4.329342 22.336266
721868297.797740 22.605712 0.356497 1.264084 10.309567 3.806670 19.263777
42874709927.453339 3.344028 0.048712 0.030461 1.843846 4.030517 51.329452
1640160314.527035 16.889944 0.762927 1.170654 1.985270 3.393373 23.330870
69575404722.493683 3.404476 0.402044 1.475832 2.226907 4.770088 60.402529
19902494935.758503 4.457292 0.135450 0.176634 4.763437 3.176800 40.890247
3065341140.510619 40.673926 0.600223 5.609422 2.551377 4.247434 37.432599
64901393559.759193 2.650295 0.734719 0.052287 7.207210 3.277612 58.166378
749601176.462674 16.364679 0.757047 0.010982 4.916513 3.478910 17.819181
9037425870.083675 5.230658 0.409370 0.047437 4.295923 3.168694 32.103397
3150435018.670249 8.964997 0.248406 1.408014 11.280514 3.554540 24.878671
1829278378.346104 10.905571 0.586220 0.012350 6.534456 3.225333 21.674716
9950201422.906513 19.720075 0.758153 6.748288 6.853662 4.529556 44.412341
4115234036.404169 24.032543 0.573288 7.675648 1.819922 3.545523 35.037734
185789255220.765015 2.988513 0.746357 1.084875 1.530226 4.464596 83.057697
47954192963.508469 4.468258 0.856208 0.228442 1.010658 3.810652 54.834699
271756189.333184 43.812171 0.914955 0.129684 2.450225 3.179869 17.104139
61255106674.388794 4.164818 0.542650 0.172256 4.463276 4.543965 59.012810
1703837799.530260 13.066387 0.100837 7.106046 11.681532 3.792582 22.105883
4880783441.038587 7.035176 0.870171 0.019015 18.100764 3.773005 27.444421
1872128678.266877 10.235781 0.884255 0.023282 3.005047 4.488433 21.529179
8854788092.307056 5.946037 0.309443 0.018594 2.485529 4.083723 32.516414
64204597349.207054 3.140014 0.290951 0.847956 5.818096 4.124411 58.463243
142821933903.380249 2.239800 0.524917 0.111339 2.877000 4.941595 75.383039
12192346609.906193 10.009536 0.755932 3.402741 2.356790 4.167031 40.004289
4322771207.610495 7.379655 0.626037 0.398740 19.496745 4.067171 26.590914
4052561413.064588 7.323349 0.923570 0.016077 17.311492 4.565280 25.987431
15470327133.609310 4.165844 0.261890 0.023970 7.644204 3.954055 37.303011
11046075111.621117 9.658218 0.470521 4.551815 3.375754 4.520569 38.405118
10341305952.370428 10.634141 0.454820 4.317877 9.167211 4.206406 38.388506
5869775605.376288 47.946029 0.794675 9.082326 1.189473 3.140028 49.085752
1423623917.823549 12.143102 0.091203 0.043155 17.261790 4.893369 20.450222
209783522331.333710 5.381785 0.650791 4.265879 2.736574 3.287125 91.960119
1896399518.109584 38.665239 0.464243 9.193675 3.064610 3.333184 31.373941
4873001818.984009 7.849145 0.964402 0.034498 14.637866 4.700040 28.004437
5480024486.507284 8.883589 0.472781 0.656405 12.700548 3.437401 29.862851
13921303033.723944 5.525042 0.533408 0.064758 1.167885 3.863003 37.377594
2504775976.716081 17.192534 0.786569 1.892286 3.174874 3.317420 26.996968
1790612961.601479 26.262864 0.591990 1.610772 6.448102 3.481785 27.264443
48794882703.312767 4.820089 0.158088 0.983872 18.104580 4.123645 55.686646
27367362324.292316 4.327730 0.941022 0.034316 2.399753 3.787797 45.311199
5641159484.327529 30.796697 0.983016 6.069782 5.083085 3.820592 41.970280
10498288393.949800 5.320850 0.034571 0.253589 3.988572 3.130113 33.831448
11557703678.400867 5.611152 0.518378 0.037047 4.136206 3.910851 35.212786
775390272.129551 29.966878 0.279784 5.725102 9.983566 4.767165 21.476887
27354766488.714687 11.442599 0.612433 9.425412 3.273488 3.530396 54.002605
362552307.961904 34.676064 0.243291 0.083465 1.124030 3.855532 17.452049
600659273.563000 45.484797 0.528498 1.579790 16.680546 3.714260 22.558762
16695140838.610550 4.458961 0.334201 0.035971 17.741702 3.162498 38.565617
5556896818.552183 6.372021 0.054274 0.093422 6.096667 4.741763 28.160485
4612431200.089480 9.425867 0.028990 0.109085 3.589430 3.916480 28.553713
810761342.094720 47.605214 0.568601 4.527447 12.510299 4.484068 25.312868
25171277879.749126 3.765324 0.751353 0.015466 2.982934 3.092252 43.419625
228028445945.034943 1.926378 0.652652 0.022817 3.170115 3.085273 88.205096
10235906460.187536 11.427634 0.320950 9.703963 3.644589 4.379245 38.902580
237147005887.653381 1.741525 0.968465 0.099512 13.054110 4.450225 89.645236
7768235034.246653 5.372928 0.648562 0.054751 5.511997 4.887979 30.643903
7513814687.282964 7.966290 0.004896 0.192502 7.532867 4.805404 32.447431
4810249810.620294 10.230352 0.612818 0.023252 2.084515 4.615254 29.483993
520991644.913725 28.860922 0.959663 0.661420 11.240995 4.250953 18.593574
230831613127.893707 1.592797 0.304347 0.070328 7.670890 4.826043 89.232029
34294460201.889084 5.536129 0.797361 1.368151 5.733564 3.246744 50.496134
1065534749.588296 14.619998 0.601600 0.033868 17.639436 4.466934 19.449988
1590876286.407492 41.642462 0.904615 3.276291 16.991246 4.967458 30.314555
711976192.430338 18.212686 0.603181 0.018412 4.582663 3.430219 18.033178
51707690932.446289 4.012098 0.254641 2.635177 2.781494 3.029227 55.547563
7714730018.294981 6.572799 0.997181 0.011295 12.605957 4.060928 31.583382
306016250560.070068 2.002149 0.227042 0.209301 3.645877 3.432201 97.225329
6765325890.897979 6.945253 0.868906 0.027857 1.931564 3.236008 30.528375
1322287888.660356 24.258341 0.457065 3.145819 1.919832 4.037186 24.064878
203365324814.599854 1.425587 0.927376 0.065604 14.390338 4.664560 86.192078
469784167.372675 43.133436 0.614793 1.573019 3.828680 3.915315 20.422100
6893439299.258423 5.729924 0.726186 0.051052 8.183420 4.680794 29.737150
2828393453.800753 9.212835 0.090005 0.175166 2.939001 3.735867 24.139668
27172542371.107246 4.173749 0.542056 0.180339 4.166621 4.529244 45.017243
66595606720.164932 2.727578 0.519050 0.043927 8.604841 4.976427 58.734137
4882962068.303235 9.956485 0.326053 5.467656 11.135546 3.100628 29.452732
11131271635.173698 4.657804 0.737688 0.109479 8.358349 4.738854 33.874599
49459741650.828117 3.237699 0.713055 0.061449 5.173271 3.598136 53.705572
920804819.827357 15.625852 0.380491 0.154514 5.321636 3.897456 18.850925
2893396834.654654 12.654408 0.603400 1.694551 9.466818 3.981172 26.165663
948076987.425496 13.898196 0.258001 0.078144 8.199496 4.039857 18.466260
132508735320.515976 6.728066 0.988609 2.542561 1.420537 3.482835 81.824343
127104631688.724503 3.646298 0.083315 0.067352 1.440465 4.185842 74.269734
3466167262.835168 18.620194 0.677373 2.102148 5.451494 3.850099 30.751249
5763404965.436095 15.613066 0.709767 4.080308 5.838527 4.327425 34.733032
20858567812.434929 3.935183 0.108787 0.188146 4.523996 3.129761 40.960972
2546050574.304557 10.266270 0.249510 1.970296 7.172860 3.747210 23.868687
2753485448.522483 13.390435 0.261506 6.978910 7.897133 3.575294 26.100417
994002743.011249 47.452983 0.579467 5.594208 7.505282 4.755384 27.062870
33293494362.989128 3.118673 0.299719 0.019832 4.459919 4.038959 46.948439
105399017947.913132 3.312023 0.254319 0.896890 2.677029 4.168052 69.225134
2468878804.728107 8.933077 0.119643 0.010041 4.251064 3.168083 22.919791
879249172.154279 18.463165 0.626310 0.701773 13.146183 4.543781 19.420601
101787486023.189178 2.349481 0.453809 1.231583 13.637137 3.629146 67.369583
726638977.767516 22.473934 0.836201 0.462461 4.713662 4.342376 19.273219
14292558170.429670 12.609083 0.481895 9.568019 2.254607 3.976191 44.522900
17141491604.573513 3.971645 0.275101 0.071212 14.592107 4.149095 38.403452
4599837544.766007 7.815433 0.684354 0.025176 11.843562 3.741836 27.447947
7880205480.852958 6.247815 0.578887 0.230153 17.429650 4.061974 31.532803
5715543272.735114 6.737143 0.981421 0.013162 2.001831 3.222850 28.702785
193049967886.515228 2.790736 0.323380 2.225597 3.305130 3.685565 83.829864
124361790912.161926 2.629553 0.403299 2.950607 9.617203 3.286575 72.226050
1291923959.021320 12.076272 0.595020 0.030107 11.449780 4.398481 19.772734
99340821928.734299 2.204036 0.801835 0.090454 6.946032 4.219148 66.785668
2047768140.947372 13.262315 0.207122 3.473581 1.771359 3.400368 23.590408
778016770.151322 46.624664 0.765697 2.360199 10.527369 4.044199 24.794260
4222135376.687842 18.793335 0.525339 5.286276 10.613210 3.229527 32.926235
1739979888.723342 10.889601 0.150547 0.133114 3.841696 3.536698 21.308903
10535434180.912106 14.934270 0.670411 4.479952 3.311704 4.192729 41.976756
532747406.450324 23.183391 0.767220 0.071958 12.227690 4.918440 17.537648
2259542749.643948 27.839484 0.706918 4.255133 10.580042 4.090420 29.988872
280829700.715116 30.796823 0.529441 0.305366 9.958246 4.285666 15.439526
7861820988.053515 25.174397 0.680550 6.103731 1.806252 3.170858 44.080415
14490466836.398361 5.544059 0.396002 0.265644 1.628287 3.360971 37.899958
51733225502.367744 2.841392 0.769964 0.025690 5.407872 4.779416 54.092078
3303860207.905667 11.648343 0.129838 3.615296 8.048397 4.458495 26.806727
32468050949.794044 2.694384 0.634207 0.087935 16.520368 3.048012 46.203892
5844894303.351735 7.203859 0.407558 0.023419 2.657462 3.848319 29.271534
8739326805.001436 6.332836 0.907534 0.130566 2.560689 4.603545 32.713969
876012918.663653 47.854828 0.596013 4.378412 4.245999 3.077476 26.020042
802299442.591865 33.480629 0.593022 1.974434 5.469700 3.827654 22.490407
39366898291.776131 4.832270 0.407843 2.443300 11.897867 3.064995 51.857963
6689662189.383253 8.459470 0.955628 1.321775 4.868154 3.020686 31.594015
795605271.745952 14.485714 0.017311 0.013841 14.170088 4.385301 17.603364
34072203373.171875 10.572662 0.792531 3.355025 3.029710 3.390658 57.047193
838343054.467023 14.315066 0.249507 0.089947 14.750122 3.815301 17.858606
99775004885.670914 2.911497 0.904322 0.487570 3.016260 4.233894 67.414817
3069937856.135813 18.258594 0.867756 2.024289 3.077774 3.845767 29.371698
108001877262.420975 2.433908 0.622599 0.386955 10.927613 3.804100 68.758007
6120021483.165066 6.105921 0.108305 0.582168 10.907903 3.072104 28.874051
5442802197.250242 6.102644 0.314250 0.087223 2.350654 4.632696 27.764668
1872100548.298454 12.267274 0.004193 0.014250 19.102281 3.796633 22.460138
1003516119.037854 16.555230 0.260374 1.378565 19.645217 3.588720 19.700063
43130669779.034744 3.559404 0.830268 0.037238 1.601226 4.824033 51.692748
16759776871.845953 4.480496 0.927968 0.032828 10.121711 3.196727 38.637927
3681830350.877172 16.054413 0.536094 4.377534 11.710043 3.832535 30.135580
60727942477.070244 2.283826 0.109144 0.139079 8.191518 3.755793 56.694490
15015718830.788836 4.995942 0.334348 0.011099 17.109384 4.920973 37.778381
4624027851.331203 9.725811 0.873983 0.657297 4.293841 3.527482 28.773351
22445226692.099739 12.683143 0.676412 7.193254 2.527964 4.085997 51.825759
24247649997.453403 4.345863 0.685143 0.127628 1.485838 3.591381 43.540845
1410942061.148159 22.009106 0.187400 6.868255 2.050442 4.601364 23.898914
4853347672.870576 8.137672 0.158739 5.148932 3.731057 4.833260 28.167275
3509319945.577105 8.311648 0.691609 0.015956 7.429612 3.335940 25.389482
2585940010.106240 8.812529 0.478275 0.046006 2.208887 3.979423 23.210238
490622678.172119 21.159226 0.632912 0.190387 11.414962 4.587143 16.615758
20060356373.648705 4.849469 0.111768 0.068456 10.936278 4.040406 41.440340
9913738144.900047 15.290775 0.784356 4.733410 1.683796 4.842940 41.388483
5150314831.257027 15.263491 0.517633 7.030240 5.842967 4.669498 33.256384
6499850656.607368 9.742307 0.561802 2.413197 19.203263 4.899944 32.243814
4513229582.233731 8.343393 0.712347 0.276957 18.273829 4.094734 27.631901
4203070612.844239 7.748300 0.735223 0.044464 2.073529 3.583677 26.590181
40114048528.840439 5.501390 0.549717 2.483728 4.074639 3.968583 53.153885
174899702853.972321 1.633080 0.638415 0.669445 11.644933 4.016655 81.236939
1702626276.635603 35.723381 0.676846 4.599755 16.225251 4.444046 29.504561
17916708941.386902 4.439460 0.050708 0.071035 8.532250 4.183190 39.463271
2374847837.344196 9.733063 0.755267 0.053977 7.803663 3.769533 23.046234
25623863171.733063 6.363499 0.380061 5.437720 2.290558 4.903133 46.861037
5546332931.116834 11.538315 0.984871 1.462356 14.013609 4.365622 31.787822
1308269620.778639 38.524896 0.665316 4.066378 12.772568 4.579827 27.689348
36831598393.388222 4.033651 0.235271 0.527658 10.923229 3.862217 49.636261
19019547758.360317 4.215835 0.179275 0.095432 7.428378 3.877577 40.015044
969106389.976929 37.526815 0.741339 2.002240 11.895964 4.216005 24.841785
1168357429.431251 40.024702 0.740176 2.606578 12.843026 3.672314 26.998096
1531478639.295417 29.725492 0.656924 3.807868 3.610551 4.129494 26.879012
112743160631.274429 2.156879 0.945660 0.138925 8.583336 3.655365 69.661047
29489430536.554317 7.048390 0.646466 2.350645 2.873541 3.134166 50.002923
1917729618.319637 10.901458 0.694849 0.145467 2.765017 3.892012 22.016658
7183642842.562103 6.265317 0.377834 0.023823 3.219488 3.756946 30.589272
892460036.748012 46.102795 0.570240 2.705914 3.005587 4.602171 25.857532
563765610.241859 22.226860 0.687831 0.014830 6.507455 3.718912 17.652914
815641131.059362 16.570924 0.329043 0.034141 17.394070 4.603997 18.389494
10096358455.429947 6.139476 0.160028 0.087829 2.624354 3.204437 34.148500
81624703189.747925 3.001236 0.896956 0.042420 1.582855 3.979459 63.156785
3426658260.101011 40.229774 0.828618 6.376413 2.389891 3.873803 38.709938
2440157201.811936 10.210357 0.834092 0.033574 3.770799 3.681371 23.504199
37135110087.143341 3.865604 0.082183 1.353352 2.726138 4.864565 49.555266
1135580244.925728 13.693514 0.280247 0.013814 1.518838 4.800175 19.537621
1352982984.621927 10.871850 0.673036 0.014088 4.024757 3.958653 19.587551
834015251.303901 32.511742 0.381463 1.765033 13.317001 3.356280 22.572711
2509801543.261890 8.618727 0.380333 0.016476 2.509465 3.791554 22.874272
20553366491.409412 17.861403 0.729856 5.088966 3.762347 4.574777 55.023502
1140376117.970135 11.495628 0.130819 0.056463 18.909294 4.005139 18.745369
54946029969.008797 11.126188 0.997327 6.491363 4.622672 3.888850 67.690160
90042539068.384598 4.488307 0.863189 0.392242 1.901042 3.397388 67.686061
7213254024.485976 8.211130 0.763675 0.083201 7.468184 4.694898 32.202580
44930473818.205025 3.521750 0.532699 0.025810 18.009499 3.297431 52.354426
295478503.369268 47.078413 0.253878 2.774102 9.309148 3.919318 18.013662
498212143.554182 32.572894 0.236256 2.522585 8.215682 3.909201 19.021911
171545094143.326294 2.894046 0.516950 0.202212 19.721840 4.296503 80.736667
2918452713.227408 11.466721 0.420316 1.009365 12.002831 3.325493 25.625390
22778273145.171738 3.644515 0.396240 0.040745 11.276203 4.872472 41.870923
245438106.747660 48.399666 0.092059 0.379463 16.268032 4.799324 17.090996
1456136622.478959 29.427050 0.582855 2.447847 9.578619 4.401412 26.348446
2181140966.419077 12.283428 0.792652 0.385946 12.320926 3.013491 23.641187
904804691.447143 15.648618 0.358737 0.139434 14.190276 4.343109 18.748306
170195289967.238617 2.559902 0.998902 0.043780 2.369881 3.680073 80.118219
2554518832.472682 9.283065 0.601850 0.136892 4.435073 4.258224 23.371907
59848939048.060799 3.647990 0.769759 0.532254 17.573159 4.207610 57.782332
3109634695.859661 9.371409 0.791206 0.020566 3.687557 4.466874 25.006087
3466906743.138174 15.679716 0.418667 5.653104 12.897322 3.280156 29.352982
164739866589.677490 1.568057 0.927860 0.013236 7.274047 3.134758 79.816034
5343974400.930476 8.458668 0.377327 1.739224 3.324351 3.954254 29.314544
2353589029.742589 18.318125 0.865733 1.384535 2.170774 3.918664 26.906279
158022583443.375000 3.000370 0.100269 0.015238 4.029165 3.410083 78.712779
415653279.377416 45.128212 0.781781 1.093553 2.267499 3.805353 19.901228
10625702416.115736 5.745600 0.814925 0.140563 2.687116 4.672467 34.365748
3855944779.463849 13.366094 0.396611 2.005851 2.669739 3.263472 29.187628
1011781714.644123 40.669268 0.362944 8.907239 12.004153 3.462690 25.868409
3691787151.166942 25.024325 0.700670 6.967479 7.610239 4.813636 34.201135
1496647518.385699 35.986800 0.744597 3.261790 3.053169 4.191122 28.329876
1891797027.391282 13.568081 0.243478 0.029293 14.756285 4.465662 23.107303
4104940806.219045 8.314157 0.590003 0.042930 3.880165 3.474631 26.753155
725059056.137471 44.380464 0.356876 4.159807 2.641672 4.940721 23.824248
3020107680.463048 29.155433 0.650369 8.240573 16.761943 4.526311 33.505693
30621487127.812466 3.705159 0.233562 1.258771 10.842090 3.454284 46.280976
14663162823.164768 4.682956 0.840959 0.015590 2.094264 4.870272 37.159309
3981497071.958657 14.264337 0.795188 1.384557 3.147311 3.655618 29.991199
4407950859.472983 7.027720 0.246009 0.191547 4.539317 4.288422 26.522777
197000975524.514252 2.385939 0.855594 1.998646 3.701748 3.412150 83.978000
5273213825.531779 15.348428 0.714517 3.408291 2.291202 3.437850 33.567645
1413387058.555341 12.240373 0.025895 2.651040 4.645687 3.747076 20.440517
29197232080.655445 3.822260 0.540403 1.821945 17.608351 3.343646 45.687063
72534051662.646774 2.958727 0.956998 0.310551 4.973017 3.364549 60.670086
17897202633.475254 4.639498 0.496293 0.016247 5.270050 4.022151 39.664625
2854011397.612792 47.442448 0.676661 8.054119 3.062526 3.046344 38.461920
47552736676.434692 6.055925 0.929169 2.923946 5.590087 4.968849 57.112132
90559909294.169861 2.653793 0.024938 0.223382 11.462349 3.552717 65.001048
257290490481.591156 1.494322 0.907477 0.034405 12.832317 4.587281 92.895688
21242801615.586945 4.848660 0.296358 0.048081 1.592721 3.940678 42.238132
12258067807.110048 4.699033 0.226770 0.160503 5.437112 4.886307 35.020614
300025401.952508 30.688888 0.629636 0.027626 4.145357 3.899570 15.766327
18079305680.503326 4.155761 0.018978 0.085066 9.871715 4.211938 39.281505
1673220520.555214 28.569578 0.936782 2.529556 2.830329 4.254866 27.347364
14257396657.524693 6.514270 0.549442 0.308788 13.582063 3.074287 38.698141
16727269756.140306 5.281891 0.938526 0.078382 7.740089 3.299310 39.472117
31756032705.439926 4.625085 0.904028 0.438396 3.448044 4.892259 48.000505
14429434319.550085 4.189728 0.001412 0.056230 14.041003 4.848240 36.470095
707886515.024691 15.383421 0.299577 0.064605 19.769436 3.831040 17.197948
4992323580.886314 8.517119 0.961917 0.827632 1.431647 3.894363 28.697342
616737626.463501 19.542706 0.652680 0.091949 14.682606 4.642136 17.531560
6600997838.949636 6.005327 0.045453 0.959812 11.084950 4.559909 29.530999
7773995808.703680 12.696141 0.539754 3.689319 3.108380 4.103292 36.405060
215167911422.420044 2.814583 0.006357 0.062482 1.674460 3.585481 86.950589
26835520721.396084 3.594018 0.061875 0.021503 14.986687 4.798754 44.167557
721947881.455311 16.122923 0.851406 0.013463 6.397938 4.804603 17.527481
8812762638.737062 15.493528 0.611720 4.571630 10.916969 4.548053 39.933794
12064487282.223560 6.001888 0.774802 0.027473 2.334870 3.156835 36.102513
278699809358.624207 1.401709 0.370753 0.252849 6.443632 3.827706 95.868967
15071539738.513515 10.144900 0.643215 7.279750 3.881368 4.589896 43.062476
8445553384.119478 6.259631 0.622179 0.885994 2.509883 3.321213 32.279784
8225220150.900023 6.728452 0.825711 0.318895 11.341497 3.233750 32.398230
1961939336.725856 17.964002 0.880832 1.643910 13.251770 4.671097 25.186411
5075695825.154923 7.370722 0.582303 0.161809 2.040512 4.484293 28.046493
1487417945.988335 14.453279 0.445860 0.071102 5.303321 4.598768 21.673222
31978092638.377026 3.210442 0.437687 0.011123 10.588381 3.719797 46.411855
4550209922.605155 45.690791 0.830119 9.669345 4.287951 4.179876 44.371356
3140644159.809457 10.427214 0.950914 0.905840 15.582127 3.521142 25.688505
3621306215.649045 8.128190 0.684458 0.064499 14.015722 3.484901 25.541803
4364471898.917440 11.068586 0.446933 2.050280 9.366644 4.061026 29.062447
1727018499.006445 41.222383 0.831039 4.231102 3.020845 4.699199 31.052302
117960896764.056808 1.991832 0.419590 0.802332 10.219652 4.711924 70.763674
662680730.884719 25.916589 0.261787 0.065179 1.502254 4.070961 19.496638
21947305714.369946 4.776376 0.003967 0.012273 8.005889 3.084222 42.615258
725554385.601088 49.582309 0.540328 4.335452 7.602664 3.116304 24.728720
296594470793.665466 5.649795 0.933819 4.117404 2.160758 3.853612 103.973739
13092051610.185917 10.832636 0.748636 4.383236 1.895232 4.848013 41.705161
648308586.386115 42.510009 0.942942 1.559617 1.336229 4.448690 22.627875
29426818988.337349 4.953054 0.282673 2.151472 3.364223 3.981631 47.220380
292246769603.934753 1.835542 0.935746 0.035324 2.897513 4.951357 95.931157
6222749851.458569 7.259199 0.757166 0.022197 5.493229 3.534043 29.931786
5509826286.801337 29.532539 0.944703 4.144511 1.381213 3.865170 41.103670
14208410379.118002 4.727438 0.504567 0.011982 5.781501 4.741077 36.815994
671198629.763649 45.244093 0.725584 2.156942 6.068945 4.778103 23.368094
8513773836.133660 19.466275 0.956634 5.805792 19.597301 3.378158 42.009635
2965168906.034369 41.786036 0.870212 6.247342 13.210990 4.550384 37.349060
43708780879.543480 3.298259 0.024960 9.831398 17.910018 4.235531 51.606808
175994037045.436096 7.015240 0.917552 3.746428 1.340954 3.450815 90.621620
3707978814.788994 8.086244 0.770052 0.072758 3.242951 4.316748 25.717403
497108833.647854 36.220496 0.776751 0.831184 3.902678 3.680721 19.660305
17531328248.291332 3.692154 0.537067 0.053860 15.963256 4.297059 38.417072
5165218422.573058 7.408325 0.869291 0.022011 1.816602 3.080156 28.237527
1187577800.127261 35.584928 0.509166 3.108947 2.997015 4.294406 26.133466
142889393757.019928 2.239760 0.030027 2.464757 2.779358 4.200906 75.394897
8537851174.374221 10.750266 0.952727 1.187607 6.006413 3.586926 36.102755
3102075094.554795 8.155097 0.065659 0.242929 12.256306 4.207521 24.273610
11301437236.740322 6.304992 0.537069 0.022846 1.508232 3.964661 35.614575
249800692572.808105 2.420208 0.876851 0.118080 8.940185 3.136329 90.919983
16798419763.431784 6.644361 0.160931 8.839664 12.755682 3.863092 41.013889
2048165225.129533 11.176591 0.530800 0.339813 3.081911 3.897335 22.635669
709612266.389802 27.282691 0.936980 0.771288 5.098165 4.958345 20.259003
16490642151.439192 4.660950 0.740022 0.056161 8.860566 3.242734 38.619724
1368943486.800341 31.699514 0.795364 2.408940 12.809523 4.871518 26.416147
23221945516.879082 6.875309 0.718205 2.137614 9.255856 4.286114 45.967039
1892367574.374805 11.458461 0.621813 0.101363 2.374810 4.612248 22.175880
56063706800.657646 2.775410 0.151552 0.253060 11.951842 3.935812 55.500245
30455589772.594116 4.376654 0.294931 1.612731 4.702858 4.726366 47.017246
863670401.468022 20.676428 0.476023 0.484085 14.319754 4.187859 19.930364
1868840755.641582 11.924791 0.135890 3.358767 3.493432 3.391681 22.294270
11474910781.911175 8.623604 0.595458 1.998015 6.486790 4.141940 37.969480
791168319.756903 18.929151 0.113125 5.676864 1.835753 3.212519 18.879613
554229962.933949 43.226187 0.974351 1.160434 15.197718 3.975837 21.594286
2815790479.035624 12.010223 0.783024 0.888888 2.198715 4.934846 25.602409
7050684637.394486 7.926010 0.424796 0.027555 1.212265 4.483688 31.734840
319050297.675570 37.229871 0.003554 0.080869 2.018079 3.331815 17.109304
20941675712.094105 3.949765 0.536465 0.022539 17.171757 3.053139 41.030842
714215242.663381 40.481237 0.635048 1.620075 4.351588 4.697430 22.998130
12164712847.508345 5.508013 0.666287 0.076937 9.288710 3.714280 35.717611
33654132277.968044 3.264536 0.828998 0.034770 8.791335 4.733325 47.264791
1439087139.402624 40.098759 0.425908 8.140126 9.715199 3.504691 28.957797
3315861296.254637 7.762373 0.888557 0.170467 19.210137 4.765418 24.578257
3252512586.234664 8.531987 0.655250 0.057877 7.229141 3.723096 24.886810
1121951703.596740 39.704186 0.480760 3.919464 1.769606 4.501729 26.566087
99690571518.865738 2.664556 0.321553 0.028446 1.643581 3.236358 67.126148
193261436572.652405 1.925515 0.790258 0.016095 4.035220 3.165072 83.473750
40503512339.093834 4.619158 0.388384 3.910969 13.068067 3.834526 52.047223
245883469690.480621 2.737596 0.193391 8.359754 4.022342 3.563167 90.792910
862101567.311042 15.761152 0.652746 0.034815 7.498113 3.614212 18.483574
194117988325.997681 3.621752 0.542476 5.773496 8.218734 3.530252 85.477248
7122226206.527401 5.375852 0.026019 0.040701 12.309597 3.753312 29.772145
274800402402.450958 6.731106 0.933138 4.819746 2.045623 3.876903 104.353798
2829014328.819063 14.841552 0.188667 9.107814 1.350364 3.246851 27.037520
1879028644.119594 10.029421 0.361638 0.036602 9.740525 4.902898 21.457568
63578972282.656624 3.523120 0.144388 0.317544 7.217140 4.447216 58.779406
6771299368.923179 6.302733 0.849036 0.012036 1.512796 3.222738 30.022550
2399250437.765541 20.615431 0.495535 5.719406 12.552425 3.559644 27.993554
733782862.422770 44.565675 0.356164 8.926314 11.800379 3.243836 23.952467
1412308965.568619 14.116769 0.230059 0.014676 13.827026 3.260584 21.173852
69004499315.060226 2.782025 0.125766 0.287628 6.417503 4.233538 59.484862
3035744869.902943 23.196090 0.885016 1.599682 3.114985 4.675819 31.329671
5800130926.199435 6.867697 0.206239 1.596691 7.712271 4.618540 28.942745
2251430102.886333 11.516409 0.478821 1.157185 8.108117 4.837462 23.526083
12971654442.297495 4.970385 0.570982 0.402031 14.556301 4.221536 35.954568
53441848234.606659 2.684538 0.017961 0.038407 6.576508 4.188523 54.545391
1419829585.557036 20.863039 0.513457 1.369181 3.838457 3.192963 23.582717
14847398528.667953 5.295539 0.663928 0.954046 12.021808 3.847649 37.948564
39742366056.113449 3.450642 0.303419 0.500592 3.230575 3.133993 50.171446
9868298504.331493 15.714036 0.920440 3.150735 3.109660 3.766865 41.623308
1163994573.941270 13.294922 0.735746 0.013930 3.643690 3.050217 19.553537
8680683044.382313 23.259616 0.739372 8.473944 3.807779 3.419108 44.504201
88223336674.881027 2.870118 0.360339 0.022684 3.466387 3.304036 64.657883
11833102694.685307 7.656498 0.613117 0.037782 3.976516 4.638652 37.459588
3358172148.908371 9.180016 0.026428 9.072772 10.951406 4.280278 25.541985
10772544092.172970 5.771855 0.481596 0.514004 13.799508 4.958695 34.548077
156624302215.460449 1.922190 0.260257 0.127418 5.238609 3.581922 77.828300
148833625140.616974 3.286407 0.664786 0.086615 2.640601 4.061584 77.619254
735220787.156443 18.904922 0.367363 0.059790 12.516258 4.519714 18.417081
23403363021.124561 3.936068 0.605070 0.014578 10.710734 3.954083 42.564235
10366993559.503519 12.568663 0.506780 4.579754 8.611064 3.575482 39.972020
1726172238.116755 19.546573 0.951185 1.508607 4.807691 4.648324 24.708097
9003701352.380131 14.420742 0.991433 3.508116 9.511739 3.426604 39.476113
5746783302.240020 43.995818 0.850069 9.654278 5.872873 4.507557 47.364267
43736319754.213570 10.850097 0.684782 8.764974 4.386688 4.088276 62.368118
5649320902.287848 5.769031 0.045043 0.099480 4.461134 3.562919 27.857987
338707656.357947 27.998485 0.064829 0.391727 11.322331 4.927899 15.958222
7132391594.432056 8.883179 0.304642 2.831964 3.389864 4.891867 32.604530
54814247363.511551 9.677807 0.987407 5.001324 4.658218 3.877970 65.535542
385689461.269071 49.510118 0.805816 0.830605 1.777241 3.581616 20.022171
1231416289.280630 16.221203 0.293599 0.015089 1.426957 4.931543 20.976031
26139901943.761604 4.566081 0.876201 0.034967 1.566111 4.192681 44.912953
2139282921.090299 46.749035 0.807864 3.533667 1.061402 3.712438 34.766735
4833054355.631516 7.728572 0.986071 0.031556 7.892039 4.208830 27.843552
23528411180.553627 10.503751 0.872711 5.019503 13.393627 3.016120 50.348296
25834220106.664459 5.711545 0.595405 2.210553 7.038296 4.897768 46.167294
28273775342.041504 3.980342 0.921227 0.120386 2.671916 3.582581 45.385159
198402649758.444977 2.079253 0.676439 0.012639 11.493375 4.705431 84.114446
1653261299.012663 10.651208 0.777709 0.010190 3.011845 4.146446 20.842474
40770916623.492195 4.165284 0.149282 0.014773 1.818785 3.341551 51.525364
2800327872.735363 18.083427 0.349579 7.713157 6.606729 4.093857 28.409694
6978057075.317122 7.134783 0.390005 0.025146 1.613491 4.504983 30.997284
1139621894.145585 13.649300 0.020086 0.027740 8.901840 3.941527 19.544806
2373975895.252981 20.439333 0.718577 2.859138 5.607592 3.793730 27.826761
18863190754.399151 4.830898 0.170939 0.767647 13.040567 3.709373 40.578288
1195972610.227523 15.182207 0.776590 0.246102 7.646188 3.853462 20.412544
91683226074.161728 2.872812 0.455162 1.079473 11.710932 3.627413 65.495410
419558058.141834 26.395457 0.265391 0.537003 9.028617 4.338248 16.834002
30414124103.056480 3.405080 0.104189 0.042525 7.545028 3.165992 45.842441
56736580264.273468 2.896463 0.509844 0.448233 10.857907 3.950054 55.836467
23697107163.210232 5.907317 0.245812 3.882968 9.810551 3.785723 45.097411
18784813115.567940 8.789302 0.731953 5.292173 8.874902 4.569551 44.926553
254100694.398100 45.600740 0.935057 0.129866 2.315323 3.133137 16.948932
2390543149.246830 22.674479 0.381753 6.629708 11.766534 3.307442 28.739081
40040043726.436852 3.308518 0.983072 0.023785 8.258303 3.836381 50.132062
66397405203.444313 2.790453 0.464908 0.260296 5.066736 3.382557 58.734131
20958180499.613369 3.160040 0.549004 0.135508 9.092025 3.453481 40.271227
1555628993.901737 20.275548 0.968371 1.507177 4.959806 4.726125 24.114508
1137814501.422345 14.059060 0.128963 0.011324 1.262151 4.541596 19.681577
852084193.307419 23.816384 0.802847 0.831913 4.910361 4.402032 20.673056
153558669292.830475 1.859072 0.174981 0.295361 4.199817 4.521322 77.381791
10105244329.594521 7.076904 0.463800 1.063599 6.327926 3.643796 35.016833
50679082488.513733 3.796178 0.711218 0.039197 2.352339 4.206379 54.869838
213072250928.823914 2.181754 0.426478 2.678967 10.747780 3.731733 86.126816
158702467444.851807 3.100657 0.262909 5.750202 3.873701 3.379995 78.983209
2692350075.126333 15.872364 0.741505 2.047129 14.308782 4.515234 27.067787
12840992420.243170 5.763134 0.341714 0.024977 1.389263 4.110309 36.622442
11812304695.983444 8.902964 0.449523 2.531056 1.621149 3.906495 38.593480
86726235887.570297 3.967579 0.648689 1.620193 4.512987 3.773596 65.921162
4280284156.053400 8.170619 0.087157 0.898198 8.410226 3.603385 27.033769
6039068439.309905 5.905369 0.628039 0.052652 5.573852 4.898847 28.590394
278243982862.874573 1.602063 0.012647 0.012660 2.628388 3.914711 94.933751
2603786400.053544 9.267348 0.391450 0.025233 12.294851 3.401436 23.512656
3056287840.692250 20.327565 0.550183 4.081641 14.712537 3.010935 30.224389
850412179.471077 19.901513 0.329358 0.067009 1.644148 4.369232 19.613720
94375833475.309830 3.025186 0.819750 0.053228 1.153111 3.771778 66.318670
5711749232.852505 16.263455 0.540959 6.938955 6.075494 4.783872 35.006326
52486697654.149963 2.795608 0.289902 1.656930 4.127492 3.177749 54.311682
7902480469.577843 6.155229 0.845507 0.092390 7.743861 4.650534 31.483936
7643571540.430044 5.998403 0.981638 0.010334 9.673397 4.313805 31.004560
5559011912.194019 6.612475 0.381960 0.088263 5.877365 3.943527 28.344856
64099798936.186882 5.358011 0.699861 2.644379 6.237225 3.424770 61.898102
56342613078.855843 6.156040 0.553639 8.314713 9.769735 4.758098 60.597730
80795265077.266708 3.056047 0.425545 0.660277 12.378447 3.887096 63.010049
11244256136.064381 4.897986 0.574895 0.281768 5.535398 3.202176 34.213721
72587526268.752167 4.266112 0.305479 8.748123 3.779057 4.306865 62.617462
7027985348.251056 6.101714 0.632449 0.023879 6.184152 3.317308 30.233215
75246398547.486588 2.769108 0.213506 1.497363 7.749632 3.577490 61.214222
1814795745.464436 33.328276 0.477818 7.633471 1.959955 4.746920 29.480467
2098010612.701845 29.237314 0.701979 5.127862 17.530379 4.199482 29.699976
5742838612.502934 6.092721 0.633735 0.050670 5.880936 4.969195 28.258174
88734603482.532471 2.082705 0.440026 0.094981 8.571486 4.224545 64.325128
21742191429.663052 4.783007 0.334588 0.062808 1.465425 4.299307 42.489822
5425230654.508907 6.912914 0.662721 0.033414 10.030555 3.878241 28.338715
20074052293.222702 8.729386 0.506420 4.246156 3.526902 4.644588 45.866307
12924979597.169798 5.091233 0.879367 0.032587 2.199838 3.716448 36.031138
332326460.063277 37.192722 0.726485 0.424416 5.937851 4.151145 17.337820
8579172980.247607 5.415979 0.897182 0.109369 7.515652 3.058511 31.712645
18502927785.732224 4.212387 0.609239 0.014608 5.321418 4.325306 39.645756
12213544798.493490 8.090417 0.885931 1.881105 3.831208 4.256250 38.268366
3655511540.440392 20.572994 0.569655 7.156134 7.878712 3.340643 32.192907
1261853597.767046 12.628553 0.717802 0.026767 1.785829 4.417929 19.832651
31232019364.486542 4.736322 0.650185 0.094356 6.847135 3.779349 47.880709
134695455663.552597 2.857360 0.087331 0.031987 1.894751 3.982153 74.435678
5769016217.029943 6.953459 0.138327 0.253278 19.299835 4.169634 28.955718
271436682824.278900 1.777418 0.297228 0.521542 2.626233 3.023568 93.699144
154403392787.488495 2.426179 0.827832 0.447203 10.802631 3.895789 77.452576
38387752386.662254 6.363571 0.958160 2.771308 2.692061 4.629803 53.620240
2096412524.372311 10.052942 0.800192 0.179269 11.421367 4.986233 22.266656
486604699.638595 42.249425 0.712508 1.475906 5.365791 4.640938 20.522472
2175307063.384080 30.745638 0.547558 5.639782 13.019706 3.732155 30.532898
223861944716.945801 2.410583 0.651831 0.148696 1.274378 3.229631 87.650309
147243880841.604980 2.391999 0.535935 0.010071 18.540585 4.047231 76.215232
17501796018.494061 4.554146 0.044394 0.010939 6.766976 3.427740 39.278637
1323473530.299598 13.772411 0.862901 0.282736 2.666597 3.824566 20.590573
1317752026.692502 19.503527 0.232762 6.302607 13.633814 4.162439 22.567650
11782056848.475294 4.935060 0.680002 0.084915 2.793575 3.020625 34.786195
1037048682.750556 38.769062 0.403763 5.205872 10.871847 3.416723 25.678524
22289659611.205437 4.040870 0.490521 0.083529 7.448928 3.063432 41.992888
13123778120.645885 6.052121 0.100844 0.662791 18.027881 3.738588 37.180179
15585113530.330267 4.297476 0.037277 0.022419 19.998478 4.765742 37.527022
264193845795.126587 1.948491 0.273564 0.281365 4.147162 3.390340 92.619777
1514209872.660418 11.424405 0.613942 0.012502 4.785005 3.899894 20.573241
4364446953.256250 10.342169 0.658673 0.015083 5.771073 3.512596 28.613483
1158989123.971606 13.924329 0.797506 0.010211 11.537285 3.082299 19.754442
1265724025.141935 13.259358 0.535996 0.110617 3.756859 4.567301 20.093890
2776310106.692470 11.129166 0.134452 0.013569 1.784217 4.539568 25.026294
29070005957.416218 3.796401 0.210472 0.019523 15.012994 4.811325 45.590560
31328277082.433453 9.261131 0.478329 7.214467 2.643521 4.627726 53.870326
7573099681.176535 5.988799 0.930732 0.162499 7.680365 3.481937 30.900935
12682847624.809977 4.445220 0.995365 0.180159 5.976825 4.750513 35.176056
9547065496.059219 28.179127 0.877489 8.158863 2.529544 4.178962 48.661761
3334107586.026748 48.683908 0.876399 9.190749 15.183897 4.652984 40.860199
2113941060.608074 12.104138 0.281755 0.601432 3.088792 4.763432 23.312749
5628543496.603075 14.867137 0.963637 3.199934 17.609646 4.811150 34.021079
2595827838.638183 12.281362 0.329208 1.943692 12.764583 4.323476 25.052377
2636687878.260216 37.895966 0.561929 7.843866 3.592482 4.598909 34.789809
1309604976.482757 35.563099 0.460409 9.229027 8.964870 3.301320 26.994244
138996680079.448517 2.116316 0.736075 0.185957 4.312451 4.330341 74.698719
32016374967.703640 3.897525 0.841078 0.012812 2.128561 3.704116 47.203706
1138458778.954855 35.513314 0.659230 3.298396 9.275089 4.258921 25.751482
9029172343.160168 26.529901 0.825751 8.114382 15.094745 4.281065 46.896438
10958305086.505228 10.419818 0.748485 3.776780 2.415361 4.227676 38.956255
2555321820.203145 8.459187 0.251858 0.159553 9.090952 4.351934 22.923574
1909793308.278996 10.984055 0.048334 0.035299 8.189236 3.634353 22.024710
106229222797.006500 2.775844 0.713135 0.822868 19.368438 4.150912 68.678163
34207349772.799145 4.122138 0.927819 0.126941 1.264853 3.666587 48.541472
4706755321.825414 47.494796 0.743060 9.702537 1.534917 3.020081 45.458305
4038834642.996375 10.154495 0.471719 0.776784 12.542567 3.938164 27.768799
11252474049.780664 17.110415 0.945200 4.639488 9.709842 4.598646 44.488060
23118984775.520199 5.041656 0.329223 0.509941 2.949935 4.337135 43.678170
32256590819.909439 4.142501 0.131011 0.213778 9.607094 4.380744 47.626351
578395350.646807 38.861970 0.346625 2.235102 18.949794 4.010814 21.153524
4668089048.736137 8.501471 0.324905 0.010341 4.833171 3.531457 28.051540
157722280994.856384 2.877207 0.954406 0.294402 2.132341 3.513177 78.483603
512112189.608354 22.452530 0.696148 0.011617 11.675723 3.501486 17.146775
153651120463.151581 2.100385 0.621019 0.011740 5.588817 3.102926 77.239410
6996816457.512886 21.372712 0.949584 6.188325 8.589481 4.333224 40.410286
7941793985.815729 6.627700 0.933395 0.033139 2.340042 3.578676 31.936669
6393557840.651588 7.072985 0.037671 2.659473 2.244067 3.370230 30.058316
206414174666.572327 1.908741 0.302417 0.075296 5.531827 4.687851 85.342708
2745675834.712003 14.018586 0.776884 0.924640 2.384406 4.690553 26.379513
14169228193.589323 4.846065 0.414012 0.806362 8.819579 3.095984 36.902164
1777184939.118392 36.552195 0.899844 2.392056 1.139736 3.108761 30.150100
16271444061.720324 10.956399 0.613155 3.056901 1.798146 3.142653 44.957583
6120400568.718055 6.298755 0.898540 0.139784 9.049835 3.248794 29.024886
1619045797.926428 12.283357 0.853172 0.027807 3.368455 3.691630 21.405587
12596365447.712452 8.703658 0.528067 3.856798 8.345977 4.588853 39.243183
353491722.620024 29.641843 0.876642 0.129646 1.333035 3.154955 16.473680
146417576375.394440 1.635516 0.091897 0.188631 5.937866 3.400757 76.557460
73340297413.377594 8.935431 0.570868 8.938344 4.899144 4.565947 70.987577
70615705319.445496 3.791241 0.450583 2.469443 17.248335 4.371566 61.277830
19338289382.045971 6.361418 0.970671 0.019338 1.207311 4.680604 42.662424
5658174206.535903 9.430870 0.381945 0.012313 1.304301 4.061728 30.569939
7559811747.809975 18.752667 0.783146 4.520563 2.665013 4.865623 39.958237
10697578283.074238 6.330614 0.602153 1.000306 9.803269 4.435012 34.992628
422848648.095982 26.237064 0.863731 0.043417 7.310803 4.566047 16.847243
33198143951.328697 4.949310 0.352857 0.891505 10.127704 4.466412 49.152038
2178240940.818257 41.446163 0.751112 5.827306 17.501118 4.193539 33.609936
13085811012.728012 5.451265 0.132935 0.830982 8.769192 3.987483 36.540287
16258288644.781199 4.544943 0.777778 0.024175 18.941017 4.414777 38.315822
10013583607.752205 5.661224 0.840277 0.485337 2.357847 4.349293 33.615142
85070506757.849686 2.309571 0.803958 0.087320 4.922940 3.708165 63.444091
10609745918.525509 19.244008 0.776642 6.359056 1.469747 3.978521 45.061890
4228851804.181035 15.432338 0.487892 7.479919 19.407975 4.070313 31.231433
3490458734.017320 14.322703 0.872661 2.646005 6.335563 4.037518 28.733854
1969572866.931126 21.021005 0.318323 5.023881 17.769973 3.236549 26.357925
2083587013.392183 25.874599 0.690297 4.281302 7.490541 4.623126 28.548515
18254850128.257748 7.015630 0.279695 5.635799 3.858800 4.013539 42.579086
1018385633.860250 35.165008 0.469743 5.406498 9.196272 4.371432 24.734288
2960062208.226691 9.290978 0.599274 0.258427 9.329597 3.983152 24.552976
154352604933.635071 2.464245 0.811087 0.054777 5.442363 3.432011 77.470960
123671768532.807068 2.760723 0.613178 0.025150 1.901634 3.473519 72.230846
14450193851.813189 4.318639 0.853734 0.166029 4.694474 3.766006 36.613907
280183299970.523621 1.796788 0.659806 0.032695 2.530988 3.648103 94.658398
1540391207.161978 17.738724 0.510621 2.274724 7.572105 3.583279 23.154896
245882677202.531342 2.516233 0.620250 2.373386 3.395846 4.491394 90.526392
262921067370.505768 3.335444 0.246545 4.700026 3.500267 3.435272 93.934103
13955426163.536144 11.252265 0.598934 7.276501 8.734239 3.615533 42.980532
4077781182.681009 8.447742 0.076599 0.788883 6.097002 4.939489 26.780682
19800146081.406410 4.166971 0.915333 0.028553 6.665112 4.788071 40.502319
2586337438.255537 39.869004 0.719037 8.190292 2.956433 4.164276 35.141282
10445375530.142912 18.291408 0.566918 9.139386 10.104981 4.900183 44.198696
766697766.882485 39.777783 0.744754 1.694919 1.397635 3.712780 23.413860
706577085.671913 18.180586 0.608321 0.019325 4.882095 3.491382 17.978719
2508549906.931906 9.883169 0.825783 0.116231 4.492232 4.571354 23.550171
55297179670.342171 4.213399 0.138419 2.845594 1.364562 4.378805 57.107869
2648045574.610526 19.785783 0.986792 1.680558 1.948996 4.200105 28.594075
17759135965.164951 19.634982 0.842031 7.534908 15.111635 3.669379 53.806818
142695281833.891571 2.042701 0.177376 0.873775 4.285349 4.172736 75.374850
7434590751.377496 6.131919 0.812202 0.061827 7.205016 4.652791 30.830498
1907552862.444392 10.533138 0.418182 0.011024 19.215808 4.265276 21.804977
45287659116.677269 3.928032 0.007289 0.049956 2.144347 3.535021 53.029983
39946539425.990944 3.528271 0.282245 0.592176 3.153585 3.132493 50.350159
41544821156.047791 3.965443 0.756674 0.018369 7.457500 3.904024 51.577008
245278202.949200 48.423877 0.228423 2.177746 4.472261 3.481433 17.090152
2812885602.971385 11.283858 0.794920 0.883658 2.014181 3.022512 25.217011
212127796521.337250 6.574643 0.934888 3.552370 1.226635 3.422130 95.332028
34638216163.601135 14.323824 0.610643 8.613619 3.368661 4.069708 61.748574
11868758709.128330 6.225488 0.287335 2.299311 4.495262 4.128592 36.123614
5576375387.674282 6.756340 0.781431 0.302537 2.210292 4.594971 28.482297
15325314549.446920 6.150984 0.735584 0.072496 8.511644 4.739579 39.257378
13853842521.463911 4.957318 0.704718 0.145175 3.051621 3.419733 36.738614
504391085.406718 42.804372 0.584036 1.532113 14.214023 4.954007 20.858979
20664460627.543434 4.210163 0.141452 0.109660 7.019651 3.780801 41.130636
101839128964.162857 2.373522 0.423614 0.496449 7.905247 4.641195 67.391971
637729821.788267 38.334846 0.759610 1.448935 18.213042 4.599244 21.756875
5765053907.820194 5.909965 0.710071 0.062872 5.507351 4.814373 28.154785
13288000128.605061 4.640027 0.957043 0.082381 14.193025 4.321308 35.917088
18618664610.787304 4.616357 0.568809 0.116348 7.561071 3.316031 40.165168
894893962.418510 16.747197 0.524240 0.038597 12.750560 3.781402 19.020896
255610370968.655426 1.861065 0.108574 0.723083 2.287988 4.441140 91.705159
11328158307.465097 9.382148 0.403804 6.845039 12.281568 3.290897 38.486019
3567080842.627090 9.138797 0.107078 2.349142 5.141263 4.197714 26.036027
2061828217.244925 13.318737 0.759275 1.262763 8.603635 4.964477 23.669379
26377008514.156364 4.155999 0.890682 0.203507 2.797128 4.141807 44.552506
9104029867.790384 9.633722 0.675425 1.425329 10.414697 4.579552 35.987898
7570668153.140537 21.344479 0.751983 7.790831 2.710853 3.700973 41.470365
5926116579.486527 7.499131 0.341198 0.390667 5.030572 4.003651 29.629510
1666270295.512212 29.019765 0.802499 2.365211 2.716249 3.670396 27.441121
4841030425.573197 17.592322 0.700940 4.764644 3.133680 4.111710 33.839674
8196821585.940034 5.126698 0.979255 0.022290 7.141977 3.159692 30.986620
880318026.431687 18.854733 0.595532 0.653723 8.623661 4.113839 19.542166
25527138610.763641 4.423892 0.125255 0.049077 7.588972 3.167039 44.387192
964334838.926822 25.119370 0.578102 1.478158 7.745450 3.596142 21.887509
176133473385.265228 1.974139 0.194216 0.404209 3.849938 4.451643 80.892309
2999374209.300943 39.436729 0.693639 7.766921 2.909327 3.205374 36.789504
6937470832.138518 14.676159 0.952342 4.236709 12.255983 4.634280 36.354732
143395243723.615387 1.673992 0.641739 0.269204 11.767281 3.745112 75.938200
28673396503.500927 3.361567 0.986936 0.245169 7.597170 3.334275 44.905532
1469006974.406386 14.268737 0.108863 0.017530 5.958727 3.605516 21.512323
2716506471.465337 9.485406 0.038340 5.882221 2.544056 3.516066 23.967079
141087877097.943970 3.745438 0.347999 8.807090 3.192975 3.614665 77.089669
3272031595.339539 8.396676 0.979386 0.012472 2.419566 4.601446 24.855122
282989285.755947 39.767334 0.024684 0.090745 1.703769 3.332487 16.793882
580439240.776875 42.771767 0.728345 1.794302 5.389054 4.595316 21.853135
24028271157.265652 7.285627 0.938458 2.170199 2.531200 4.812322 46.990222
4415358017.104109 8.301304 0.993459 0.171179 9.424684 3.577912 27.402618
93743167191.184662 2.697629 0.781885 0.126154 1.576425 4.284261 65.795124
1132875161.118663 14.981513 0.373679 0.053029 10.958013 4.356409 19.977560
1727200867.669346 12.173311 0.202704 0.030197 12.625049 3.716540 21.824354
161182858780.063202 2.243510 0.107012 1.833334 5.275647 3.866366 78.484943
33745194597.069012 4.465933 0.107212 0.011304 5.904331 3.949794 48.770419
12586360228.387445 6.464535 0.504572 2.337705 7.547489 3.758386 37.073921
604207131.662034 46.660427 0.835221 1.721197 2.545664 3.578701 22.796139
55613255504.786835 3.302537 0.037691 0.016897 1.901055 4.217706 55.926611
705630099.441452 18.117972 0.038790 0.069100 2.080888 4.079849 17.953584
223613883642.412231 3.543055 0.289253 5.331976 6.331297 3.041615 89.432507
34908260837.631790 3.613586 0.918360 0.028606 3.527062 4.119122 48.237437
2337736729.987113 20.280172 0.503604 4.955215 4.403654 3.721963 27.622930
3506627765.223257 10.311754 0.818679 0.019528 12.196186 3.612735 26.582885
4472481154.498629 18.979552 0.568355 7.662665 5.410435 4.167643 33.657002
4892625907.583151 7.705945 0.794046 0.038503 19.002258 3.587823 27.941597
25507873351.002491 13.000666 0.774179 9.412433 5.119552 4.265866 54.414297
125469539327.923706 3.799340 0.173052 4.616376 4.872893 3.430029 74.234385
86633759479.819458 1.896456 0.617459 0.018456 7.736259 4.457317 63.907094
6595724535.019506 11.033263 0.658267 2.944257 8.225251 3.479195 33.326238
17179114500.327450 16.621229 0.978353 6.044960 1.773520 3.479949 50.826589
10925074895.259275 7.417145 0.579565 1.570365 9.819755 3.058073 36.255143
64444000598.593719 2.686218 0.108285 0.273003 11.392320 3.975574 58.058921
224050039464.525330 2.034962 0.182616 0.683112 3.264768 4.238454 87.610512
9731544247.425791 5.568523 0.134750 0.072086 8.331644 3.828886 33.212113
9571177945.932384 5.639060 0.341053 0.015892 14.295993 4.755858 33.092545
4012660785.370871 7.590800 0.500741 0.031597 3.304567 3.117447 26.078789
5316406325.472209 6.943517 0.392664 0.039262 3.887625 3.629749 28.170453
33669702843.925556 3.015155 0.295115 0.053109 12.015163 4.944881 47.026575
72535081697.878784 6.378013 0.688527 4.717130 2.614578 4.515938 66.315486
4804539425.039002 6.429464 0.689942 0.068952 13.193786 4.841807 26.868678
11133170365.514404 10.591360 0.359180 8.443720 6.182506 3.504603 39.308122
11236157983.371296 18.717989 0.795536 6.109743 1.560744 4.033292 45.577607
15478081524.544918 4.325321 0.466460 0.059834 1.840535 4.113052 37.468998
16710513751.694172 4.852224 0.535336 0.040841 8.152622 4.432967 38.994791
8796801293.692009 9.925224 0.488222 4.592768 5.774251 4.140630 35.812648
20312312163.326015 4.857530 0.468785 1.089557 11.607812 3.111138 41.622340
15106786449.055147 4.972995 0.391802 0.091893 4.101656 4.095295 37.830685
4357646847.965299 8.396367 0.869595 0.274681 14.097084 4.152799 27.345813
16118360774.590965 14.813840 0.582734 7.260446 4.761002 3.159049 48.267124
245860122.977162 48.954960 0.021225 0.175515 1.050777 3.411067 17.166442
26027730455.561970 4.411848 0.336570 0.114071 7.310406 3.528153 44.660884
40393856558.964569 4.191562 0.883649 0.062454 1.703786 3.797084 51.402016
32046747483.697620 4.044720 0.180222 0.018908 6.052910 4.016861 47.400168
780375792.774143 16.704722 0.295327 0.155820 17.702366 3.723555 18.159803
36962333326.270744 9.411411 0.705325 4.219925 5.462161 4.086397 57.120896
1794992931.249692 9.745213 0.057658 0.046976 10.216305 4.020818 20.998809
2522235659.346527 24.626844 0.550670 6.476073 5.232482 4.472981 29.978942
25591869845.270771 5.560562 0.925498 0.030100 3.439624 3.092137 45.832668
7359809457.633761 9.438410 0.203532 3.602426 11.567733 3.399964 33.375907
8527233602.987467 6.382576 0.681129 0.110010 3.173218 3.922803 32.490367
4363461710.020557 14.641771 0.635954 3.443888 7.712591 4.755825 31.129646
3392128624.993576 10.360312 0.164394 0.580891 9.513520 3.694679 26.318256
63655599244.452530 3.083098 0.125535 0.040589 1.852312 4.107672 58.227770
417147405.909074 32.027337 0.117320 0.744781 12.121642 4.355616 17.833603
1232256759.546664 44.959726 0.552680 6.245224 8.807389 3.344915 28.553779
37808134262.277962 3.878015 0.008078 0.018203 3.662000 3.348309 49.868768
299013169241.096985 2.669914 0.628631 1.096463 1.215831 4.470128 96.813671
5208042781.590732 6.730095 0.502894 0.041697 3.680263 3.254599 27.821620
4104149399.690193 6.978506 0.035016 0.950449 12.827587 3.438647 25.865745
36539349377.092674 2.930327 0.224419 0.111003 18.384091 4.969012 48.248593
33603342111.137779 4.045409 0.665806 0.347033 6.642767 3.632023 48.156390
251779438168.961761 2.293779 0.939405 0.087009 10.351802 3.049957 91.083071
9233657661.820524 7.558722 0.327783 0.038246 8.890726 3.148081 34.401867
89565013132.010498 3.288147 0.442276 1.160248 15.801030 3.501835 65.533811
880671179.617910 46.266114 0.796606 2.536795 4.903103 4.799673 25.773541
104491905653.001816 11.591019 0.857848 8.166133 2.179424 3.961026 84.675036
82048058628.556808 3.589569 0.437241 1.697171 14.135850 3.589408 64.097678
2113492437.610399 36.763640 0.741611 3.262762 2.852413 3.883258 32.002478
1725075456.430269 38.215111 0.845669 2.166424 1.026902 3.634290 30.284027
268848411429.411346 3.847176 0.597996 4.916777 3.192452 4.449347 95.820549
1848389009.611077 11.057606 0.392712 0.016208 19.734439 4.295605 21.819885
187256197667.471100 1.768681 0.064163 0.652284 12.157359 3.170061 82.807744
19791993156.744328 4.247437 0.450436 0.023225 3.762483 3.879905 40.583900
125108278332.057434 2.396719 0.663244 1.378246 12.219121 4.542129 72.189478
11638667798.283934 11.309456 0.471482 8.324006 4.977967 4.006644 40.504970
14498231160.736538 4.554457 0.343411 0.032146 6.936023 3.391075 36.889624
6292022471.121457 7.044567 0.686215 0.059598 5.248858 4.033053 29.876307
67841301905.541344 3.264544 0.449977 0.016209 8.433237 3.845381 59.706701
3016289654.651205 23.428906 0.541282 4.785460 12.285212 3.446728 31.354540
764975132.060926 25.310903 0.958191 0.833171 6.701817 4.996527 20.307514
66726575555.308479 3.090749 0.135954 0.247949 5.893362 4.583443 59.158685
9662916304.055599 5.999442 0.892930 0.203056 16.080115 4.156614 33.525487
834244255.016228 42.807818 0.501716 5.346684 13.463461 4.841119 24.668714
1655891682.758076 21.304383 0.527911 1.609344 9.082162 4.347291 24.972884
36954579125.507698 3.825326 0.187468 0.719109 3.970865 3.696309 49.423797
30088554764.786823 5.094800 0.436236 3.724532 19.263929 3.656134 47.757820
1903216677.173366 35.590350 0.670494 5.726986 6.989093 4.266352 30.583950
47550826752.364204 3.827937 0.363504 0.010275 1.752856 4.127765 53.760300
192380330451.392670 1.787548 0.267712 0.696490 4.424869 3.448030 83.523855
264255510562.700195 1.764655 0.994483 0.020397 2.767852 3.595113 92.890433
41937257944.921730 3.648175 0.881493 0.230851 5.504298 3.435449 51.322945
2265512164.195490 12.508724 0.096887 8.211232 4.915106 3.966074 24.048394
10324583566.234053 6.616855 0.028712 0.053757 2.142646 3.973234 34.845732
97219832306.045425 8.263465 0.759832 6.432307 3.235384 3.943826 76.733951
2381640515.534562 16.982751 0.722735 2.076194 15.229930 4.724046 26.458873
6976493925.875973 21.915499 0.672852 9.164726 6.342943 4.261372 40.664693
173475667749.219971 2.103362 0.717021 0.056235 14.609995 3.837356 80.427271
140336184803.540558 2.112481 0.898374 0.137294 8.088168 3.581214 74.938473
316182893.940325 49.814925 0.262252 2.237545 9.724195 3.911392 18.777708
1166148565.478452 35.955402 0.856655 2.101540 1.716427 4.477919 26.061613
2880697104.934336 11.693109 0.759870 1.310348 4.560040 3.647320 25.632955
213835593891.139038 1.655758 0.981484 0.101071 12.680176 4.276726 86.804507
48121488289.418617 7.695276 0.662095 7.108500 12.579182 3.091121 59.850403
416228882.480278 25.221830 0.017905 0.873299 11.914492 4.359021 16.561258
5378753012.165357 8.071490 0.597100 0.052266 11.130081 3.305404 29.101626
4053308220.348635 47.527259 0.891050 9.171299 15.729963 4.824989 43.258877
12219921404.422062 5.253079 0.414634 0.175221 6.971776 4.946254 35.521696
290335981511.775696 1.622603 0.798349 0.112299 3.363796 4.385736 96.221783
12378652693.820024 6.040247 0.594732 0.051784 4.724790 4.490855 36.451055
13143140727.591953 18.274715 0.788133 8.707913 7.598180 3.200587 47.704373
125486248347.339294 4.107917 0.845204 1.223509 7.391453 3.256350 74.835596
9700723754.785646 5.664133 0.554344 0.027293 2.577238 4.768238 33.263994
7465786456.432883 7.194624 0.665949 0.026989 17.062495 4.516623 31.752290
17422299284.961353 5.541316 0.880445 0.098145 5.326734 4.116515 40.297715
165061575785.288086 2.009616 0.789036 0.135933 3.350948 4.346035 79.139035
1969446594.294184 28.524658 0.536845 7.097797 6.783700 3.351041 28.860417
44335173832.081322 3.063627 0.344287 0.780800 10.685599 4.622435 51.593695
24639066970.524231 4.056326 0.168171 0.075472 10.659182 4.546257 43.436948
27042232420.717716 4.413693 0.625375 0.597099 4.243456 4.158494 45.236025
223409862150.720184 2.177955 0.034540 1.753011 4.708051 3.558081 87.497525
129038650131.756226 8.437311 0.720110 6.291419 1.491755 3.830947 84.685823
9537396062.090807 8.334496 0.803412 2.153029 10.216073 4.350156 35.451200
5816547442.012014 8.264356 0.210921 8.434666 6.337788 3.339501 30.012383
10536506934.704433 6.146688 0.624085 0.764191 9.294424 4.505145 34.644429
185594856960.665192 1.683085 0.149793 0.113165 4.130731 4.199612 82.735556
17793014249.093590 4.889914 0.623586 0.086709 3.241527 4.831067 39.860564
2836117292.848275 8.879988 0.760279 0.038514 4.101907 4.794001 23.974058
36824094391.911232 3.258267 0.000893 1.248540 6.985228 4.865893 48.697747
1791853488.706010 28.546287 0.583251 4.172598 12.509812 3.461625 27.971974
93042172190.999420 3.013031 0.106596 7.105622 3.405144 3.706460 65.989102
2128771129.300791 35.907295 0.549220 8.797862 8.237426 4.681169 31.837575
10886315238.724157 4.549876 0.985907 0.074001 12.785684 4.359931 33.525242
119408814675.303528 2.227062 0.982019 0.121780 6.563804 3.011026 71.013269
25194666406.184547 4.948375 0.195002 0.551992 5.552317 4.427564 44.832741
105875073910.744461 5.473961 0.578657 2.994760 1.447443 3.564055 73.401857
2802727926.032518 15.775974 0.625187 2.443484 5.590700 3.411071 27.388495
1602164005.352205 12.016593 0.749474 0.012365 3.561647 3.275614 21.218033
11554080693.818398 4.886861 0.898572 0.015092 2.840174 4.246220 34.514553
89828480902.022797 3.018207 0.955044 0.671002 6.990036 3.688011 65.227014
13883401581.384062 5.594065 0.089348 4.937193 2.980526 4.634549 37.414379
13810311585.811304 8.447791 0.347760 8.056103 4.077523 4.087777 40.217524
13129595712.255953 4.009846 0.705902 0.016640 8.311761 4.006930 35.172626
685372713.179047 39.905399 0.420934 4.823425 14.937188 4.694549 22.578444
7334427929.067518 5.408751 0.016884 1.436872 8.074007 3.156046 30.092144
880639271.239281 14.412292 0.711309 0.011847 6.008424 4.839252 18.185612
4950004478.985826 8.427196 0.428101 0.010515 15.351269 4.127045 28.553960
88214336527.169052 3.630612 0.141402 0.075617 1.301502 4.289123 65.730918
501620978.991833 29.996899 0.021218 9.655157 9.153231 4.761214 18.580524
1621651353.485252 11.723977 0.062277 0.055618 2.209645 3.876568 21.178312
27396652629.620857 4.217164 0.516477 0.175202 4.124896 4.644657 45.192999
2337587776.345505 18.063296 0.587027 2.658150 7.762521 4.786181 26.741530
22714283998.666172 4.681650 0.860297 0.042770 10.553267 3.245699 42.994135
1193640246.277076 11.924332 0.818117 0.031790 18.720502 4.110524 19.199488
77552172310.540176 2.070817 0.820488 0.054137 8.996143 4.052538 61.503460
2774531346.389348 20.960172 0.366497 6.860517 1.476593 4.083586 29.522707
8284812980.582542 7.185801 0.644398 0.090013 8.335634 4.144238 32.865881
1613070442.939578 10.968603 0.662022 0.018280 4.873822 4.867723 20.812492
4308360508.308654 19.008323 0.667866 5.897789 9.449689 4.393649 33.254243
172881483037.258331 1.682240 0.955999 0.096580 8.025993 4.160350 80.803463
23287437874.172897 6.296264 0.621400 2.485592 14.316260 3.156910 45.309451
6058407478.439102 5.784014 0.789358 0.082705 7.544249 4.905078 28.526467
161226098111.796936 5.529720 0.809238 6.944468 2.702623 4.123136 84.576991
272923955357.682861 1.470593 0.829272 0.069665 6.863572 3.782017 94.848613
2677929669.308438 8.447594 0.241748 0.124774 4.769272 3.151974 23.277973
30946864915.814102 3.348659 0.137012 0.013183 11.759128 4.714722 46.048724
3349462384.575274 8.107601 0.508156 0.026874 4.721058 4.435109 24.873382
4202314713.302539 24.790801 0.671421 7.201771 7.977182 4.816961 35.610319
2734776337.263671 32.316512 0.964256 3.212064 18.194279 4.740369 33.471605
1442825150.800415 14.145864 0.410700 0.294682 9.387383 3.767056 21.336486
68370983055.326866 3.906500 0.891550 0.714295 1.628162 3.622100 60.800902
1904800306.460292 11.665045 0.317234 0.021991 19.804068 3.970373 22.318637
16850003462.021608 4.364944 0.612937 0.016735 6.570957 4.210541 38.586086
62022423197.001740 3.203259 0.322748 0.041278 10.503396 4.832625 57.870914
7051972646.648654 14.059906 0.897170 3.592086 18.327475 4.505496 36.153162
708011542.373263 43.999595 0.279913 7.472866 18.166413 3.106540 23.568666
308661978.721082 30.551355 0.538035 0.021014 4.400813 3.028730 15.893940
1444235548.505530 27.718239 0.282686 9.787980 9.881556 4.278207 25.798056
28374656641.581020 3.881018 0.929259 0.026143 4.090304 4.133865 45.322170
696655571.774669 20.533123 0.629403 0.426773 2.385839 3.140550 18.515831
47646341535.091324 3.747278 0.753060 0.085368 18.690210 3.264199 53.686235
46009723713.842117 2.628085 0.220507 0.292254 8.129982 3.666516 51.848902
36775566699.045982 3.660265 0.090735 2.804836 1.792462 4.158146 49.139192
153558669292.830475 1.859072 0.174981 0.295361 4.199817 4.521322 77.381791
6941241749.793284 5.711344 0.460007 0.026134 6.256775 3.535253 29.790603
10518988947.443626 17.657603 0.721491 4.544205 2.297631 3.948227 43.874458
9781856424.366852 19.456038 0.978541 4.111319 10.825893 4.748016 43.993082
1028502684.122003 16.045846 0.005850 0.030958 1.328132 3.813964 19.696924
2749589726.377233 9.286170 0.746615 0.036486 9.023678 4.141586 23.954011
4371806807.997731 7.966511 0.841286 0.636248 3.144627 3.611761 27.088370
30847481479.286205 3.173156 0.478189 0.045691 10.099665 3.043786 45.821670
28524212161.472317 4.035387 0.285310 1.405297 7.717857 3.029076 45.584434
22111934491.467751 4.005523 0.817645 0.168829 16.848752 3.599441 41.842159
24343321360.856873 7.282879 0.968205 1.966434 2.398387 3.233367 47.191375
5323090832.645291 8.003739 0.929429 0.056809 1.082832 3.078699 28.952387
4263320414.302008 7.252832 0.940120 0.021163 1.800382 3.310282 26.382548
1990576817.440210 18.982839 0.903335 1.388011 2.290576 4.236002 25.698429
10241725559.739456 5.204918 0.097695 0.113460 8.154109 3.271779 33.446647
27042232420.717716 4.413693 0.625375 0.597099 4.243456 4.158494 45.236025
1512035079.034303 34.098887 0.447280 7.163096 8.555223 3.330348 27.942066
860415994.278859 14.864597 0.823200 0.020151 19.833752 4.636290 18.190011
3795809712.414650 8.164040 0.045484 0.976359 9.712703 4.565951 25.968513
47701149974.013367 3.981009 0.399780 0.030356 1.113589 4.445855 54.030184
4224079460.247268 47.330667 0.826987 9.712417 4.353703 4.162034 43.797259
257461237337.611816 1.990408 0.027051 2.427316 4.374106 3.617467 91.792329
75885787650.356720 4.988820 0.343267 4.204988 3.826714 4.578316 64.818095
230705813402.541901 1.710539 0.556021 0.105787 6.428873 4.230508 88.893524
12691741916.968763 5.513048 0.996122 0.234354 8.092409 3.032961 36.231157
