0.010000 440599963.143690 92384453.722288 1136561208.651158 26986839.770802 2222056280.317926 13526219.040836 6509156118.310994
0.012068 401878656.858533 89425951.139478 1001253241.487419 25988832.852765 1961210391.828889 13395777.519238 5408110424.186517
0.014563 366385597.424378 85543573.888129 848626613.259140 25547628.332539 1719745721.309227 13264494.116312 4480345222.771646
0.017575 333951050.857224 81608735.435937 729850477.740684 25303509.407792 1460165748.902614 13131988.906891 3699039386.200560
0.021210 299539453.659964 78736231.394913 630171739.244143 25050455.434697 1256070002.484596 12997811.535722 3041633406.483949
0.025595 268167410.020132 74334470.764541 540454636.990108 24786509.582684 1047643440.836615 12926273.953421 2489160076.644526
0.030888 239667850.830726 69860130.758553 459029470.780905 24509373.269433 862446348.570314 12902601.254774 2025676317.761842
0.037276 211133249.772061 65221625.317715 389865663.022641 24139948.269624 763277059.083721 12875433.323391 1637779012.765791
0.044984 185167820.119793 60600047.852679 328525840.667992 23748371.888919 643194846.299459 12844064.707223 1314190507.594461
0.054287 161618449.962000 57080866.886121 277033066.069315 23387595.431930 540347279.385380 12807651.621646 1045402117.946843
0.065513 141088795.029170 54103418.963506 232089558.702826 23023893.634418 448431297.571569 12765186.581044 823366658.336172
0.079060 121068859.751421 50851908.132098 194189860.772577 22540037.865635 361063078.329726 12715469.171875 641233721.859357
0.095410 103555156.374384 46996657.869021 161938994.836808 21884442.927440 292056005.311420 12657072.746900 493124063.038745
0.115140 88753670.809664 43323211.987433 135639807.763149 21204236.736828 229852774.409496 12588307.005318 374181672.184686
0.138950 75468573.038790 39917356.378497 111584195.858087 20494638.788977 179189587.280756 12479332.683309 293481272.203094
0.167683 62965081.237995 36860218.930465 92100016.588916 19750576.353539 138229435.775252 12119805.031008 219599475.802744
0.202359 52871787.638420 34014964.117603 74705664.742361 18742879.908613 107971843.240628 11731477.626359 158401410.821950
0.244205 44574867.650765 30688934.186676 61066394.575944 17480254.862805 82290391.819653 11274722.996117 109901816.685743
0.294705 37296322.252085 27013758.178346 49917523.718373 16412209.871405 64016924.093690 10826741.212101 75453384.353177
0.355648 31128991.842213 23635236.190940 40171926.026251 15421483.415903 49060093.338502 10385961.905241 55018838.968609
0.429193 25929135.827592 20585400.221695 31648923.257540 14359886.957854 37803765.857830 9950642.383215 45254907.055482
0.517947 21110131.788444 17407081.251562 25068107.976882 13651025.645882 29767491.850866 9518830.931943 36721432.365286
0.625055 17039728.453097 14564730.187971 20149681.735723 11865044.464208 24261278.283051 9088324.486844 29754155.411095
0.754312 13717139.197756 11749400.279170 16315508.052174 9762815.098874 19850441.730842 8366008.092389 24684615.572414
0.910298 10920586.075840 9246652.713135 13319874.438636 7162424.253034 16657094.722109 5319842.133617 20565530.260707
1.098541 8684971.117101 7186603.953897 10893377.937569 4676999.152194 14088245.878451 3274618.759410 17435018.977156
1.325711 6866664.077580 5297933.561708 8829397.603412 2949430.270849 11979394.365718 1990581.731971 16245834.382121
1.599859 5318582.683787 3614046.281143 7028626.900353 1840976.969185 9639096.900314 1053686.473500 12842854.419851
1.930698 4031832.535243 2307701.372501 5516017.580692 1046248.508541 7908831.692523 510474.523449 11303251.721200
2.329952 2954518.902013 1415685.321372 4311826.134716 559521.179016 6509075.039594 247307.188280 9150726.580732
2.811769 2117738.582770 818470.703046 3356073.047375 282052.913551 5102847.449954 127855.039068 7370024.834742
3.393222 1403643.797308 441062.589158 2491004.982298 145141.980936 4016503.271429 58044.633687 5523148.886993
4.094915 862948.378500 231885.596572 1839708.566402 70032.686006 2852154.528875 25529.976974 4619173.774859
4.941713 524559.783433 120656.524750 1337507.206492 33179.838359 2085872.167870 10473.496855 3386087.481502
5.963623 297242.846371 62652.200202 928927.603961 14816.368040 1491888.811149 4460.147378 2404618.593578
7.196857 158306.135264 30665.969040 618902.915138 6237.700671 1096695.000036 1899.357484 1828302.395314
8.685114 84757.628380 14356.250932 374384.952491 2728.920940 810837.841812 808.842970 1258698.075041
10.481131 41104.088360 6810.672943 203372.737811 1198.683931 613350.493762 332.801420 830886.055769
12.648552 20567.669133 3169.738632 105421.791481 530.257323 394580.904931 135.000131 538744.300398
15.264180 10251.053700 1388.637068 54832.199497 230.555963 207913.025063 54.762493 400833.211821
18.420700 4939.334975 664.398717 28388.908410 99.196645 115020.690042 22.214279 300223.342922
22.229965 2226.493791 293.088999 13815.035937 41.341740 56783.818276 9.011171 142567.121330
26.826958 1083.550993 129.222385 6373.181245 17.588288 31059.897320 3.655361 66624.383779
32.374575 513.985183 59.364713 3097.074496 7.373147 15602.979528 1.482789 31134.868072
39.069399 247.315026 26.430738 1570.593043 3.118966 7999.739202 0.601490 15892.300313
47.148664 117.768095 12.011411 793.602227 1.361422 4120.842654 0.243993 8604.418022
56.898660 56.276421 5.509019 406.785006 0.590547 2203.345708 0.098975 4772.621883
68.664885 26.731656 2.512828 206.564472 0.253222 1141.327023 0.040149 2690.177766
82.864277 12.547779 1.080814 100.724884 0.107324 607.983389 0.016286 1505.666082
100.000000 6.002243 0.483358 50.708422 0.045757 318.734112 0.006607 842.155515
