0.010000 0.002704 -0.004429 0.009050 -0.008923 0.015823 -0.009671 0.022670
0.012068 0.003098 -0.004047 0.009448 -0.008839 0.018714 -0.009690 0.026154
0.014563 0.003775 -0.003710 0.010109 -0.008625 0.022729 -0.009753 0.030433
0.017575 0.004615 -0.003320 0.011212 -0.008521 0.025594 -0.009836 0.035407
0.021210 0.005284 -0.002952 0.013716 -0.008366 0.031119 -0.009905 0.040838
0.025595 0.006221 -0.002399 0.016715 -0.007979 0.038064 -0.009979 0.048602
0.030888 0.007528 -0.001182 0.021060 -0.007543 0.045652 -0.010096 0.058488
0.037276 0.009117 -0.000331 0.027171 -0.007060 0.056027 -0.010282 0.070499
0.044984 0.011289 0.000575 0.034990 -0.006958 0.068538 -0.010575 0.085577
0.054287 0.014984 0.002321 0.043911 -0.006336 0.082608 -0.011037 0.103738
0.065513 0.021014 0.004659 0.056509 -0.005303 0.101596 -0.011759 0.125335
0.079060 0.030484 0.006440 0.071414 -0.004912 0.123612 -0.012881 0.149753
0.095410 0.043240 0.008690 0.094017 -0.003825 0.149576 -0.014597 0.178958
0.115140 0.060278 0.011706 0.120892 -0.003272 0.180919 -0.018922 0.212755
0.138950 0.085338 0.016497 0.157113 -0.002641 0.218765 -0.023561 0.253173
0.167683 0.113602 0.022880 0.205351 -0.002815 0.273216 -0.027592 0.298648
0.202359 0.145409 0.033172 0.261741 -0.004704 0.340495 -0.032889 0.393392
0.244205 0.181898 0.044142 0.321156 -0.008437 0.434207 -0.041074 0.508974
0.294705 0.222378 0.060541 0.386895 -0.011364 0.533111 -0.050047 0.628861
0.355648 0.261442 0.076944 0.456831 -0.015041 0.626703 -0.058911 0.726415
0.429193 0.297118 0.093203 0.516063 -0.019131 0.705298 -0.066807 0.802403
0.517947 0.336072 0.110398 0.568010 -0.021917 0.765029 -0.071988 0.861962
0.625055 0.376220 0.126650 0.613292 -0.024852 0.809489 -0.075283 0.903439
0.754312 0.409516 0.134896 0.657264 -0.026240 0.846632 -0.077761 0.931162
0.910298 0.434298 0.143548 0.694215 -0.027493 0.880317 -0.079586 0.949186
1.098541 0.461950 0.155456 0.722091 -0.028385 0.899544 -0.080910 0.959970
1.325711 0.480618 0.164768 0.740591 -0.029156 0.915622 -0.083452 0.966215
1.599859 0.495733 0.171187 0.760521 -0.029757 0.923428 -0.085839 0.971306
1.930698 0.507644 0.175124 0.778566 -0.030218 0.934471 -0.087400 0.974528
2.329952 0.515982 0.179087 0.788865 -0.030566 0.939149 -0.087735 0.976560
2.811769 0.520365 0.180827 0.799140 -0.030826 0.946332 -0.088518 0.977839
3.393222 0.525366 0.182835 0.806524 -0.031019 0.949630 -0.090585 0.978643
4.094915 0.528027 0.184419 0.817165 -0.031162 0.951877 -0.092129 0.979148
4.941713 0.530578 0.185843 0.823455 -0.031267 0.954800 -0.093273 0.979465
5.963623 0.533539 0.186638 0.828401 -0.031344 0.956548 -0.094113 0.979665
7.196857 0.535440 0.187398 0.832149 -0.031400 0.958978 -0.094727 0.979790
8.685114 0.536189 0.187991 0.835308 -0.031441 0.961478 -0.095173 0.979868
10.481131 0.537312 0.188249 0.837799 -0.031471 0.964383 -0.095498 0.979917
12.648552 0.538186 0.188267 0.839578 -0.031493 0.965251 -0.095732 0.979948
15.264180 0.538960 0.189088 0.841175 -0.031509 0.966025 -0.095902 0.979967
18.420700 0.541199 0.189255 0.842794 -0.031520 0.968492 -0.096025 0.979980
22.229965 0.541747 0.189280 0.845108 -0.031529 0.969725 -0.096113 0.979987
26.826958 0.542304 0.189296 0.846998 -0.031535 0.969744 -0.096177 0.979992
32.374575 0.543283 0.189306 0.848348 -0.031539 0.969896 -0.096223 0.979995
39.069399 0.543634 0.189312 0.848348 -0.031543 0.971608 -0.096256 0.979997
47.148664 0.543637 0.189316 0.848348 -0.031545 0.973349 -0.096280 0.979998
56.898660 0.543639 0.189318 0.848348 -0.031547 0.973460 -0.096297 0.979999
68.664885 0.543641 0.189320 0.848348 -0.031548 0.973516 -0.096310 0.979999
82.864277 0.543641 0.189321 0.848348 -0.031549 0.974769 -0.096319 0.980000
100.000000 0.543642 0.189322 0.848348 -0.031549 0.974824 -0.096325 0.980000
