1040.003864
1040.009393
1039.997115
1039.995712
1040.001372
1039.998690
1040.009539
1040.008839
1039.999117
1039.995878
1039.990611
1040.005431
1039.996614
1040.003487
1039.991929
1039.992944
1040.003291
1039.993406
1039.995228
1039.995322
1039.989892
1039.993574
1039.999867
1039.999784
1040.006875
1039.999316
1040.003442
1039.997079
1040.009319
1040.004082
1039.995972
1040.000220
1039.999988
1039.995406
1040.002925
1040.000845
1039.998415
1039.990135
1039.994983
1040.009972
1040.009635
1039.999335
1040.000233
1039.990594
1039.994961
1040.006935
1040.005099
1040.001235
1040.008033
1039.996728
1040.007624
1039.997203
1039.989648
1040.005763
1039.997352
1039.993199
1040.002568
1039.991232
1039.998584
1040.001583
1040.001958
1040.004140
1039.990757
1039.997005
1039.990995
1039.993731
1040.008785
1039.994990
1040.001549
1039.995152
1039.997569
1039.996935
1039.999321
1040.009752
1040.006916
1040.009376
1039.999346
1040.008974
1040.004129
1040.006858
1040.005677
1040.009890
1040.010227
1040.002347
1040.004407
1039.998631
1040.002696
1040.009892
1040.007285
1039.999051
1039.992292
1039.999590
1039.996638
1039.998090
1040.006203
1040.009480
1039.997875
1039.994046
1039.998616
1039.997404
1039.992298
1039.995340
1040.002358
1039.989781
1039.993362
1039.991314
1039.990219
1039.999507
1039.999322
1040.003564
1039.998336
1039.996169
1040.007278
1040.003782
1040.006382
1040.005121
1040.004344
1040.001535
1040.001340
1039.995411
1040.007068
1040.006512
1039.991090
1040.002428
1039.989905
1039.990124
1039.992045
1039.997891
1040.005373
1040.004879
1039.998128
1040.005123
1040.001303
1040.004381
1039.997600
1039.989957
1040.010148
1040.009739
1040.005480
1039.997093
1040.005705
1039.994259
1040.007427
1039.994428
1040.003403
1039.989913
1039.999752
1039.990448
1039.993094
1039.996700
1040.004560
1040.004293
1040.003240
1039.992053
1040.010110
1039.992855
1039.991269
1040.001940
1039.990423
1040.000595
1039.991100
1040.005664
1039.991371
1040.002978
1039.999350
1040.000101
1040.000749
1040.005675
1039.991929
1039.994543
1040.005587
1039.991424
1040.000421
1039.989956
1040.006455
1039.993886
1039.997983
1040.001165
1040.008838
1039.998156
1039.998102
1039.992253
1040.002776
1039.997575
1039.997886
1040.001177
1039.994325
1040.009196
1040.006067
1040.008363
1039.998702
1040.010044
1039.999752
1040.008508
1039.991699
1040.009608
1039.997918
1039.991442
1040.000752
1040.003173
1040.004374
1040.002332
1039.994300
1039.998257
1040.009853
1040.002543
1039.995470
1039.992235
1039.990797
1040.007123
1039.999320
1039.990116
1040.004267
1040.003363
1039.994473
1040.004596
1039.993270
1039.992902
1040.009627
1040.007975
1039.997642
1040.007525
1040.007266
1039.995565
1040.004937
1040.001308
1040.003224
1040.008265
1040.005206
1039.995506
1039.990436
1039.990541
1040.002944
1040.009633
1039.997577
1039.996898
1039.998294
1039.996743
1040.003074
1040.000275
1040.008451
1040.006847
1040.001036
1040.001415
1039.994904
1040.009507
1039.999609
1039.989939
1039.991152
1039.991579
1039.992421
1039.999207
1039.989795
1040.002688
1040.005359
1040.003139
1039.998342
1040.003318
1040.010128
1039.993838
1039.994423
1039.996220
1039.990944
1040.009144
1039.996322
1039.995150
1040.001076
1039.994140
1040.005706
1039.995209
1039.998316
1039.994685
1039.990473
1040.006730
1040.000693
1040.008167
1040.007845
1040.008640
1040.005672
1039.994567
1039.996504
1040.001091
1039.998285
1040.009563
1039.996088
1040.009502
1040.006307
1040.007329
1040.009289
1040.010346
1039.996694
1039.995473
1039.989724
1039.992160
1039.990368
1040.008451
1040.001841
1040.004205
1039.996336
1040.005571
1040.009886
1039.998607
1040.008024
1039.998270
1039.995024
1039.996415
1039.998344
1039.998334
1039.993730
1039.993228
1040.006034
1039.989683
1040.003678
1040.008295
1039.991985
1039.993914
1039.991331
1040.008435
1039.996310
1040.005660
1040.000851
1040.010189
1040.004663
1039.991801
1039.996642
1040.005827
1039.989617
1039.992471
1039.998707
1040.008589
1039.999065
1040.006417
1040.006801
1040.007222
1039.992077
1040.001818
1040.005876
1040.003060
1039.994922
1039.991240
1040.003465
1040.008477
1039.989950
1039.995206
1039.993674
1040.005237
1039.997565
1040.003052
1040.008503
1039.997435
1039.994589
1040.004760
1039.994074
1040.009593
1039.996472
1040.009885
1039.998173
1039.990257
1040.008687
1039.995759
1039.991882
1040.008219
1040.007397
1039.998819
1039.992095
1039.996000
1040.009973
1040.010088
1040.008166
1040.006367
1040.005352
1039.994758
1039.990633
1039.991934
1039.994238
1039.992937
1040.001610
1039.993612
1039.990338
1040.001738
1040.010203
1039.992235
1039.990927
1039.993815
1040.003737
1039.990224
1040.006507
1039.993705
1039.998053
1040.009266
1039.997822
1039.994564
1039.999718
1040.008591
1040.006296
1040.002161
1039.989711
1040.006184
1039.998537
1039.992426
1040.004437
1039.993155
1039.998405
1040.001468
1040.001625
1039.999613
1040.002772
1040.007653
1039.991629
1039.992480
1040.003477
1039.996305
1040.006709
1040.005352
1039.990494
1040.010290
1040.004541
1039.999731
1039.989898
1039.989938
1040.001929
1040.002285
1039.991302
1039.999927
1039.995799
1040.003305
1039.998083
1040.002222
1040.003763
1039.990062
1039.998436
1039.992069
1040.001952
1039.992359
1040.005997
1040.005534
1040.008055
1039.999543
1039.997166
1040.006695
1039.995618
1040.001455
1040.010310
1039.994264
1040.005862
1039.992617
1040.000421
1039.995425
1039.997068
1040.009604
1040.007393
1039.997698
1039.995435
1040.007006
1039.999387
1040.008430
1039.989753
1040.003309
1040.005123
1039.992984
1039.992067
1039.991761
1040.004950
1040.010104
1039.991216
1039.998480
1040.008417
1040.008292
1039.990253
1039.994275
1039.995354
1039.993682
1040.005205
1039.993686
1039.999935
1039.996721
1039.991356
1039.993064
1039.995313
1040.006003
1040.009272
1039.992923
1039.996357
1039.996950
1040.008661
1039.990725
1040.007122
1040.008684
1039.997689
1040.003195
1039.997145
1040.001585
1039.998438
1039.995699
1040.009240
1040.008776
1039.990239
1039.995210
1040.008383
1039.999068
1040.004916
1039.998310
1040.008613
1040.007395
1040.005755
1039.998819
1039.994777
1039.990389
1039.989806
1040.005640
1039.989631
1039.998270
1040.003464
1040.005753
1039.996946
1039.992823
1040.009397
1040.004340
1039.998411
1039.994955
1039.994281
1039.991928
1039.992977
1039.993301
1040.001811
1039.992506
1039.999829
1040.005480
1039.995541
1039.996212
1040.010236
1039.997107
1039.994237
1040.001351
1040.009072
1039.992858
1040.008324
1039.993537
1040.007663
1039.998832
1040.007570
1039.991546
1040.002519
1039.999955
1039.992376
1040.001819
1040.009060
1039.996821
1039.994727
1039.991151
1040.008196
1040.005303
1039.997910
1039.990626
1040.002370
1040.010067
1040.002599
1039.999236
1040.010294
1040.008788
1039.999244
1039.997264
1039.991139
1039.998366
1040.000360
1040.003228
1039.991039
1040.007555
1039.990009
1039.999389
1039.991579
1040.004278
1040.008173
1039.990109
1040.000438
1039.997858
1039.999061
1040.009708
1039.996219
1040.007287
1039.993593
1040.009916
1039.997137
1040.000795
1040.000604
1040.008618
1039.991881
1040.007340
1039.991105
1040.007209
1039.997656
1039.993032
1040.002462
1040.003622
1039.998021
1039.995621
1040.002438
1039.995310
1040.004276
1039.992909
1039.994887
1039.996280
1039.994849
1040.003709
1039.992224
1039.990541
1040.000905
1040.006494
1040.004428
1039.996526
1040.005681
1040.009616
1039.994968
1040.002105
1040.005693
1040.007905
1040.001747
1039.990676
1039.999088
1040.000122
1039.990459
1040.000687
1040.003125
1039.992524
1039.993615
1039.991679
1040.006678
1039.991399
1040.000315
1039.998607
1039.996221
1040.006780
1040.002847
1040.001430
1039.990439
1039.993786
1039.990556
1040.003717
1039.993581
1040.001889
1039.993474
1039.990909
1039.993319
1040.009319
1040.005036
1040.000029
1040.010193
1040.009187
1039.996141
1039.996723
1040.005770
1040.005526
1040.008793
1039.999883
1040.008473
1039.998957
1040.006698
1039.992756
1040.002542
1040.000443
1039.994529
1039.997087
1039.998849
1039.991424
1040.000844
1040.007380
1040.008006
1039.995082
1040.002732
1039.993489
1040.007412
1039.992605
1039.996004
1040.009963
1039.994530
1040.008430
1040.008714
1039.989878
1040.005892
1040.002032
1039.998598
1040.005798
1040.001838
1040.007518
1040.008198
1039.991102
1040.003348
1039.996277
1040.003898
1040.002243
1040.006099
1040.000262
1040.007683
1040.008567
1039.994944
1039.999015
1040.004803
1040.006760
1040.004239
1040.006526
1040.000183
1039.991798
1040.006319
1039.993726
1039.992217
1039.989701
1040.000061
1040.003041
1040.003253
1039.994782
1040.004613
1039.989975
1040.004944
1039.994046
1040.010372
1040.006136
1039.991108
1040.003423
1039.995653
1040.005070
1039.999882
1040.003121
1040.001418
1039.989877
1040.007997
1040.001701
1039.991085
1039.992011
1040.003618
1040.000313
1039.996445
1039.997739
1039.993106
1040.008500
1039.997492
1040.009225
1040.001427
1040.006990
1040.009385
1039.998184
1039.999032
1039.993838
1039.989998
1039.994111
1039.990277
1040.001623
1040.003362
1039.995033
1039.999912
1039.995817
1040.005564
1039.994702
1040.010135
1040.000748
1039.990022
1040.009215
1040.003132
1039.996570
1040.006287
1040.009264
1039.990727
1040.000438
1039.994238
1039.992489
1039.999512
1040.009208
1039.997160
1040.009108
1040.007380
1040.000815
1039.995819
1040.005016
1040.000943
1040.003164
1039.991091
1039.991108
1040.007516
1040.002321
1040.000785
1039.991462
1039.994165
1040.000943
1040.008791
1040.000928
1040.004437
1039.990754
1039.998941
1039.998057
1040.005187
1039.997202
1040.005593
1039.993250
1040.002568
1040.009080
1040.000663
1040.009270
1040.001568
1039.997295
1040.009170
1039.998291
1039.990753
1039.999667
1040.000133
1040.004694
1040.002203
1039.992803
1039.995225
1039.989909
1039.995140
1040.005964
1039.995584
1039.997995
1039.997517
1040.000624
1040.007220
1039.990966
1039.996543
1039.996885
1040.002271
1039.994912
1039.998173
1039.993831
1039.994202
1039.997187
1039.996125
1040.003164
1039.998021
1039.993805
1040.006115
1040.000423
1040.002887
1039.998006
1039.993684
1040.002615
1040.004228
1039.997192
1040.005508
1040.007821
1040.005313
1040.004270
1040.008554
1039.994168
1039.993910
1040.003408
1040.001683
1039.989712
1039.998631
1039.997246
1039.989899
1039.999664
1040.002573
1039.998448
1040.001125
1039.991995
1040.010192
1040.003126
1040.009152
1040.007514
1040.007131
1039.993191
1039.998756
1040.006552
1039.989636
1040.002137
1039.992077
1039.993780
1040.000524
1040.006434
1039.999660
1040.008901
1040.010318
1039.992788
1039.994746
1040.009232
1039.999719
1040.004046
1039.994834
1039.995594
1040.006669
1040.000210
1039.999213
1039.991997
1039.999429
1039.999723
1040.000958
1040.007427
1040.000444
1039.993661
1039.995892
1040.006835
1040.005139
1040.007706
1040.004039
1040.001234
1039.996580
1040.007309
1039.998540
1039.999415
1039.994302
1040.006310
1039.996930
1040.004474
1040.000345
1039.996892
1039.989620
1039.995829
1040.004097
1039.996524
1039.992263
1040.009762
1040.009434
1040.004209
1040.003324
1040.009827
1040.002625
1039.991625
1040.004669
1040.006453
1040.008055
1040.002156
1039.997829
1039.992290
1040.008762
1040.005842
1039.991124
1040.002499
1039.999815
1040.008555
1039.999517
1039.999399
1040.003259
1040.006434
1039.996718
1039.995116
1040.002980
1040.002826
1040.006522
1039.998309
1040.006349
1039.998162
1040.006097
1039.995760
1039.995641
1040.002578
1040.003998
1040.008148
1040.010121
1040.008678
1040.007105
1039.996700
1039.991724
1040.006106
1039.999256
1040.002868
1039.992984
1039.995172
1040.007971
1039.999560
1039.993960
1040.003321
1039.996087
1039.994936
1040.003039
1039.991866
1040.001728
1040.007999
1039.992625
1040.005820
1039.997183
1040.000031
1040.004970
1039.990952
1039.991408
1039.991565
1039.991002
1039.995621
1040.005996
1039.994542
1040.008478
1039.998224
1040.001387
1040.003814
1040.004569
1039.995574
1040.001484
1039.990257
1039.997529
1040.004578
1040.003400
1040.002303
1040.004209
1039.996318
1039.997334
1039.990762
1040.004099
1040.010275
1040.002987
1039.993826
1040.004840
1040.008388
