0.001000 0.322966 0.042385 2.130305 0.007612 6.202283 0.003079 24.143953
0.001038 0.318670 0.042259 2.074334 0.007596 6.007355 0.003080 23.367165
0.001077 0.314406 0.042061 2.022717 0.007600 5.819015 0.003083 22.617046
0.001117 0.311388 0.041648 1.976363 0.007605 5.637061 0.003085 21.892760
0.001159 0.306892 0.041435 1.917837 0.007611 5.461299 0.003088 21.193498
0.001203 0.302467 0.041227 1.872410 0.007617 5.291539 0.003091 20.518481
0.001248 0.298783 0.041025 1.833479 0.007625 5.127601 0.003094 19.866956
0.001296 0.295514 0.040829 1.795562 0.007633 4.969309 0.003098 19.238198
0.001344 0.292169 0.040638 1.742038 0.007642 4.816494 0.003102 18.631510
0.001395 0.288900 0.040454 1.685595 0.007652 4.668995 0.003106 18.046218
0.001448 0.285709 0.040177 1.637523 0.007663 4.526654 0.003111 17.481673
0.001502 0.282805 0.040106 1.601626 0.007676 4.389320 0.003116 16.937251
0.001559 0.279599 0.039943 1.560034 0.007690 4.256849 0.003122 16.412350
0.001617 0.276614 0.039788 1.514244 0.007705 4.129101 0.003129 15.906393
0.001678 0.273446 0.039641 1.470079 0.007722 4.005940 0.003136 15.418823
0.001742 0.270965 0.039502 1.427496 0.007740 3.877844 0.003144 14.949106
0.001807 0.268271 0.039253 1.398982 0.007760 3.749805 0.003152 14.496728
0.001875 0.264884 0.038924 1.369461 0.007776 3.626852 0.003162 14.061197
0.001946 0.262216 0.038743 1.340544 0.007793 3.508819 0.003172 13.642039
0.002019 0.259564 0.038818 1.327378 0.007813 3.395552 0.003183 13.238801
0.002095 0.258165 0.038677 1.295312 0.007835 3.288447 0.003195 12.851049
0.002174 0.256190 0.038422 1.261774 0.007859 3.210090 0.003208 12.478368
0.002256 0.253615 0.038182 1.237911 0.007886 3.134610 0.003222 12.120362
0.002341 0.250387 0.037956 1.214700 0.007916 3.061961 0.003237 11.776652
0.002430 0.248344 0.037746 1.182636 0.007946 2.989352 0.003254 11.446878
0.002521 0.246418 0.037553 1.158644 0.007938 2.900802 0.003272 11.130697
0.002616 0.244613 0.037446 1.141012 0.007933 2.830689 0.003292 10.827783
0.002715 0.242693 0.037403 1.113356 0.007932 2.750700 0.003313 10.537830
0.002817 0.239153 0.037267 1.092864 0.007935 2.673329 0.003336 10.260545
0.002923 0.236254 0.037167 1.066447 0.007942 2.599505 0.003361 9.995657
0.003033 0.232385 0.037335 1.040705 0.007953 2.529142 0.003388 9.742907
0.003148 0.229997 0.037343 1.015033 0.007970 2.462156 0.003417 9.502056
0.003266 0.229086 0.037490 0.991554 0.007991 2.400465 0.003449 9.272883
0.003389 0.229635 0.037578 0.973663 0.008018 2.359710 0.003484 9.055182
0.003517 0.230699 0.037693 0.957515 0.008051 2.326087 0.003521 8.848766
0.003650 0.229099 0.037849 0.938886 0.008090 2.293601 0.003562 8.653465
0.003787 0.228023 0.038066 0.921803 0.008172 2.251519 0.003606 8.469127
0.003930 0.227885 0.038386 0.913156 0.008264 2.220186 0.003653 8.295618
0.004078 0.230025 0.038744 0.893478 0.008364 2.191249 0.003705 8.132824
0.004232 0.230287 0.039143 0.882722 0.008474 2.153124 0.003760 7.980648
0.004391 0.229063 0.039523 0.873581 0.008594 2.110305 0.003821 7.839015
0.004557 0.227076 0.039634 0.868492 0.008724 2.070521 0.003887 7.707870
0.004728 0.228595 0.040063 0.858988 0.008867 2.033743 0.003958 7.587178
0.004906 0.230226 0.040414 0.851478 0.009023 1.999948 0.004035 7.476928
0.005091 0.232610 0.041049 0.842671 0.009192 1.975095 0.004119 7.377132
0.005283 0.235652 0.041749 0.839654 0.009377 1.953490 0.004210 7.287823
0.005482 0.238370 0.042517 0.841496 0.009579 1.934687 0.004309 7.209064
0.005689 0.239027 0.043327 0.843662 0.009763 1.913946 0.004416 7.140942
0.005903 0.243224 0.044185 0.838100 0.009947 1.905621 0.004532 7.083572
0.006126 0.245839 0.045110 0.847133 0.010151 1.895449 0.004659 7.037101
0.006356 0.252861 0.046049 0.844456 0.010375 1.888258 0.004797 7.001705
0.006596 0.256424 0.047085 0.856246 0.010621 1.887706 0.004947 6.977596
0.006844 0.260992 0.048106 0.858646 0.010892 1.904312 0.005111 6.965020
0.007102 0.266092 0.049293 0.862556 0.011188 1.904724 0.005288 6.964260
0.007370 0.269151 0.050778 0.867187 0.011514 1.916447 0.005482 6.975642
0.007648 0.273841 0.052205 0.876350 0.011871 1.922093 0.005694 6.999534
0.007936 0.279422 0.053990 0.886460 0.012261 1.944302 0.005925 7.036348
0.008235 0.287614 0.055698 0.903787 0.012689 1.970746 0.006176 7.086547
0.008545 0.293203 0.057661 0.914549 0.013157 1.989756 0.006451 7.150646
0.008867 0.304837 0.059967 0.928021 0.013670 2.008105 0.006752 7.229216
0.009201 0.313138 0.062440 0.944755 0.014231 2.035905 0.007081 7.322887
0.009548 0.322197 0.065249 0.964091 0.014845 2.099254 0.007441 7.432354
0.009908 0.332614 0.068002 0.991396 0.015560 2.167752 0.007835 7.558378
0.010281 0.346332 0.070968 1.019126 0.016375 2.226222 0.008267 7.701794
0.010669 0.360912 0.074287 1.043017 0.017268 2.287722 0.008740 7.863516
0.011071 0.373656 0.078071 1.075990 0.018258 2.355592 0.009260 8.044539
0.011488 0.391507 0.082231 1.113715 0.019373 2.430264 0.009830 8.245948
0.011921 0.406823 0.086719 1.154308 0.020598 2.512211 0.010457 8.468921
0.012370 0.426967 0.091263 1.199406 0.021944 2.601942 0.011146 8.714739
0.012836 0.447614 0.096192 1.248505 0.023424 2.700012 0.011904 8.984787
0.013320 0.472597 0.101744 1.302702 0.025052 2.789919 0.012738 9.280570
0.013822 0.500657 0.108291 1.361211 0.026845 2.884769 0.013657 9.603709
0.014343 0.533640 0.115474 1.424681 0.028820 2.999719 0.014670 9.955959
0.014883 0.563742 0.123311 1.490506 0.030997 3.129465 0.015787 10.339212
0.015444 0.597971 0.131645 1.566242 0.033398 3.257219 0.017019 10.755505
0.016026 0.636914 0.140786 1.649599 0.036047 3.395673 0.018380 11.207035
0.016630 0.673647 0.150524 1.744450 0.038971 3.545558 0.019883 11.696161
0.017256 0.713407 0.161555 1.849393 0.042202 3.718774 0.021544 12.225419
0.017907 0.761201 0.173771 1.955921 0.045772 3.928325 0.023380 12.769290
0.018581 0.809253 0.186776 2.062797 0.049719 4.155533 0.025412 13.350347
0.019281 0.857815 0.201750 2.191510 0.054086 4.410848 0.027661 13.976755
0.020008 0.920906 0.217409 2.332224 0.058917 4.715430 0.030151 14.651452
0.020762 0.991830 0.234744 2.482052 0.064266 5.005419 0.032909 15.377574
0.021544 1.054512 0.254208 2.625540 0.070190 5.276656 0.035966 16.158459
0.022356 1.137333 0.275160 2.808484 0.076763 5.609067 0.039355 16.997662
0.023199 1.221284 0.297406 2.981781 0.084048 5.975466 0.043113 17.898963
0.024073 1.322870 0.321805 3.204603 0.092087 6.371776 0.047283 18.866375
0.024980 1.418647 0.348727 3.420105 0.101027 6.800295 0.051910 19.904157
0.025921 1.531786 0.378914 3.639049 0.110943 7.263479 0.057046 21.016817
0.026898 1.643763 0.411838 3.888450 0.121945 7.763956 0.062749 22.209129
0.027911 1.777952 0.448552 4.147825 0.134152 8.304526 0.069082 23.486135
0.028963 1.916774 0.488630 4.418082 0.147701 8.885880 0.076117 24.853153
0.030055 2.065693 0.532687 4.709659 0.162740 9.488076 0.083934 26.315787
0.031187 2.242574 0.583351 5.050645 0.179437 10.128715 0.092619 27.879929
0.032362 2.414531 0.634359 5.397382 0.197975 10.785627 0.102271 29.551763
0.033582 2.611567 0.692888 5.796654 0.218560 11.490616 0.113000 31.337768
0.034847 2.827690 0.757564 6.251998 0.241419 12.247033 0.124925 33.244715
0.036160 3.048964 0.829654 6.695483 0.266803 13.058438 0.138181 35.279663
0.037523 3.310610 0.906375 7.152360 0.294991 14.014289 0.152916 37.449954
0.038937 3.593693 0.991117 7.666987 0.326293 15.139063 0.169297 39.763199
0.040404 3.900106 1.093073 8.235217 0.361048 16.147930 0.187505 42.227260
0.041927 4.216178 1.193001 8.900511 0.399635 17.354013 0.207743 44.850232
0.043507 4.593926 1.313808 9.621190 0.442469 18.627897 0.230236 47.640410
0.045146 4.957567 1.444413 10.374877 0.490011 19.945123 0.255231 50.606254
0.046847 5.388743 1.589318 11.152814 0.542766 21.355258 0.283000 53.756343
0.048612 5.826727 1.758458 11.970514 0.601291 22.863961 0.313847 57.099319
0.050444 6.292299 1.916507 12.835917 0.666196 24.477115 0.348102 60.643820
0.052345 6.874289 2.081570 13.797966 0.738155 26.200810 0.386130 64.398401
0.054317 7.456650 2.295958 14.797341 0.817899 28.041333 0.428333 68.371442
0.056364 8.096510 2.528090 15.874463 0.906234 30.005135 0.475149 72.571037
0.058488 8.768994 2.790863 17.016176 1.004033 32.098802 0.527059 77.004871
0.060692 9.451995 3.080032 18.244442 1.111241 34.329016 0.584587 81.680075
0.062979 10.171589 3.383421 19.557971 1.227407 36.576427 0.648304 86.603070
0.065352 10.982005 3.734229 20.949411 1.355428 38.957804 0.718831 91.779381
0.067815 11.786360 4.094227 22.512635 1.496402 41.478166 0.796838 97.213447
0.070370 12.724338 4.483496 24.167627 1.651510 44.476504 0.883052 102.908394
0.073022 13.750910 4.870403 26.060039 1.822009 47.761367 0.978253 108.865813
0.075774 14.880009 5.292321 27.901176 2.009237 50.948614 1.083279 115.085507
0.078629 16.020250 5.798372 29.743511 2.214607 54.316098 1.199022 121.565232
0.081592 17.275601 6.354552 31.896994 2.439608 58.142836 1.326435 128.300444
0.084666 18.570529 6.961461 34.343639 2.687488 62.528764 1.466523 135.284030
0.087857 20.046807 7.562365 36.853437 2.970684 67.619276 1.620346 142.506065
0.091167 21.652555 8.246534 39.217032 3.281361 72.272735 1.789015 149.953581
0.094603 23.351313 8.979690 41.761742 3.621675 76.674856 1.973689 157.610373
0.098168 24.997076 9.812569 44.336960 3.983236 81.268230 2.175564 165.456852
0.101867 26.819114 10.662839 47.334520 4.387942 86.049299 2.395877 173.469955
0.105705 28.665862 11.575264 50.344009 4.829026 91.012731 2.635890 181.623137
0.109688 30.729459 12.577890 53.577710 5.286028 96.151347 2.896886 189.886453
0.113822 32.986582 13.588082 57.358796 5.744820 101.456091 3.180165 198.226737
0.118111 35.285196 14.608261 61.291295 6.236169 106.916049 3.487029 206.607911
0.122561 37.430738 15.725983 65.196959 6.761293 112.518532 3.818785 214.991399
0.127180 39.660990 16.918087 69.211967 7.321339 118.249222 4.176731 223.336683
0.131972 42.194344 18.175852 73.262306 7.917378 124.092395 4.562160 231.601960
0.136945 44.895079 19.499897 77.531614 8.592574 130.031208 4.976359 239.744925
0.142105 47.583873 20.836821 81.990062 9.314356 136.048060 5.420613 247.723627
0.147460 50.318541 22.296080 86.157822 10.082006 142.125013 5.896213 255.497394
0.153017 53.046776 23.873016 90.425732 10.877322 148.768324 6.404473 263.027789
0.158783 55.649560 25.574058 94.360156 11.684290 154.431093 6.946749 270.279549
0.164766 58.462032 27.363420 98.403204 12.581476 160.827808 7.524467 277.221483
0.170975 61.242459 29.237367 102.980678 13.578502 167.202470 8.139151 283.827272
0.177417 64.078044 31.197605 107.378957 14.616391 173.538528 8.792466 290.076150
0.184103 67.294950 33.246263 111.802954 15.652228 179.822036 9.486259 295.953419
0.191040 70.353575 35.386019 116.138720 16.741039 186.560862 10.222613 301.450789
0.198239 73.348137 37.584473 120.194763 17.893161 194.112628 11.003892 306.566521
0.205709 76.606372 39.834352 124.499200 19.198074 199.020853 11.832811 311.305370
0.213460 79.943397 42.101455 129.688369 20.579290 204.265145 12.712487 315.678351
0.221504 82.863914 44.548949 134.337220 22.017094 210.193741 13.646508 319.702323
0.229851 86.050605 47.032945 139.345467 23.483756 216.059010 14.638999 323.399435
0.238512 90.048932 49.652008 143.826864 25.031729 221.872245 15.694693 326.796465
0.247499 93.707678 52.261397 148.331302 26.667544 227.648176 16.819001 329.924073
0.256826 97.174501 55.280336 153.278271 28.180650 233.008242 18.018086 332.816021
0.266503 100.592872 58.181287 159.351610 29.792004 239.162471 19.298948 335.508375
0.276546 104.226671 61.050251 164.658879 31.852278 244.976181 20.669497 338.038738
0.286967 108.353567 64.588165 170.946877 34.057326 251.256999 22.138655 340.445518
0.297780 112.646176 67.944506 177.246709 36.421829 257.691925 23.716440 342.767268
0.309001 116.776979 71.916775 183.507423 38.822268 264.313639 25.414079 345.042101
0.320645 121.424825 75.572922 189.280420 41.321566 271.156191 27.244120 347.307189
0.332727 125.802169 79.524614 195.348584 43.477814 276.744002 29.220559 349.598345
0.345265 130.724318 84.103176 201.907536 45.776243 281.946716 31.358977 351.949705
0.358275 135.654192 88.591193 208.996052 48.480448 288.402356 33.676700 355.144754
0.371776 141.387313 93.456289 215.469393 51.824033 295.776012 36.192971 359.398049
0.385785 147.892349 98.546755 222.815602 55.626284 303.737578 38.881826 363.841294
0.400322 153.825274 103.492051 230.483589 59.796290 310.272219 41.615503 368.502081
0.415407 160.694596 109.032321 238.790529 63.581605 318.879646 44.584552 378.752470
0.431060 168.078017 114.687871 248.568518 68.176036 326.719841 47.813611 389.826136
0.447304 175.428164 120.697032 257.311194 73.165211 335.283326 51.329830 401.445168
0.464159 183.635645 127.207565 267.502189 78.588327 347.544810 55.163121 413.831461
0.481649 192.187257 134.078648 278.289575 84.349909 359.934430 59.346431 428.336818
0.499799 202.840875 141.251490 289.769137 90.911911 369.961017 63.916047 443.588731
0.518632 212.551867 149.715973 302.104377 97.910506 382.496568 68.911923 461.264350
0.538175 222.793880 157.751810 314.790967 105.540011 399.753188 74.378051 485.274687
0.558455 234.173708 167.740337 327.627020 113.861519 416.941221 80.362856 505.586769
0.579498 246.396225 178.007424 341.502930 122.941684 431.832848 86.919636 513.264021
0.601335 259.769742 188.659206 356.567770 132.853183 450.960087 94.107039 532.506476
0.623994 274.957527 200.383557 372.420924 143.675215 470.519967 101.989584 553.106266
0.647508 290.579560 213.206163 389.369673 155.494032 493.472471 110.638230 574.736175
0.671907 305.760291 228.105564 408.683483 168.403497 512.845033 120.130996 597.433349
0.697226 324.474980 241.905868 427.877496 182.924196 540.952427 130.553630 621.233623
0.723499 344.565412 257.227190 447.574251 197.528032 567.742115 142.000336 646.171332
0.750762 362.549223 272.689549 468.896154 214.002492 595.957640 154.624402 672.279100
0.779052 382.465380 292.454663 492.471630 228.453128 630.171040 169.285751 705.834139
0.808408 404.540314 310.398457 518.846285 248.145607 658.416484 185.461487 748.501062
0.838870 428.440987 331.726450 544.645822 264.837353 696.865245 203.310188 793.922320
0.870480 454.129369 353.363817 575.071988 285.248623 743.343763 223.006526 842.249270
0.903282 484.168021 379.165219 605.535977 306.963254 785.638478 244.742807 893.637859
0.937319 510.770002 406.716617 639.338038 327.581092 830.614677 265.682504 948.258649
0.972639 540.821809 431.904801 676.692945 350.240732 882.572124 287.011005 1008.831904
1.009290 574.020647 459.351443 714.130734 379.642510 928.741492 311.965351 1073.905678
1.047322 612.643012 486.775406 758.205761 404.547715 991.920782 341.346725 1143.808216
1.086787 650.993150 515.666081 804.978640 434.247213 1053.708349 373.622010 1218.890880
1.127740 691.503150 548.508329 858.413276 466.718185 1120.721407 409.068851 1299.529719
1.170235 737.955870 581.727278 911.447506 496.514204 1187.495998 437.542187 1386.127128
1.214332 783.075301 615.586857 968.961270 529.353352 1262.692778 467.432283 1479.113606
1.260090 835.413262 652.897530 1025.910877 564.566089 1332.294476 498.947461 1578.949628
1.307573 885.761127 693.993615 1092.512004 594.582719 1412.023889 529.568414 1686.127616
1.356845 940.172234 734.703530 1157.121703 631.526139 1505.268179 541.629145 1802.259320
1.407973 1000.534831 779.241623 1233.487175 670.184835 1595.871607 553.950895 1952.293673
1.461028 1065.877031 830.514371 1317.602983 707.802448 1709.012941 566.528991 2069.132275
1.516083 1131.677561 879.675425 1398.805072 740.532838 1790.988078 579.358652 2216.260177
1.573212 1200.787932 933.913072 1494.739150 767.901680 1902.130590 592.435009 2373.200226
1.632493 1279.180763 987.923975 1600.103189 797.212677 2047.661311 605.753117 2540.487881
1.694009 1363.534022 1047.910357 1705.963884 825.708090 2225.113078 619.307969 2718.675614
1.757842 1453.418833 1110.464538 1816.234864 851.879162 2374.377111 633.094508 2908.332190
1.824081 1538.193076 1175.682413 1928.457657 881.302467 2538.725155 647.107642 3109.528885
1.892816 1632.314913 1240.042956 2051.617494 911.424921 2735.810971 661.342253 3312.623252
1.964141 1727.960885 1309.525281 2186.820039 935.148891 2923.686944 675.793209 3629.659837
2.038154 1827.962338 1388.172105 2326.467334 957.225057 3143.207680 690.455374 3980.033282
2.114955 1941.608362 1465.651341 2478.351854 982.138407 3344.111922 705.323618 4363.330747
2.194651 2045.705868 1540.509707 2647.793422 1010.050508 3604.591702 720.392827 4781.452804
2.277350 2170.843798 1611.853503 2819.883506 1043.290832 3898.485561 735.435730 5200.805161
2.363165 2285.535043 1689.262348 2996.410750 1079.601708 4216.852057 745.642481 5604.198833
2.452213 2404.902011 1767.988055 3193.284753 1116.524553 4522.003482 755.717690 5992.370942
2.544617 2544.772522 1852.484555 3401.718078 1154.567626 4833.458035 765.662704 6366.011090
2.640503 2686.010273 1934.598338 3622.319173 1181.406023 5166.009051 775.478748 6725.765504
2.740003 2815.905494 2019.165560 3855.724061 1194.115147 5487.846253 785.166948 7072.240763
2.843251 2958.217847 2111.760924 4081.503390 1219.272329 5820.219038 794.728348 7406.007148
2.950391 3129.510682 2169.781208 4322.245176 1251.045193 6186.798555 804.163930 7727.601656
3.061567 3281.446900 2228.213790 4583.951983 1283.264530 6628.274118 814.470049 8304.254242
3.176933 3463.118349 2292.616564 4887.806917 1315.921821 7099.695897 824.601344 9052.454477
3.296646 3649.481950 2348.639691 5208.754031 1349.008455 7544.338423 832.667270 9850.816179
3.420870 3840.750087 2414.107830 5493.590623 1380.398952 8140.295042 840.666305 10631.548333
3.549775 4038.485379 2491.558495 5831.296994 1405.883210 8713.734737 849.486263 11384.449867
3.683537 4239.685731 2553.640287 6159.046172 1443.794597 9325.655874 858.185675 12110.620972
3.822340 4469.295935 2634.452190 6538.767939 1478.965085 9943.751102 866.765396 12811.106410
3.966373 4700.284923 2708.037616 6916.719348 1487.403635 10652.417240 875.226290 13486.899426
4.115834 4917.567561 2795.238759 7378.908463 1495.409941 11294.576806 883.569231 14274.652838
4.270926 5135.137930 2867.086931 7754.755177 1510.095699 11968.126456 891.795109 15337.284550
4.431863 5380.094033 2921.185857 8201.215278 1520.175834 12834.380216 899.904829 16460.900882
4.598864 5597.440497 2983.815263 8645.526305 1526.005777 13712.779737 907.899315 17647.494750
4.772158 5847.346148 3050.369631 9128.985135 1543.371953 14397.333569 915.779509 18899.072514
4.951983 6063.978670 3094.682881 9646.921080 1571.584152 15260.880371 923.546372 20217.663390
5.138583 6304.830442 3165.512851 10261.726284 1599.971762 15804.814556 931.200884 21605.329974
5.332215 6545.975402 3260.435533 10766.058022 1624.760048 16739.361590 938.744046 23064.179520
5.533143 6805.265775 3315.931180 11384.832117 1657.251429 17739.549713 946.176874 24596.375555
5.741642 7020.390186 3386.304513 11988.496558 1687.408589 18629.917241 953.500406 26154.032535
5.957999 7263.593517 3416.736176 12601.896613 1715.168652 19532.711892 960.715696 27663.231972
6.182508 7502.336036 3483.200890 13291.200022 1744.353687 20348.689650 965.694159 29859.036059
6.415476 7739.275883 3524.586902 13982.264441 1773.683174 21773.040391 969.565593 32207.127771
6.657224 7999.099528 3592.457954 14569.724110 1803.152397 23110.544104 973.325104 34715.651350
6.908081 8295.628002 3638.679426 15478.123598 1829.138465 24395.045439 976.975663 37392.988712
7.168391 8482.496226 3674.281847 16201.157576 1854.756236 25662.051953 981.275607 40247.760883
7.438510 8761.599498 3716.004993 17053.689427 1866.116211 27302.166601 987.390127 43288.831447
7.718807 8974.887072 3751.973031 17731.115626 1875.574662 28808.336223 993.421379 46525.312294
8.009667 9200.010317 3827.262368 18575.743517 1888.946407 30605.748908 999.370081 49966.571908
8.311487 9460.355745 3857.935847 19299.080392 1915.207776 32154.208202 1005.236967 53608.650441
8.624680 9717.587432 3918.144155 20037.308169 1941.544649 33763.583186 1011.022791 56722.744764
8.949674 9955.727349 3954.748574 20899.339121 1967.954256 35307.370243 1016.728321 59417.250083
9.286915 10128.015726 3978.611119 21662.989796 1976.832478 37112.700103 1022.354339 62086.113697
9.636864 10348.385589 3991.622489 22435.756112 1978.558157 39354.883662 1027.901642 64729.621225
10.000000 10570.945127 4023.916051 23404.181119 1980.179047 41176.979496 1033.371035 67348.050201
