0.01 3.2741597938521405 1.2039455031445567 6.1987196039212 0.6012878135836599 7.186154254791627 0.27608312819020475 7.910961447564019
0.012068 3.041419674906145 1.0808401818171136 5.494517947435857 0.5214391574802973 6.453301527054853 0.2273861214721042 7.023256739120944
0.014563 2.755966722644608 0.9949388797826356 4.901377541133947 0.4596771744462979 5.788630523558027 0.19610309415309787 6.265204395239282
0.017575 2.5238906067549673 0.9159709390778958 4.374626460550492 0.40967300650180516 5.171429254539213 0.17453504540403536 5.567459392578998
0.02121 2.3297477391143775 0.838437679861588 3.8810755278701956 0.37093498601997205 4.6285863125347015 0.1578322682369573 4.990087148584118
0.025595 2.1380790111337302 0.7944544962416744 3.468488007079216 0.35466937994796544 4.137249306267035 0.1452032500235758 4.541915156365309
0.030888 1.9765397926785873 0.7528710068409765 3.083148771080425 0.3270325666618634 3.6897586784063234 0.13594426867892917 4.083811437687915
0.037276 1.8123985306599473 0.7230051898291074 2.7526342707688594 0.3029711821912387 3.2819592067058267 0.14110943833246994 3.636458554647287
0.044984 1.6552229243371708 0.6853116611359164 2.4495583988986462 0.292818746581484 2.9151938622210727 0.14365716809806325 3.2487756826635956
0.054287 1.4926451336550433 0.6525942743957049 2.1751135825150594 0.29941570738143947 2.604384626477534 0.1484195426046256 2.888426979857566
0.065513 1.3527834059002095 0.6227845013657277 1.941620832560109 0.2883553675367509 2.328945631086666 0.14973460684657097 2.559397379172443
0.07906 1.2395822107584908 0.6032842594476475 1.7445103142840366 0.28346754284937736 2.072621876087416 0.14611973146623555 2.344531019550528
0.09541 1.1242925802460026 0.5786106165702736 1.558216660124547 0.27511192284691377 1.847836853097675 0.14424410330582652 2.0965235785979224
0.11514 1.0098670478550416 0.5545945752695388 1.397246999826744 0.2727239097682016 1.6782940400910498 0.14714646443464532 1.8743436179370758
0.13895 0.9074219872783004 0.5264638789202395 1.2510873923028654 0.26594310069571364 1.513858313883736 0.14454214838676185 1.6749010858425202
0.167683 0.8248480065890172 0.5086540200317325 1.1191714949466667 0.2675157688676377 1.354766248288133 0.1359300522850184 1.5057027521865027
0.202359 0.7482576618291205 0.4780755809375767 1.0040050531057285 0.26259938742686156 1.215224973697455 0.13375157998753215 1.365859487600673
0.244205 0.6769331844020288 0.44569341137675084 0.9044369199695538 0.2583851070598638 1.0919051081893052 0.13602373454317218 1.20588669410064
0.294705 0.6121947808025475 0.4160875408134922 0.8157956354658041 0.2493962355982003 0.9822305361861455 0.1425199398032463 1.0858123514299451
0.355648 0.5554410774504588 0.38822900463879584 0.7408140425970214 0.2447178927083591 0.8832069663462323 0.14741086864300396 0.9756340971504273
0.429193 0.506036210301633 0.3615123690153803 0.6681325391377997 0.2380927919969935 0.7941672707285328 0.1442859909748451 0.8693552747987948
0.517947 0.45955076336878925 0.33865216435281664 0.6096995850096456 0.22746578398565998 0.7118463353634831 0.14002532302820042 0.7678667639745702
0.625055 0.42001161849931884 0.313904873356058 0.5535300637011753 0.21955748924023719 0.6377937286279755 0.1364278907850587 0.6764960250061757
0.754312 0.3859368273731587 0.2871713083755135 0.5065731247975316 0.21284848989835972 0.5716119653566943 0.13309596563172157 0.6242650237205049
0.910298 0.35619348030356474 0.2647029483608859 0.4635763828847644 0.20028555372573 0.5307582598985412 0.13014345296142849 0.6040656176493491
1.098541 0.32589279992390313 0.24589161824528025 0.42445114795980043 0.19128117046844317 0.5357722470523381 0.12765037936422372 0.6237687825485692
1.325711 0.3008204621149173 0.22740593632317332 0.387391010484743 0.17943816415490735 0.4909811788657403 0.12542564713594961 0.5588990587073155
1.599859 0.280337241330918 0.21127749550464123 0.3557251386150007 0.16678613025902672 0.44779712774870567 0.12351767296041882 0.5009539137449445
1.930698 0.25925928908180335 0.1943353726357482 0.32588842936903034 0.15606889487062295 0.3930521571166137 0.12186658431869965 0.44702228754709816
2.329952 0.23924309303933097 0.1797318774063889 0.2900391480486997 0.14388405857788325 0.3445634650048482 0.12049782836273494 0.3899515301629156
2.811769 0.22107400726863524 0.16669569565444595 0.25462198411905934 0.1319500014707284 0.2943221737756312 0.11127336813528921 0.3405948210110705
3.393222 0.19707515926004116 0.15437550865337127 0.22259830503014438 0.1211017138222379 0.260945618413652 0.10295851330536462 0.29602442156344433
4.094915 0.17355709890630047 0.14370056359778174 0.19648333886123914 0.11111483261172936 0.2244127117044827 0.09386804975588317 0.2572030935374609
4.941713 0.15231545915079392 0.12924076978234025 0.17127051782094066 0.10358391213072024 0.195249973039471 0.08542964038934456 0.22164980669248807
5.963623 0.13215269821379036 0.11513446775826501 0.14923243413153095 0.09547810516728368 0.1727148431646747 0.07781399570691583 0.19236291385288948
7.196857 0.11406391445498999 0.10069707984024406 0.13000830967699709 0.08517877259751533 0.1499383185836148 0.07116229603696918 0.16547669266764406
8.685114 0.09903544845905816 0.0873888465804895 0.11258248751631027 0.07253584819000293 0.13062302423710706 0.06214066872687746 0.149861686703438
10.481131 0.08564870231609695 0.07432951101519374 0.09797380735904544 0.05995774351934434 0.11302626090775406 0.05061056015776492 0.13003184212823182
12.648552 0.07328818297869191 0.06312074003476567 0.08481968721418223 0.04924568168726055 0.09844174403856139 0.04122566194521575 0.11553480583339004
15.26418 0.06280968960364916 0.052907060864729356 0.07344940375510255 0.04024139525290065 0.0871091818034123 0.03342871036876802 0.09917746761074979
