0.010000 2063414055.531832 802026816.173955 3068727549.787458 283993158.023465 3526705162.347285 123068394.558047 3911024215.602667
0.012068 1815611213.948788 744253247.118554 2621809602.667994 277859356.912189 2984913616.278715 120958692.189059 3273485403.702135
0.014563 1602499822.540362 695656939.076749 2227246503.045178 268676404.166849 2495302441.759074 118878504.066024 2745781196.154788
0.017575 1399953570.575851 641427937.068777 1882472618.201634 255659474.429552 2113501201.504511 116825937.975948 2297991801.796503
0.021210 1229545828.809442 579414067.028967 1584595143.745188 252379856.351761 1771391250.479937 114798767.068689 1921072116.326905
0.025595 1066622334.265969 534474504.614507 1328302970.316160 245723892.918067 1477723351.600446 112794321.575620 1603547666.995090
0.030888 925917752.985038 488923940.940461 1110667236.264631 232603588.817394 1231575404.180321 110809341.828253 1336332327.279403
0.037276 790909907.701148 444104695.554103 927777887.140242 219766867.182924 1025806537.293325 108839777.813724 1111284713.458046
0.044984 673559047.813114 405546942.326815 771954238.133078 207496699.450095 857526792.883798 106880514.723201 922114136.957493
0.054287 568306965.116754 371656151.373660 643253291.753462 195783486.657402 707517368.408557 104924996.300497 755028119.138112
0.065513 478858307.898318 330525816.569704 535087558.390721 185521938.777857 585010119.777278 102964707.686438 617949904.047702
0.079060 401559246.459158 301392881.723023 445583616.671905 173706423.663529 484565181.792808 100988466.600180 509521800.166395
0.095410 334025565.318280 268380483.229666 368959044.480461 163184333.927352 401139245.742405 95733661.535565 422487559.842857
0.115140 279985030.217117 235605743.693007 306355228.095469 152257687.931503 332622767.025093 90421778.328907 352588665.385051
0.138950 232850129.187292 204264972.483145 254464971.182554 139099534.237734 275686067.851560 85346188.238468 291744401.503245
0.167683 193635102.601921 174814207.782123 210418562.442042 127932707.788204 227766605.045960 80483135.588148 240135742.907138
0.202359 160394761.912675 146417523.711249 173790889.899096 116322582.603779 187218365.157407 75806957.529171 201238661.623597
0.244205 132865146.264384 122245292.183586 143761583.799749 104556961.445555 154359406.498881 71642718.288845 165361596.966453
0.294705 109734351.507050 101536951.775571 118715782.790505 92644250.023345 127137526.653275 68684542.326175 135399175.031359
0.355648 90326828.029873 84084201.954101 97795785.996438 78249163.169824 104913883.652245 64322444.807189 112014530.287408
0.429193 74504461.135177 69283767.881524 80467949.231737 65152473.575395 86015084.740874 59863313.091320 93602373.293710
0.517947 61066971.212540 56811171.254727 66082832.645122 53721677.797958 71965388.739524 50819682.097940 78517882.182669
0.625055 49835874.769081 46397545.815297 54064155.147139 43784741.200117 59055262.248583 41448237.154598 67784486.696050
0.754312 40543437.910681 37725109.843909 44140584.219201 35510038.185043 49484709.675500 33413411.859457 61582623.775603
0.910298 32783173.112761 30493484.650441 35918977.098714 28638160.380813 41605740.659994 26796589.283773 54739621.261413
1.098541 26325666.301194 24443177.293903 28998330.873157 22774478.608368 34163163.363149 21360126.553980 45042332.902670
1.325711 20524768.551513 18606630.961939 22670036.950861 13971409.041763 26267433.220135 11155400.723157 32358848.353784
1.599859 15827095.097607 10575217.660300 17558542.754024 6528244.729972 20255082.331819 4758046.788562 26754903.037948
1.930698 11529716.033540 5062507.448374 13431386.547438 2961347.582772 15125784.644953 2016883.859372 22163410.919122
2.329952 6833422.602034 2435274.080400 10238817.878381 1298215.281798 11571190.570730 817326.456721 17446569.589618
2.811769 3245671.654457 1142803.849079 7560553.576616 551380.236641 8780879.901343 337112.031131 11803073.398473
3.393222 1567749.304221 520521.591155 5279632.509261 235202.671061 6494915.202286 135168.110857 7290765.638444
4.094915 776855.798822 235623.390700 3270321.907200 97609.564261 4677930.494708 53090.010977 5511333.468790
4.941713 379731.839661 104574.813114 1720471.486457 40132.444038 3423131.245774 20852.176209 4090687.722326
5.963623 180504.935205 46166.604543 862403.317321 16773.271476 2411232.287328 8190.114198 3101814.797238
7.196857 86323.110075 19942.521292 415827.639122 6903.166722 1594352.942607 3216.833097 2124850.768583
8.685114 42672.990368 8996.246567 204626.537500 2819.706080 983364.878258 1263.476299 1500032.650809
10.481131 20105.558570 3899.858469 106007.962385 1137.366480 558887.264762 496.255886 1079341.409749
12.648552 9848.934868 1703.056514 52737.533192 456.185801 308041.595772 194.914542 621510.434129
15.264180 4676.159298 748.257299 25799.973463 185.651441 142003.822037 76.556631 398634.630964
18.420700 2175.054639 328.799826 12927.446202 75.553552 74316.545540 30.069166 241791.176362
22.229965 1007.130927 146.765536 6691.847706 30.747616 37398.768419 11.810274 109101.873999
26.826958 480.645183 63.862413 3445.198856 12.478088 17891.332695 4.638724 45233.629920
32.374575 226.030511 27.099615 1794.944897 5.145287 9187.486540 1.821953 21817.019916
39.069399 107.198706 11.080004 903.823860 2.077580 4389.102896 0.715609 11164.028684
47.148664 51.502897 4.702931 475.973639 0.852283 2259.555999 0.281070 5771.531018
56.898660 24.177626 2.021903 246.312128 0.340670 1229.115441 0.110396 3082.813288
68.664885 11.339374 0.863470 131.938986 0.136281 592.677853 0.043360 1670.056978
82.864277 5.197708 0.367511 67.608524 0.055219 313.572256 0.017031 887.663075
100.000000 2.480375 0.157352 35.308452 0.022374 158.896867 0.006689 489.222054
