0.010000 0.001014 -0.012702 0.014492 -0.018795 0.020584 -0.020057 0.031651
0.012068 0.001400 -0.012365 0.015019 -0.018730 0.021422 -0.020038 0.034273
0.014563 0.001929 -0.012057 0.015603 -0.018494 0.023601 -0.020010 0.038564
0.017575 0.002574 -0.011716 0.016229 -0.018181 0.026126 -0.019967 0.043617
0.021210 0.003417 -0.011249 0.017266 -0.017943 0.029284 -0.019901 0.048531
0.025595 0.004611 -0.010536 0.018652 -0.017503 0.035039 -0.019800 0.060288
0.030888 0.005832 -0.009421 0.020166 -0.016749 0.041122 -0.019647 0.074367
0.037276 0.007395 -0.008025 0.022733 -0.015944 0.047811 -0.019452 0.090508
0.044984 0.009705 -0.006658 0.027532 -0.015102 0.057985 -0.019247 0.107969
0.054287 0.012985 -0.004505 0.034823 -0.013746 0.069494 -0.018896 0.126791
0.065513 0.016866 -0.001659 0.044019 -0.012450 0.084578 -0.018296 0.148065
0.079060 0.022909 0.002435 0.056152 -0.009641 0.102105 -0.017096 0.171787
0.095410 0.031765 0.007109 0.073530 -0.005955 0.129968 -0.015095 0.204738
0.115140 0.044792 0.014510 0.096079 -0.002392 0.160327 -0.013742 0.233715
0.138950 0.063900 0.025135 0.124458 0.002801 0.196291 -0.012423 0.264082
0.167683 0.089283 0.039684 0.157967 0.010903 0.237329 -0.010167 0.296981
0.202359 0.123093 0.060473 0.201847 0.020262 0.297433 -0.006332 0.375759
0.244205 0.163873 0.086469 0.251199 0.033435 0.359767 -0.008039 0.460099
0.294705 0.213811 0.122063 0.309164 0.050456 0.435629 -0.006743 0.567868
0.355648 0.272222 0.159456 0.374051 0.079865 0.510710 -0.006269 0.644226
0.429193 0.328294 0.206566 0.438677 0.100430 0.558829 -0.007522 0.696430
0.517947 0.391939 0.252230 0.506920 0.125371 0.620621 -0.008588 0.767820
0.625055 0.451645 0.290007 0.573596 0.140324 0.677174 -0.009469 0.822353
0.754312 0.501556 0.323085 0.628558 0.152124 0.742977 -0.010179 0.868918
0.910298 0.543332 0.350036 0.677863 0.163917 0.805187 -0.010742 0.903504
1.098541 0.580547 0.365864 0.722068 0.172641 0.846444 -0.011180 0.925760
1.325711 0.603731 0.381896 0.755284 0.181130 0.877410 -0.011517 0.939736
1.599859 0.625635 0.397078 0.790915 0.183274 0.899607 -0.011774 0.948379
1.930698 0.640562 0.404290 0.817208 0.188284 0.919469 -0.011969 0.957880
2.329952 0.649219 0.410749 0.835227 0.193910 0.937307 -0.012115 0.963530
2.811769 0.655422 0.415731 0.848417 0.196746 0.951253 -0.012225 0.971210
3.393222 0.657970 0.422303 0.858549 0.196911 0.955292 -0.012308 0.976302
4.094915 0.660828 0.425720 0.868953 0.197020 0.961787 -0.012369 0.979663
4.941713 0.662689 0.427033 0.874900 0.197091 0.965588 -0.012415 0.982907
5.963623 0.665901 0.429188 0.880860 0.197138 0.967534 -0.012449 0.985336
7.196857 0.667882 0.430563 0.885048 0.197169 0.967893 -0.012474 0.986912
8.685114 0.668537 0.431237 0.886828 0.197189 0.971434 -0.012493 0.987894
10.481131 0.668588 0.431253 0.890152 0.197202 0.974984 -0.012507 0.988506
12.648552 0.669220 0.433117 0.891458 0.197211 0.977165 -0.012517 0.988887
15.264180 0.669427 0.433675 0.893464 0.197216 0.979931 -0.012525 0.989216
18.420700 0.670966 0.434454 0.893844 0.197220 0.980480 -0.012531 0.989457
22.229965 0.670992 0.434455 0.894796 0.197222 0.980689 -0.012535 0.989612
26.826958 0.672327 0.434549 0.895688 0.197224 0.981084 -0.012538 0.989713
32.374575 0.673527 0.434731 0.896631 0.197225 0.981358 -0.012540 0.989779
39.069399 0.673557 0.434873 0.896915 0.197226 0.981446 -0.012542 0.989821
47.148664 0.673578 0.434982 0.897305 0.197226 0.981470 -0.012543 0.989849
56.898660 0.673594 0.435067 0.897595 0.197226 0.981485 -0.012544 0.989866
68.664885 0.673605 0.435133 0.897812 0.197227 0.981616 -0.012545 0.989878
82.864277 0.673613 0.435184 0.897973 0.197227 0.981775 -0.012545 0.989885
100.000000 0.673619 0.435224 0.898093 0.197227 0.981802 -0.012546 0.989890
