0.010000 -0.635133 -0.908051 -0.292071 -0.986144 -0.066102 -1.001251 -0.008951
0.012068 -0.662652 -0.917178 -0.303375 -0.988569 -0.069333 -1.001562 -0.011217
0.014563 -0.679400 -0.928554 -0.319852 -0.994488 -0.077043 -1.001998 -0.013062
0.017575 -0.714397 -0.953217 -0.338115 -1.003834 -0.086713 -1.024001 -0.015842
0.021210 -0.733143 -0.969868 -0.369121 -1.029712 -0.094330 -1.056359 -0.020816
0.025595 -0.760781 -0.984517 -0.389630 -1.043871 -0.102180 -1.069952 -0.027874
0.030888 -0.799397 -1.002185 -0.416206 -1.047093 -0.115242 -1.065625 -0.037898
0.037276 -0.842540 -1.011365 -0.434729 -1.049070 -0.133396 -1.069483 -0.051869
0.044984 -0.868622 -1.015263 -0.470899 -1.054182 -0.142386 -1.072788 -0.063968
0.054287 -0.897748 -1.017437 -0.507311 -1.054236 -0.158824 -1.073037 -0.072482
0.065513 -0.922865 -1.021064 -0.555504 -1.056778 -0.186720 -1.076877 -0.080243
0.079060 -0.951486 -1.023173 -0.582630 -1.056241 -0.218740 -1.078663 -0.091125
0.095410 -0.978062 -1.026982 -0.632391 -1.063109 -0.267754 -1.080969 -0.106397
0.115140 -1.001490 -1.031181 -0.672569 -1.065414 -0.305356 -1.084971 -0.114771
0.138950 -1.014194 -1.036732 -0.731078 -1.068204 -0.348032 -1.094792 -0.135213
0.167683 -1.020279 -1.042298 -0.781822 -1.075364 -0.411314 -1.095588 -0.165259
0.202359 -1.026701 -1.048618 -0.835329 -1.083579 -0.456863 -1.104015 -0.174501
0.244205 -1.033450 -1.056868 -0.895942 -1.090399 -0.518130 -1.123191 -0.187020
0.294705 -1.042183 -1.067748 -0.940823 -1.098301 -0.583476 -1.133405 -0.204057
0.355648 -1.052213 -1.079118 -0.976279 -1.114834 -0.614299 -1.145195 -0.233673
0.429193 -1.063958 -1.093948 -1.009537 -1.131722 -0.666039 -1.176303 -0.285308
0.517947 -1.076484 -1.110618 -1.038750 -1.147391 -0.725856 -1.187847 -0.354483
0.625055 -1.092087 -1.130384 -1.053506 -1.171970 -0.789729 -1.213216 -0.445008
0.754312 -1.110183 -1.152606 -1.067661 -1.201507 -0.829075 -1.249790 -0.520776
0.910298 -1.131945 -1.178806 -1.084422 -1.233675 -0.861075 -1.293855 -0.596198
1.098541 -1.159988 -1.220187 -1.108121 -3.277171 -0.959058 -4.654949 -0.691287
1.325711 -1.206632 -3.054331 -1.138737 -4.561142 -1.073849 -4.964773 -0.801264
1.599859 -1.277969 -4.032520 -1.183128 -4.774631 -1.120049 -4.971803 -0.890323
1.930698 -1.458517 -4.311471 -1.237948 -4.895542 -1.159751 -4.977034 -0.967035
2.329952 -3.398494 -4.488179 -1.311128 -4.922027 -1.210235 -4.982673 -1.084129
2.811769 -3.626434 -4.551437 -1.413025 -4.928978 -1.276772 -4.982673 -1.192620
3.393222 -3.790300 -4.607843 -1.585838 -4.936874 -1.356314 -4.982673 -1.260702
4.094915 -3.898419 -4.651949 -3.081577 -4.940673 -1.461357 -4.982673 -1.306356
4.941713 -3.952713 -4.662389 -3.171843 -4.941440 -1.568818 -4.982673 -1.398896
5.963623 -3.975325 -4.667021 -3.218261 -4.944303 -1.713980 -4.982673 -1.462317
7.196857 -3.994037 -4.667378 -3.264893 -4.944303 -1.904811 -4.982673 -1.623939
8.685114 -4.002529 -4.677776 -3.306635 -4.945293 -2.078894 -4.995718 -1.748619
10.481131 -4.014840 -4.684857 -3.334715 -4.946015 -3.022382 -4.995718 -1.838523
12.648552 -4.022306 -4.684881 -3.348743 -4.946015 -3.043445 -4.995718 -2.033847
15.264180 -4.030031 -4.684881 -3.353625 -4.946015 -3.055265 -4.995718 -2.127151
18.420700 -4.037965 -4.689069 -3.371073 -4.946015 -3.065368 -4.995718 -2.409780
22.229965 -4.038923 -4.689400 -3.377393 -4.946015 -3.075723 -4.995718 -3.017839
26.826958 -4.038923 -4.689400 -3.377393 -4.946015 -3.075723 -4.995718 -3.017839
32.374575 -4.038923 -4.689400 -3.377393 -4.946015 -3.075723 -4.995718 -3.017839
39.069399 -4.038923 -4.689400 -3.377393 -4.946015 -3.075723 -4.995718 -3.017839
47.148664 -4.038923 -4.689400 -3.377393 -4.946015 -3.075723 -4.995718 -3.017839
56.898660 -4.038923 -4.689400 -3.377393 -4.946015 -3.075723 -4.995718 -3.017839
68.664885 -4.038923 -4.689400 -3.377393 -4.946015 -3.075723 -4.995718 -3.017839
82.864277 -4.038923 -4.689400 -3.377393 -4.946015 -3.075723 -4.995718 -3.017839
100.000000 -4.038923 -4.689400 -3.377393 -4.946015 -3.075723 -4.995718 -3.017839
