0.010000 0.000507 -0.006311 0.007299 -0.009310 0.010399 -0.009929 0.016080
0.012068 0.000701 -0.006145 0.007567 -0.009278 0.010827 -0.009920 0.017435
0.014563 0.000965 -0.005992 0.007863 -0.009162 0.011941 -0.009906 0.019661
0.017575 0.001289 -0.005824 0.008181 -0.009009 0.013236 -0.009885 0.022295
0.021210 0.001711 -0.005593 0.008708 -0.008892 0.014860 -0.009852 0.024869
0.025595 0.002311 -0.005240 0.009414 -0.008676 0.017832 -0.009803 0.031081
0.030888 0.002925 -0.004688 0.010186 -0.008305 0.020993 -0.009728 0.038619
0.037276 0.003711 -0.003997 0.011497 -0.007909 0.024491 -0.009632 0.047399
0.044984 0.004876 -0.003318 0.013958 -0.007495 0.029858 -0.009532 0.057065
0.054287 0.006535 -0.002247 0.017720 -0.006826 0.035998 -0.009360 0.067686
0.065513 0.008505 -0.000829 0.022505 -0.006187 0.044156 -0.009065 0.079951
0.079060 0.011587 0.001219 0.028887 -0.004797 0.053799 -0.008475 0.093964
0.095410 0.016139 0.003567 0.038168 -0.002969 0.069501 -0.007491 0.114044
0.115140 0.022909 0.007308 0.050464 -0.001195 0.087150 -0.006824 0.132320
0.138950 0.033004 0.012727 0.066359 0.001402 0.108827 -0.006173 0.152128
0.167683 0.046727 0.020244 0.085757 0.005481 0.134641 -0.005058 0.174385
0.202359 0.065583 0.031179 0.112252 0.010235 0.174697 -0.003156 0.231345
0.244205 0.089249 0.045188 0.143641 0.017002 0.219339 -0.004004 0.298785
0.294705 0.119702 0.064999 0.182847 0.025881 0.278469 -0.003360 0.396520
0.355648 0.157556 0.086635 0.230051 0.041593 0.342922 -0.003125 0.475172
0.429193 0.196383 0.115179 0.280965 0.052870 0.387761 -0.003747 0.534248
0.517947 0.243734 0.144315 0.339513 0.066878 0.449928 -0.004276 0.623139
0.625055 0.291694 0.169595 0.402128 0.075456 0.511915 -0.004712 0.698301
0.754312 0.334718 0.192666 0.458319 0.082324 0.591061 -0.005064 0.768218
0.910298 0.372997 0.212147 0.512703 0.089275 0.673903 -0.005342 0.823992
1.098541 0.408993 0.223888 0.565028 0.094475 0.733769 -0.005559 0.861781
1.325711 0.432389 0.236014 0.606793 0.099584 0.781595 -0.005726 0.886323
1.599859 0.455217 0.247721 0.654143 0.100882 0.817533 -0.005853 0.901826
1.930698 0.471197 0.253360 0.690914 0.103926 0.850943 -0.005949 0.919165
2.329952 0.480624 0.258455 0.717072 0.107364 0.882011 -0.006021 0.929626
2.811769 0.487456 0.262412 0.736739 0.109106 0.907038 -0.006076 0.944032
3.393222 0.490279 0.267670 0.752156 0.109208 0.914411 -0.006116 0.953701
4.094915 0.493460 0.270422 0.768273 0.109275 0.926387 -0.006147 0.960136
4.941713 0.495539 0.271482 0.777620 0.109319 0.933466 -0.006169 0.966388
5.963623 0.499139 0.273227 0.787086 0.109347 0.937110 -0.006186 0.971096
7.196857 0.501369 0.274343 0.793800 0.109366 0.937784 -0.006198 0.974162
8.685114 0.502107 0.274890 0.796668 0.109379 0.944454 -0.006208 0.976078
10.481131 0.502164 0.274903 0.802049 0.109387 0.951189 -0.006215 0.977274
12.648552 0.502878 0.276419 0.804172 0.109392 0.955350 -0.006220 0.978018
15.264180 0.503112 0.276875 0.807443 0.109395 0.960652 -0.006223 0.978662
18.420700 0.504853 0.277509 0.808063 0.109398 0.961707 -0.006226 0.979133
22.229965 0.504882 0.277511 0.809621 0.109399 0.962110 -0.006228 0.979438
26.826958 0.506395 0.277587 0.811082 0.109400 0.962871 -0.006230 0.979636
32.374575 0.507758 0.277736 0.812630 0.109401 0.963399 -0.006231 0.979764
39.069399 0.507792 0.277851 0.813097 0.109401 0.963568 -0.006232 0.979847
47.148664 0.507816 0.277941 0.813738 0.109401 0.963614 -0.006233 0.979901
56.898660 0.507834 0.278010 0.814216 0.109402 0.963643 -0.006233 0.979936
68.664885 0.507847 0.278064 0.814572 0.109402 0.963895 -0.006233 0.979959
82.864277 0.507856 0.278106 0.814837 0.109402 0.964202 -0.006234 0.979973
100.000000 0.507863 0.278138 0.815035 0.109402 0.964255 -0.006234 0.979983
