0.001000 0.007248 0.006067 0.008414 0.005473 0.008830 0.005353 0.008912
0.001038 0.008099 0.006779 0.009401 0.006115 0.009867 0.005981 0.009958
0.001077 0.009049 0.007575 0.010505 0.006833 0.011025 0.006683 0.011126
0.001117 0.010111 0.008464 0.011738 0.007635 0.012318 0.007468 0.012432
0.001159 0.011298 0.009457 0.013115 0.008531 0.013764 0.008344 0.013891
0.001203 0.012624 0.010567 0.014654 0.009532 0.015379 0.009323 0.015521
0.001248 0.014105 0.011807 0.016374 0.010651 0.017184 0.010417 0.017343
0.001296 0.015760 0.013193 0.018296 0.011901 0.019201 0.011640 0.019378
0.001344 0.017610 0.014741 0.020443 0.013298 0.021454 0.013006 0.021652
0.001395 0.019677 0.016471 0.022842 0.014858 0.023972 0.014532 0.024193
0.001448 0.021986 0.018405 0.025522 0.016602 0.026785 0.016238 0.027033
0.001502 0.024566 0.020564 0.028518 0.018550 0.029929 0.018143 0.030205
0.001559 0.027449 0.022978 0.031864 0.020727 0.033441 0.020273 0.033750
0.001617 0.030670 0.025674 0.035604 0.023160 0.037366 0.022652 0.037711
0.001678 0.034270 0.028687 0.039782 0.025878 0.041751 0.025310 0.042136
0.001742 0.038292 0.032054 0.044451 0.028915 0.046650 0.028280 0.047081
0.001807 0.042785 0.035816 0.049668 0.032308 0.052125 0.031599 0.052606
0.001875 0.047806 0.040019 0.055496 0.036100 0.058242 0.035308 0.058780
0.001946 0.053417 0.044715 0.062009 0.040336 0.065077 0.039451 0.065678
0.002019 0.059685 0.049963 0.069286 0.045070 0.072714 0.044081 0.073386
0.002095 0.066690 0.055826 0.077417 0.050359 0.081248 0.049254 0.081998
0.002174 0.074516 0.062378 0.086503 0.056269 0.090783 0.055034 0.091621
0.002256 0.083261 0.069698 0.096654 0.062872 0.101436 0.061493 0.102373
0.002341 0.093032 0.077878 0.107997 0.070250 0.113340 0.068709 0.114387
0.002430 0.103949 0.087017 0.120671 0.078495 0.126641 0.076772 0.127811
0.002521 0.116148 0.097228 0.134832 0.087706 0.141503 0.085782 0.142810
0.002616 0.129778 0.108638 0.150654 0.097999 0.158108 0.095848 0.159569
0.002715 0.145008 0.121387 0.168334 0.109499 0.176663 0.107096 0.178294
0.002817 0.162025 0.135632 0.188088 0.122349 0.197394 0.119664 0.199217
0.002923 0.181039 0.151549 0.210160 0.136707 0.220559 0.133707 0.222596
0.003033 0.202284 0.169333 0.234823 0.152749 0.246441 0.149397 0.248717
0.003148 0.226021 0.189204 0.262379 0.170674 0.275361 0.166929 0.277904
0.003266 0.252545 0.211407 0.293169 0.190702 0.307674 0.186518 0.310516
0.003389 0.282180 0.236215 0.327571 0.213081 0.343779 0.208405 0.346954
0.003517 0.315293 0.263934 0.366011 0.238085 0.384120 0.232861 0.387668
0.003650 0.352292 0.294906 0.408961 0.266024 0.429195 0.260186 0.433159
0.003787 0.393631 0.329512 0.456950 0.297240 0.479559 0.290718 0.483988
0.003930 0.439822 0.368178 0.510571 0.332119 0.535833 0.324832 0.540781
0.004078 0.491431 0.411381 0.570482 0.371091 0.598709 0.362948 0.604238
0.004232 0.549097 0.459653 0.637424 0.414635 0.668962 0.405537 0.675140
0.004391 0.613528 0.513589 0.712219 0.463289 0.747458 0.453123 0.754361
0.004557 0.685518 0.573852 0.795790 0.517650 0.835164 0.506291 0.842877
0.004728 0.765955 0.641186 0.889165 0.578390 0.933159 0.565698 0.941778
0.004906 0.855828 0.716420 0.993496 0.646256 1.042652 0.632075 1.052281
0.005091 0.956246 0.800480 1.110066 0.722083 1.164990 0.706238 1.175749
0.005283 1.068443 0.894402 1.240312 0.806806 1.301680 0.789102 1.313702
0.005482 1.193803 0.999341 1.385837 0.901468 1.454405 0.881687 1.467837
0.005689 1.333869 1.116591 1.548433 1.007235 1.625046 0.985133 1.640055
0.005903 1.490364 1.247595 1.730102 1.125408 1.815704 1.100713 1.832473
0.006126 1.665217 1.393965 1.933081 1.257444 2.028726 1.229851 2.047463
0.006356 1.860579 1.557504 2.159869 1.404966 2.266735 1.374136 2.287670
0.006596 2.078855 1.740225 2.413256 1.569791 2.532659 1.535344 2.556050
0.006844 2.322731 1.944375 2.696362 1.753947 2.829773 1.715460 2.855907
0.007102 2.595209 2.172468 3.012670 1.959702 3.161731 1.916699 3.190932
0.007370 2.899641 2.427311 3.366073 2.189585 3.532619 2.141538 3.565245
0.007648 3.239773 2.712037 3.760918 2.446427 3.947000 2.392744 3.983453
0.007936 3.619788 3.030151 4.202061 2.733385 4.409971 2.673405 4.450700
0.008235 4.044360 3.385564 4.694930 3.053989 4.927226 2.986974 4.972732
0.008545 4.518711 3.782646 5.245584 3.412182 5.505125 3.337307 5.555968
0.008867 5.048672 4.226280 5.860794 3.812368 6.150774 3.728711 6.207580
0.009201 5.640757 4.721919 6.548121 4.259465 6.872109 4.165998 6.935577
0.009548 6.302243 5.275654 7.316013 4.758968 7.677994 4.654540 7.748906
0.009908 7.041257 5.894289 8.173904 5.317015 8.578332 5.200341 8.657559
0.010281 7.866878 6.585422 9.132332 5.940460 9.584182 5.810106 9.672698
0.010669 8.789243 7.357540 10.203068 6.636959 10.707895 6.491322 10.806790
0.011071 9.819677 8.220124 11.399256 7.415064 11.963268 7.252351 12.073757
0.011488 10.970826 9.183759 12.735577 8.284322 13.365707 8.102536 13.489148
0.011921 12.256813 10.260268 14.228425 9.255401 14.932419 9.052305 15.070330
0.012370 13.693409 11.462854 15.896111 10.340208 16.682618 10.113308 16.836693
0.012836 15.298228 12.806259 17.759078 11.552043 18.637762 11.298551 18.809894
0.013320 17.090935 14.306948 19.840157 12.905757 20.821808 12.622560 21.014112
0.013822 19.093489 15.983300 22.164839 14.417932 23.261511 14.101552 23.476346
0.014343 21.330407 17.855841 24.761585 16.107080 25.986738 15.753635 26.226743
0.014883 23.829062 19.947483 27.662170 17.993872 29.030838 17.599024 29.298957
0.015444 26.620011 22.283808 30.902067 20.101382 32.431039 19.660288 32.730561
0.016026 29.737367 24.893370 34.520877 22.455369 36.228900 21.962620 36.563498
0.016630 33.219207 27.808043 38.562799 25.084586 40.470809 24.534143 40.844584
0.017256 37.108028 31.063404 43.077170 28.021124 45.208541 27.406243 45.626073
0.017907 41.451260 34.699156 48.119049 31.300799 50.499882 30.613951 50.966283
0.018581 46.301835 38.759607 53.749880 34.963579 56.409315 34.196357 56.930293
0.019281 51.718811 43.294198 60.038223 39.054062 63.008793 38.197080 63.590721
0.020008 57.768084 48.358089 67.060573 43.622007 70.378594 42.664788 71.028588
0.020762 64.523164 54.012817 74.902265 48.722923 78.608278 47.653773 79.334278
0.021544 72.066051 60.327023 83.658489 54.418730 87.797742 53.224594 88.608613
0.022356 80.488197 67.377263 93.435410 60.778486 98.058405 59.444795 98.964040
0.023199 89.891588 75.248911 104.351416 67.879202 109.514513 66.389697 110.525953
0.024073 100.389932 84.037153 116.538509 75.806743 122.304599 74.143280 123.434164
0.024980 112.109996 93.848105 130.143845 84.656833 136.583099 82.799168 137.844536
0.025921 125.193071 104.800043 145.331443 94.536163 152.522149 92.461711 153.930794
0.026898 139.796610 117.024773 162.284086 105.563630 170.313575 103.247198 171.886535
0.027911 156.096043 130.669149 181.205422 117.871706 190.171100 115.285192 191.927458
0.028963 174.286784 145.896752 202.322298 131.607952 212.332797 128.720017 214.293833
0.030055 194.586455 162.889756 225.887345 146.936700 237.063794 143.712399 239.253237
0.031187 217.237351 181.850989 252.181831 164.040912 264.659278 160.441286 267.103584
0.032362 242.509161 203.006207 281.518827 183.124236 295.447810 179.105856 298.176468
0.033582 270.701978 226.606622 314.246698 204.413279 329.794989 199.927743 332.840868
0.034847 302.149615 252.931671 350.752957 228.160113 368.107504 223.153489 371.507224
0.036160 337.223276 282.292091 391.468515 254.645039 410.837585 249.057244 414.631946
0.037523 376.335583 315.033291 436.872369 284.179640 458.487930 277.943753 462.722374
0.038937 419.945016 351.539070 487.496752 317.110125 511.617105 310.151629 516.342233
0.040404 468.560797 392.235699 543.932795 353.821017 570.845490 346.056957 576.117632
0.041927 522.748238 437.596405 606.836748 394.739198 636.861803 386.077251 642.743649
0.043507 583.134608 488.146281 676.936780 440.338333 710.430243 430.675783 716.991544
0.045146 650.415555 544.467657 755.040441 491.143720 792.398315 480.366324 799.716645
0.046847 725.362107 607.205969 842.042785 547.737583 883.705359 535.718321 891.866971
0.048612 808.828316 677.076148 938.935245 610.764834 985.391862 597.362535 994.492618
0.050444 901.759560 754.869577 1046.815271 680.939350 1098.609574 665.997179 1108.755971
0.052345 1005.201553 841.461632 1166.896791 759.050774 1224.632484 742.394568 1235.942788
0.054317 1120.310097 937.819843 1300.521525 845.971879 1364.868701 827.408322 1377.474179
0.056364 1248.361599 1045.012700 1449.171203 942.666508 1520.873263 921.981136 1534.919549
0.058488 1390.764383 1164.219121 1614.480689 1050.198120 1694.361928 1027.153132 1710.010499
0.060692 1549.070813 1296.738601 1798.252057 1169.738941 1887.225933 1144.070812 1904.655731
0.062979 1724.990226 1444.002039 2002.469608 1302.579730 2101.547755 1273.996613 2120.956960
0.065352 1920.402684 1607.583248 2229.315825 1450.140163 2339.617864 1418.319059 2361.225806
0.067815 2137.373492 1789.211112 2481.188237 1613.979803 2603.952414 1578.563489 2628.001663
0.070370 2378.168480 1990.782372 2760.717152 1795.809627 2897.311854 1756.403336 2924.070474
0.073022 2645.269937 2214.374971 3070.784155 1997.504071 3222.720345 1953.671904 3252.484332
0.075774 2941.393132 2462.261881 3414.541289 2221.113495 3583.485888 2172.374562 3616.581786
0.078629 3269.503274 2736.925301 3795.430744 2468.876997 3983.220983 2414.701274 4020.008703
0.081592 3632.832745 3041.071080 4217.204858 2743.235423 4425.863627 2683.039325 4466.739449
0.084666 4034.898387 3377.643194 4683.946185 3046.844422 4915.698371 2979.986089 4961.098147
0.087857 4479.518570 3749.838028 5200.087315 3382.587332 5457.377121 3308.361635 5507.779663
0.091167 4970.829718 4161.118213 5770.430049 3753.587661 6055.939260 3671.220931 6111.869925
0.094603 5513.301890 4615.225669 6400.163494 4163.220854 6716.830642 4071.865351 6778.865083
0.098168 6111.752957 5116.193470 7094.880517 4615.124997 7445.920858 4513.853150 7514.688937
0.101867 6771.360831 5668.356086 7860.591940 5113.210049 8249.518135 5001.008489 8325.707974
0.105705 7497.673125 6276.357463 8703.737758 5661.665140 9134.381102 5537.428573 9218.743245
0.109688 8296.613536 6945.156373 9631.194543 6264.963389 10107.726574 6127.488366 10201.078216
0.113822 9174.484174 7680.028358 10650.278157 6927.863666 11177.232384 6775.842312 11280.461630
0.118111 10137.962977 8486.563569 11768.740738 7655.408634 12351.034232 7487.422421 12465.104327
0.122561 11194.095273 9370.659702 12994.760916 8452.918382 13637.715410 8267.432039 13763.668869
0.127180 12350.278515 10338.509220 14336.926088 9325.978896 15046.288200 9121.334578 15185.250775
0.131972 13614.239165 11396.580001 15804.205582 10280.424606 16586.165717 10054.836439 16739.350094
0.136945 14994.000701 12551.588557 17405.913523 11322.314224 18267.122928 11073.863386 18435.832073
0.142105 16497.841739 13810.464980 19151.660210 12457.899123 20099.245631 12184.529615 20284.875661
0.147460 18134.243330 15180.308819 21051.290945 13693.583540 22092.866254 13393.098830 22296.908708
0.153017 19911.824606 16668.335214 23114.811322 15035.875979 24258.485446 14705.936718 24482.528848
0.158783 21839.266128 18281.810725 25352.298242 16491.331330 26606.678695 16129.454331 26852.409238
0.164766 23925.220494 20027.978508 27773.796149 18066.483370 29147.987422 17670.042074 29417.188658
0.170975 26178.210114 21913.972733 30389.198353 19767.767565 31892.794438 19333.994194 32187.345810
0.177417 28606.512360 23946.722450 33208.113715 21601.434351 34851.184032 21127.423971 35173.058118
0.184103 31218.032819 26132.845484 36239.719500 23573.453415 38032.787541 23056.170099 38384.045871
0.191040 34020.167779 28478.533323 39492.601754 25689.409867 41446.615831 25125.695128 41829.403158
0.198239 37019.657708 30989.428462 42974.585206 27954.393587 45100.880784 27340.977251 45517.417701
0.205709 40222.433999 33670.496114 46692.555364 30372.883507 49002.808587 29706.397115 49455.382428
0.213460 43633.461875 36525.892703 50652.276149 32948.628981 53158.448350 32225.621801 53649.402314
0.221504 47256.582897 39558.834028 54858.207070 35684.530859 57572.480229 34901.488504 58104.200741
0.229851 51094.361032 42771.466406 59313.324532 38582.525252 62248.027893 37735.890851 62822.930228
0.238512 55147.936667 46164.744462 64018.952360 41643.473293 67186.480672 40729.671077 67806.992933
0.247499 59416.893232 49738.319484 68974.606978 44867.060421 72387.331059 43882.521524 73055.876666
0.256826 63899.141252 53490.442355 74177.862798 48251.708822 77848.033456 47192.899002 78567.012316
0.266503 68590.824555 57417.885046 79624.243352 51794.506616 83563.889907 50657.955526 84335.658540
0.276546 73486.253125 61515.884403 85307.143337 55491.157139 89527.968292 54273.488718 90354.819193
0.286967 78577.866540 65778.111539 91217.786170 59335.951343 95731.057781 58033.914804 96615.198379
0.297780 83856.231231 70196.669547 97345.220815 63321.765724 102161.665501 61932.266595 103105.197079
0.309001 89310.073853 74762.121424 103676.360511 67440.087520 108806.057187 65960.218129 109810.954184
0.320645 94926.351928 79463.549217 110196.064787 71681.068056 115648.343248 70108.136845 116716.433351
0.332727 100690.361692 84288.644296 116887.264655 76033.604183 122670.610155 74365.163236 123803.555607
0.345265 106585.881754 89223.827615 123731.129371 80485.446755 129853.095459 78719.316944 131052.375986
0.358275 112595.349866 94254.397687 130707.271654 85023.334117 137174.403155 83157.627320 138441.300874
0.371776 118700.068876 99364.702989 137793.986754 89633.147620 144611.754588 87666.285529 145947.341242
0.385785 124880.436826 104538.334576 144968.519570 94300.085373 152141.268780 92230.814484 153546.395554
0.400322 131116.195273 109758.333956 152207.352916 99008.849763 159738.264963 96836.252253 161213.555097
0.415407 137386.689301 115007.410748 159486.509358 103743.843788 167377.579347 101467.344089 168923.423679
0.431060 143671.132325 120268.164346 166781.858611 108489.371019 175033.887729 106108.737997 176650.443210
0.447304 149948.868761 125523.303811 174069.422464 113229.833953 182682.025506 110745.178735 184369.216675
0.464159 156199.627910 130755.860390 181325.669504 117949.925717 190297.296976 115361.695317 192054.820290
0.481649 162403.762915 135949.387554 188527.792509 122634.810520 197855.766464 119943.777501 199683.097319
0.499799 168542.469446 141088.144060 195653.962311 127270.288780 205334.524739 124477.537292 207230.926948
0.518632 174597.979684 146157.256336 202683.552989 131842.943608 212711.925349 128949.852217 214676.462806
0.538175 180553.728274 151142.857400 209597.334506 136340.266125 219967.786795 133348.487882 221999.337005
0.558455 186394.488007 156032.200444 216377.630229 140750.757916 227083.557840 137662.198188 229180.826973
0.579498 192106.474142 160813.746159 223008.438022 145064.009806 234042.444595 141880.802374 236203.983720
0.601335 197677.417311 165477.223768 229475.514886 149270.756914 240829.499345 145995.238862 243053.721478
0.623994 203096.605929 170013.666523 235766.426187 153362.910676 247431.672217 149997.596580 249716.869849
0.647508 208354.899844 174415.423136 241870.561499 157333.569153 253837.827801 153881.125040 256182.190582
0.671907 213444.717619 178676.147129 247779.119849 161177.007428 260038.729670 157640.224951 262440.361943
0.697226 218360.000350 182790.766550 253485.067705 164888.650283 266026.996289 161270.421491 268483.934225
0.723499 223096.155238 186755.436733 258983.073479 168465.029592 271797.032271 164768.322636 274307.260363
0.750762 227649.982314 190567.478959 264269.422456 171903.728983 277344.939106 168131.565037 279906.405843
0.779052 232019.587727 194225.307874 269341.916147 175203.318366 282668.409527 171358.749986 285279.042089
0.808408 236204.286954 197728.350456 274199.759914 178363.280842 287766.609582 174449.371927 290424.327444
0.838870 240204.501047 201076.959172 278843.442542 181383.934357 292640.052236 177403.741829 295342.779613
0.870480 244021.648822 204272.321723 283274.611073 184266.350292 297290.466026 180222.907563 300036.143097
0.903282 247658.037542 207316.369537 287495.943916 187012.270914 301720.661882 182908.573164 304507.254787
0.937319 251116.754340 210211.686874 291511.024794 189624.027388 305934.400842 185463.018644 308759.910456
0.972639 254401.560233 212961.422111 295324.219714 192104.459744 309936.264937 187889.021712 312798.734452
1.009290 257516.788270 215569.202473 298940.558735 194456.839967 313731.533100 190189.782555 316629.054465
1.047322 260467.246995 218039.053229 302365.623895 196684.799099 317326.063559 192368.852538 320256.782826
1.086787 263258.130110 220375.322066 305605.444349 198792.259024 320726.183778 194430.067484 323688.305438
1.127740 265894.932939 222582.609158 308666.399389 200783.369387 323938.588683 196377.485980 326930.379060
1.170235 268383.376049 224665.703237 311555.129785 202662.449920 326970.247618 198215.332970 329990.037401
1.214332 270729.336191 226629.523771 314278.457613 204433.938291 329828.320200 199947.948743 332874.506202
1.260090 272938.784515 228479.069256 316843.314532 206102.343454 332520.081053 201579.743311 335591.127274
1.307573 275017.731909 230219.371450 319256.678336 207672.204368 335052.853218 203115.156033 338147.291291
1.356845 276972.181187 231855.455354 321525.517440 209148.053897 337433.949894 204558.620305 340550.378993
1.407973 278808.085755 233392.304606 323656.742907 210534.387592 339670.624087 205914.533032 342807.710374
1.461028 280531.314345 234834.831967 325657.167505 211835.637070 341770.025649 207187.228583 344926.501319
1.516083 282147.621370 236187.854496 327533.471291 213056.147618 343739.165153 208380.956897 346913.827149
1.573212 283662.622406 237456.073036 329292.173158 214200.159688 345584.884032 209499.865375 348776.592481
1.632493 285081.774348 238644.055592 330939.607787 215271.793907 347313.830395 210547.984223 350521.506825
1.694009 286410.359739 239756.224220 332481.907463 216275.039243 348932.439940 211529.214877 352155.065316
1.757842 287653.474827 240796.845027 333924.988209 217213.743990 350446.921404 212447.321187 353683.534032
1.824081 288816.020912 241770.020928 335274.539741 218091.609233 351863.246016 213305.923022 355112.939354
1.892816 289902.698563 242679.686803 336536.018755 218912.184480 353187.140461 214108.492003 356449.060853
1.964141 290918.004328 243529.606746 337714.645107 219678.865177 354424.082862 214858.349067 357697.427247
2.038154 291866.229579 244323.373097 338815.400473 220394.891837 355579.301377 215558.663619 358863.314981
2.114955 292751.461171 245064.406990 339843.029111 221063.350539 356657.775003 216212.454018 359951.749035
2.194651 293577.583622 245755.960186 340802.040400 221687.174571 357664.236231 216822.589188 360967.505609
2.277350 294348.282561 246401.117951 341696.712834 222269.147037 358603.175247 217391.791160 361915.116357
2.363165 295067.049199 247002.802804 342531.099212 222811.904230 359478.845376 217922.638378 362798.873887
2.452213 295737.185623 247563.778946 343309.032792 223317.939631 360295.269537 218417.569608 363622.838273
2.544617 296361.810738 248086.657236 344034.134181 223789.608398 361056.247476 218878.888326 364390.844355
2.640503 296943.866689 248573.900565 344709.818793 224229.132212 361765.363597 219308.767464 365106.509639
2.740003 297486.125638 249027.829531 345339.304717 224638.604397 362425.995211 219709.254408 365773.242630
2.843251 297991.196772 249450.628301 345925.620847 225019.995207 363041.321078 220082.276182 366394.251445
2.950391 298461.533442 249844.350596 346471.615180 225375.157226 363614.330106 220429.644715 366972.552596
3.061567 298899.440360 250210.925706 346979.963159 225705.830796 364147.830115 220753.062159 367510.979836
3.176933 299307.080772 250552.164501 347453.176006 226013.649431 364644.456577 221054.126186 368012.192976
3.296646 299686.483552 250869.765366 347893.608957 226300.145182 365106.681260 221334.335227 368478.686615
3.420870 300039.550176 251165.320041 348303.469356 226566.753897 365536.820724 221595.093622 368912.798705
3.549775 300368.061529 251440.319317 348684.824561 226814.820363 365937.044612 221837.716649 369316.718930
3.683537 300673.684524 251696.158580 349039.609620 227045.603304 366309.383719 222063.435413 369692.496838
3.822340 300957.978505 251934.143168 349369.634711 227260.280218 366655.737784 222273.401570 370042.049716
3.966373 301222.401415 252155.493535 349676.592300 227459.952028 366977.883014 222468.691889 370367.170173
4.115834 301468.315721 252361.350215 349962.064019 227645.647568 367277.479296 222650.312624 370669.533428
4.270926 301696.994094 252552.778568 350227.527258 227818.327858 367556.077119 222819.203711 370950.704289
4.431863 301909.624824 252730.773319 350474.361452 227978.890205 367815.124170 222976.242762 371212.143814
4.598864 302107.316981 252896.262882 350703.854078 228128.172092 368055.971627 223122.248887 371455.215659
4.772158 302291.105329 253050.113463 350917.206348 228266.954894 368279.880137 223257.986313 371681.192113
4.951983 302461.954977 253193.132963 351115.538619 228395.967386 368488.025487 223384.167824 371891.259826
5.138583 302620.765792 253326.074668 351299.895507 228515.889079 368681.503981 223501.458019 372086.525223
5.332215 302768.376565 253449.640734 351471.250731 228627.353363 368861.337515 223610.476390 372268.019641
5.533143 302905.568953 253564.485494 351630.511684 228730.950485 369028.478378 223711.800232 372436.704162
5.741642 303033.071185 253671.218553 351778.523737 228827.230349 369183.813768 223805.967382 372593.474179
5.957999 303151.561566 253770.407724 351916.074306 228916.705156 369328.170061 223893.478801 372739.163699
6.182508 303261.671758 253862.581778 352043.896660 228999.851890 369462.316807 223974.801008 372874.549380
6.415476 303363.989875 253948.233029 352162.673519 229077.114650 369586.970505 224050.368355 373000.354339
6.657224 303459.063387 254027.819767 352273.040416 229148.906843 369702.798133 224120.585178 373117.251713
6.908081 303547.401840 254101.768537 352375.588862 229215.613236 369810.420468 224185.827802 373225.868012
7.168391 303629.479407 254170.476274 352470.869305 229277.591892 369910.415195 224246.446431 373326.786258
7.438510 303705.737284 254234.312304 352559.393911 229335.175966 370003.319820 224302.766910 373420.548919
7.718807 303776.585923 254293.620222 352641.639158 229388.675400 370089.634395 224355.092381 373507.660667
8.009667 303842.407129 254348.719640 352718.048266 229438.378504 370169.824071 224403.704827 373588.590949
8.311487 303903.556018 254399.907826 352789.033476 229484.553435 370244.321485 224448.866519 373663.776397
8.624680 303960.362847 254447.461241 352854.978167 229527.449575 370313.528986 224490.821370 373733.623076
8.949674 304013.134720 254491.636965 352916.238846 229567.298829 370377.820720 224529.796193 373798.508587
9.286915 304062.157191 254532.674037 352973.146998 229604.316822 370437.544573 224566.001882 373858.784030
9.636864 304107.695745 254570.794696 353026.010817 229638.704030 370493.023987 224599.634516 373914.775833
10.000000 304149.997197 254606.205554 353075.116818 229670.646827 370544.559653 224630.876378 373966.787466
