0.010000 10629.633546 3807.150351 17784.338321 1229.471220 21193.115084 531.733781 24370.283631
0.012068 16917.056221 6316.632662 26528.481166 2130.366932 31335.386503 918.568330 35503.093392
0.014563 26608.907629 10321.363772 40190.779758 3660.765555 46324.806472 1586.759838 51719.427751
0.017575 41347.064415 16914.520756 59837.189595 6289.437051 68289.658384 2740.875132 76141.779535
0.021210 64040.215406 27670.398999 89125.154747 10658.031384 101447.516176 4734.131237 111182.725150
0.025595 98546.799246 44934.288984 132782.052980 17843.566533 148720.957677 8176.313067 161910.491006
0.030888 151501.710612 70866.300152 196945.787383 31083.882652 218513.026854 14119.916309 236093.076537
0.037276 230798.998241 115458.975989 290766.647163 52978.712837 321345.573719 24381.066997 344869.594227
0.044984 352888.506797 185224.251060 427545.562532 87985.271318 471043.997641 42092.459661 503217.872088
0.054287 532601.150078 296442.784366 629256.217909 146082.944397 690944.584859 72655.271703 738812.157446
0.065513 795185.902330 472460.657997 920718.026011 242307.622601 1011980.979626 125376.117219 1082811.662227
0.079060 1185315.361727 763724.524359 1350577.543502 401642.872061 1479968.907601 216277.782299 1578486.848018
0.095410 1754858.370181 1195371.143407 1975302.942886 669143.110832 2158727.495937 372915.454038 2294853.032313
0.115140 2589788.026262 1889189.407730 2884621.733354 1099110.996896 3140838.838201 642530.563406 3331832.196451
0.138950 3809532.480357 2989776.516174 4216302.420921 1812554.526748 4576480.470367 1066949.058481 4833118.477546
0.167683 5586410.211212 4637114.891759 6146229.992413 2977051.015807 6657409.511097 1770670.464792 7004895.218221
0.202359 8191793.950880 7059969.061116 8951718.207334 4789408.255475 9710978.922286 2936276.394856 10142617.988138
0.244205 12003619.421682 10643951.545128 13043594.437739 7766725.651828 14135069.474454 4864233.566240 14781715.474481
0.294705 17550651.454799 15870893.284116 18991719.234185 12359839.478864 20458314.678769 8047205.561382 21601497.168045
0.355648 25543202.403303 23386108.840051 27637324.237942 19553293.862176 29667802.464628 13367081.163957 31512017.148271
0.429193 37067259.279351 34286182.203617 40022404.300749 30390562.625165 42965442.651231 22461757.596061 45399052.222951
0.517947 53725611.149604 50029860.134477 58105539.813634 46490168.119092 62346144.522416 36902585.429275 65266815.405960
0.625055 77811818.972630 72787961.248584 84154478.557267 67971928.805025 89803542.053955 60319004.316439 95771806.960284
0.754312 112572518.601993 105085231.251771 121778198.811516 99134101.321189 130478143.597922 94277723.609884 141452924.596081
0.910298 162036774.113073 151238629.120703 175399697.782853 142980983.551924 189742119.030230 135546759.548941 209569211.181890
1.098541 232075989.531585 216314083.948655 251814084.220503 204127282.096227 275188996.049027 192444717.372107 328537932.714696
1.325711 329598396.070539 308276139.801330 357996079.738199 289912253.184992 395221220.894474 271743788.350392 469956698.749395
1.599859 456737825.122859 424460618.911123 496386736.535722 396002645.838848 548777398.114333 373891440.030325 649769620.510892
1.930698 624112146.500076 547770376.675097 679338565.981568 461121362.439283 753346654.750139 425984561.697600 915878035.851899
2.329952 830342244.813183 631426324.942374 929610612.593949 514236953.790877 1028394750.365917 459912402.136877 1356880708.090419
2.811769 1051298242.355238 698749953.706020 1253069306.573972 552108569.035955 1397066966.041732 485657576.187530 1972493563.554691
3.393222 1219921752.253586 753839038.679951 1684310620.517711 583831739.743547 1881484942.332945 501611387.216018 2608423713.360922
4.094915 1352777514.283580 801358167.014447 2176922539.479741 609263022.018383 2515686725.374332 513300096.126186 3018255061.389015
4.941713 1456442213.369562 846292301.922613 2731094922.985146 630631892.063984 3297350422.549029 521863938.066062 3684007797.515309
5.963623 1571426241.389329 880630132.605923 3249845903.769635 643886804.381593 4303643855.391569 528138316.984627 4939642140.728037
7.196857 1655764051.657976 905408820.950248 3747991520.671926 651271067.398710 5539360792.960404 532735299.400942 6704030307.537364
8.685114 1719540248.178256 930675695.252691 4090563432.806595 661527260.685130 6811500458.993271 535211494.337864 8571102060.474334
10.481131 1801016591.307422 946976005.546257 4393618230.303823 664144698.224713 8114440146.131302 536750600.468646 11210841667.082592
12.648552 1865314355.222374 952936010.663913 4588761502.839488 670064139.398976 9584582806.867702 537814446.790184 14163149046.546453
15.264180 1922829414.166452 965777190.681331 4868815488.240477 675074750.326397 11361803791.227013 538549788.540318 16850766231.805561
18.420700 1969035767.718705 975869527.719648 5040767455.236447 679078784.628593 12347044412.603935 539058064.480688 18984931099.319084
22.229965 2017896934.229796 980059207.455305 5162250089.717540 682278452.478558 13195440325.179806 539409390.148667 21669137984.120312
26.826958 2053343387.891155 986451736.094183 5340330283.009453 684835342.249580 13925998534.878387 539652230.140054 24195848650.577877
32.374575 2084524437.429426 991592557.295233 5398613466.832275 686878580.988009 14658940273.912086 539820083.692446 26199606492.720924
39.069399 2095437626.975021 995882513.335361 5595048220.857639 688511355.536811 15318050037.256603 539936105.830684 27788646956.771690
47.148664 2119527156.218833 997024085.219218 5835378691.911459 688910412.832043 15948766250.529781 540016301.551117 29048804019.308807
56.898660 2136232380.170222 1002325591.564962 5881337539.718773 689131492.525584 16555388866.503101 540071733.675309 30048146615.163200
68.664885 2169179429.288277 1004722165.218907 6033673049.867279 689292560.617592 17286264735.400124 540110048.941708 30840655464.717491
82.864277 2183744573.651492 1006695966.502100 6105355837.377439 689409907.126661 17554751862.968884 540136532.856236 31469138908.961044
100.000000 2197977271.202343 1009513098.939541 6213568653.146006 689495400.181300 17769212876.223843 540154838.816095 31967545254.720314
