143.760125 97.395844 -25.601032 201.397747 553.644368 508.335500 612.330464 217336371192.918701 160162929933.762085 456601594413.390686 0.000056 0.000025 0.000086 6.926642 -204.593249 204.585825 161.616769 70.506567 254.175877
437.295733 46.131549 -112.452081 192.262571 810.761036 698.861912 965.469761 1754368893442.050049 825661458387.305176 4262696856782.754883 0.000054 0.000024 0.000085 8.229854 -199.553291 203.948835 159.174455 69.580323 255.580070
702.159264 349.657503 249.651260 448.337563 584.427999 555.118786 646.536607 284021931909.463074 211730571458.021027 514577444755.388306 0.000054 0.000024 0.000085 -0.529915 -201.112957 204.791992 161.596514 70.861997 251.774195
906.382541 28.464705 -143.615912 238.061031 818.096379 699.610593 994.392154 1828837970446.110840 809379619724.023926 4814052424028.501953 0.000053 0.000025 0.000086 0.153605 -204.936363 201.048389 159.041818 72.760336 254.242165
1108.811169 -375.734848 -470.622607 -287.485381 514.844162 458.521259 559.786773 164063121527.319794 108964129683.927917 260612940255.805145 0.000056 0.000025 0.000086 -0.742924 -207.708217 205.042911 160.946965 67.459401 253.606805
1307.567232 209.228950 72.204794 342.412022 772.262598 668.485694 926.465200 1410331419592.111084 683800605630.662476 3491971466349.874023 0.000055 0.000025 0.000086 -6.028598 -206.377715 197.047695 157.172353 66.570753 255.618170
1513.407421 313.901279 163.290072 435.850445 673.386732 598.470064 815.961762 627001549699.733032 323959785857.492737 1756228139881.449707 0.000056 0.000025 0.000085 8.037750 -202.896319 201.624300 165.322033 69.338219 257.061881
1740.622109 -298.596538 -461.545321 -147.947190 736.685784 647.034503 877.731233 1101583641407.436035 564517512822.564087 2728087628636.520508 0.000053 0.000024 0.000085 8.015549 -201.280969 209.371451 166.297976 68.759046 257.116127
1956.931343 -33.865854 -130.348180 56.199425 624.822287 537.950655 738.367338 616324362743.602051 318113642891.921143 1374509457158.378906 0.000055 0.000025 0.000085 -7.807518 -211.937999 197.376438 163.614082 70.046963 254.120082
2248.361338 -184.566022 -283.218043 -85.657731 514.301866 432.488951 607.350405 256112590099.253082 128935269847.675491 546179240148.403992 0.000056 0.000025 0.000085 -2.872962 -201.221016 205.970273 158.432612 70.349787 256.650618
2674.024869 -143.045075 -254.378282 -34.580714 568.021170 501.992786 649.452098 296405654314.079346 180385307406.633301 621617312520.325928 0.000055 0.000024 0.000086 -5.934825 -206.046472 201.062095 164.608885 66.668616 261.864420
3136.321214 -4.174657 -82.598565 81.768065 391.895226 336.773569 450.288426 61213643011.232239 35228649061.752350 110577663984.420044 0.000054 0.000024 0.000086 -4.743579 -213.507466 199.224687 163.167601 71.153210 259.236822
3684.869252 64.733852 -92.496175 194.946430 524.647232 461.071672 579.923614 190530361255.887085 132559873245.670990 392446068546.435913 0.000054 0.000024 0.000085 -2.541693 -199.323606 205.376183 165.122766 69.460962 255.241208
