0.010000 0.000216 0.000096 0.000484 0.000052 0.000823 0.000038 0.000991
0.012068 0.000243 0.000108 0.000517 0.000064 0.000846 0.000048 0.000991
0.014563 0.000263 0.000115 0.000556 0.000076 0.000861 0.000059 0.000991
0.017575 0.000274 0.000121 0.000599 0.000085 0.000881 0.000069 0.000994
0.021210 0.000280 0.000126 0.000627 0.000092 0.000889 0.000077 0.000995
0.025595 0.000287 0.000131 0.000646 0.000096 0.000897 0.000084 0.000996
0.030888 0.000293 0.000134 0.000659 0.000100 0.000914 0.000088 0.000997
0.037276 0.000296 0.000137 0.000672 0.000102 0.000919 0.000092 0.000997
0.044984 0.000300 0.000138 0.000679 0.000103 0.000924 0.000095 0.000998
0.054287 0.000301 0.000138 0.000685 0.000104 0.000927 0.000097 0.000998
0.065513 0.000301 0.000139 0.000688 0.000105 0.000933 0.000098 0.000998
0.079060 0.000302 0.000139 0.000688 0.000105 0.000938 0.000099 0.000998
0.095410 0.000302 0.000140 0.000688 0.000105 0.000939 0.000099 0.000998
0.115140 0.000302 0.000140 0.000689 0.000105 0.000940 0.000100 0.000998
0.138950 0.000303 0.000140 0.000691 0.000105 0.000940 0.000100 0.000998
0.167683 0.000303 0.000140 0.000692 0.000105 0.000941 0.000100 0.000998
0.202359 0.000304 0.000140 0.000693 0.000105 0.000941 0.000100 0.000998
0.244205 0.000304 0.000140 0.000694 0.000105 0.000941 0.000100 0.000998
0.294705 0.000304 0.000140 0.000694 0.000105 0.000941 0.000100 0.000998
0.355648 0.000304 0.000141 0.000694 0.000105 0.000941 0.000100 0.000998
0.429193 0.000304 0.000141 0.000695 0.000105 0.000941 0.000100 0.000998
0.517947 0.000304 0.000141 0.000695 0.000105 0.000941 0.000100 0.000998
0.625055 0.000304 0.000141 0.000695 0.000105 0.000941 0.000100 0.000999
0.754312 0.000304 0.000141 0.000695 0.000105 0.000941 0.000100 0.000999
0.910298 0.000304 0.000141 0.000695 0.000105 0.000941 0.000100 0.000999
1.098541 0.000304 0.000141 0.000695 0.000105 0.000941 0.000100 0.000999
1.325711 0.000304 0.000141 0.000695 0.000105 0.000941 0.000100 0.000999
1.599859 0.000304 0.000141 0.000695 0.000105 0.000941 0.000100 0.000999
1.930698 0.000304 0.000141 0.000695 0.000105 0.000941 0.000100 0.000999
2.329952 0.000304 0.000141 0.000695 0.000105 0.000941 0.000100 0.000999
2.811769 0.000304 0.000141 0.000695 0.000105 0.000941 0.000100 0.000999
3.393222 0.000304 0.000141 0.000695 0.000105 0.000941 0.000100 0.000999
4.094915 0.000304 0.000141 0.000695 0.000105 0.000941 0.000100 0.000999
4.941713 0.000304 0.000141 0.000695 0.000105 0.000941 0.000100 0.000999
5.963623 0.000304 0.000141 0.000695 0.000105 0.000941 0.000100 0.000999
7.196857 0.000304 0.000141 0.000695 0.000105 0.000941 0.000100 0.000999
8.685114 0.000304 0.000141 0.000695 0.000105 0.000941 0.000100 0.000999
10.481131 0.000304 0.000141 0.000695 0.000105 0.000941 0.000100 0.000999
12.648552 0.000304 0.000141 0.000695 0.000105 0.000941 0.000100 0.000999
15.264180 0.000304 0.000141 0.000695 0.000105 0.000941 0.000100 0.000999
18.420700 0.000304 0.000141 0.000695 0.000105 0.000941 0.000100 0.000999
22.229965 0.000304 0.000141 0.000695 0.000105 0.000941 0.000100 0.000999
26.826958 0.000304 0.000141 0.000695 0.000105 0.000941 0.000100 0.000999
32.374575 0.000304 0.000141 0.000695 0.000105 0.000941 0.000100 0.000999
39.069399 0.000304 0.000141 0.000695 0.000105 0.000941 0.000100 0.000999
47.148664 0.000304 0.000141 0.000695 0.000105 0.000941 0.000100 0.000999
56.898660 0.000304 0.000141 0.000695 0.000105 0.000941 0.000100 0.000999
68.664885 0.000304 0.000141 0.000695 0.000105 0.000941 0.000100 0.000999
82.864277 0.000304 0.000141 0.000695 0.000105 0.000941 0.000100 0.000999
100.000000 0.000304 0.000141 0.000695 0.000105 0.000941 0.000100 0.000999
