83.999348
84.000548
84.000672
83.999783
83.999390
83.999541
83.999416
83.999203
84.000587
83.999293
83.999277
84.000571
84.000002
84.000624
84.000575
83.999729
84.000527
83.999655
84.000029
83.999745
84.000689
83.999302
83.999863
84.000195
84.000534
83.999871
84.000108
84.000682
83.999707
84.000386
83.999756
84.000448
83.999394
84.000034
83.999950
83.999763
84.000476
83.999877
84.000169
83.999899
83.999396
84.000602
83.999802
84.000369
83.999609
83.999794
83.999188
84.000102
84.000666
84.000020
84.000112
84.000019
83.999564
83.999865
83.999691
83.999661
83.999358
83.999636
84.000257
84.000230
83.999442
83.999197
84.000087
83.999223
84.000415
84.000237
84.000789
84.000525
84.000239
83.999267
83.999510
83.999802
83.999863
84.000062
83.999427
83.999576
84.000357
84.000442
83.999473
84.000471
83.999527
84.000037
84.000740
83.999719
84.000610
83.999162
83.999914
84.000004
84.000162
84.000208
84.000769
83.999298
84.000620
84.000329
83.999616
83.999914
84.000533
83.999976
84.000277
84.000457
83.999190
84.000294
84.000127
84.000138
84.000394
84.000306
84.000384
83.999987
84.000653
84.000188
84.000018
84.000263
84.000577
83.999581
84.000717
83.999804
84.000586
84.000419
83.999771
84.000263
83.999454
83.999517
83.999945
84.000158
84.000225
83.999243
83.999326
83.999638
83.999713
84.000755
83.999758
84.000158
84.000059
84.000675
83.999782
83.999638
83.999387
84.000097
84.000418
84.000056
84.000317
84.000248
83.999757
84.000120
83.999988
84.000739
84.000559
83.999800
84.000212
83.999684
83.999338
84.000147
83.999449
83.999650
83.999957
83.999384
84.000310
83.999210
83.999764
84.000760
83.999729
83.999504
83.999698
83.999949
84.000227
83.999710
84.000393
83.999824
84.000237
83.999941
83.999513
83.999638
84.000202
84.000171
84.000109
84.000790
84.000060
83.999878
83.999597
84.000541
84.000109
83.999919
84.000317
84.000420
84.000593
83.999837
83.999994
84.000420
84.000443
84.000412
83.999814
84.000812
84.000681
84.000470
83.999873
84.000011
84.000585
83.999764
83.999376
83.999764
84.000652
83.999423
83.999318
84.000128
84.000702
83.999827
83.999262
83.999307
83.999343
83.999357
83.999269
84.000573
83.999984
83.999865
84.000749
84.000523
83.999892
84.000057
83.999284
83.999305
83.999850
84.000811
84.000779
83.999748
84.000328
83.999762
83.999931
84.000187
84.000762
84.000231
84.000269
84.000358
83.999507
84.000312
84.000469
84.000577
84.000052
84.000259
83.999688
83.999966
83.999184
84.000463
83.999743
84.000305
83.999426
83.999516
84.000118
84.000791
83.999805
84.000280
83.999472
84.000046
83.999419
83.999162
83.999897
83.999593
83.999173
83.999497
83.999223
83.999902
84.000285
83.999887
84.000050
84.000197
84.000116
83.999300
83.999232
84.000765
83.999163
83.999329
84.000282
83.999892
83.999597
84.000506
84.000058
84.000342
83.999822
83.999277
83.999521
83.999221
84.000541
83.999338
84.000230
83.999436
83.999652
83.999465
84.000054
84.000057
83.999474
83.999642
84.000170
83.999747
83.999583
83.999440
83.999860
83.999979
84.000315
84.000281
84.000663
83.999536
83.999463
83.999863
83.999685
84.000541
83.999185
84.000549
84.000752
84.000804
84.000599
83.999823
84.000249
84.000359
83.999587
84.000682
83.999906
83.999953
83.999873
84.000669
83.999207
83.999242
84.000338
84.000826
84.000366
83.999688
83.999712
84.000709
83.999243
83.999317
83.999176
84.000193
83.999272
84.000040
84.000757
83.999298
83.999219
84.000592
83.999969
83.999964
84.000672
84.000590
84.000416
84.000384
84.000261
83.999920
83.999442
83.999604
83.999624
83.999806
83.999300
84.000224
83.999562
83.999804
83.999486
84.000169
84.000525
83.999973
83.999714
84.000514
83.999202
84.000592
83.999467
83.999216
84.000594
84.000102
83.999181
83.999483
84.000030
83.999370
84.000749
83.999784
83.999743
83.999268
83.999447
83.999827
84.000566
84.000501
83.999383
83.999361
84.000487
84.000823
84.000486
84.000038
84.000384
83.999616
84.000271
84.000119
83.999691
83.999471
83.999646
84.000251
83.999805
84.000339
83.999638
83.999749
83.999661
84.000790
84.000161
84.000455
84.000420
84.000792
84.000716
84.000557
83.999800
84.000574
83.999783
83.999525
84.000022
83.999808
84.000749
84.000735
84.000352
84.000638
83.999229
83.999160
84.000645
84.000109
83.999732
83.999829
84.000261
84.000634
84.000136
84.000629
84.000065
84.000495
83.999980
84.000296
83.999696
84.000193
83.999908
83.999830
83.999560
83.999596
84.000801
84.000641
83.999314
84.000034
84.000632
84.000434
84.000194
84.000799
83.999525
83.999933
83.999950
83.999850
84.000171
83.999694
83.999262
83.999436
83.999173
83.999249
83.999852
83.999885
84.000339
84.000272
84.000421
84.000826
84.000133
83.999358
84.000142
83.999666
84.000429
84.000783
83.999567
84.000661
84.000369
84.000147
84.000424
84.000445
84.000307
83.999359
83.999482
84.000617
83.999873
83.999245
84.000369
83.999625
84.000376
83.999273
83.999512
83.999928
84.000569
84.000176
83.999438
84.000412
84.000030
83.999624
84.000444
84.000632
84.000198
83.999605
83.999751
83.999402
83.999971
84.000837
84.000047
84.000230
84.000266
83.999719
83.999657
84.000332
83.999704
83.999598
84.000448
84.000571
84.000746
84.000707
84.000630
83.999714
84.000117
83.999653
84.000323
84.000156
83.999483
83.999535
84.000074
84.000023
84.000669
83.999658
83.999974
83.999642
84.000772
84.000821
84.000601
84.000182
83.999747
84.000519
83.999446
83.999752
83.999596
83.999388
83.999411
83.999563
83.999393
84.000094
83.999730
84.000405
84.000047
84.000531
83.999211
84.000075
83.999449
83.999435
83.999187
83.999360
84.000296
83.999442
84.000457
84.000496
84.000731
83.999477
84.000792
83.999191
84.000526
84.000079
84.000641
83.999792
83.999810
84.000010
84.000327
84.000384
83.999429
84.000228
84.000782
83.999692
83.999414
84.000099
83.999417
84.000472
84.000304
83.999735
83.999365
84.000264
83.999678
83.999413
83.999760
84.000050
84.000823
84.000698
83.999552
83.999694
84.000398
83.999480
83.999362
84.000288
84.000506
84.000689
84.000078
83.999586
83.999988
83.999714
84.000743
83.999381
83.999857
83.999269
83.999415
84.000054
83.999452
84.000227
83.999548
84.000103
84.000753
83.999852
84.000209
84.000058
84.000674
83.999873
83.999638
84.000830
83.999852
83.999414
84.000184
83.999846
83.999420
83.999483
83.999943
83.999583
84.000095
83.999441
84.000302
83.999302
83.999203
84.000283
84.000398
83.999459
83.999593
83.999588
84.000828
83.999376
83.999450
84.000604
83.999621
83.999952
83.999543
84.000572
84.000075
83.999752
84.000758
84.000664
84.000197
84.000363
84.000414
84.000717
84.000541
84.000483
84.000677
84.000312
84.000356
83.999415
84.000249
83.999563
83.999203
83.999986
83.999844
83.999227
84.000779
84.000244
84.000662
84.000526
83.999951
83.999628
83.999181
83.999223
83.999310
83.999400
84.000758
84.000332
84.000129
83.999494
83.999405
83.999320
84.000204
83.999364
84.000828
84.000743
84.000436
84.000812
83.999609
83.999660
84.000061
84.000587
84.000577
84.000825
84.000093
83.999887
83.999547
84.000341
83.999990
84.000462
84.000765
84.000513
83.999176
84.000066
84.000226
84.000585
83.999187
84.000370
84.000079
84.000140
84.000606
84.000611
83.999431
84.000005
83.999522
84.000283
84.000017
83.999867
83.999994
84.000027
84.000589
84.000421
83.999666
84.000002
84.000163
84.000368
84.000064
83.999678
84.000066
83.999837
84.000695
83.999854
83.999165
83.999990
83.999727
84.000566
84.000182
84.000718
83.999248
84.000681
84.000826
84.000836
84.000268
84.000664
83.999702
84.000209
83.999298
84.000542
84.000717
83.999234
83.999170
83.999486
83.999340
83.999646
83.999212
84.000107
84.000685
84.000343
84.000323
83.999605
83.999442
84.000551
84.000660
84.000096
83.999792
83.999270
84.000180
84.000243
84.000363
83.999924
83.999756
84.000359
84.000094
83.999736
84.000155
84.000159
83.999636
84.000192
83.999908
83.999562
83.999967
84.000731
84.000564
84.000670
83.999981
83.999369
84.000250
84.000593
83.999377
83.999712
83.999966
83.999661
84.000702
84.000738
83.999911
83.999847
84.000041
83.999160
84.000361
84.000177
83.999425
83.999252
83.999190
83.999912
83.999389
83.999835
83.999349
83.999953
83.999646
84.000551
84.000213
84.000482
84.000436
84.000834
84.000004
84.000039
84.000599
84.000376
83.999980
83.999947
83.999717
83.999341
83.999536
84.000787
83.999479
83.999714
84.000302
84.000286
84.000403
83.999842
84.000763
84.000788
83.999181
83.999878
83.999915
84.000427
84.000751
83.999925
83.999250
84.000109
84.000205
83.999912
84.000368
83.999569
83.999470
84.000165
83.999766
84.000010
83.999470
84.000622
84.000231
83.999754
83.999420
84.000216
83.999933
83.999386
84.000217
84.000325
83.999857
83.999656
83.999349
84.000298
83.999633
83.999684
84.000583
83.999216
83.999439
84.000388
84.000336
83.999948
83.999922
83.999321
83.999662
83.999174
83.999473
83.999603
83.999524
83.999244
83.999313
84.000031
84.000764
84.000426
83.999833
83.999899
84.000602
84.000770
84.000049
83.999373
83.999906
83.999735
84.000436
83.999657
83.999422
84.000050
84.000376
84.000425
83.999830
83.999184
83.999216
84.000186
83.999542
83.999182
83.999564
84.000630
83.999375
84.000637
83.999864
84.000056
83.999160
84.000768
84.000323
83.999162
83.999222
84.000318
83.999184
83.999533
84.000055
84.000073
83.999923
84.000468
84.000102
83.999968
84.000286
83.999707
83.999877
83.999816
83.999836
84.000225
84.000037
84.000725
83.999793
83.999573
84.000528
84.000229
84.000388
83.999762
84.000076
83.999693
83.999569
84.000679
83.999999
83.999566
84.000483
83.999653
84.000780
84.000808
84.000322
84.000421
83.999636
83.999813
83.999869
84.000536
83.999867
83.999226
83.999730
83.999363
83.999359
83.999872
84.000173
84.000756
83.999238
84.000152
84.000310
83.999829
84.000620
83.999901
84.000830
83.999947
84.000239
83.999626
83.999353
84.000571
83.999664
83.999619
83.999677
84.000588
83.999929
83.999502
83.999592
84.000617
84.000449
83.999962
84.000267
84.000761
83.999561
83.999642
84.000620
83.999432
84.000098
84.000436
84.000739
83.999437
84.000624
84.000625
83.999624
84.000695
83.999627
83.999836
83.999858
83.999901
84.000775
83.999391
84.000466
83.999917
84.000518
83.999904
84.000646
83.999265
83.999462
84.000589
83.999292
84.000622
