0.010000 1029513494.672648 366530946.849213 2006163237.579295 155256602.244594 2609797445.642688 79197294.570459 3095933672.344879
0.012068 916956627.596713 343692773.455475 1717725532.077329 150426637.656261 2192626995.098786 78876784.206082 2625028509.301301
0.014563 814053127.234436 323112957.592253 1448595655.672077 145961184.551557 1832044732.954248 78523630.642774 2213353538.305445
0.017575 727577477.218489 302307824.904603 1226341438.472149 141425405.019148 1531724020.618693 78131327.891609 1883619706.007995
0.021210 644909278.862532 280077982.660809 1035122869.744909 138997597.402615 1286375916.323178 77692141.943106 1581367218.710535
0.025595 565338506.856367 262035599.553004 870536152.288233 136141809.583459 1083275327.613275 77196903.929101 1305691503.512681
0.030888 490157773.726506 245124630.985999 726891495.569189 130497057.702374 903233430.038578 76634779.617181 1064135571.621593
0.037276 425460052.736600 225911200.714026 606786155.041769 126979746.496456 743487501.065582 76062240.330664 860842087.081355
0.044984 365859117.671242 209389743.557660 506732839.869546 123391125.619991 608438470.807143 75470236.015784 705407447.441626
0.054287 313197638.578969 191285260.348309 420860030.543118 121143348.310410 496603493.367487 74782644.856789 572308885.021324
0.065513 266917827.748511 176308338.877512 348216380.186782 117527420.237470 408309458.932301 73976095.210638 457512377.977668
0.079060 226356673.035283 158811381.243384 286748195.950078 113807263.664993 334671047.536657 73021041.088045 364720790.001443
0.095410 191500220.998583 144111983.808634 235066916.610502 107573898.206648 268711371.041258 71880131.859253 290453090.474038
0.115140 160728670.798454 128614435.365943 191439250.182546 101826607.936384 216228254.732452 70506309.567372 234630850.459883
0.138950 134752918.303219 114528000.997419 154469282.586389 94429393.870841 172796073.445010 68840794.871076 186356154.558229
0.167683 112103790.395720 99442332.966113 125125938.403784 85833125.838248 137054774.238600 66811393.894945 145022534.914658
0.202359 92927598.808951 84251513.491073 101078999.169060 75321302.784560 108499533.212125 64165116.200083 115721081.027633
0.244205 75814898.246605 70386613.627252 81098828.349220 65502078.118657 87417687.103512 59137155.016758 94319634.389020
0.294705 61042907.619876 57515738.834554 65536358.514237 54028384.697210 72009998.746799 51305296.362558 76383971.759544
0.355648 48603571.260621 45544833.605115 53364618.404488 43162347.678709 59191180.206137 41792883.163638 61780814.820729
0.429193 38465698.751610 35072896.725761 43340054.095880 33413706.878318 48149182.656737 31234700.087255 51223581.208126
0.517947 30137411.471138 26714818.880673 34646253.481782 24452685.096944 39548038.974611 22236462.612052 43469888.676817
0.625055 23116030.426557 19973381.642536 26993260.161148 17516738.273521 31679660.242580 15375648.801726 38492824.848589
0.754312 17500663.329239 14632881.214036 20935311.807898 12267951.492345 25493988.927961 10412473.918608 33573420.722159
0.910298 12888741.828553 10471314.238684 15933696.285767 8442210.950244 20090034.222158 6926334.883596 28787105.046698
1.098541 9343082.795088 7322238.732306 11944674.196143 5604855.261211 15755775.652178 4572933.503371 24211730.106598
1.325711 6435024.541343 4863476.749508 8607648.839788 3569393.126081 11977305.563075 2969718.944184 14806351.154457
1.599859 4309260.312417 3041455.843760 6094415.662901 2164141.422692 8685373.166503 1609192.663224 11189061.898876
1.930698 2804701.519985 1831072.171457 4149087.919209 1039674.994561 5877126.039669 680618.624337 7991070.286290
2.329952 1755662.965992 978866.038298 2744546.225184 465783.212398 3843943.387415 272177.195113 5053985.642467
2.811769 1063763.476975 533964.606559 1736786.757347 192512.232820 2561956.734962 111936.978373 3580454.212938
3.393222 597387.944068 266837.232314 1087875.292265 81158.144728 1729655.781110 44960.630201 2550182.469557
4.094915 336042.161208 126893.383257 662768.229514 34961.731226 1157553.477212 17847.446928 1733704.739100
4.941713 184252.038760 58726.670472 401332.253217 14673.520695 749793.357930 7017.188613 1215286.179525
5.963623 96754.148479 26205.683388 236368.751585 6135.591260 471923.209766 2753.003529 809360.253142
7.196857 49905.123689 11939.695475 134524.790371 2482.479937 292688.318940 1080.066227 524022.900731
8.685114 25663.045647 5146.963191 74890.644588 990.542940 179088.052396 423.734675 331158.215581
10.481131 13114.808112 2295.894576 40193.313169 387.493033 105922.850911 166.240801 213387.700397
12.648552 6453.278624 1042.167428 21640.032886 152.234909 60176.297476 65.220067 132293.925893
15.264180 3138.308691 464.516849 11144.114729 63.955540 31576.219926 25.587323 83896.295792
18.420700 1515.237745 203.618903 5522.373531 25.707809 16581.597896 10.038492 42158.519463
22.229965 726.051354 90.383671 2782.189191 10.287677 8111.139525 3.938330 21006.609286
26.826958 336.742030 40.331749 1388.675606 4.116893 3921.062768 1.545097 10467.104617
32.374575 157.740852 18.069069 679.424914 1.663626 2084.052110 0.606177 5215.514678
39.069399 72.646123 7.857579 338.751251 0.686614 1062.612229 0.237817 2598.769607
47.148664 33.169269 3.374667 168.998434 0.282510 545.243190 0.093301 1379.174213
56.898660 15.803563 1.478360 85.049127 0.112265 271.976314 0.036604 779.579882
68.664885 7.525076 0.632165 45.068516 0.044612 143.565035 0.014361 440.658465
82.864277 3.542624 0.269399 23.133255 0.017923 79.466747 0.005634 249.082727
100.000000 1.652910 0.116200 11.961777 0.007364 42.765369 0.002210 140.794311
