0.001000 2038.394284 330.357592 7692.318626 76.652984 12981.945125 30.279896 18027.606573
0.001038 1994.366467 326.977253 7464.819931 76.461312 12528.840176 30.266661 17377.747899
0.001077 1953.762510 323.894328 7238.174334 76.281912 12091.542228 30.253418 16751.289612
0.001117 1925.792847 323.368432 7036.942779 76.102768 11669.499935 30.240165 16147.389183
0.001159 1894.002635 320.606569 6819.916329 75.923873 11262.181156 30.226902 15565.234446
0.001203 1845.556393 317.308646 6581.484006 75.745223 10906.995690 30.213630 15004.042461
0.001248 1807.504952 314.043458 6424.033928 75.566811 10572.155787 30.200348 14463.058494
0.001296 1770.585234 310.810653 6222.818297 75.388633 10247.539184 30.187056 13941.554975
0.001344 1727.334943 307.609881 6010.570118 75.210682 9932.832058 30.173753 13438.830546
0.001395 1685.137432 304.385199 5807.172558 75.032952 9627.730170 30.160439 12954.209100
0.001448 1643.967053 301.303052 5617.352249 74.855437 9313.371667 30.147114 12487.038875
0.001502 1603.798784 298.196312 5448.022269 74.678131 8991.944274 30.133778 12036.691585
0.001559 1568.482635 295.120238 5291.601317 74.501029 8681.597939 30.120431 11602.561568
0.001617 1537.150009 292.074496 5130.104659 74.324123 8381.950742 30.107072 11184.064966
0.001678 1501.634380 290.513722 4974.552135 74.063370 8092.633924 30.093702 10780.638952
0.001742 1481.691138 288.438797 4826.039001 73.923374 7813.291446 30.080320 10391.740972
0.001807 1456.263020 285.191312 4674.532214 73.783622 7555.496319 30.066927 10016.848001
0.001875 1424.932057 281.980056 4542.155879 73.618338 7308.327887 30.053522 9655.455856
0.001946 1399.656952 278.804622 4404.234779 73.442318 7043.324429 30.040106 9307.078511
0.002019 1370.597346 275.664608 4259.331789 73.266455 6788.964959 30.026679 8971.247440
0.002095 1344.622725 272.717780 4129.275669 73.090742 6554.568708 30.013240 8647.510997
0.002174 1312.924914 269.489257 3993.707458 72.915172 6328.254036 29.999791 8335.433797
0.002256 1281.973507 266.362766 3857.060512 72.739739 6109.742446 29.986331 8034.596136
0.002341 1251.750960 263.214179 3762.397194 72.564434 5898.765042 29.972862 7744.593430
0.002430 1221.729143 260.155621 3647.477844 72.340924 5690.226419 29.959383 7465.035663
0.002521 1192.323181 257.106440 3538.194758 71.913223 5484.677096 29.945895 7195.546871
0.002616 1165.287207 254.643524 3436.470720 71.487842 5301.440957 29.932399 6935.764628
0.002715 1137.812814 251.772980 3330.276938 71.251245 5111.162244 29.918897 6694.219211
0.002817 1113.139846 248.934455 3223.892150 71.125572 4930.227912 29.905388 6464.365705
0.002923 1094.078649 246.127595 3131.450873 70.999422 4754.268899 29.891874 6242.373583
0.003033 1076.814513 243.265419 3031.133510 70.872777 4584.580215 29.878357 6027.974110
0.003148 1052.956238 240.583493 2937.219124 70.745619 4432.817671 29.864838 5820.907747
0.003266 1027.693911 237.893540 2846.403730 70.617929 4289.181863 29.851319 5620.923834
0.003389 1008.958453 235.209896 2758.386128 70.489687 4150.184649 29.837802 5427.780290
0.003517 985.434756 233.230769 2674.271421 70.360875 4007.040192 29.824289 5241.243316
0.003650 965.610647 230.326440 2592.421803 70.231471 3868.575684 29.810782 5061.087115
0.003787 946.181643 227.457818 2525.410702 70.101458 3734.887572 29.797284 4887.093621
0.003930 930.242175 225.039351 2463.430303 69.973439 3605.811366 29.783799 4719.052227
0.004078 908.477518 222.685276 2394.048469 69.879044 3481.974650 29.770330 4556.759538
0.004232 893.180479 221.463954 2323.025751 69.771486 3371.132600 29.756879 4400.019120
0.004391 872.261089 220.170554 2243.509106 69.597347 3263.735927 29.743453 4248.641264
0.004557 852.514944 217.851221 2166.714361 69.441528 3156.756759 29.730055 4102.442758
0.004728 831.035535 214.985793 2092.548621 69.307428 3042.140703 29.716690 3961.246660
0.004906 810.095719 212.143045 2025.522743 69.172576 2961.140733 29.703363 3824.882091
0.005091 797.056613 210.187695 1964.572619 69.036952 2866.465020 29.690082 3693.184021
0.005283 786.005258 208.247364 1905.391868 68.900535 2774.720956 29.676852 3565.993075
0.005482 770.192254 205.440863 1847.927194 68.763308 2685.815392 29.663682 3443.155337
0.005689 755.849307 202.475842 1792.126884 68.625249 2595.698203 29.650578 3324.522163
0.005903 739.385357 200.298357 1737.169989 68.486341 2506.840042 29.637550 3209.950006
0.006126 720.933622 198.213834 1685.320176 68.346566 2435.242535 29.624608 3099.300237
0.006356 707.283260 195.726567 1634.217909 68.205907 2369.040269 29.611762 2992.438978
0.006596 691.813473 193.177417 1584.588190 68.064345 2292.093594 29.599024 2889.236944
0.006844 676.656456 190.427988 1536.386643 67.921867 2215.536063 29.586406 2789.569283
0.007102 661.845746 187.511864 1491.107963 67.637363 2136.721260 29.573921 2693.315426
0.007370 647.360572 185.453671 1447.012280 67.309423 2066.528219 29.561586 2600.358942
0.007648 632.961738 183.399319 1401.727831 66.987113 1999.444614 29.549415 2510.587396
0.007936 619.339027 181.739387 1364.664194 66.813390 1934.419753 29.537427 2423.892215
0.008235 605.789154 179.109720 1319.152522 66.639764 1874.495560 29.525641 2340.168553
0.008545 593.790805 177.089808 1277.087911 66.466256 1818.883465 29.514078 2259.315171
0.008867 582.636916 175.093386 1235.515562 66.292889 1764.912057 29.502760 2181.234309
0.009201 570.197640 173.120281 1197.299252 65.847067 1720.928520 29.491713 2105.831569
0.009548 559.599918 170.879176 1160.169695 65.308564 1673.959356 29.480962 2042.175272
0.009908 550.748019 168.565223 1126.205914 65.229661 1618.723666 29.470537 1992.829132
0.010281 540.709016 166.783389 1092.657286 65.049495 1580.858784 29.460470 1943.759114
0.010669 528.050051 165.022624 1057.205506 64.418812 1525.381613 29.450795 1894.985691
0.011071 513.819132 163.282847 1027.485307 63.795471 1480.893254 29.441549 1846.532346
0.011488 500.873549 161.563987 997.993753 63.485273 1441.044022 29.432771 1798.425463
0.011921 489.907368 159.652661 969.977989 63.176803 1405.112533 29.424506 1750.694153
0.012370 477.227243 157.657149 942.115920 62.870121 1367.435027 29.416800 1703.370044
0.012836 467.815879 156.096537 912.478447 62.565293 1322.296469 29.409705 1656.487016
0.013320 458.378380 154.640593 884.134558 62.262391 1283.326312 29.403276 1610.080879
0.013822 451.999998 153.024098 858.543458 61.961495 1242.346406 29.397572 1564.189028
0.014343 439.834833 151.512369 833.696913 61.721877 1202.405469 29.392659 1518.850035
0.014883 431.360527 150.017059 810.384272 61.538701 1165.377632 29.388606 1474.103229
0.015444 423.556625 147.872183 785.205236 61.358606 1132.085120 29.385488 1429.988242
0.016026 413.956806 145.605840 761.278476 61.256312 1100.419696 29.383389 1386.544540
0.016630 405.734512 143.367388 736.700425 61.187544 1069.297811 29.382396 1343.810949
0.017256 394.492069 141.567798 713.060782 61.171201 1038.720925 29.382604 1301.825194
0.017907 383.512357 140.810984 690.269166 61.079078 1008.538590 29.384118 1260.623439
0.018581 373.914680 139.908499 669.505159 60.980249 975.614558 29.387049 1220.239863
0.019281 365.122260 138.382549 649.385063 60.884308 943.692578 29.391517 1180.547361
0.020008 357.319944 136.592483 630.444929 60.791481 912.745209 29.397653 1141.750850
0.020762 349.369167 135.387639 611.097103 60.702014 881.322312 29.405599 1103.877548
0.021544 340.983882 133.608199 592.708886 60.616174 853.670152 29.415505 1066.949267
0.022356 332.029968 131.962797 574.225449 60.534246 825.493086 29.427537 1030.984280
0.023199 324.256912 129.620900 557.159708 60.396700 799.757640 29.441872 995.997216
0.024073 316.676590 128.519928 540.008276 60.332656 771.744107 29.458701 961.999020
0.024980 309.285594 127.167553 525.413707 60.273887 746.128776 29.478232 928.996974
0.025921 302.080644 125.541155 509.638069 60.220800 723.284610 29.500689 896.994766
0.026898 294.893506 123.941532 494.460419 60.173834 697.910726 29.526311 865.992626
0.027911 288.083581 122.369007 478.799282 60.133461 674.077419 29.555361 835.987490
0.028963 281.551172 120.920580 464.259951 60.099511 651.595970 29.588120 806.984169
0.030055 274.862346 119.306729 450.071177 60.062275 629.852887 29.624891 779.848680
0.031187 267.831148 118.255526 438.993399 60.032774 613.093451 29.666003 752.784554
0.032362 262.481497 116.357719 426.964980 59.672382 592.333800 29.711810 726.671974
0.033582 256.691135 114.926949 413.773329 59.165936 572.300296 29.762694 701.495960
0.034847 250.786968 113.158174 401.844474 58.673374 552.982893 29.819069 677.239752
0.036160 245.129753 111.379322 391.213172 58.195203 534.370140 29.881381 653.885096
0.037523 239.632753 109.764025 379.581310 57.731970 516.449382 29.950111 631.412533
0.038937 233.487880 107.965103 368.448193 57.652713 500.011476 30.025782 609.801659
0.040404 227.318601 106.962723 358.080933 57.745731 483.276030 30.108955 589.031385
0.041927 222.513425 106.070683 347.408753 57.850525 467.155808 30.200239 569.080170
0.043507 217.305923 105.208752 338.267874 57.967981 451.669306 30.300289 549.926229
0.045146 212.733232 104.228528 328.398173 58.099051 436.801748 30.409817 531.547727
0.046847 208.186607 102.555820 318.091591 58.244760 423.313280 30.529590 513.922942
0.048612 203.302181 101.220839 309.389411 58.233723 410.908041 30.660438 497.030412
0.050444 198.229481 100.729508 300.774209 58.038226 399.001989 30.803260 480.849055
0.052345 193.437138 100.321727 292.412617 57.860166 387.355836 30.959026 465.358267
0.054317 188.595076 99.467439 284.300664 57.700820 375.246247 31.128788 450.538010
0.056364 185.537731 98.965038 277.121315 57.561555 363.708672 31.313683 437.867417
0.058488 181.680006 98.503138 269.917009 57.443839 354.447249 31.514945 427.104383
0.060692 178.755398 97.253144 263.352823 57.349241 345.553022 31.733907 416.300985
0.062979 175.319593 96.576094 256.133437 57.494837 336.008260 31.972016 403.415005
0.065352 171.595711 96.269344 249.563762 57.872785 326.352040 32.230839 391.109670
0.067815 168.256381 96.348111 244.360750 58.286593 317.163872 32.512077 379.372705
0.070370 165.410243 96.485601 238.547274 58.739177 308.314354 32.817572 368.191719
0.073022 162.713655 96.153810 232.926494 59.233688 299.638284 33.149328 357.554334
0.075774 160.095997 95.612489 227.925946 59.773536 291.406377 33.509515 347.448304
0.078629 157.096942 95.512910 222.331097 60.362406 284.873206 33.900496 337.861614
0.081592 154.492086 95.108238 216.980312 61.004290 278.677341 34.324834 328.782569
0.084666 151.966573 94.678453 212.594896 61.703505 272.854725 34.785319 320.199878
0.087857 149.889792 94.449177 207.931795 62.357930 267.303135 35.284985 312.102708
0.091167 147.699003 94.708927 204.378498 62.521431 261.961517 35.827132 304.480747
0.094603 145.757286 95.387840 200.775097 62.619883 256.452988 36.415356 297.324250
0.098168 144.002920 95.401430 197.697618 62.711341 251.329523 37.053573 291.067907
0.101867 142.763855 95.440393 194.063817 63.009243 246.563304 37.746051 285.317414
0.105705 141.209607 96.254430 191.034936 63.307933 241.942828 38.497446 280.003204
0.109688 139.808650 96.587926 188.502523 63.681651 237.693249 39.312833 275.119794
0.113822 138.796989 97.117580 186.233241 64.178652 233.810676 40.197756 271.442147
0.118111 138.483835 97.925439 184.575213 65.417181 230.291888 41.158265 268.186390
0.122561 137.943519 98.862584 183.007877 66.763343 227.977711 42.200969 265.294687
0.127180 137.641114 99.936177 181.406677 68.106314 225.900395 43.333092 262.769020
0.131972 137.282699 101.231008 180.100967 69.203178 223.730631 44.562528 260.611973
0.136945 137.343380 102.306636 178.878994 70.422567 222.978026 45.897910 258.826758
0.142105 137.890533 103.398413 178.369618 71.773233 221.798569 47.348679 257.417237
0.147460 138.274126 105.170070 177.906746 73.615889 220.819380 48.925165 256.387946
0.153017 138.651479 106.609488 177.601653 75.101010 220.217539 50.638668 255.744121
0.158783 139.342974 108.138989 178.098605 76.721812 219.998203 52.501552 255.491727
0.164766 140.696404 110.374676 178.705028 78.689189 220.167587 54.527349 255.637477
0.170975 142.177050 112.476043 179.845025 80.853795 221.468674 56.730865 256.188863
0.177417 143.661730 115.007980 181.155028 83.218766 222.828649 59.128298 257.154177
0.184103 145.541364 117.253448 182.834374 85.798942 223.780959 61.737369 258.542538
0.191040 148.538530 119.568794 184.877000 88.647779 225.104647 64.577458 260.363914
0.198239 151.257195 121.966901 187.406411 92.424510 227.190990 67.669753 262.629141
0.205709 154.305486 124.787759 190.513049 96.263286 229.839142 71.037410 265.349949
0.213460 158.104292 127.867827 194.089679 99.839028 232.575043 74.705721 268.538973
0.221504 161.604001 131.983016 198.788310 104.516807 236.093391 78.466468 272.209775
0.229851 165.764795 135.984564 202.698876 109.422613 240.413551 82.079759 276.376852
0.238512 170.461177 140.581760 207.448104 113.643093 245.250992 86.016419 280.952395
0.247499 175.267958 145.052397 212.331874 118.200331 250.629597 90.304393 285.505370
0.256826 180.404352 149.527593 217.785830 123.147880 256.513734 94.974114 290.607968
0.266503 186.694529 155.172496 224.409486 128.513639 263.113431 100.136333 296.276422
0.276546 192.909901 160.732779 232.034740 134.327442 270.274300 106.610831 302.527982
0.286967 199.242609 167.118570 239.468420 140.621146 277.808163 113.232070 309.380913
0.297780 206.297223 173.966852 247.522032 148.028719 286.369971 120.093235 316.854495
0.309001 214.690109 180.903118 256.963908 153.942157 295.803652 127.559498 325.088641
0.320645 222.728855 188.332361 266.979994 161.022810 308.271360 135.301399 336.032499
0.332727 232.038190 196.373479 277.459076 169.248474 319.580310 143.620755 349.012021
0.345265 242.194818 204.536629 289.162725 177.599348 330.488526 152.631497 360.326196
0.358275 252.627458 214.300267 302.168888 185.296703 344.103816 162.388772 373.759872
0.371776 264.238058 223.862149 316.001634 196.432117 359.765067 172.951749 390.748585
0.385785 276.654696 234.581160 330.475067 207.188657 373.176940 184.383854 411.803581
0.400322 289.372265 245.520976 346.266352 219.723386 391.304783 196.753015 432.248373
0.415407 303.819953 257.079924 362.219628 232.807958 406.965901 210.280343 451.801384
0.431060 318.323794 268.970791 379.966077 244.648025 426.689986 224.598191 472.418212
0.447304 334.787183 282.148529 399.151610 256.712946 448.039765 238.857488 494.142729
0.464159 352.391703 296.661817 419.506889 269.926376 470.311505 251.792598 517.522147
0.481649 370.246156 311.696571 441.628078 284.442970 493.652874 265.689117 546.968112
0.499799 390.267270 328.751709 467.235854 300.090221 522.284536 280.451631 578.201354
0.518632 410.892565 346.337852 493.444714 315.327708 553.358171 295.991037 613.663464
0.538175 432.585514 365.244690 518.260404 331.533604 584.161405 312.537492 651.477343
0.558455 457.298963 384.892758 544.358852 348.790930 618.998420 329.922150 691.393473
0.579498 481.701735 405.238036 574.136181 365.377472 654.002754 348.480181 731.092218
0.601335 509.836615 426.202154 606.166189 384.331236 689.816959 367.442887 768.788949
0.623994 537.943777 448.258327 638.960921 403.949928 731.621660 387.353453 813.365445
0.647508 567.535235 471.574309 674.937406 422.736189 769.448725 407.790320 870.583632
0.671907 599.969309 496.342645 714.304347 443.594386 815.661851 424.619627 931.611212
0.697226 632.988239 522.548842 755.150202 467.365472 866.168257 442.202845 996.619085
0.723499 670.889816 551.515073 796.814483 492.598647 918.648120 460.556802 1065.775194
0.750762 709.425505 579.859112 843.180211 517.426443 977.428689 479.697966 1139.243040
0.779052 750.691347 610.228422 893.035609 543.387731 1039.444655 499.642396 1217.180106
0.808408 793.996810 643.160930 945.003240 568.062979 1105.309628 520.405691 1299.736230
0.838870 835.165482 678.338626 998.326124 594.288722 1178.713186 542.002943 1387.051925
0.870480 882.407267 715.746097 1055.526386 625.265246 1254.939450 564.448688 1479.256704
0.903282 930.060485 755.352850 1115.943449 657.599808 1336.466356 587.756862 1576.467426
0.937319 982.562853 794.707560 1183.885660 689.615383 1413.733083 611.673463 1678.786713
0.972639 1033.784044 836.043668 1255.518933 720.992484 1509.789346 635.843321 1786.301470
1.009290 1090.168307 878.862955 1326.498359 755.788192 1604.010540 660.841538 1899.081565
1.047322 1150.438657 925.085642 1405.863511 792.861070 1714.145064 686.676138 2017.178704
1.086787 1212.415473 974.457128 1485.210208 828.720473 1831.938359 713.354382 2153.811748
1.127740 1275.548384 1023.652514 1575.127704 865.988368 1945.415265 740.882751 2316.948592
1.170235 1340.496535 1072.915693 1660.384386 904.867203 2063.041722 769.266932 2491.441085
1.214332 1412.118177 1124.827813 1756.563438 945.318317 2187.524090 798.511806 2677.847428
1.260090 1481.234324 1178.314539 1858.472251 986.499616 2319.197072 828.621441 2835.363802
1.307573 1551.897919 1234.356146 1959.613817 1029.652756 2458.405353 859.599087 3016.355773
1.356845 1633.735895 1296.942034 2076.764155 1074.334454 2603.686300 891.447174 3187.737134
1.407973 1719.399808 1357.721250 2191.263364 1120.565154 2736.588694 924.167311 3350.086916
1.461028 1805.305753 1415.485247 2304.733186 1162.209123 2890.920314 957.760290 3555.171780
1.516083 1895.969793 1480.543230 2426.689169 1206.728596 3060.452386 992.226094 3771.870210
1.573212 1986.770249 1548.677180 2544.715701 1251.203184 3252.458249 1027.563907 4010.919343
1.632493 2083.883518 1616.177755 2685.243060 1295.972775 3436.873798 1063.772122 4307.053995
1.694009 2180.322590 1680.025610 2818.698961 1349.600606 3626.003974 1100.848359 4544.020749
1.757842 2285.813840 1744.501284 2947.642847 1405.797496 3814.164604 1138.789480 4845.859409
1.824081 2388.613808 1818.838502 3105.002294 1447.499840 4025.951977 1177.591608 5125.349911
1.892816 2497.940596 1893.322361 3256.574754 1504.564718 4243.404020 1217.250149 5384.201939
1.964141 2608.841300 1976.053982 3396.775767 1560.388578 4474.980256 1257.759816 5723.568109
2.038154 2718.499053 2046.738917 3540.827817 1613.323760 4703.372031 1299.114649 6060.615661
2.114955 2825.000645 2112.044417 3687.247513 1651.519096 4959.276188 1341.308048 6378.181329
2.194651 2937.103605 2197.121356 3854.570985 1705.363156 5197.204773 1384.332792 6677.442887
2.277350 3048.282891 2259.086329 3993.935892 1765.470755 5449.607053 1428.181078 6959.500568
2.363165 3160.419608 2329.608416 4166.202430 1821.600913 5682.985312 1472.844539 7225.382912
2.452213 3287.828991 2400.797990 4341.149033 1868.960926 5943.088099 1518.314285 7476.052083
2.544617 3393.243488 2469.216381 4500.959636 1911.418943 6146.737796 1564.580927 7712.408729
2.640503 3510.139496 2550.550736 4679.243926 1932.134847 6375.011486 1611.634611 8106.148386
2.740003 3626.628915 2618.184814 4871.506443 1970.163663 6683.496479 1653.111227 8586.739540
2.843251 3757.748002 2699.495666 5049.703815 1997.548437 6932.091119 1668.212567 8812.201458
2.950391 3895.965133 2778.530155 5211.634596 2029.737659 7196.605686 1682.672912 9314.643825
3.061567 4008.605429 2843.406693 5393.691135 2074.268959 7554.249925 1696.520107 9840.319574
3.176933 4123.927682 2924.524660 5597.032805 2104.293988 7925.015710 1709.780680 10389.891919
3.296646 4221.843979 3002.142243 5791.414388 2132.583480 8239.785411 1722.479915 10956.535146
3.420870 4356.461238 3051.450465 6021.238442 2169.246932 8608.288431 1734.641923 11389.958461
3.549775 4491.978461 3113.056470 6232.004981 2219.226319 8960.762716 1746.289709 11812.362038
3.683537 4629.918357 3198.396013 6421.555368 2238.021438 9378.689055 1757.445232 12224.047290
3.822340 4724.006117 3236.988025 6648.576382 2299.607388 9500.126329 1768.129464 12625.304834
3.966373 4862.591951 3301.991775 6866.698572 2318.506183 9768.066440 1778.362435 13016.415132
4.115834 4975.470904 3342.676095 7099.352287 2349.008958 10079.540103 1788.163291 13615.120174
4.270926 5070.599910 3400.725164 7311.000758 2388.313759 10497.401396 1797.550330 14329.211774
4.431863 5192.731375 3492.276095 7576.468536 2436.836498 10970.152587 1806.541053 15073.474006
4.598864 5309.257507 3542.430703 7834.722656 2484.571149 11458.335746 1815.152196 15848.655348
4.772158 5427.067130 3609.624461 8049.573207 2496.519657 11896.617520 1823.399772 16655.490635
4.951983 5560.075023 3675.525601 8307.189791 2507.953297 12262.843544 1830.099350 17494.699115
5.138583 5686.541585 3744.674628 8561.535130 2518.724247 12775.565359 1833.030748 18366.982524
5.332215 5795.423002 3807.257958 8783.138462 2528.925114 13317.631527 1835.754503 19273.023187
5.533143 5892.773163 3851.362514 8990.657994 2538.586207 13834.533679 1838.285392 20204.049395
5.741642 6043.385145 3917.867511 9241.321367 2547.736196 14311.091852 1840.637133 21108.842913
5.957999 6149.415190 3969.943551 9465.443377 2556.402210 14891.294593 1842.822459 21980.666879
6.182508 6278.796426 4011.719645 9738.131648 2564.609918 15533.896240 1844.853193 22820.740161
6.415476 6375.590547 4030.505000 10044.370927 2572.383614 16126.654705 1846.740308 23630.234464
6.657224 6506.766823 4080.308565 10331.213831 2579.746291 16732.230566 1848.493996 24589.236162
6.908081 6619.447642 4133.876749 10591.557662 2586.719712 17350.383691 1850.123719 25659.469964
7.168391 6750.544414 4179.416907 10768.412407 2593.324481 17968.291693 1851.638267 26762.364515
7.438510 6879.205484 4235.715859 11055.009008 2599.580100 18505.063903 1853.045799 27898.167623
7.718807 6998.316412 4273.932993 11207.130548 2609.959714 19094.346864 1854.353897 29067.096390
8.009667 7115.318948 4296.600510 11479.450010 2633.577374 19808.995050 1855.569600 30269.336843
8.311487 7219.177007 4328.265383 11792.138082 2635.210780 20540.231392 1856.699450 31505.043673
8.624680 7324.566804 4354.095828 12111.376853 2636.732354 21209.971425 1857.749520 32774.340094
8.949674 7389.065112 4379.355957 12374.184584 2638.149767 21807.893371 1858.725455 34077.317807
9.286915 7484.845797 4421.450209 12668.601645 2639.470163 22331.750913 1859.632498 35414.037073
9.636864 7579.122830 4440.043235 12959.680817 2640.700191 22851.066330 1860.475519 36784.526897
10.000000 7662.005514 4464.116621 13250.584564 2641.846045 23367.912963 1861.259044 38188.785314
