0.010000 0.001440 0.000320 0.006396 0.000054 0.030668 0.000003 0.198255
0.012068 0.001739 0.000398 0.007573 0.000069 0.036197 0.000003 0.214259
0.014563 0.002145 0.000493 0.008863 0.000087 0.042641 0.000004 0.229401
0.017575 0.002580 0.000616 0.010455 0.000109 0.049853 0.000005 0.243469
0.021210 0.003136 0.000769 0.012211 0.000135 0.056370 0.000006 0.256321
0.025595 0.003777 0.000957 0.014709 0.000165 0.063581 0.000008 0.280306
0.030888 0.004623 0.001192 0.017327 0.000209 0.073292 0.000009 0.303318
0.037276 0.005527 0.001449 0.020389 0.000258 0.084759 0.000011 0.324498
0.044984 0.006700 0.001773 0.024002 0.000324 0.097479 0.000014 0.343572
0.054287 0.008012 0.002182 0.028201 0.000411 0.108676 0.000016 0.360416
0.065513 0.009661 0.002668 0.033210 0.000520 0.118879 0.000020 0.375033
0.079060 0.011585 0.003288 0.038520 0.000652 0.134979 0.000024 0.387529
0.095410 0.013979 0.004126 0.044424 0.000810 0.153374 0.000029 0.398074
0.115140 0.016783 0.005176 0.050688 0.000938 0.170065 0.000035 0.406876
0.138950 0.019974 0.006336 0.058143 0.001082 0.189000 0.000043 0.414157
0.167683 0.023861 0.007554 0.068680 0.001244 0.209717 0.000051 0.420134
0.202359 0.028682 0.009304 0.077209 0.001482 0.231231 0.000062 0.425011
0.244205 0.033960 0.011055 0.088104 0.001822 0.249193 0.000073 0.433177
0.294705 0.040243 0.013247 0.100494 0.002148 0.270957 0.000084 0.442887
0.355648 0.047481 0.015799 0.113334 0.002705 0.289812 0.000097 0.450716
0.429193 0.055677 0.018372 0.127625 0.003113 0.298856 0.000105 0.456976
0.517947 0.065256 0.021460 0.142689 0.003525 0.312258 0.000111 0.461949
0.625055 0.074797 0.024886 0.159569 0.004056 0.330878 0.000117 0.465878
0.754312 0.086485 0.028745 0.176774 0.005009 0.342749 0.000122 0.469297
0.910298 0.098377 0.032056 0.194197 0.006123 0.360860 0.000127 0.483502
1.098541 0.110575 0.035686 0.214356 0.006773 0.377548 0.000132 0.495438
1.325711 0.123927 0.039919 0.230921 0.007573 0.386294 0.000136 0.505369
1.599859 0.138889 0.044535 0.249492 0.008171 0.401112 0.000139 0.513563
1.930698 0.153255 0.049032 0.267745 0.008907 0.414387 0.000142 0.519351
2.329952 0.167564 0.052682 0.286204 0.009489 0.431663 0.000145 0.525749
2.811769 0.178184 0.056200 0.301529 0.010119 0.444207 0.000147 0.530187
3.393222 0.191362 0.059958 0.321624 0.010984 0.457040 0.000149 0.533773
4.094915 0.203252 0.063810 0.339894 0.011782 0.462386 0.000151 0.536663
4.941713 0.213090 0.067377 0.356346 0.012439 0.473366 0.000153 0.538985
5.963623 0.222200 0.070032 0.372381 0.012669 0.479254 0.000154 0.540848
7.196857 0.231490 0.072821 0.384260 0.012853 0.488498 0.000155 0.542340
8.685114 0.237442 0.075201 0.396824 0.012975 0.491790 0.000156 0.543534
10.481131 0.243773 0.076689 0.408965 0.013075 0.499256 0.000157 0.544487
12.648552 0.247788 0.077783 0.419785 0.013157 0.505847 0.000158 0.545249
15.264180 0.253424 0.078967 0.427790 0.013223 0.511011 0.000159 0.545857
18.420700 0.258722 0.080160 0.435636 0.013277 0.516140 0.000159 0.547730
22.229965 0.262649 0.081136 0.441778 0.013405 0.519272 0.000160 0.549547
26.826958 0.265492 0.081962 0.445932 0.013443 0.521821 0.000160 0.550963
32.374575 0.268079 0.082620 0.448666 0.013472 0.524453 0.000160 0.552067
39.069399 0.270873 0.083245 0.452047 0.013495 0.527679 0.000161 0.552925
47.148664 0.272478 0.083737 0.454169 0.013513 0.531733 0.000161 0.553593
56.898660 0.274852 0.084149 0.456838 0.013535 0.534371 0.000161 0.554111
68.664885 0.275152 0.084493 0.458031 0.013616 0.537801 0.000161 0.555428
82.864277 0.276197 0.084780 0.459167 0.013682 0.539980 0.000161 0.556571
100.000000 0.277601 0.085019 0.460747 0.013736 0.541730 0.000161 0.557494
