0.001000 0.000000 0.000000 0.000000 0.000000 0.000000 0.000000 0.000000
0.001038 0.000000 0.000000 0.000000 0.000000 0.000000 0.000000 0.000000
0.001077 0.000000 0.000000 0.000000 0.000000 0.000000 0.000000 0.000000
0.001117 0.000000 0.000000 0.000000 0.000000 0.000000 0.000000 0.000000
0.001159 0.000000 0.000000 0.000000 0.000000 0.000000 0.000000 0.000000
0.001203 0.000000 0.000000 0.000000 0.000000 0.000000 0.000000 0.000000
0.001248 0.000000 0.000000 0.000000 0.000000 0.000000 0.000000 0.000000
0.001296 0.000000 0.000000 0.000000 0.000000 0.000000 0.000000 0.000000
0.001344 0.000000 0.000000 0.000000 0.000000 0.000000 0.000000 0.000000
0.001395 0.000000 0.000000 0.000000 0.000000 0.000000 0.000000 0.000000
0.001448 0.000000 0.000000 0.000000 0.000000 0.000000 0.000000 0.000000
0.001502 0.000000 0.000000 0.000000 0.000000 0.000000 0.000000 0.000000
0.001559 0.000000 0.000000 0.000000 0.000000 0.000001 0.000000 0.000001
0.001617 0.000001 0.000000 0.000001 0.000000 0.000001 0.000000 0.000001
0.001678 0.000001 0.000001 0.000001 0.000000 0.000001 0.000000 0.000001
0.001742 0.000001 0.000001 0.000001 0.000001 0.000001 0.000001 0.000001
0.001807 0.000001 0.000001 0.000001 0.000001 0.000001 0.000001 0.000001
0.001875 0.000001 0.000001 0.000001 0.000001 0.000001 0.000001 0.000001
0.001946 0.000001 0.000001 0.000001 0.000001 0.000001 0.000001 0.000001
0.002019 0.000001 0.000001 0.000001 0.000001 0.000001 0.000001 0.000001
0.002095 0.000001 0.000001 0.000001 0.000001 0.000001 0.000001 0.000001
0.002174 0.000001 0.000001 0.000001 0.000001 0.000001 0.000001 0.000001
0.002256 0.000001 0.000001 0.000001 0.000001 0.000002 0.000001 0.000002
0.002341 0.000002 0.000001 0.000002 0.000001 0.000002 0.000001 0.000002
0.002430 0.000002 0.000002 0.000002 0.000002 0.000002 0.000001 0.000002
0.002521 0.000002 0.000002 0.000002 0.000002 0.000002 0.000002 0.000002
0.002616 0.000002 0.000002 0.000002 0.000002 0.000002 0.000002 0.000002
0.002715 0.000002 0.000002 0.000003 0.000002 0.000003 0.000002 0.000003
0.002817 0.000003 0.000002 0.000003 0.000002 0.000003 0.000002 0.000003
0.002923 0.000003 0.000003 0.000003 0.000003 0.000003 0.000002 0.000003
0.003033 0.000003 0.000003 0.000004 0.000003 0.000004 0.000003 0.000004
0.003148 0.000004 0.000003 0.000004 0.000003 0.000004 0.000003 0.000004
0.003266 0.000004 0.000004 0.000004 0.000004 0.000005 0.000003 0.000005
0.003389 0.000005 0.000004 0.000005 0.000004 0.000005 0.000004 0.000005
0.003517 0.000005 0.000005 0.000005 0.000005 0.000006 0.000004 0.000006
0.003650 0.000006 0.000005 0.000006 0.000005 0.000006 0.000005 0.000007
0.003787 0.000006 0.000006 0.000007 0.000006 0.000007 0.000005 0.000007
0.003930 0.000007 0.000007 0.000008 0.000006 0.000008 0.000006 0.000008
0.004078 0.000008 0.000008 0.000009 0.000007 0.000009 0.000007 0.000009
0.004232 0.000009 0.000008 0.000010 0.000008 0.000010 0.000008 0.000010
0.004391 0.000010 0.000009 0.000011 0.000009 0.000011 0.000008 0.000012
0.004557 0.000011 0.000010 0.000012 0.000010 0.000013 0.000009 0.000013
0.004728 0.000012 0.000012 0.000013 0.000011 0.000014 0.000011 0.000015
0.004906 0.000014 0.000013 0.000015 0.000012 0.000016 0.000012 0.000016
0.005091 0.000016 0.000015 0.000017 0.000014 0.000018 0.000013 0.000018
0.005283 0.000017 0.000016 0.000019 0.000015 0.000020 0.000015 0.000020
0.005482 0.000019 0.000018 0.000021 0.000017 0.000022 0.000016 0.000023
0.005689 0.000022 0.000020 0.000023 0.000019 0.000025 0.000018 0.000025
0.005903 0.000024 0.000023 0.000026 0.000022 0.000027 0.000021 0.000028
0.006126 0.000027 0.000025 0.000029 0.000024 0.000031 0.000023 0.000032
0.006356 0.000030 0.000028 0.000032 0.000027 0.000034 0.000026 0.000035
0.006596 0.000034 0.000032 0.000036 0.000030 0.000038 0.000029 0.000040
0.006844 0.000038 0.000035 0.000040 0.000034 0.000043 0.000032 0.000044
0.007102 0.000042 0.000040 0.000045 0.000037 0.000048 0.000036 0.000049
0.007370 0.000047 0.000044 0.000050 0.000042 0.000053 0.000040 0.000055
0.007648 0.000053 0.000049 0.000056 0.000047 0.000060 0.000045 0.000062
0.007936 0.000059 0.000055 0.000063 0.000052 0.000067 0.000050 0.000069
0.008235 0.000066 0.000062 0.000070 0.000058 0.000074 0.000056 0.000077
0.008545 0.000074 0.000069 0.000078 0.000065 0.000083 0.000062 0.000086
0.008867 0.000082 0.000077 0.000088 0.000073 0.000093 0.000070 0.000096
0.009201 0.000092 0.000086 0.000098 0.000081 0.000104 0.000078 0.000107
0.009548 0.000103 0.000096 0.000109 0.000091 0.000116 0.000087 0.000120
0.009908 0.000115 0.000107 0.000122 0.000102 0.000129 0.000097 0.000134
0.010281 0.000128 0.000120 0.000136 0.000113 0.000144 0.000108 0.000149
0.010669 0.000143 0.000134 0.000152 0.000127 0.000161 0.000121 0.000167
0.011071 0.000160 0.000150 0.000170 0.000142 0.000180 0.000135 0.000186
0.011488 0.000178 0.000167 0.000190 0.000158 0.000201 0.000151 0.000208
0.011921 0.000199 0.000187 0.000212 0.000177 0.000225 0.000169 0.000233
0.012370 0.000223 0.000209 0.000237 0.000197 0.000251 0.000188 0.000260
0.012836 0.000249 0.000233 0.000265 0.000220 0.000281 0.000210 0.000290
0.013320 0.000278 0.000260 0.000296 0.000246 0.000313 0.000235 0.000324
0.013822 0.000310 0.000291 0.000330 0.000275 0.000350 0.000262 0.000362
0.014343 0.000346 0.000325 0.000369 0.000307 0.000391 0.000293 0.000404
0.014883 0.000387 0.000363 0.000412 0.000343 0.000436 0.000327 0.000451
0.015444 0.000432 0.000405 0.000460 0.000383 0.000487 0.000366 0.000504
0.016026 0.000482 0.000452 0.000513 0.000427 0.000544 0.000408 0.000563
0.016630 0.000539 0.000505 0.000573 0.000477 0.000607 0.000456 0.000628
0.017256 0.000601 0.000564 0.000640 0.000533 0.000678 0.000509 0.000701
0.017907 0.000671 0.000629 0.000715 0.000595 0.000757 0.000568 0.000783
0.018581 0.000750 0.000703 0.000798 0.000664 0.000845 0.000634 0.000874
0.019281 0.000837 0.000784 0.000891 0.000742 0.000943 0.000708 0.000976
0.020008 0.000934 0.000876 0.000994 0.000828 0.001053 0.000791 0.001089
0.020762 0.001042 0.000977 0.001109 0.000924 0.001175 0.000883 0.001215
0.021544 0.001163 0.001091 0.001238 0.001031 0.001311 0.000985 0.001356
0.022356 0.001298 0.001218 0.001382 0.001151 0.001463 0.001099 0.001513
0.023199 0.001449 0.001359 0.001542 0.001284 0.001632 0.001227 0.001689
0.024073 0.001616 0.001516 0.001720 0.001433 0.001821 0.001369 0.001884
0.024980 0.001803 0.001691 0.001919 0.001599 0.002031 0.001528 0.002101
0.025921 0.002011 0.001887 0.002140 0.001784 0.002265 0.001704 0.002344
0.026898 0.002243 0.002105 0.002387 0.001990 0.002526 0.001901 0.002613
0.027911 0.002502 0.002347 0.002661 0.002219 0.002817 0.002120 0.002914
0.028963 0.002789 0.002617 0.002967 0.002475 0.003140 0.002365 0.003248
0.030055 0.003109 0.002918 0.003308 0.002759 0.003500 0.002637 0.003621
0.031187 0.003466 0.003253 0.003687 0.003076 0.003901 0.002940 0.004035
0.032362 0.003863 0.003626 0.004108 0.003429 0.004347 0.003277 0.004496
0.033582 0.004304 0.004040 0.004577 0.003821 0.004842 0.003652 0.005008
0.034847 0.004795 0.004501 0.005099 0.004257 0.005393 0.004069 0.005578
0.036160 0.005340 0.005014 0.005678 0.004742 0.006005 0.004533 0.006211
0.037523 0.005945 0.005583 0.006322 0.005281 0.006685 0.005049 0.006913
0.038937 0.006618 0.006217 0.007038 0.005881 0.007439 0.005622 0.007694
0.040404 0.007366 0.006920 0.007831 0.006546 0.008276 0.006259 0.008559
0.041927 0.008195 0.007701 0.008712 0.007284 0.009204 0.006966 0.009519
0.043507 0.009116 0.008566 0.009688 0.008104 0.010233 0.007750 0.010583
0.045146 0.010135 0.009526 0.010769 0.009012 0.011373 0.008620 0.011762
0.046847 0.011265 0.010590 0.011964 0.010019 0.012635 0.009585 0.013066
0.048612 0.012517 0.011768 0.013289 0.011133 0.014032 0.010654 0.014510
0.050444 0.013902 0.013072 0.014756 0.012368 0.015579 0.011837 0.016106
0.052345 0.015433 0.014514 0.016379 0.013734 0.017288 0.013146 0.017868
0.054317 0.017125 0.016108 0.018172 0.015244 0.019175 0.014594 0.019814
0.056364 0.018991 0.017866 0.020151 0.016912 0.021253 0.016194 0.021959
0.058488 0.021048 0.019807 0.022329 0.018754 0.023544 0.017960 0.024323
0.060692 0.023317 0.021949 0.024728 0.020784 0.026061 0.019908 0.026924
0.062979 0.025815 0.024307 0.027364 0.023021 0.028828 0.022055 0.029789
0.065352 0.028561 0.026903 0.030261 0.025483 0.031866 0.024419 0.032935
0.067815 0.031574 0.029755 0.033450 0.028189 0.035199 0.027019 0.036388
0.070370 0.034876 0.032887 0.036939 0.031164 0.038849 0.029875 0.040171
0.073022 0.038500 0.036323 0.040759 0.034427 0.042853 0.033010 0.044312
0.075774 0.042467 0.040085 0.044939 0.038005 0.047235 0.036445 0.048837
0.078629 0.046798 0.044201 0.049517 0.041921 0.052019 0.040205 0.053776
0.081592 0.051524 0.048693 0.054495 0.046201 0.057232 0.044315 0.059156
0.084666 0.056664 0.053596 0.059914 0.050871 0.062903 0.048801 0.065009
0.087857 0.062261 0.058933 0.065804 0.055946 0.069064 0.053689 0.071364
0.091167 0.068333 0.064727 0.072192 0.061486 0.075742 0.059007 0.078253
0.094603 0.074916 0.071029 0.079109 0.067498 0.082968 0.064783 0.085705
0.098168 0.082043 0.077843 0.086583 0.074008 0.090756 0.071045 0.093740
0.101867 0.089735 0.085194 0.094639 0.081049 0.099145 0.077820 0.102387
0.105705 0.098011 0.093129 0.103330 0.088650 0.108164 0.085136 0.111679
0.109688 0.106905 0.101650 0.112666 0.096837 0.117829 0.093019 0.121641
0.113822 0.116447 0.110795 0.122636 0.105637 0.128160 0.101496 0.132296
0.118111 0.126665 0.120597 0.133296 0.115072 0.139184 0.110589 0.143663
0.122561 0.137577 0.130991 0.144660 0.125126 0.150916 0.120320 0.155758
0.127180 0.149178 0.142119 0.156741 0.135838 0.163427 0.130707 0.168593
0.131972 0.161457 0.153934 0.169512 0.147230 0.176677 0.141768 0.182175
0.136945 0.174457 0.166603 0.182992 0.159314 0.190744 0.153513 0.196507
0.142105 0.188203 0.179865 0.197249 0.172053 0.205585 0.165951 0.211585
0.147460 0.202710 0.193809 0.212253 0.185474 0.221139 0.179085 0.227400
0.153017 0.217945 0.208514 0.227862 0.199641 0.237263 0.192932 0.243937
0.158783 0.233839 0.223799 0.244213 0.214577 0.254127 0.207551 0.261173
0.164766 0.250285 0.239784 0.261196 0.230125 0.271811 0.222781 0.279081
0.170975 0.267497 0.256494 0.279012 0.246399 0.289982 0.238577 0.297626
0.177417 0.285327 0.273795 0.297225 0.263490 0.308586 0.254994 0.316767
0.184103 0.303695 0.291683 0.316134 0.280907 0.327818 0.272013 0.336456
0.191040 0.322638 0.310017 0.335612 0.298894 0.347753 0.289652 0.356951
0.198239 0.342016 0.329140 0.355564 0.317693 0.367972 0.307789 0.377950
0.205709 0.361936 0.348402 0.375788 0.336530 0.388584 0.326264 0.399365
0.213460 0.382120 0.368023 0.396266 0.355687 0.409288 0.345139 0.421129
0.221504 0.402710 0.388002 0.417166 0.375166 0.430410 0.364435 0.443174
0.229851 0.423509 0.408569 0.438205 0.394899 0.451892 0.384035 0.465427
0.238512 0.444476 0.428918 0.459468 0.415241 0.473952 0.403866 0.487814
0.247499 0.465538 0.449625 0.481011 0.436018 0.495561 0.423863 0.510262
0.256826 0.486706 0.470490 0.502185 0.456734 0.517491 0.443644 0.532697
0.266503 0.507727 0.491282 0.523659 0.476646 0.539349 0.463416 0.554874
0.276546 0.528770 0.512055 0.545057 0.496628 0.560951 0.483364 0.576794
0.286967 0.549586 0.532598 0.566602 0.516700 0.582048 0.502607 0.598480
0.297780 0.570159 0.552932 0.587317 0.536594 0.602908 0.521832 0.620002
0.309001 0.590546 0.572768 0.607863 0.555797 0.624070 0.540947 0.641378
0.320645 0.610583 0.592495 0.628142 0.575090 0.644630 0.559779 0.662834
0.332727 0.630347 0.611888 0.647980 0.593821 0.665146 0.578277 0.683633
0.345265 0.649327 0.630691 0.667383 0.612035 0.684881 0.596397 0.703615
0.358275 0.667687 0.648877 0.686016 0.629696 0.703957 0.614098 0.723059
0.371776 0.685863 0.667066 0.704227 0.647400 0.722479 0.631344 0.741934
0.385785 0.703383 0.684340 0.721578 0.664598 0.740420 0.648104 0.760212
0.400322 0.720391 0.701002 0.739003 0.681155 0.758176 0.664351 0.777869
0.415407 0.736883 0.717068 0.755631 0.696579 0.775414 0.680064 0.794888
0.431060 0.752628 0.732436 0.771530 0.711678 0.791569 0.695227 0.811259
0.447304 0.767827 0.747548 0.786794 0.726430 0.807002 0.709825 0.826972
0.464159 0.782314 0.761708 0.801475 0.740374 0.821789 0.723852 0.842025
0.481649 0.796265 0.775380 0.815349 0.754002 0.836197 0.737303 0.856418
0.499799 0.809548 0.788334 0.828807 0.767277 0.850345 0.750176 0.870157
0.518632 0.822297 0.800892 0.841558 0.779257 0.863821 0.762476 0.883249
0.538175 0.834464 0.812825 0.853817 0.791470 0.876605 0.774206 0.895705
0.558455 0.845995 0.824218 0.865421 0.802251 0.888227 0.785375 0.907537
0.579498 0.856944 0.834849 0.876263 0.812420 0.898889 0.795994 0.918761
0.601335 0.867325 0.845025 0.886899 0.822456 0.909543 0.806074 0.929394
0.623994 0.876964 0.854628 0.896983 0.831962 0.919843 0.815630 0.939454
0.647508 0.886230 0.863741 0.906280 0.840874 0.929485 0.824678 0.948960
0.671907 0.895254 0.872261 0.915130 0.849443 0.938308 0.833233 0.957933
0.697226 0.903241 0.880431 0.923483 0.857477 0.946566 0.841313 0.966394
0.723499 0.911059 0.888092 0.931490 0.864923 0.954467 0.848937 0.974364
0.750762 0.918426 0.895241 0.939114 0.871458 0.961844 0.856122 0.981865
0.779052 0.925271 0.902101 0.946274 0.878093 0.968935 0.862887 0.988917
0.808408 0.931754 0.908498 0.953126 0.884385 0.976037 0.869252 0.995549
0.838870 0.937786 0.914358 0.959324 0.890296 0.982346 0.875233 1.001797
0.870480 0.943340 0.920001 0.965310 0.895844 0.988179 0.880851 1.007658
0.903282 0.948851 0.925342 0.970992 0.901049 0.993559 0.886123 1.013152
0.937319 0.953796 0.930272 0.976189 0.905928 0.999021 0.891067 1.018300
0.972639 0.958312 0.934784 0.981121 0.910513 1.003893 0.895701 1.023120
1.009290 0.962702 0.938905 0.985832 0.915023 1.008454 0.900041 1.027631
1.047322 0.966889 0.942739 0.990059 0.919245 1.012721 0.904103 1.031850
1.086787 0.970775 0.946327 0.993970 0.923196 1.016710 0.907903 1.035794
1.127740 0.974471 0.950011 0.997645 0.926507 1.020438 0.911457 1.039480
1.170235 0.977785 0.953335 1.001175 0.929527 1.023921 0.914778 1.042922
1.214332 0.980997 0.956379 1.004359 0.932355 1.027173 0.917881 1.046136
1.260090 0.983875 0.959169 1.007346 0.935090 1.030306 0.920779 1.049136
1.307573 0.986608 0.961900 1.010080 0.937459 1.033259 0.923484 1.051935
1.356845 0.989102 0.964344 1.012820 0.939957 1.036014 0.926008 1.054545
1.407973 0.991418 0.966683 1.015268 0.942180 1.038583 0.928362 1.057040
1.461028 0.993704 0.968856 1.017377 0.944212 1.040979 0.930558 1.059434
1.516083 0.995787 0.970791 1.019487 0.946157 1.043212 0.932605 1.061665
1.573212 0.997748 0.972593 1.021543 0.948061 1.045293 0.934513 1.063745
1.632493 0.999562 0.974341 1.023458 0.949836 1.047232 0.936291 1.065682
1.694009 1.001295 0.975972 1.025178 0.951488 1.049038 0.937947 1.067486
1.757842 1.002798 0.977492 1.026750 0.953027 1.050730 0.939489 1.069166
1.824081 1.004238 0.978890 1.028228 0.954461 1.052372 0.940926 1.070730
1.892816 1.005566 0.980230 1.029576 0.955795 1.053819 0.942263 1.072187
1.964141 1.006816 0.981509 1.030844 0.957037 1.055101 0.943439 1.073542
2.038154 1.008055 0.982683 1.032024 0.958139 1.056363 0.944526 1.074803
2.114955 1.009141 0.983777 1.033122 0.959131 1.057502 0.945537 1.075977
2.194651 1.010141 0.984775 1.034198 0.960054 1.058542 0.946478 1.077069
2.277350 1.011089 0.985648 1.035201 0.960912 1.059510 0.947353 1.078084
2.363165 1.011985 0.986459 1.036133 0.961710 1.060411 0.948166 1.079029
2.452213 1.012819 0.987214 1.036949 0.962452 1.061248 0.948923 1.079908
2.544617 1.013594 0.987942 1.037673 0.963142 1.062026 0.949627 1.080724
2.640503 1.014315 0.988634 1.038347 0.963784 1.062750 0.950281 1.081484
2.740003 1.014985 0.989291 1.038974 0.964381 1.063423 0.950890 1.082190
2.843251 1.015577 0.989913 1.039556 0.964935 1.064049 0.951455 1.082847
2.950391 1.016151 0.990481 1.040118 0.965451 1.064630 0.951981 1.083457
3.061567 1.016690 0.990982 1.040666 0.965930 1.065171 0.952470 1.084025
3.176933 1.017192 0.991474 1.041174 0.966375 1.065673 0.952924 1.084552
3.296646 1.017658 0.991924 1.041650 0.966789 1.066140 0.953346 1.085042
3.420870 1.018091 0.992343 1.042095 0.967174 1.066574 0.953738 1.085498
3.549775 1.018494 0.992734 1.042496 0.967531 1.066977 0.954103 1.085921
3.683537 1.018868 0.993098 1.042875 0.967863 1.067352 0.954442 1.086314
3.822340 1.019215 0.993436 1.043228 0.968172 1.067700 0.954757 1.086680
3.966373 1.019539 0.993735 1.043556 0.968459 1.068024 0.955049 1.087019
4.115834 1.019839 0.994028 1.043861 0.968725 1.068325 0.955321 1.087335
4.270926 1.020118 0.994281 1.044144 0.968973 1.068604 0.955574 1.087628
4.431863 1.020377 0.994513 1.044406 0.969218 1.068863 0.955808 1.087901
4.598864 1.020617 0.994728 1.044651 0.969446 1.069104 0.956026 1.088154
4.772158 1.020841 0.994929 1.044878 0.969657 1.069328 0.956229 1.088389
4.951983 1.021049 0.995120 1.045089 0.969853 1.069537 0.956417 1.088607
5.138583 1.021242 0.995302 1.045284 0.970035 1.069730 0.956592 1.088810
5.332215 1.021421 0.995471 1.045466 0.970205 1.069909 0.956754 1.088999
5.533143 1.021588 0.995628 1.045635 0.970362 1.070076 0.956905 1.089174
5.741642 1.021742 0.995778 1.045792 0.970508 1.070231 0.957045 1.089337
5.957999 1.021886 0.995926 1.045938 0.970644 1.070375 0.957175 1.089488
6.182508 1.022020 0.996064 1.046074 0.970770 1.070509 0.957296 1.089628
6.415476 1.022144 0.996192 1.046192 0.970887 1.070633 0.957408 1.089759
6.657224 1.022259 0.996310 1.046300 0.970996 1.070748 0.957513 1.089880
6.908081 1.022366 0.996421 1.046400 0.971097 1.070856 0.957609 1.089992
7.168391 1.022465 0.996523 1.046492 0.971191 1.070955 0.957699 1.090097
7.438510 1.022558 0.996619 1.046579 0.971278 1.071048 0.957783 1.090194
7.718807 1.022643 0.996707 1.046659 0.971359 1.071133 0.957861 1.090284
8.009667 1.022723 0.996789 1.046733 0.971435 1.071213 0.957933 1.090368
8.311487 1.022797 0.996865 1.046806 0.971505 1.071287 0.958000 1.090445
8.624680 1.022866 0.996936 1.046876 0.971570 1.071356 0.958062 1.090518
8.949674 1.022930 0.997002 1.046940 0.971630 1.071420 0.958120 1.090585
9.286915 1.022989 0.997063 1.047001 0.971686 1.071479 0.958173 1.090647
9.636864 1.023044 0.997120 1.047056 0.971738 1.071534 0.958223 1.090705
10.000000 1.023095 0.997173 1.047108 0.971786 1.071586 0.958270 1.090759
