69.404072 -255.490421 -519.956032 -29.723685 1180.374845 1050.249333 1296.600957 10633707805039.177734 6114181998120.504883 16330018744469.466797 0.000056 0.000025 0.000085 -11.114167 -208.251771 198.620975 160.696172 69.940667 254.905113
181.837338 -642.812837 -831.875813 -437.020647 1066.026776 924.041895 1214.035966 6592915166168.897461 3316906681111.096191 12014199559191.150391 0.000055 0.000024 0.000085 11.947387 -209.153572 208.721622 155.301839 66.019585 253.315110
279.677947 516.349016 317.128923 692.047972 1128.538698 990.404302 1264.040639 8747133660672.288086 4756234815830.300781 14605254234314.025391 0.000055 0.000025 0.000085 3.788382 -193.440474 212.297203 163.593888 70.225666 254.979985
376.884578 -90.416599 -315.653754 137.646368 1066.619268 922.376644 1224.397205 6591353098398.738281 3253255589564.954590 12561759972190.187500 0.000055 0.000025 0.000086 2.391999 -202.189175 197.029782 161.898437 67.609660 256.190509
456.384895 169.570584 -66.353844 417.335812 999.838463 851.612348 1156.324482 4888410418796.321289 2193920778899.017090 9714101391425.589844 0.000054 0.000024 0.000085 -1.750913 -207.458250 200.383860 164.853067 67.018404 256.313788
521.824327 -230.904759 -387.933437 -43.233662 1002.625652 864.752597 1160.362238 5072445326218.705078 2507234948349.295410 9995066135723.726562 0.000055 0.000024 0.000086 -4.535485 -204.560111 201.174553 159.706344 66.421600 256.584176
580.283054 -304.610990 -521.101138 -57.429881 1157.271723 1026.780825 1283.643377 9756452942906.574219 5538174516298.000977 15609277160418.738281 0.000055 0.000024 0.000086 -1.370789 -202.531063 206.924951 168.782758 71.422542 258.774890
644.376729 -79.868821 -245.696274 87.450358 905.522009 777.131282 1069.819558 3126879375952.487305 1441238462212.213379 6830801456031.067383 0.000056 0.000024 0.000085 -6.439913 -205.805545 202.638204 167.974141 72.022735 256.430767
711.206723 -340.081382 -581.378709 -82.945654 1201.859748 1075.477690 1304.381239 11616940209765.025391 6927820259339.250977 16758264098067.529297 0.000056 0.000024 0.000086 -0.224192 -201.213789 205.031964 167.261614 71.502416 255.536386
790.509894 -320.447695 -495.570415 -156.600936 939.649164 807.692226 1097.330593 3745464963082.784180 1859273611194.513672 7755805147179.139648 0.000055 0.000025 0.000085 -0.054016 -204.581430 207.344718 167.621938 73.127494 256.140596
888.684415 -554.298299 -766.421702 -314.663069 1079.071536 933.107280 1227.157343 7011855503591.027344 3464587617323.793945 12757562775684.292969 0.000056 0.000025 0.000087 -10.520261 -204.079131 202.632261 164.136485 65.652583 260.937314
970.980737 -308.716947 -480.058248 -126.257129 988.651442 853.905940 1149.409273 4660796052097.826172 2285098193814.552734 9551725925683.468750 0.000054 0.000023 0.000085 6.533442 -203.392554 202.984240 166.952510 70.836608 258.153420
1045.271546 633.974992 445.634343 824.143076 1106.307335 971.307865 1239.761166 7926780926429.676758 4279003312582.095703 13306032332905.441406 0.000056 0.000024 0.000086 6.674731 -201.211536 207.081999 160.078110 70.518750 256.410928
1123.105182 204.532760 26.499963 395.354539 1074.775011 931.320599 1216.049304 6886037518289.441406 3498660484697.658203 12163573436819.714844 0.000055 0.000025 0.000086 0.631598 -205.321524 202.263279 166.381787 68.105681 258.151044
1211.688057 -33.793351 -196.793674 154.976712 1032.839546 890.649278 1188.615195 5827098129442.910156 2860681625314.079590 11063151602544.357422 0.000055 0.000024 0.000086 -7.783277 -205.661540 203.468681 166.909004 70.908673 256.197263
1304.302181 -236.336453 -489.616357 -10.780402 960.913704 818.971705 1124.626766 3986238486685.746094 1801880442834.483154 8669488986045.465820 0.000055 0.000024 0.000085 1.673769 -203.177418 206.838393 167.662790 71.306123 257.618172
1389.736139 -262.394935 -439.306851 -75.721374 939.061472 805.478334 1098.760963 3612016118718.834961 1710072270207.124756 7693118923307.525391 0.000056 0.000024 0.000086 9.564823 -202.037420 209.804054 157.916762 70.402370 253.180509
1491.433430 228.795687 92.260149 359.626604 898.595673 762.564813 1056.013426 3186465116725.089844 1510637664229.917236 6632437244473.840820 0.000055 0.000025 0.000086 -3.887735 -209.010908 206.447977 163.325996 70.542141 256.872406
1574.916952 134.319917 -27.076856 295.670021 768.698619 669.333414 920.885278 1318558838065.815674 641209530605.778687 3377695225418.807617 0.000054 0.000025 0.000086 -10.025294 -206.592970 200.523269 163.709118 68.276203 256.242098
1652.506879 245.002286 99.990604 388.722807 731.088320 643.684759 866.000345 1037798229365.459229 529013013089.671021 2484648064662.055664 0.000054 0.000024 0.000086 5.394078 -196.826377 208.403142 161.155347 70.217803 254.990024
1768.928897 -228.210715 -342.069346 -108.863093 839.101594 709.958810 1006.765290 2373353511317.436523 1140694326735.973877 5275138377817.638672 0.000055 0.000024 0.000085 -9.948309 -214.256520 203.349939 155.044951 69.070090 252.136452
1894.098946 209.796207 -9.169991 434.731817 935.272199 793.217358 1105.266527 3496451995483.000977 1492258025670.577148 7806436688987.629883 0.000055 0.000025 0.000085 10.386641 -202.206758 205.939408 161.956749 69.274537 259.555106
2025.819292 267.021127 75.362957 448.236275 919.481624 787.929530 1097.632707 3221211621537.178223 1462394189076.626709 7523447461663.968750 0.000056 0.000025 0.000086 4.644138 -195.719199 206.526303 159.426570 67.647035 254.746029
2165.689425 18.324493 -152.719107 168.490702 781.405233 678.101245 928.087016 1492261956830.760498 726792389140.051758 3503667798414.679199 0.000056 0.000024 0.000086 7.449034 -188.170419 207.367684 161.438077 69.357210 252.374908
2281.510112 -245.083192 -402.029047 -92.540023 905.023014 779.652525 1060.683560 3098139247338.938477 1523779403463.506836 6636722247779.131836 0.000055 0.000024 0.000086 -9.766271 -205.419149 196.058008 159.544298 66.344941 253.961353
2391.704744 -277.717793 -509.838732 -83.420604 963.939228 831.394600 1141.257754 4152830294928.906738 1971605547897.564941 9215435482909.292969 0.000055 0.000024 0.000085 1.921421 -204.722380 202.973720 161.261786 68.627447 256.998851
2509.474840 375.921927 212.253500 518.785065 625.792454 568.508214 731.473667 464171119434.173157 281699616206.974609 1113269845651.617676 0.000053 0.000023 0.000085 -4.692463 -198.474367 208.401760 159.063211 68.618741 253.499702
2629.454958 156.955849 6.543954 317.570753 757.885258 667.962937 901.836586 1270984361619.269775 647605661550.485107 3086047885383.787598 0.000056 0.000025 0.000085 -2.368537 -204.207660 205.533984 163.882728 68.148457 253.899382
2763.000065 -160.192224 -282.812187 -33.418335 651.870387 587.071429 757.924149 570334446209.489136 325015632915.007263 1327208182127.223633 0.000053 0.000024 0.000085 2.014979 -199.127566 205.293853 160.932486 67.663070 253.346085
2919.677423 -153.640222 -324.456099 17.447991 837.155037 717.572939 1002.258524 2032347963787.952881 929864064462.881714 4980234190247.951172 0.000055 0.000024 0.000087 10.640857 -198.941241 210.323075 167.144632 71.927423 255.145329
3122.861155 -129.871199 -268.173539 24.627921 690.885832 613.748457 824.651242 739728700027.803589 390529106320.554199 1867129546518.791992 0.000055 0.000025 0.000086 11.933929 -203.911079 205.771603 159.189455 69.325973 252.344628
3385.357348 -145.390071 -267.688229 0.927581 780.348488 674.154259 921.253151 1584067051374.330566 770806697840.472656 3499214776444.438965 0.000053 0.000024 0.000085 9.499163 -203.608130 205.230422 159.167889 67.647355 251.544305
3662.419027 148.109460 18.220122 285.731642 693.453819 612.413560 815.468883 819822704717.943726 433950492130.089600 1861320443244.087646 0.000054 0.000025 0.000085 -1.611625 -204.044799 201.390810 161.612058 67.550077 256.695510
3928.833882 -65.439975 -203.728352 51.834712 651.651547 586.804145 757.784270 555454461990.043213 314208091163.340515 1281703223314.879395 0.000056 0.000023 0.000086 1.519952 -200.165342 207.911229 162.424917 68.520876 256.027064
4175.885282 460.750304 310.071503 608.013333 710.873679 624.487350 841.140826 947521537833.361084 495991164748.945068 2235212688564.784668 0.000055 0.000025 0.000086 -2.982084 -196.399158 200.441056 166.514021 72.522926 257.044089
4379.027839 265.530464 125.618694 409.391930 680.559564 610.425438 801.393302 697327871588.570312 392404305562.577698 1672203572365.822510 0.000053 0.000023 0.000085 0.461189 -197.150827 206.035957 161.236442 70.468544 255.869348
4597.429037 -79.574959 -246.513150 84.330318 798.607693 691.561657 957.471540 1608836302163.629639 765028588199.482788 3985672745723.565430 0.000053 0.000024 0.000085 -19.496660 -211.824717 197.079423 164.441105 70.430019 253.363858
4823.991002 279.766267 144.905017 409.787898 806.564227 690.252093 961.528442 1876255588885.658691 907186533695.249023 4279953022039.998047 0.000053 0.000024 0.000084 12.730231 -201.705207 207.226297 164.048308 72.225150 257.600907
5074.090002 -99.340279 -210.848487 44.884394 690.746180 596.921272 816.360292 942047331447.451538 479172677355.503479 2091978372619.222168 0.000054 0.000025 0.000087 0.814822 -203.677187 192.070101 166.203153 70.922946 256.571860
5398.077315 60.535557 -79.430937 208.876034 840.208295 717.325224 1003.168644 2281222498474.202637 1113869592204.542480 5114848567375.863281 0.000055 0.000024 0.000087 1.100533 -200.861950 204.832765 158.936532 68.869305 252.719330
5720.719893 128.489622 4.538774 259.156194 703.977825 614.586875 837.570230 974419938408.534790 532035656192.059509 2271022801330.862793 0.000054 0.000025 0.000085 0.685580 -198.560571 201.297974 164.717909 71.416628 258.727331
6195.748958 31.409634 -80.282224 139.449548 582.387777 543.075576 652.329451 293217132346.202576 203928855969.336639 567132337163.529175 0.000055 0.000025 0.000084 -0.402002 -206.058519 202.558810 160.547115 70.338212 255.592302
6673.287939 -101.538902 -162.326420 -26.963357 553.010750 534.947857 567.243223 184734327723.004456 162929867276.532532 227661683322.612885 0.000056 0.000025 0.000086 -8.952537 -203.702552 197.242264 161.376593 67.740930 260.126578
