0.010000 10.565262 9.874645 11.418893 9.305517 12.168811 8.908568 12.758252
0.012068 10.514147 9.828074 11.362443 9.263220 12.101968 8.870984 12.688348
0.014563 10.439915 9.760898 11.281634 9.202746 12.006975 8.816723 12.587658
0.017575 10.333803 9.664460 11.165674 9.114324 11.871689 8.738708 12.443359
0.021210 10.181245 9.530965 10.994295 8.987715 11.679062 8.626862 12.237469
0.025595 9.969474 9.344041 10.755146 8.808668 11.407291 8.464142 11.946373
0.030888 9.670498 9.072758 10.398982 8.557714 11.038259 8.231703 11.541150
0.037276 9.264794 8.707772 9.936147 8.218321 10.537269 7.910400 10.987501
0.044984 8.718742 8.215630 9.293946 7.759221 9.847221 7.490149 10.251608
0.054287 7.996028 7.569940 8.489960 7.158650 8.964781 6.945231 9.317768
0.065513 7.092512 6.747063 7.497001 6.416025 7.865651 6.214737 8.148386
0.079060 6.039139 5.765122 6.322608 5.507765 6.619552 5.338003 6.800370
0.095410 4.865935 4.665444 5.076323 4.499645 5.274382 4.362928 5.417611
0.115140 3.693269 3.552093 3.838646 3.451591 3.953443 3.332283 4.054583
0.138950 2.616440 2.519002 2.717215 2.451158 2.793722 2.370714 2.853729
0.167683 1.734829 1.667090 1.802524 1.615294 1.849903 1.574549 1.894189
0.202359 1.072376 1.026804 1.122648 0.988507 1.157864 0.961515 1.191706
0.244205 0.622983 0.592341 0.654644 0.567030 0.683004 0.545030 0.705179
0.294705 0.344186 0.325260 0.364658 0.309107 0.381652 0.296079 0.395454
0.355648 0.183175 0.171916 0.194797 0.162757 0.204723 0.155437 0.212454
0.429193 0.093909 0.087754 0.100284 0.082851 0.105614 0.078923 0.109807
0.517947 0.046830 0.043550 0.050149 0.041040 0.052920 0.039078 0.055094
0.625055 0.023156 0.021481 0.024850 0.020196 0.026272 0.019229 0.027363
0.754312 0.011256 0.010430 0.012098 0.009793 0.012831 0.009315 0.013344
0.910298 0.005393 0.004993 0.005804 0.004684 0.006161 0.004452 0.006409
1.098541 0.002583 0.002390 0.002782 0.002240 0.002955 0.002129 0.003075
1.325711 0.001234 0.001141 0.001329 0.001069 0.001413 0.001016 0.001471
1.599859 0.000585 0.000541 0.000630 0.000506 0.000670 0.000481 0.000697
1.930698 0.000276 0.000255 0.000297 0.000238 0.000316 0.000227 0.000329
2.329952 0.000131 0.000121 0.000141 0.000113 0.000150 0.000108 0.000157
2.811769 0.000062 0.000057 0.000067 0.000054 0.000071 0.000051 0.000074
3.393222 0.000029 0.000027 0.000031 0.000025 0.000033 0.000024 0.000035
4.094915 0.000014 0.000013 0.000015 0.000012 0.000016 0.000011 0.000016
4.941713 0.000007 0.000006 0.000007 0.000006 0.000007 0.000005 0.000008
5.963623 0.000003 0.000003 0.000003 0.000003 0.000004 0.000003 0.000004
7.196857 0.000000 0.000000 0.000000 0.000000 0.000000 0.000000 0.000000
8.685114 0.000000 0.000000 0.000000 0.000000 0.000000 0.000000 0.000000
10.481131 0.000000 0.000000 0.000000 0.000000 0.000000 0.000000 0.000000
12.648552 0.000000 0.000000 0.000000 0.000000 0.000000 0.000000 0.000000
15.264180 0.000000 0.000000 0.000000 0.000000 0.000000 0.000000 0.000000
18.420700 0.000000 0.000000 0.000000 0.000000 0.000000 0.000000 0.000000
22.229965 0.000000 0.000000 0.000000 0.000000 0.000000 0.000000 0.000000
26.826958 0.000000 0.000000 0.000000 0.000000 0.000000 0.000000 0.000000
32.374575 0.000000 0.000000 0.000000 0.000000 0.000000 0.000000 0.000000
39.069399 0.000000 0.000000 0.000000 0.000000 0.000000 0.000000 0.000000
47.148664 0.000000 0.000000 0.000000 0.000000 0.000000 0.000000 0.000000
56.898660 0.000000 0.000000 0.000000 0.000000 0.000000 0.000000 0.000000
68.664885 0.000000 0.000000 0.000000 0.000000 0.000000 0.000000 0.000000
82.864277 0.000000 0.000000 0.000000 0.000000 0.000000 0.000000 0.000000
100.000000 0.000000 0.000000 0.000000 0.000000 0.000000 0.000000 0.000000
