0.001000 0.000000 0.000000 0.000000 0.000000 0.000000 0.000000 0.000000
0.001038 0.000000 0.000000 0.000000 0.000000 0.000000 0.000000 0.000000
0.001077 0.000000 0.000000 0.000000 0.000000 0.000000 0.000000 0.000000
0.001117 0.000000 0.000000 0.000000 0.000000 0.000000 0.000000 0.000000
0.001159 0.000000 0.000000 0.000000 0.000000 0.000000 0.000000 0.000000
0.001203 0.000000 0.000000 0.000000 0.000000 0.000001 0.000000 0.000001
0.001248 0.000000 0.000000 0.000001 0.000000 0.000001 0.000000 0.000001
0.001296 0.000001 0.000000 0.000001 0.000000 0.000001 0.000000 0.000001
0.001344 0.000001 0.000001 0.000001 0.000000 0.000001 0.000000 0.000001
0.001395 0.000001 0.000001 0.000001 0.000001 0.000001 0.000001 0.000001
0.001448 0.000001 0.000001 0.000001 0.000001 0.000001 0.000001 0.000001
0.001502 0.000001 0.000001 0.000001 0.000001 0.000001 0.000001 0.000001
0.001559 0.000001 0.000001 0.000001 0.000001 0.000001 0.000001 0.000001
0.001617 0.000001 0.000001 0.000001 0.000001 0.000001 0.000001 0.000001
0.001678 0.000001 0.000001 0.000001 0.000001 0.000001 0.000001 0.000001
0.001742 0.000001 0.000001 0.000001 0.000001 0.000002 0.000001 0.000002
0.001807 0.000001 0.000001 0.000002 0.000001 0.000002 0.000001 0.000002
0.001875 0.000002 0.000001 0.000002 0.000001 0.000002 0.000001 0.000002
0.001946 0.000002 0.000002 0.000002 0.000002 0.000002 0.000001 0.000002
0.002019 0.000002 0.000002 0.000002 0.000002 0.000002 0.000002 0.000003
0.002095 0.000002 0.000002 0.000003 0.000002 0.000003 0.000002 0.000003
0.002174 0.000003 0.000002 0.000003 0.000002 0.000003 0.000002 0.000003
0.002256 0.000003 0.000003 0.000003 0.000002 0.000003 0.000002 0.000004
0.002341 0.000003 0.000003 0.000003 0.000003 0.000004 0.000002 0.000004
0.002430 0.000004 0.000003 0.000004 0.000003 0.000004 0.000003 0.000005
0.002521 0.000004 0.000004 0.000004 0.000003 0.000005 0.000003 0.000005
0.002616 0.000004 0.000004 0.000005 0.000004 0.000005 0.000003 0.000006
0.002715 0.000005 0.000004 0.000005 0.000004 0.000006 0.000004 0.000006
0.002817 0.000005 0.000005 0.000006 0.000005 0.000007 0.000004 0.000007
0.002923 0.000006 0.000006 0.000007 0.000005 0.000007 0.000005 0.000008
0.003033 0.000007 0.000006 0.000008 0.000006 0.000008 0.000005 0.000009
0.003148 0.000008 0.000007 0.000008 0.000006 0.000009 0.000006 0.000010
0.003266 0.000009 0.000008 0.000009 0.000007 0.000010 0.000007 0.000011
0.003389 0.000010 0.000009 0.000011 0.000008 0.000012 0.000007 0.000012
0.003517 0.000011 0.000010 0.000012 0.000009 0.000013 0.000008 0.000014
0.003650 0.000012 0.000011 0.000013 0.000010 0.000014 0.000009 0.000015
0.003787 0.000013 0.000012 0.000015 0.000011 0.000016 0.000010 0.000017
0.003930 0.000015 0.000013 0.000017 0.000012 0.000018 0.000012 0.000019
0.004078 0.000017 0.000015 0.000018 0.000014 0.000020 0.000013 0.000021
0.004232 0.000019 0.000017 0.000021 0.000016 0.000023 0.000015 0.000024
0.004391 0.000021 0.000019 0.000023 0.000017 0.000025 0.000016 0.000027
0.004557 0.000023 0.000021 0.000026 0.000019 0.000028 0.000018 0.000030
0.004728 0.000026 0.000023 0.000029 0.000022 0.000031 0.000020 0.000033
0.004906 0.000029 0.000026 0.000032 0.000024 0.000035 0.000023 0.000037
0.005091 0.000032 0.000029 0.000036 0.000027 0.000039 0.000025 0.000042
0.005283 0.000036 0.000033 0.000040 0.000030 0.000044 0.000028 0.000046
0.005482 0.000040 0.000037 0.000045 0.000034 0.000049 0.000032 0.000052
0.005689 0.000045 0.000041 0.000050 0.000038 0.000055 0.000035 0.000058
0.005903 0.000050 0.000046 0.000056 0.000042 0.000061 0.000039 0.000065
0.006126 0.000056 0.000051 0.000062 0.000047 0.000068 0.000044 0.000072
0.006356 0.000063 0.000057 0.000070 0.000053 0.000076 0.000049 0.000081
0.006596 0.000070 0.000064 0.000078 0.000059 0.000085 0.000055 0.000090
0.006844 0.000078 0.000071 0.000087 0.000066 0.000095 0.000061 0.000101
0.007102 0.000087 0.000079 0.000097 0.000073 0.000106 0.000069 0.000113
0.007370 0.000097 0.000089 0.000109 0.000082 0.000119 0.000077 0.000126
0.007648 0.000109 0.000099 0.000121 0.000091 0.000133 0.000086 0.000140
0.007936 0.000122 0.000111 0.000135 0.000102 0.000148 0.000096 0.000157
0.008235 0.000136 0.000124 0.000151 0.000114 0.000166 0.000107 0.000175
0.008545 0.000152 0.000138 0.000169 0.000127 0.000185 0.000119 0.000196
0.008867 0.000169 0.000154 0.000189 0.000142 0.000207 0.000133 0.000218
0.009201 0.000189 0.000172 0.000211 0.000159 0.000231 0.000149 0.000244
0.009548 0.000211 0.000192 0.000235 0.000177 0.000258 0.000166 0.000272
0.009908 0.000236 0.000215 0.000263 0.000198 0.000288 0.000186 0.000304
0.010281 0.000264 0.000240 0.000293 0.000221 0.000321 0.000208 0.000340
0.010669 0.000294 0.000268 0.000328 0.000247 0.000359 0.000232 0.000379
0.011071 0.000329 0.000299 0.000366 0.000276 0.000401 0.000259 0.000423
0.011488 0.000367 0.000334 0.000408 0.000308 0.000447 0.000289 0.000473
0.011921 0.000410 0.000373 0.000456 0.000344 0.000499 0.000323 0.000528
0.012370 0.000457 0.000416 0.000509 0.000384 0.000557 0.000360 0.000589
0.012836 0.000511 0.000465 0.000568 0.000429 0.000622 0.000402 0.000658
0.013320 0.000570 0.000519 0.000634 0.000479 0.000694 0.000449 0.000734
0.013822 0.000636 0.000579 0.000708 0.000534 0.000775 0.000501 0.000819
0.014343 0.000710 0.000646 0.000790 0.000596 0.000865 0.000560 0.000914
0.014883 0.000792 0.000721 0.000881 0.000666 0.000965 0.000625 0.001020
0.015444 0.000884 0.000805 0.000983 0.000743 0.001077 0.000697 0.001138
0.016026 0.000986 0.000898 0.001097 0.000829 0.001201 0.000778 0.001269
0.016630 0.001100 0.001002 0.001224 0.000925 0.001340 0.000868 0.001416
0.017256 0.001227 0.001118 0.001365 0.001032 0.001494 0.000969 0.001579
0.017907 0.001369 0.001247 0.001522 0.001151 0.001666 0.001081 0.001760
0.018581 0.001527 0.001391 0.001697 0.001284 0.001858 0.001205 0.001963
0.019281 0.001703 0.001551 0.001892 0.001432 0.002071 0.001344 0.002188
0.020008 0.001898 0.001729 0.002109 0.001597 0.002308 0.001499 0.002438
0.020762 0.002116 0.001927 0.002351 0.001780 0.002572 0.001672 0.002717
0.021544 0.002358 0.002148 0.002619 0.001984 0.002866 0.001864 0.003027
0.022356 0.002628 0.002394 0.002918 0.002211 0.003192 0.002077 0.003372
0.023199 0.002928 0.002667 0.003251 0.002464 0.003555 0.002315 0.003755
0.024073 0.003261 0.002971 0.003620 0.002745 0.003958 0.002579 0.004180
0.024980 0.003631 0.003309 0.004031 0.003057 0.004405 0.002873 0.004653
0.025921 0.004041 0.003685 0.004487 0.003405 0.004902 0.003200 0.005177
0.026898 0.004498 0.004101 0.004993 0.003790 0.005453 0.003563 0.005758
0.027911 0.005004 0.004564 0.005554 0.004219 0.006065 0.003967 0.006403
0.028963 0.005566 0.005077 0.006176 0.004694 0.006744 0.004414 0.007118
0.030055 0.006189 0.005646 0.006864 0.005222 0.007495 0.004911 0.007909
0.031187 0.006879 0.006277 0.007626 0.005807 0.008324 0.005462 0.008785
0.032362 0.007641 0.006978 0.008469 0.006455 0.009240 0.006072 0.009753
0.033582 0.008485 0.007754 0.009401 0.007173 0.010252 0.006749 0.010823
0.034847 0.009418 0.008612 0.010430 0.007967 0.011371 0.007498 0.012005
0.036160 0.010449 0.009559 0.011567 0.008846 0.012606 0.008326 0.013309
0.037523 0.011586 0.010604 0.012820 0.009817 0.013968 0.009242 0.014746
0.038937 0.012846 0.011761 0.014203 0.010890 0.015468 0.010254 0.016328
0.040404 0.014234 0.013037 0.015731 0.012073 0.017118 0.011371 0.018069
0.041927 0.015757 0.014444 0.017405 0.013377 0.018932 0.012603 0.019983
0.043507 0.017432 0.015986 0.019241 0.014814 0.020923 0.013960 0.022082
0.045146 0.019272 0.017679 0.021254 0.016395 0.023106 0.015453 0.024385
0.046847 0.021291 0.019537 0.023459 0.018132 0.025501 0.017096 0.026905
0.048612 0.023507 0.021574 0.025882 0.020039 0.028121 0.018900 0.029661
0.050444 0.025932 0.023806 0.028540 0.022130 0.030982 0.020879 0.032670
0.052345 0.028584 0.026265 0.031444 0.024420 0.034103 0.023048 0.035950
0.054317 0.031467 0.028954 0.034611 0.026924 0.037501 0.025420 0.039520
0.056364 0.034625 0.031889 0.038059 0.029658 0.041183 0.028013 0.043398
0.058488 0.038041 0.035076 0.041808 0.032639 0.045168 0.030842 0.047604
0.060692 0.041751 0.038530 0.045876 0.035885 0.049480 0.033923 0.052157
0.062979 0.045774 0.042277 0.050272 0.039411 0.054152 0.037274 0.057075
0.065352 0.050134 0.046356 0.054987 0.043237 0.059212 0.040912 0.062377
0.067815 0.054843 0.050770 0.060077 0.047388 0.064664 0.044855 0.068081
0.070370 0.059917 0.055531 0.065525 0.051855 0.070521 0.049119 0.074202
0.073022 0.065359 0.060598 0.071379 0.056682 0.076781 0.053721 0.080756
0.075774 0.071208 0.066042 0.077726 0.061838 0.083485 0.058678 0.087756
0.078629 0.077486 0.071946 0.084493 0.067368 0.090634 0.064005 0.095213
0.081592 0.084171 0.078266 0.091728 0.073287 0.098182 0.069716 0.103136
0.084666 0.091296 0.084965 0.099325 0.079673 0.106172 0.075826 0.111531
0.087857 0.098895 0.092061 0.107401 0.086503 0.114615 0.082344 0.120401
0.091167 0.106887 0.099593 0.115861 0.093670 0.123533 0.089281 0.129745
0.094603 0.115331 0.107587 0.124793 0.101189 0.132958 0.096644 0.139559
0.098168 0.124211 0.115916 0.134324 0.109121 0.142838 0.104436 0.149835
0.101867 0.133552 0.124804 0.144173 0.117537 0.153163 0.112660 0.160561
0.105705 0.143380 0.134141 0.154612 0.126327 0.163924 0.121313 0.171722
0.109688 0.153562 0.143901 0.165235 0.135526 0.175317 0.130391 0.183296
0.113822 0.164156 0.154033 0.176464 0.145212 0.187134 0.139803 0.195259
0.118111 0.175279 0.164590 0.187785 0.155297 0.199185 0.149536 0.207584
0.122561 0.186783 0.175674 0.199485 0.165807 0.211498 0.159631 0.220244
0.127180 0.198381 0.186997 0.211678 0.176579 0.224237 0.170154 0.233319
0.131972 0.210560 0.198619 0.224166 0.187548 0.237327 0.181287 0.246665
0.136945 0.222794 0.210591 0.236901 0.199056 0.250446 0.192758 0.260241
0.142105 0.235290 0.222798 0.249760 0.210662 0.263521 0.204378 0.274004
0.147460 0.247896 0.235002 0.262907 0.222573 0.277124 0.215924 0.287842
0.153017 0.260807 0.247597 0.276105 0.234693 0.290603 0.227662 0.301503
0.158783 0.273850 0.260257 0.289572 0.247241 0.304133 0.239555 0.315188
0.164766 0.286931 0.273143 0.303172 0.259903 0.317940 0.251565 0.328851
0.170975 0.299957 0.286017 0.316233 0.272374 0.331961 0.263652 0.342448
0.177417 0.313183 0.298882 0.329463 0.284989 0.345551 0.275778 0.356034
0.184103 0.326263 0.311426 0.342652 0.297252 0.359029 0.287903 0.369573
0.191040 0.339499 0.324101 0.355850 0.309568 0.372600 0.299988 0.382933
0.198239 0.352576 0.336519 0.368781 0.321995 0.385726 0.311995 0.396079
0.205709 0.365051 0.348779 0.381778 0.334150 0.398622 0.323888 0.409390
0.213460 0.377339 0.360804 0.394295 0.346427 0.411259 0.335633 0.422554
0.221504 0.389444 0.372536 0.406693 0.358259 0.423606 0.347197 0.435424
0.229851 0.401196 0.384138 0.418690 0.369590 0.436197 0.358551 0.447974
0.238512 0.412821 0.395681 0.430576 0.380860 0.448001 0.369666 0.460180
0.247499 0.423926 0.406551 0.442046 0.392059 0.459733 0.380393 0.472022
0.256826 0.435109 0.417150 0.453325 0.402790 0.471065 0.390752 0.483482
0.266503 0.445646 0.427438 0.464119 0.413431 0.481884 0.400710 0.494548
0.276546 0.455872 0.437340 0.474593 0.423366 0.492381 0.410094 0.505208
0.286967 0.465645 0.447028 0.484751 0.433023 0.502176 0.419142 0.515457
0.297780 0.475111 0.456189 0.494708 0.442548 0.512131 0.427849 0.525207
0.309001 0.484251 0.465003 0.504009 0.451410 0.521768 0.436210 0.534707
0.320645 0.493239 0.473616 0.512949 0.459562 0.530971 0.444222 0.543706
0.332727 0.501680 0.481875 0.521906 0.467773 0.538977 0.451887 0.552294
0.345265 0.509549 0.490009 0.530193 0.475474 0.546594 0.459205 0.560473
0.358275 0.517226 0.497496 0.538040 0.483350 0.553917 0.466182 0.568253
0.371776 0.524537 0.504402 0.545184 0.490009 0.561410 0.472821 0.575641
0.385785 0.531267 0.510992 0.552203 0.496880 0.568537 0.479131 0.582647
0.400322 0.537863 0.517497 0.558964 0.502746 0.575292 0.485117 0.589282
0.415407 0.544119 0.523406 0.565125 0.508921 0.581691 0.490791 0.595557
0.431060 0.550096 0.529180 0.571018 0.514412 0.587717 0.496159 0.601486
0.447304 0.555498 0.534516 0.576730 0.519728 0.593300 0.501234 0.607081
0.464159 0.560749 0.539549 0.582136 0.524799 0.598703 0.506025 0.612356
0.481649 0.565442 0.544327 0.587232 0.529411 0.603899 0.510544 0.617323
0.499799 0.570103 0.548938 0.591956 0.533817 0.608676 0.514802 0.621996
0.518632 0.574664 0.553327 0.596483 0.537653 0.613169 0.518809 0.626390
0.538175 0.578606 0.557270 0.600761 0.541423 0.617392 0.522578 0.630858
0.558455 0.582400 0.560937 0.604664 0.545042 0.621320 0.526120 0.635096
0.579498 0.585884 0.564400 0.608366 0.548440 0.625056 0.529445 0.639074
0.601335 0.589281 0.567588 0.611835 0.551627 0.628560 0.532564 0.642807
0.623994 0.592446 0.570758 0.615045 0.554616 0.631835 0.535489 0.646307
0.647508 0.595415 0.573740 0.618179 0.557416 0.634896 0.538230 0.649586
0.671907 0.598225 0.576408 0.621113 0.560037 0.637797 0.540796 0.652657
0.697226 0.600878 0.579036 0.623788 0.562491 0.640490 0.543198 0.655531
0.723499 0.603292 0.581347 0.626426 0.564824 0.643008 0.545444 0.658219
0.750762 0.605597 0.583553 0.628776 0.567024 0.645378 0.547545 0.660732
0.779052 0.607751 0.585484 0.631070 0.568935 0.647635 0.549507 0.663080
0.808408 0.609763 0.587359 0.633019 0.570808 0.649743 0.551341 0.665274
0.838870 0.611767 0.589139 0.635025 0.572556 0.651846 0.553053 0.667322
0.870480 0.613439 0.590797 0.636874 0.574188 0.653878 0.554650 0.669234
0.903282 0.615030 0.592393 0.638549 0.575710 0.655744 0.556141 0.671018
0.937319 0.616556 0.593900 0.640078 0.577100 0.657365 0.557532 0.672682
0.972639 0.617978 0.595305 0.641587 0.578385 0.658876 0.558828 0.674233
1.009290 0.619305 0.596614 0.642947 0.579583 0.660284 0.560037 0.675679
1.047322 0.620447 0.597835 0.644265 0.580700 0.661597 0.561163 0.677027
1.086787 0.621667 0.598973 0.645452 0.581740 0.662820 0.562213 0.678283
1.127740 0.622660 0.599945 0.646566 0.582802 0.663959 0.563191 0.679452
1.170235 0.623589 0.600885 0.647655 0.583796 0.665020 0.564101 0.680542
1.214332 0.624489 0.601767 0.648669 0.584703 0.666007 0.564949 0.681556
1.260090 0.625301 0.602587 0.649614 0.585509 0.666927 0.565738 0.682501
1.307573 0.626058 0.603351 0.650416 0.586259 0.667783 0.566473 0.683379
1.356845 0.626762 0.604106 0.651141 0.586957 0.668579 0.567156 0.684197
1.407973 0.627458 0.604723 0.651877 0.587606 0.669320 0.567792 0.684959
1.461028 0.628137 0.605339 0.652561 0.588211 0.670010 0.568384 0.685667
1.516083 0.628725 0.605911 0.653198 0.588773 0.670651 0.568935 0.686326
1.573212 0.629338 0.606444 0.653790 0.589295 0.671248 0.569447 0.686938
1.632493 0.629903 0.606939 0.654336 0.589782 0.671803 0.569923 0.687508
1.694009 0.630412 0.607394 0.654770 0.590234 0.672357 0.570366 0.688038
1.757842 0.630853 0.607800 0.655173 0.590654 0.672888 0.570778 0.688531
1.824081 0.631221 0.608178 0.655596 0.591045 0.673382 0.571161 0.688989
1.892816 0.631563 0.608529 0.656016 0.591409 0.673841 0.571517 0.689415
1.964141 0.631880 0.608856 0.656359 0.591746 0.674268 0.571848 0.689811
2.038154 0.632175 0.609159 0.656692 0.592060 0.674646 0.572156 0.690179
2.114955 0.632450 0.609441 0.656991 0.592352 0.674952 0.572442 0.690521
2.194651 0.632753 0.609704 0.657303 0.592624 0.675237 0.572707 0.690840
2.277350 0.633038 0.609947 0.657594 0.592876 0.675502 0.572954 0.691135
2.363165 0.633303 0.610174 0.657854 0.593110 0.675749 0.573184 0.691410
2.452213 0.633549 0.610384 0.658095 0.593328 0.675977 0.573397 0.691665
2.544617 0.633783 0.610580 0.658331 0.593530 0.676207 0.573595 0.691902
2.640503 0.634015 0.610761 0.658551 0.593718 0.676436 0.573780 0.692123
2.740003 0.634232 0.610930 0.658756 0.593893 0.676649 0.573951 0.692327
2.843251 0.634433 0.611087 0.658946 0.594055 0.676847 0.574110 0.692518
2.950391 0.634620 0.611233 0.659122 0.594206 0.677031 0.574258 0.692695
3.061567 0.634793 0.611368 0.659287 0.594346 0.677202 0.574395 0.692859
3.176933 0.634955 0.611494 0.659431 0.594476 0.677361 0.574522 0.693011
3.296646 0.635105 0.611611 0.659562 0.594597 0.677508 0.574641 0.693153
3.420870 0.635244 0.611719 0.659683 0.594710 0.677638 0.574751 0.693285
3.549775 0.635373 0.611820 0.659796 0.594814 0.677750 0.574853 0.693407
3.683537 0.635474 0.611914 0.659902 0.594911 0.677855 0.574948 0.693521
3.822340 0.635564 0.612001 0.659999 0.595001 0.677952 0.575036 0.693626
3.966373 0.635648 0.612082 0.660090 0.595085 0.678042 0.575118 0.693725
4.115834 0.635726 0.612157 0.660174 0.595163 0.678126 0.575195 0.693816
4.270926 0.635798 0.612226 0.660252 0.595235 0.678204 0.575265 0.693900
4.431863 0.635865 0.612291 0.660325 0.595302 0.678276 0.575331 0.693979
4.598864 0.635927 0.612351 0.660392 0.595364 0.678343 0.575392 0.694052
4.772158 0.635985 0.612407 0.660455 0.595422 0.678406 0.575449 0.694120
4.951983 0.636039 0.612459 0.660513 0.595476 0.678464 0.575501 0.694183
5.138583 0.636089 0.612507 0.660567 0.595526 0.678517 0.575550 0.694241
5.332215 0.636136 0.612552 0.660617 0.595572 0.678567 0.575596 0.694296
5.533143 0.636179 0.612594 0.660664 0.595615 0.678614 0.575638 0.694346
5.741642 0.636219 0.612632 0.660707 0.595655 0.678657 0.575677 0.694393
5.957999 0.636256 0.612668 0.660748 0.595692 0.678697 0.575713 0.694436
6.182508 0.636291 0.612702 0.660785 0.595727 0.678734 0.575747 0.694477
6.415476 0.636323 0.612733 0.660820 0.595759 0.678769 0.575779 0.694514
6.657224 0.636353 0.612761 0.660852 0.595788 0.678801 0.575808 0.694549
6.908081 0.636380 0.612788 0.660882 0.595816 0.678831 0.575835 0.694582
7.168391 0.636406 0.612813 0.660910 0.595842 0.678858 0.575860 0.694612
7.438510 0.636430 0.612836 0.660935 0.595866 0.678884 0.575883 0.694640
7.718807 0.636452 0.612857 0.660959 0.595888 0.678908 0.575905 0.694666
8.009667 0.636473 0.612877 0.660982 0.595908 0.678930 0.575925 0.694690
8.311487 0.636492 0.612896 0.661002 0.595927 0.678951 0.575944 0.694712
8.624680 0.636509 0.612913 0.661022 0.595945 0.678970 0.575961 0.694733
8.949674 0.636526 0.612929 0.661039 0.595962 0.678987 0.575977 0.694752
9.286915 0.636544 0.612943 0.661056 0.595977 0.679004 0.575992 0.694770
9.636864 0.636560 0.612957 0.661071 0.595991 0.679019 0.576006 0.694787
10.000000 0.636575 0.612970 0.661086 0.596004 0.679034 0.576019 0.694802
