0.010000 -0.567760 -0.848722 -0.253618 -0.984908 -0.070107 -1.023192 -0.019447
0.012068 -0.583650 -0.857789 -0.262019 -0.992796 -0.076516 -1.032438 -0.027225
0.014563 -0.601094 -0.882462 -0.277133 -0.999900 -0.085992 -1.048082 -0.038321
0.017575 -0.619032 -0.909828 -0.289010 -1.014047 -0.093428 -1.061819 -0.048133
0.021210 -0.640559 -0.941471 -0.306302 -1.047715 -0.102406 -1.129520 -0.054847
0.025595 -0.663390 -0.969806 -0.326271 -1.084114 -0.113186 -1.175007 -0.059313
0.030888 -0.684435 -0.995620 -0.353361 -1.118670 -0.136886 -1.235295 -0.064776
0.037276 -0.713371 -1.019899 -0.365704 -1.138101 -0.149841 -1.267681 -0.068398
0.044984 -0.742343 -1.031730 -0.393378 -1.171460 -0.170036 -1.290353 -0.077549
0.054287 -0.780987 -1.055953 -0.428130 -1.201890 -0.191045 -1.324814 -0.089886
0.065513 -0.819886 -1.084724 -0.461989 -1.243674 -0.219330 -1.378148 -0.100964
0.079060 -0.869656 -1.125976 -0.504669 -1.310758 -0.252074 -1.444958 -0.109069
0.095410 -0.927982 -1.160887 -0.558123 -1.375057 -0.276862 -1.524786 -0.120232
0.115140 -0.979221 -1.211338 -0.616030 -1.443137 -0.313026 -1.605527 -0.135660
0.138950 -1.026129 -1.279297 -0.657852 -1.523060 -0.345122 -1.690375 -0.157010
0.167683 -1.061516 -1.334673 -0.724042 -1.617094 -0.396623 -1.777627 -0.184657
0.202359 -1.099950 -1.411017 -0.780756 -1.708731 -0.437685 -1.868596 -0.227034
0.244205 -1.150541 -1.490397 -0.838448 -1.799972 -0.485536 -1.942951 -0.282139
0.294705 -1.217324 -1.574521 -0.905913 -1.913749 -0.547347 -2.018325 -0.324645
0.355648 -1.288948 -1.667305 -0.982880 -2.006866 -0.614910 -2.116338 -0.374535
0.429193 -1.368327 -1.773111 -1.040307 -2.101686 -0.676529 -2.224770 -0.464971
0.517947 -1.461269 -1.887574 -1.074919 -2.190769 -0.783660 -2.318411 -0.496254
0.625055 -1.550477 -1.990962 -1.119430 -2.272831 -0.877654 -2.396985 -0.524947
0.754312 -1.643637 -2.090195 -1.170881 -2.367863 -0.939089 -2.482097 -0.558870
0.910298 -1.738376 -2.198821 -1.233834 -2.448036 -1.047975 -2.550195 -0.598884
1.098541 -1.881409 -2.381763 -1.319386 -4.441506 -1.092784 -4.962228 -0.645982
1.325711 -2.038338 -2.553228 -1.419669 -4.601900 -1.118424 -4.962228 -0.793614
1.599859 -2.209661 -3.253823 -1.536393 -4.712556 -1.158832 -4.976333 -0.880931
1.930698 -2.374362 -3.645245 -1.683542 -4.793441 -1.218343 -4.976333 -1.060057
2.329952 -2.509962 -4.029427 -1.837064 -4.847062 -1.286517 -4.984854 -1.152745
2.811769 -2.640962 -4.186811 -1.995540 -4.867445 -1.357253 -4.995364 -1.215584
3.393222 -2.780817 -4.329685 -2.131204 -4.881877 -1.436968 -4.995364 -1.254493
4.094915 -3.126967 -4.432755 -2.315231 -4.882838 -1.542812 -4.995364 -1.306388
4.941713 -3.315129 -4.494433 -2.489266 -4.925660 -1.657515 -4.995364 -1.363395
5.963623 -3.451894 -4.525028 -2.625010 -4.935415 -1.844978 -4.999588 -1.422970
7.196857 -3.572498 -4.572697 -2.735609 -4.939536 -2.002726 -4.999588 -1.489049
8.685114 -3.664521 -4.592322 -2.816184 -4.945579 -2.176073 -4.999588 -1.651909
10.481131 -3.760081 -4.606219 -2.891695 -4.946114 -2.329617 -4.999588 -1.792329
12.648552 -3.806410 -4.626408 -3.032108 -4.946118 -2.492924 -4.999588 -1.882060
15.264180 -3.890071 -4.662347 -3.183943 -4.947980 -2.732572 -4.999588 -2.165536
18.420700 -3.949552 -4.675748 -3.262863 -4.947980 -2.939072 -4.999588 -2.471760
22.229965 -3.997148 -4.679034 -3.326381 -4.949084 -3.064810 -4.999588 -3.012578
26.826958 -3.997148 -4.679034 -3.326381 -4.949084 -3.064810 -4.999588 -3.012578
32.374575 -3.997148 -4.679034 -3.326381 -4.949084 -3.064810 -4.999588 -3.012578
39.069399 -3.997148 -4.679034 -3.326381 -4.949084 -3.064810 -4.999588 -3.012578
47.148664 -3.997148 -4.679034 -3.326381 -4.949084 -3.064810 -4.999588 -3.012578
56.898660 -3.997148 -4.679034 -3.326381 -4.949084 -3.064810 -4.999588 -3.012578
68.664885 -3.997148 -4.679034 -3.326381 -4.949084 -3.064810 -4.999588 -3.012578
82.864277 -3.997148 -4.679034 -3.326381 -4.949084 -3.064810 -4.999588 -3.012578
100.000000 -3.997148 -4.679034 -3.326381 -4.949084 -3.064810 -4.999588 -3.012578
