0.010000 0.001514 0.000294 0.006429 0.000055 0.028064 0.000008 0.129759
0.012068 0.001847 0.000368 0.007628 0.000069 0.033421 0.000010 0.147441
0.014563 0.002228 0.000453 0.009045 0.000087 0.039691 0.000012 0.166502
0.017575 0.002688 0.000569 0.010668 0.000110 0.046987 0.000015 0.186791
0.021210 0.003256 0.000692 0.012552 0.000131 0.053341 0.000019 0.208093
0.025595 0.003922 0.000861 0.014928 0.000162 0.059717 0.000021 0.230144
0.030888 0.004772 0.001084 0.017455 0.000196 0.073649 0.000025 0.252636
0.037276 0.005765 0.001371 0.020450 0.000252 0.086729 0.000030 0.275233
0.044984 0.006965 0.001703 0.023955 0.000307 0.096374 0.000037 0.297597
0.054287 0.008331 0.002103 0.028384 0.000364 0.105297 0.000047 0.327219
0.065513 0.010160 0.002569 0.032969 0.000454 0.120562 0.000059 0.350027
0.079060 0.012159 0.003109 0.038650 0.000566 0.132965 0.000073 0.367670
0.095410 0.014809 0.003847 0.045148 0.000705 0.147347 0.000092 0.384269
0.115140 0.017839 0.004654 0.052220 0.000876 0.169566 0.000114 0.399734
0.138950 0.021223 0.005480 0.061012 0.001087 0.184916 0.000143 0.414014
0.167683 0.025082 0.006539 0.070474 0.001301 0.200147 0.000178 0.427088
0.202359 0.029743 0.007767 0.081079 0.001556 0.220761 0.000221 0.438968
0.244205 0.035233 0.009470 0.093799 0.001910 0.236359 0.000274 0.449688
0.294705 0.041379 0.011324 0.106714 0.002358 0.258814 0.000323 0.459401
0.355648 0.048120 0.013683 0.122287 0.002639 0.283997 0.000355 0.468041
0.429193 0.055930 0.016056 0.138212 0.003168 0.303348 0.000388 0.475606
0.517947 0.064683 0.019420 0.156988 0.003662 0.320268 0.000421 0.487219
0.625055 0.075356 0.022965 0.172539 0.004268 0.329812 0.000454 0.496780
0.754312 0.086286 0.026682 0.189801 0.005140 0.340797 0.000486 0.504586
0.910298 0.099704 0.029902 0.206571 0.005709 0.356109 0.000518 0.510914
1.098541 0.114089 0.033647 0.224808 0.006150 0.369848 0.000548 0.516015
1.325711 0.127057 0.037188 0.243608 0.006724 0.382618 0.000577 0.520109
1.599859 0.142890 0.040935 0.258312 0.007465 0.396838 0.000604 0.523382
1.930698 0.158469 0.045781 0.274744 0.008214 0.410588 0.000629 0.525991
2.329952 0.172155 0.050373 0.292136 0.008863 0.420834 0.000653 0.528066
2.811769 0.184689 0.054634 0.311592 0.009736 0.436703 0.000674 0.529714
3.393222 0.196063 0.057247 0.328657 0.010288 0.452631 0.000693 0.531020
4.094915 0.207377 0.060832 0.342831 0.010842 0.462280 0.000710 0.532054
4.941713 0.215282 0.064970 0.360205 0.011263 0.472838 0.000726 0.532871
5.963623 0.223953 0.067755 0.369477 0.011654 0.480604 0.000740 0.533518
7.196857 0.232443 0.069826 0.384861 0.012014 0.487116 0.000752 0.534100
8.685114 0.237669 0.071015 0.397378 0.012218 0.494435 0.000762 0.538549
10.481131 0.244055 0.072046 0.408468 0.012383 0.499022 0.000772 0.542156
12.648552 0.248251 0.073154 0.420710 0.012780 0.504502 0.000780 0.545072
15.264180 0.252084 0.075027 0.426886 0.013158 0.509766 0.000787 0.547425
18.420700 0.255920 0.076547 0.435780 0.013375 0.512552 0.000793 0.549318
22.229965 0.259131 0.077775 0.443916 0.013569 0.517251 0.000798 0.550840
26.826958 0.261578 0.078835 0.448715 0.013742 0.518814 0.000803 0.552062
32.374575 0.264461 0.079745 0.452087 0.013894 0.522258 0.000807 0.552482
39.069399 0.265761 0.080525 0.457327 0.014028 0.525622 0.000810 0.552515
47.148664 0.266900 0.081190 0.461121 0.014147 0.526448 0.000813 0.552541
56.898660 0.267669 0.081756 0.463756 0.014250 0.528397 0.000816 0.552562
68.664885 0.268101 0.081894 0.464945 0.014341 0.530110 0.000818 0.552579
82.864277 0.268466 0.081984 0.466505 0.014421 0.533636 0.000820 0.552592
100.000000 0.268908 0.082055 0.468381 0.014490 0.535870 0.000821 0.554001
