0.001000 11114.533233 2236.465443 43427.999241 782.553941 91935.817246 311.826227 160480.950692
0.001038 10890.115939 2207.357092 42080.471397 778.070372 88861.189406 310.940089 154664.746535
0.001077 10675.485951 2182.243200 40743.388435 773.612687 85889.211762 310.056563 149058.886774
0.001117 10511.807720 2162.854848 39691.185441 769.180741 83016.458271 309.175636 143655.766958
0.001159 10285.360445 2146.572729 38492.826988 764.774374 80239.617240 308.297323 138448.057609
0.001203 10077.893218 2121.418836 37329.236310 760.393513 77989.329792 307.421613 133428.694341
0.001248 9916.871042 2096.557777 36255.811125 756.037993 75600.073362 306.548514 128590.868294
0.001296 9804.388679 2076.882705 35120.810486 751.707708 72995.973385 305.678033 123928.016817
0.001344 9693.621516 2058.033571 34039.962095 747.402548 70603.968389 304.810171 119433.814675
0.001395 9527.619820 2039.347046 33009.650781 743.122382 68105.538041 303.944937 115102.165366
0.001448 9342.402303 2020.833122 32010.512041 738.867111 65709.544586 303.082341 110927.192937
0.001502 9215.215846 2002.486486 31041.603740 734.636617 63446.085981 302.222382 106903.233939
0.001559 9001.734867 1984.305671 30295.115905 730.430805 61344.045890 301.365074 103024.829793
0.001617 8818.218255 1966.289234 29398.620898 726.249561 59405.646821 300.510427 99286.719373
0.001678 8684.550295 1956.187625 28580.900913 722.092792 57594.785278 299.658454 95683.831860
0.001742 8560.860437 1933.162887 27820.196457 717.777631 55838.669703 298.809172 92211.279872
0.001807 8414.483934 1915.115449 27036.483189 712.645030 54094.014514 297.962585 88864.352830
0.001875 8301.471137 1902.970302 26187.827037 707.548940 52395.864615 297.118723 85638.510573
0.001946 8146.157446 1885.042858 25365.813183 702.489136 50750.551942 296.277592 82529.377185
0.002019 7968.870629 1868.062835 24628.515534 698.370181 49156.432603 295.439224 79532.735081
0.002095 7814.820988 1852.138509 23820.004467 696.511718 47403.285424 294.603634 76644.519266
0.002174 7760.773034 1827.080342 23060.282431 693.673179 45706.548752 293.770847 73860.811828
0.002256 7589.173257 1808.675216 22428.941481 689.709127 44070.492830 292.940898 71177.836623
0.002341 7500.524304 1794.861592 21763.967795 685.768852 42492.950888 292.113809 68591.954156
0.002430 7348.286645 1778.563581 21118.569626 681.852309 40971.833668 291.289618 66099.656634
0.002521 7205.743458 1762.414188 20567.244563 677.959453 39505.126627 290.468359 63697.563218
0.002616 7104.018481 1750.709988 19935.094291 674.090248 38198.938871 289.650075 61382.415431
0.002715 7027.344738 1745.825125 19316.321945 670.244666 36958.219941 288.834803 59151.072733
0.002817 6900.183594 1730.419791 18753.496803 666.422684 35757.621230 288.022595 57000.508272
0.002923 6769.880054 1709.131208 18238.182123 662.624293 34595.844114 287.213501 54927.804768
0.003033 6658.150911 1688.392951 17711.134193 654.883391 33471.632004 286.407575 52930.150560
0.003148 6550.535794 1672.078167 17233.888577 651.031910 32383.768974 285.604880 51004.835789
0.003266 6460.807186 1657.525358 16854.853202 649.712581 31331.078459 284.805478 49149.248723
0.003389 6333.606715 1643.093770 16392.465042 647.666748 30312.421976 284.009443 47360.872212
0.003517 6190.053798 1628.782456 15987.819557 643.986483 29336.667329 283.216851 45637.280279
0.003650 6068.416592 1617.067557 15496.414478 640.329957 28436.226595 282.427784 43976.134818
0.003787 5938.737124 1606.447304 14969.945074 636.697237 27563.277925 281.642334 42375.182433
0.003930 5813.752970 1588.752833 14554.340102 633.088403 26716.987168 280.860597 40832.251373
0.004078 5736.355315 1579.366872 14162.691149 629.503554 25896.545774 280.082678 39345.248588
0.004232 5602.957207 1559.480705 13690.192470 625.942804 25022.157531 279.308691 37912.156889
0.004391 5470.213763 1545.390381 13268.621192 622.406283 24180.378391 278.544891 36531.032212
0.004557 5402.936598 1531.896585 12939.044841 618.894141 23446.314097 277.773016 35200.000978
0.004728 5309.126396 1518.261384 12600.053037 615.406552 22734.371274 277.011603 33917.257554
0.004906 5240.784868 1502.742834 12270.160504 611.943704 22123.862604 276.254676 32681.061797
0.005091 5127.384269 1492.094357 11932.057601 608.505815 21474.491103 275.502401 31489.736701
0.005283 5021.842231 1479.051166 11590.693881 605.093123 20765.750577 274.754957 30341.666115
0.005482 4947.414564 1465.252349 11287.951798 601.705895 20094.906257 274.012539 29235.292548
0.005689 4854.695882 1447.461890 10968.097824 598.344425 19484.058872 273.275356 28169.115064
0.005903 4761.385850 1433.605225 10652.188640 595.009038 18895.244710 272.543631 27141.687237
0.006126 4653.912366 1427.984586 10397.534265 592.017410 18352.512107 271.817609 26151.615190
0.006356 4561.486245 1411.806128 10120.551078 589.425925 17824.566162 271.097549 25197.555705
0.006596 4476.277993 1391.521713 9785.731528 585.996471 17257.301399 270.383733 24278.214397
0.006844 4367.351810 1379.055461 9493.581195 582.591130 16726.489146 269.676463 23392.343958
0.007102 4278.517496 1366.719763 9260.827237 579.210286 16262.276023 268.976067 22538.742464
0.007370 4181.917724 1354.514860 9023.518877 575.854360 15814.101513 268.282895 21716.251743
0.007648 4115.222361 1342.441092 8772.092676 572.523821 15259.460517 267.597324 21010.239193
0.007936 4039.528561 1327.198162 8523.424566 569.315639 14761.623117 266.919762 20411.045460
0.008235 3980.307609 1313.103617 8342.495503 566.923349 14307.667679 266.250646 19824.715174
0.008545 3915.660073 1305.943849 8153.158803 566.379265 13869.631299 265.590447 19250.972367
0.008867 3838.735037 1295.468036 7907.083978 565.848478 13447.428410 264.939672 18689.558036
0.009201 3772.405553 1277.160540 7670.190169 565.331992 13038.097853 264.298867 18140.230234
0.009548 3713.964110 1255.722213 7498.925680 562.687374 12695.074377 263.668617 17602.764091
0.009908 3636.331642 1236.905948 7316.408200 561.535611 12286.065365 263.049555 17076.951738
0.010281 3564.094850 1221.864837 7221.907105 561.049052 11891.025698 262.442359 16562.602139
0.010669 3486.169209 1205.148963 7001.957810 560.578834 11527.501923 261.847760 16059.540799
0.011071 3412.262769 1193.601544 6829.228468 559.851507 11175.956948 261.266544 15567.609352
0.011488 3342.610020 1180.221450 6645.374113 556.841453 10832.140499 260.699556 15086.665003
0.011921 3276.720274 1170.158189 6506.049843 553.874789 10474.561707 260.147706 14616.579834
0.012370 3225.650282 1160.215952 6323.615862 550.953159 10153.926114 259.611973 14157.239953
0.012836 3175.131897 1150.396950 6125.608672 548.078337 9827.535277 259.093409 13708.544502
0.013320 3121.421613 1138.765484 5970.611187 545.252232 9531.940783 258.593146 13270.404505
0.013822 3075.691604 1131.136069 5844.530442 542.476902 9242.315696 258.112402 12842.741589
0.014343 3003.225590 1125.063655 5690.785384 539.754565 8958.716778 257.652489 12425.486569
0.014883 2948.564299 1123.267000 5537.599291 537.085907 8696.437061 257.214816 12018.577926
0.015444 2879.595078 1119.438073 5374.029796 532.196546 8418.347303 256.800900 11621.960196
0.016026 2838.893385 1109.324731 5227.596750 528.254752 8144.686558 256.412375 11235.582288
0.016630 2771.318151 1103.177749 5068.364986 524.679608 7885.804254 256.050997 10859.395773
0.017256 2702.388900 1095.287023 4931.585477 520.531467 7653.311259 255.718657 10493.353162
0.017907 2652.019167 1076.659966 4802.478898 516.475478 7403.325951 255.417390 10137.406213
0.018581 2603.917353 1059.649458 4694.201246 513.523173 7221.076807 255.149388 9791.504298
0.019281 2546.627969 1059.439922 4566.979923 511.367362 6988.685176 254.917008 9455.592860
0.020008 2492.588082 1045.100859 4440.993506 509.293679 6800.046211 254.722790 9129.612000
0.020762 2439.815665 1035.443748 4310.589316 507.306711 6604.145471 254.569470 8813.495206
0.021544 2379.055644 1024.310558 4204.333705 505.411389 6441.580655 254.459992 8507.168264
0.022356 2349.017545 1017.490923 4095.391559 503.613019 6240.080714 254.397531 8210.548365
0.023199 2292.181530 1009.564576 3989.476953 501.917306 6053.490232 254.385503 7923.543415
0.024073 2251.549438 1001.525412 3872.418627 500.330387 5859.484375 254.427595 7646.051572
0.024980 2213.262149 990.010268 3774.668581 498.858863 5688.994419 254.527777 7377.960993
0.025921 2174.700996 978.814650 3666.404799 497.509838 5524.457803 254.634774 7119.149815
0.026898 2128.108995 967.944399 3577.471844 496.290954 5365.726883 254.749225 6869.486327
0.027911 2072.813896 957.524666 3499.661814 495.210438 5197.021676 254.934596 6628.829352
0.028963 2024.568693 953.618873 3396.358942 494.277145 5031.435585 255.196143 6397.028799
0.030055 1983.992612 942.111181 3319.104074 493.149498 4871.328426 255.539536 6173.926378
0.031187 1939.270757 935.502900 3247.109465 490.714404 4716.627802 255.970895 5959.356438
0.032362 1895.712866 927.816590 3151.081077 490.461829 4567.263093 256.496828 5753.146923
0.033582 1863.103513 918.868707 3086.405007 490.398549 4429.521135 257.124473 5555.120395
0.034847 1829.921503 911.426751 3010.960954 490.537454 4297.427793 257.861544 5365.095117
0.036160 1791.232159 902.435962 2929.942033 490.892442 4173.601217 258.716378 5192.019651
0.037523 1762.280083 895.134393 2849.534788 491.478505 4059.239300 259.697993 5085.915195
0.038937 1724.783637 893.627462 2781.942290 492.311819 3934.039652 260.816144 4981.349494
0.040404 1695.291454 887.772837 2719.677805 493.409846 3829.545017 262.081392 4878.456265
0.041927 1668.624325 880.489931 2656.386693 494.791444 3733.673890 263.505174 4777.375666
0.043507 1641.893723 875.159585 2588.446066 496.253901 3632.130114 265.099882 4678.253449
0.045146 1616.338828 868.312158 2539.336090 496.933394 3543.196089 266.878952 4581.240020
0.046847 1593.499136 864.599023 2477.118293 497.964117 3444.353260 268.856957 4486.489439
0.048612 1560.663672 856.722651 2423.125005 499.369821 3351.939944 271.049717 4394.158370
0.050444 1540.188171 851.118659 2377.081823 501.176227 3266.640844 273.474410 4304.405011
0.052345 1513.893199 849.770729 2327.533374 506.199980 3181.475007 276.149707 4217.388030
0.054317 1491.210308 845.850812 2295.581296 512.257803 3096.454380 279.095908 4133.265530
0.056364 1476.759732 841.810574 2245.725379 516.085215 3027.125930 282.335104 4052.194084
0.058488 1454.110524 838.665013 2199.999947 519.533901 2965.515072 285.891348 3974.327842
0.060692 1433.553202 839.509476 2163.188004 525.715462 2907.694251 289.790849 3899.817759
0.062979 1421.746919 838.795962 2136.775442 533.485086 2844.671980 294.062183 3828.810950
0.065352 1410.273689 842.393330 2105.014516 541.585274 2785.875000 298.736530 3761.450191
0.067815 1397.135796 847.980937 2067.860569 549.115812 2741.036655 302.266112 3697.873582
0.070370 1391.941935 855.470511 2032.811913 557.436504 2690.995915 304.932434 3638.214383
0.073022 1389.063987 858.609540 2004.247619 566.611260 2650.729197 308.029565 3582.601019
0.075774 1388.970905 862.312199 1987.038438 576.709755 2624.904832 311.588074 3531.157263
0.078629 1385.377488 871.209747 1971.406582 587.807994 2614.083712 315.641293 3484.002579
0.081592 1382.600657 874.722096 1954.107518 599.988931 2606.922748 320.225592 3441.252635
0.084666 1382.244049 885.364254 1940.679474 613.102416 2590.675168 325.380678 3398.230857
0.087857 1384.411582 896.999789 1929.324953 621.295279 2571.865565 331.149926 3351.552598
0.091167 1384.462361 909.195499 1928.530430 630.594973 2555.423084 337.580747 3310.060534
0.094603 1387.658349 925.607441 1921.486529 641.078468 2537.941251 344.724988 3273.721790
0.098168 1396.345027 939.707534 1923.599283 655.078687 2529.961297 352.639379 3242.512434
0.101867 1406.574382 950.512929 1931.382738 670.466571 2518.788789 361.386023 3216.417585
0.105705 1420.302356 962.133907 1943.850554 690.716130 2509.508024 371.032936 3195.431507
0.109688 1432.711019 984.293694 1963.565790 712.476815 2504.469540 381.654640 3179.557710
0.113822 1452.483631 1007.567437 1983.872951 737.175423 2507.099977 395.920461 3168.809038
0.118111 1471.863435 1036.687672 2005.921338 762.944990 2515.054824 411.997381 3163.207759
0.122561 1497.406238 1053.592911 2027.158376 788.860226 2526.770193 429.554391 3162.785629
0.127180 1523.862718 1082.052903 2051.171953 814.605240 2564.634217 448.731277 3167.583954
0.131972 1553.008770 1115.707545 2079.609295 837.824142 2587.064317 469.681965 3177.653627
0.136945 1581.219841 1146.239878 2112.664374 863.426817 2595.258835 492.575978 3193.055144
0.142105 1618.038026 1187.756851 2143.731658 891.591946 2632.459275 517.600043 3213.858593
0.147460 1660.416248 1224.729314 2186.127492 929.038713 2673.220888 544.959856 3240.143627
0.153017 1702.658777 1269.072457 2234.555245 972.990588 2733.195672 574.882015 3271.999386
0.158783 1755.576828 1314.454922 2293.081897 1020.735801 2788.672728 607.616148 3309.524410
0.164766 1804.652506 1365.055915 2355.181255 1072.588708 2856.425070 643.437235 3352.826492
0.170975 1862.323870 1419.845864 2424.969774 1112.619333 2935.941007 682.648155 3402.022516
0.177417 1918.289841 1471.423670 2494.023050 1174.736336 3016.020185 725.582470 3498.397471
0.184103 1982.980452 1528.761183 2567.244673 1218.244684 3112.276859 772.607464 3636.525499
0.191040 2055.534410 1587.035967 2652.207499 1281.086410 3216.255921 824.127455 3785.585695
0.198239 2140.354826 1654.896351 2743.590823 1361.911756 3323.612705 880.587409 3946.237427
0.205709 2233.823291 1734.006134 2821.030918 1430.622099 3443.972841 942.476866 4119.173056
0.213460 2328.020469 1814.924698 2934.780984 1505.331342 3576.735550 1010.334205 4301.936538
0.221504 2429.697873 1898.949720 3061.276140 1571.791684 3716.866316 1084.751274 4449.664588
0.229851 2534.704839 1984.270553 3196.709463 1648.283356 3882.832566 1166.378393 4652.670299
0.238512 2641.457817 2086.477868 3329.407661 1722.779342 4049.872519 1255.929775 4869.360586
0.247499 2761.446284 2190.536409 3470.661874 1807.365217 4239.066873 1354.189358 5100.391704
0.256826 2908.353316 2293.717181 3647.160740 1885.025040 4430.472712 1462.017097 5346.432919
0.266503 3042.248757 2412.044036 3828.036744 1975.117858 4661.092144 1545.445502 5608.164875
0.276546 3194.997748 2538.661868 4009.332618 2088.658447 4897.291742 1624.938749 5886.277916
0.286967 3361.865115 2669.350562 4211.546557 2192.419369 5153.336480 1710.697931 6181.470428
0.297780 3539.629379 2816.041802 4436.695395 2311.443401 5420.557753 1803.170968 6494.447222
0.309001 3737.191053 2970.599296 4675.545479 2429.283977 5704.945732 1902.839484 6825.918019
0.320645 3941.139471 3120.646501 4938.857911 2546.910775 6019.714751 2010.221149 7176.596080
0.332727 4141.571236 3288.473792 5220.268050 2685.014265 6385.471750 2125.872177 7547.197027
0.345265 4368.802980 3460.102536 5502.253083 2822.934734 6757.203865 2282.316006 7976.960547
0.358275 4607.738587 3656.601615 5817.055346 2972.001390 7139.925098 2445.193359 8560.781615
0.371776 4876.476733 3844.695689 6157.593765 3110.393826 7574.188531 2556.931401 9187.338548
0.385785 5150.353676 4070.935846 6535.949541 3271.239121 7987.493952 2683.797565 9756.825179
0.400322 5437.179626 4279.642234 6917.654646 3427.286352 8555.496084 2814.045980 10302.244882
0.415407 5754.967446 4496.021748 7378.544088 3604.226771 9169.883856 2900.464274 10948.300584
0.431060 6110.973850 4747.465757 7864.342969 3758.265674 9842.410081 2990.166127 11760.949657
0.447304 6463.497822 5006.899038 8358.871338 3967.987843 10506.440640 3083.164980 12641.472525
0.464159 6833.330403 5287.645576 8882.805244 4181.391488 11278.842283 3201.380718 13601.835398
0.481649 7245.271280 5558.572334 9439.460610 4368.029581 12107.161729 3325.033691 14631.800444
0.499799 7654.214548 5823.170957 10062.642616 4533.783515 13020.077320 3453.507829 15735.189916
0.518632 8097.166434 6146.618575 10792.286354 4751.395120 14018.519233 3586.860620 16915.894948
0.538175 8585.257989 6437.953037 11475.752609 4956.028778 15063.318302 3725.144612 18177.864578
0.558455 9111.803781 6835.322933 12201.699260 5177.667530 15973.447781 3868.407206 19525.094854
0.579498 9622.920563 7154.230306 13002.551001 5385.560122 17340.802209 4016.690486 20864.903186
0.601335 10222.359871 7530.039523 13894.760907 5589.629598 18544.923332 4170.031082 22245.737466
0.623994 10832.841340 7859.073608 14847.442371 5800.636504 19821.455548 4328.460072 23894.107177
0.647508 11425.883577 8254.041740 15871.381068 6042.163014 21197.177465 4492.002923 25696.720251
0.671907 12134.785060 8649.038787 16861.581269 6274.409194 22707.798158 4660.679475 27635.019486
0.697226 12824.574148 9063.189395 18012.282772 6514.230878 24250.246290 4834.503964 29626.238390
0.723499 13585.986443 9560.406102 19258.430349 6761.682379 26029.283553 5013.485085 31684.225006
0.750762 14407.717730 10080.010338 20550.293585 7016.810927 28113.487507 5197.626094 33942.566307
0.779052 15330.866491 10538.772321 21956.991269 7279.656570 30546.539902 5386.924948 36594.018167
0.808408 16233.846881 11059.124299 23462.204523 7526.968013 32952.450921 5581.374481 39702.562589
0.838870 17189.853360 11526.477150 24949.675342 7772.078389 35369.652546 5780.962604 42666.807105
0.870480 18099.332952 12019.047691 26636.535107 8022.966043 38394.545970 5985.672538 46009.369172
0.903282 19063.304335 12528.505381 28358.106148 8301.512638 41582.600296 6195.483069 50421.580504
0.937319 20058.677273 13055.288950 30243.159070 8591.132534 44379.676163 6410.368813 55247.578017
0.972639 21275.931882 13623.631555 32280.685198 8887.935796 46684.757937 6630.300500 60523.526454
1.009290 22466.905276 14160.080120 34411.152955 9191.900211 49713.874585 6855.245258 66288.322136
1.047322 23742.264685 14738.887253 36848.152636 9502.997372 53211.066013 7085.166899 72583.733130
1.086787 24954.274433 15335.402671 39154.811424 9820.413944 56302.539045 7320.026195 79454.536112
1.127740 26313.925210 15991.888010 41918.778302 10146.446298 60047.816584 7559.781149 86948.647839
1.170235 27631.189371 16582.003358 44585.485137 10478.711794 64372.170311 7804.387245 95117.248876
1.214332 29142.848914 17298.894598 47594.329928 10817.937896 68742.090250 8053.797677 103969.533521
1.260090 30809.930746 18039.213240 50371.694096 11164.067935 73375.874269 8307.714681 113226.321497
1.307573 32438.143422 18675.710395 53340.086942 11517.040233 78971.874950 8557.726912 121946.134303
1.356845 34268.090430 19503.845504 56853.504680 11876.788339 83993.360396 8812.162712 130187.172487
1.407973 36049.111448 20321.330959 60319.372372 12243.241275 89514.662513 9070.964992 137977.211325
1.461028 37770.854016 21037.686669 63644.501409 12616.323793 95288.516148 9334.074340 145342.236559
1.516083 39462.586152 21643.267872 66990.790041 12995.956628 102362.391666 9601.429198 152306.579674
1.573212 40917.872427 22258.875658 70825.365160 13329.132263 108905.942385 9872.966037 158893.040925
1.632493 42799.193116 23041.546639 75176.719571 13770.546955 112608.124031 10148.619539 168620.248252
1.694009 44536.836432 24003.797229 79354.525989 14173.309627 119123.251611 10428.322769 181167.594291
1.757842 46448.673650 24691.702196 83519.821296 14578.279913 126184.865252 10712.007346 194484.104264
1.824081 48429.355305 25415.371487 88738.382477 14989.353116 134323.364002 10999.603616 208597.477894
1.892816 50437.731503 26168.778082 93496.727314 15406.431370 143935.081362 11291.040813 223534.356821
1.964141 52449.636169 26918.083202 98843.258530 15792.997225 155017.119156 11586.247220 239320.109350
2.038154 54386.949262 27757.597605 103436.635298 16117.137515 162092.621107 11885.150327 255978.620997
2.114955 56778.940490 28532.346564 109072.509441 16433.468202 171760.060029 12187.676979 273532.095893
2.194651 58860.925266 29479.982216 114805.286333 16742.188905 180070.148070 12493.753523 292000.874350
2.277350 61113.852718 30362.487627 120838.756495 17043.492302 192444.779498 12587.241024 311403.272076
2.363165 63319.511301 31245.449513 126811.423027 17337.564580 203362.161817 12657.907494 334373.469376
2.452213 65650.720974 32169.157013 132796.675078 17624.585838 215041.532315 12723.789680 359845.277612
2.544617 67330.897566 32798.427177 138572.318318 17904.730458 224406.791201 12785.215006 387022.385425
2.640503 69632.869090 33499.571930 144882.623341 18178.167432 237523.471413 12842.488016 415991.262455
2.740003 72165.676901 34050.401214 153263.039164 18451.726739 252702.389236 12895.892037 441897.471114
2.843251 74663.061554 34639.614837 160277.374822 18788.602438 266238.730081 12945.690705 455577.865688
2.950391 77155.947706 35281.237806 167928.703289 19098.010737 283171.103913 12992.129388 468856.180186
3.061567 79589.201340 36116.073110 175753.782266 19390.189526 291000.919278 13035.436490 482690.644872
3.176933 82064.638368 37014.187623 182606.276427 19802.344534 306398.486423 13075.824655 513751.115929
3.296646 84027.622236 37411.857135 189177.482216 20009.840284 323250.625518 13113.491893 546316.899569
3.420870 86855.537554 38083.497621 198377.005817 20213.253884 341865.087934 13148.622607 580412.790651
3.549775 89102.796960 38434.991642 207955.236637 20412.662637 362550.585512 13181.388553 616059.587404
3.683537 91493.232599 39104.035519 219054.108936 20673.080848 384230.448673 13211.949729 653273.826758
3.822340 93050.189296 39582.991927 226900.457192 20799.767411 406999.184341 13406.995388 692067.565672
3.966373 95763.649763 40272.519361 237015.684185 21074.961704 430895.855050 13646.044131 732448.217023
4.115834 97329.440133 41015.840781 246003.659356 21419.248512 455959.999610 13886.276944 774418.448025
4.270926 99790.092804 41817.255668 255492.826889 21744.206276 482533.322145 14127.657484 817976.148235
4.431863 101444.736376 42707.675190 264064.144454 22050.925621 506537.981343 14370.150263 863114.472862
4.598864 103954.572463 43524.710085 268547.529806 22340.434923 529010.723970 14613.720652 909821.965442
4.772158 105754.727945 44507.995456 282969.715659 22712.820943 552350.486181 14858.334874 958082.761889
4.951983 107969.612604 45024.986137 287626.271252 23011.002489 579242.060049 15103.959999 1008579.239947
5.138583 109173.231433 45177.149440 298678.196332 23115.127518 608259.974962 15350.563942 1073156.330555
5.332215 111087.478688 45634.487687 309761.412376 23344.958299 640109.336544 15598.115451 1141033.639289
5.533143 112871.743758 46347.398136 318906.126759 23459.563730 670427.545903 15846.584102 1212300.009512
5.741642 114799.732320 46776.503006 329028.337041 23552.793753 707610.079604 16086.581387 1287039.467946
5.957999 116354.703276 47256.485913 338642.082294 23608.730930 746251.171592 16111.644206 1365330.597937
6.182508 118304.604448 47736.838887 350342.609333 23702.160993 784735.011617 16135.324380 1447245.940376
6.415476 119882.669804 48259.105001 359531.933953 23770.462943 827195.518169 16157.698154 1532851.435255
6.657224 121354.845384 48506.778062 366878.226510 23853.750775 860280.491511 16178.837558 1622205.917386
6.908081 123231.029752 48992.153564 373943.802811 24146.325511 902105.350213 16198.810646 1715360.679995
7.168391 124990.747942 49078.090564 384616.590437 24223.051690 945471.598800 16217.681711 1812359.119631
7.438510 127505.288073 49444.915059 395217.568857 24296.982309 990405.301481 16235.511500 1913236.475132
7.718807 129550.280650 49842.407408 403247.321178 24368.218506 1038197.462424 16252.357408 1981393.311069
8.009667 130368.963956 50174.337050 411205.822730 24436.857793 1103203.455717 16268.273665 2057615.361121
8.311487 132492.867646 50631.991491 419093.704931 24550.564145 1159757.439373 16283.311510 2182677.767342
8.624680 134140.169658 50762.799046 426911.592129 24707.866829 1196504.127292 16297.519360 2313913.935480
8.949674 135740.949849 51185.703206 436298.739668 24862.650343 1239410.829462 16310.942963 2451435.714126
9.286915 136730.610028 51373.313520 451128.957596 25014.953664 1294225.422568 16323.625544 2590939.516371
9.636864 138139.961634 51416.440220 458584.863511 25164.815242 1350753.104316 16335.607950 2729217.841047
10.000000 140617.504073 51505.681716 466621.778484 25312.272998 1409008.780122 16346.928776 2860525.509195
