0.010000 0.005935 -0.008893 0.019063 -0.018854 0.047432 -0.021598 0.089642
0.012068 0.007136 -0.008074 0.020850 -0.018627 0.057007 -0.022406 0.105236
0.014563 0.008616 -0.007469 0.024553 -0.018126 0.067328 -0.023514 0.123571
0.017575 0.010359 -0.006823 0.029585 -0.017752 0.082066 -0.025026 0.144936
0.021210 0.012338 -0.005543 0.036990 -0.017358 0.097851 -0.027076 0.169574
0.025595 0.015495 -0.004684 0.046605 -0.017745 0.113409 -0.030233 0.197648
0.030888 0.019126 -0.003721 0.059232 -0.018969 0.135055 -0.035748 0.229203
0.037276 0.025094 -0.003188 0.073796 -0.022776 0.162084 -0.041773 0.264132
0.044984 0.033177 -0.000448 0.096993 -0.028072 0.201072 -0.048756 0.302145
0.054287 0.045396 0.002379 0.124643 -0.034706 0.241435 -0.060020 0.342759
0.065513 0.061614 0.006074 0.160195 -0.042191 0.288009 -0.078141 0.398194
0.079060 0.081365 0.010457 0.203006 -0.050592 0.344213 -0.096537 0.474985
0.095410 0.109839 0.014890 0.253301 -0.063013 0.415791 -0.116209 0.552664
0.115140 0.148302 0.023398 0.309015 -0.075266 0.479801 -0.133886 0.653293
0.138950 0.189964 0.028519 0.361263 -0.086812 0.564108 -0.151524 0.720976
0.167683 0.235114 0.035537 0.425509 -0.100145 0.635052 -0.171579 0.774036
0.202359 0.284077 0.037793 0.490915 -0.112899 0.705508 -0.186746 0.840583
0.244205 0.339901 0.042444 0.558391 -0.126084 0.751163 -0.197015 0.892763
0.294705 0.382550 0.049135 0.619354 -0.137751 0.798055 -0.205565 0.925700
0.355648 0.411889 0.052017 0.678010 -0.144449 0.838503 -0.210786 0.945693
0.429193 0.441835 0.056747 0.726011 -0.147280 0.883251 -0.212314 0.957542
0.517947 0.457092 0.057621 0.759952 -0.151372 0.910371 -0.213562 0.964466
0.625055 0.471815 0.058661 0.790648 -0.159786 0.929094 -0.215733 0.971095
0.754312 0.485840 0.060681 0.815012 -0.167798 0.942377 -0.217035 0.976802
0.910298 0.495696 0.062297 0.827133 -0.174599 0.954418 -0.217811 0.980099
1.098541 0.500374 0.062490 0.841057 -0.177354 0.962832 -0.218272 0.982227
1.325711 0.503914 0.063260 0.848989 -0.177426 0.966646 -0.218545 0.985397
1.599859 0.506967 0.064486 0.852028 -0.177459 0.971368 -0.218706 0.987260
1.930698 0.509535 0.064844 0.853621 -0.177478 0.973718 -0.218802 0.987946
2.329952 0.512169 0.065131 0.858086 -0.177490 0.973801 -0.218858 0.988754
2.811769 0.514045 0.065360 0.861360 -0.177497 0.974980 -0.219234 0.989228
3.393222 0.515057 0.065543 0.866477 -0.177501 0.976775 -0.219559 0.989506
4.094915 0.516905 0.065688 0.868399 -0.177504 0.977620 -0.219778 0.989669
4.941713 0.519051 0.065804 0.869754 -0.177505 0.977961 -0.219926 0.989764
5.963623 0.519610 0.065896 0.870823 -0.177506 0.978581 -0.220027 0.989820
7.196857 0.519677 0.065969 0.872523 -0.177507 0.979014 -0.220094 0.989853
8.685114 0.519725 0.066027 0.872546 -0.177507 0.979649 -0.220140 0.989872
10.481131 0.520176 0.066074 0.872559 -0.177507 0.979668 -0.220171 0.989883
12.648552 0.520892 0.066110 0.872566 -0.177507 0.979681 -0.220192 0.989890
15.264180 0.521449 0.066139 0.872571 -0.177507 0.979774 -0.220206 0.989894
18.420700 0.521883 0.066163 0.872573 -0.177507 0.979845 -0.220216 0.989896
22.229965 0.522220 0.066181 0.872574 -0.177507 0.979895 -0.220222 0.989897
26.826958 0.522338 0.066195 0.872575 -0.177507 0.979929 -0.220226 0.989898
32.374575 0.522338 0.066207 0.872576 -0.177507 0.979953 -0.220229 0.989898
39.069399 0.522339 0.066216 0.872576 -0.177507 0.979970 -0.220231 0.989899
47.148664 0.522339 0.066223 0.872576 -0.177507 0.979982 -0.220233 0.989899
56.898660 0.522339 0.066229 0.872576 -0.177507 0.979990 -0.220233 0.989899
68.664885 0.522339 0.066234 0.872576 -0.177507 0.979996 -0.220234 0.989899
82.864277 0.522339 0.066237 0.872576 -0.177507 0.980000 -0.220234 0.989899
100.000000 0.522339 0.066240 0.872576 -0.177507 0.980002 -0.220235 0.989899
