0.001000 0.003759 0.003153 0.004437 0.002890 0.004703 0.002851 0.004750
0.001038 0.004200 0.003523 0.004957 0.003230 0.005255 0.003185 0.005307
0.001077 0.004693 0.003937 0.005539 0.003609 0.005872 0.003559 0.005930
0.001117 0.005244 0.004399 0.006189 0.004032 0.006561 0.003977 0.006626
0.001159 0.005859 0.004915 0.006915 0.004505 0.007331 0.004444 0.007404
0.001203 0.006547 0.005492 0.007727 0.005034 0.008191 0.004965 0.008272
0.001248 0.007315 0.006136 0.008634 0.005625 0.009152 0.005548 0.009243
0.001296 0.008173 0.006856 0.009647 0.006285 0.010226 0.006199 0.010328
0.001344 0.009133 0.007661 0.010779 0.007022 0.011426 0.006926 0.011540
0.001395 0.010204 0.008560 0.012044 0.007846 0.012767 0.007739 0.012894
0.001448 0.011402 0.009564 0.013457 0.008767 0.014265 0.008647 0.014407
0.001502 0.012740 0.010687 0.015036 0.009796 0.015939 0.009662 0.016098
0.001559 0.014234 0.011940 0.016800 0.010945 0.017810 0.010795 0.017987
0.001617 0.015905 0.013342 0.018772 0.012230 0.019900 0.012062 0.020097
0.001678 0.017771 0.014907 0.020974 0.013665 0.022235 0.013477 0.022455
0.001742 0.019856 0.016656 0.023435 0.015268 0.024844 0.015059 0.025090
0.001807 0.022186 0.018611 0.026185 0.017060 0.027759 0.016826 0.028034
0.001875 0.024790 0.020795 0.029258 0.019061 0.031016 0.018800 0.031324
0.001946 0.027698 0.023234 0.032691 0.021298 0.034655 0.021006 0.034999
0.002019 0.030948 0.025961 0.036527 0.023797 0.038721 0.023471 0.039106
0.002095 0.034579 0.029007 0.040812 0.026589 0.043265 0.026224 0.043694
0.002174 0.038637 0.032410 0.045601 0.029709 0.048341 0.029301 0.048821
0.002256 0.043170 0.036213 0.050951 0.033195 0.054013 0.032739 0.054549
0.002341 0.048234 0.040461 0.056929 0.037089 0.060350 0.036580 0.060948
0.002430 0.053893 0.045208 0.063608 0.041440 0.067430 0.040872 0.068099
0.002521 0.060216 0.050512 0.071070 0.046302 0.075341 0.045667 0.076088
0.002616 0.067281 0.056438 0.079408 0.051734 0.084179 0.051025 0.085015
0.002715 0.075173 0.063059 0.088723 0.057803 0.094055 0.057010 0.094988
0.002817 0.083992 0.070456 0.099131 0.064584 0.105088 0.063698 0.106131
0.002923 0.093845 0.078721 0.110760 0.072160 0.117416 0.071170 0.118581
0.003033 0.104853 0.087955 0.123752 0.080625 0.131189 0.079519 0.132491
0.003148 0.117152 0.098272 0.138268 0.090082 0.146577 0.088846 0.148031
0.003266 0.130893 0.109798 0.154486 0.100648 0.163769 0.099267 0.165394
0.003389 0.146245 0.122676 0.172605 0.112452 0.182977 0.110910 0.184793
0.003517 0.163397 0.137064 0.192849 0.125641 0.204437 0.123918 0.206466
0.003650 0.182559 0.153138 0.215465 0.140376 0.228412 0.138450 0.230679
0.003787 0.203967 0.171097 0.240733 0.156837 0.255198 0.154686 0.257731
0.003930 0.227885 0.191160 0.268961 0.175228 0.285123 0.172825 0.287953
0.004078 0.254606 0.213574 0.300498 0.195775 0.318555 0.193089 0.321717
0.004232 0.284458 0.238615 0.335731 0.218729 0.355905 0.215728 0.359437
0.004391 0.317807 0.266590 0.375091 0.244372 0.397631 0.241020 0.401577
0.004557 0.355063 0.297842 0.419063 0.273020 0.444245 0.269275 0.448653
0.004728 0.396683 0.332755 0.468185 0.305023 0.496319 0.300839 0.501244
0.004906 0.443178 0.371757 0.523060 0.340774 0.554491 0.336100 0.559994
0.005091 0.495117 0.415325 0.584361 0.380711 0.619476 0.375489 0.625623
0.005283 0.553137 0.463995 0.652839 0.425325 0.692069 0.419491 0.698936
0.005482 0.617948 0.518362 0.729333 0.475160 0.773159 0.468643 0.780831
0.005689 0.690345 0.579091 0.814779 0.530829 0.863740 0.523547 0.872311
0.005903 0.771212 0.646927 0.910223 0.593010 0.964919 0.584876 0.974494
0.006126 0.861540 0.722697 1.016832 0.662466 1.077934 0.653380 1.088631
0.006356 0.962432 0.807330 1.135910 0.740045 1.204167 0.729894 1.216117
0.006596 1.075120 0.901857 1.268910 0.826695 1.345159 0.815355 1.358508
0.006844 1.200980 1.007434 1.417456 0.923472 1.502631 0.910806 1.517543
0.007102 1.341547 1.125348 1.583360 1.031559 1.678505 1.017410 1.695161
0.007370 1.498534 1.257035 1.768644 1.152271 1.874922 1.136466 1.893528
0.007648 1.673852 1.404100 1.975564 1.287079 2.094276 1.269425 2.115058
0.007936 1.869635 1.568331 2.206636 1.437623 2.339233 1.417904 2.362447
0.008235 2.088261 1.751724 2.464670 1.605732 2.612772 1.583707 2.638700
0.008545 2.332385 1.956506 2.752797 1.793447 2.918213 1.768847 2.947172
0.008867 2.604966 2.185159 3.074510 2.003043 3.259258 1.975568 3.291602
0.009201 2.909305 2.440452 3.433707 2.237059 3.640039 2.206375 3.676161
0.009548 3.249083 2.725472 3.834729 2.498326 4.065159 2.464057 4.105500
0.009908 3.628403 3.043661 4.282421 2.789997 4.539752 2.751728 4.584803
0.010281 4.051836 3.398856 4.782178 3.115589 5.069540 3.072854 5.119848
0.010669 4.524481 3.795331 5.340017 3.479020 5.660899 3.431300 5.717076
0.011071 5.052014 4.237849 5.962638 3.884658 6.320934 3.831374 6.383660
0.011488 5.640761 4.731715 6.657506 4.337364 7.057557 4.277871 7.127593
0.011921 6.297766 5.282839 7.432936 4.842557 7.879582 4.776134 7.957776
0.012370 7.030870 5.897799 8.298182 5.406264 8.796821 5.332110 8.884117
0.012836 7.848804 6.583917 9.263548 6.035200 9.820196 5.952419 9.917648
0.013320 8.761280 7.349341 10.340497 6.736832 10.961859 6.644427 11.070640
0.013822 9.779103 8.203136 11.541782 7.519470 12.235330 7.416329 12.356749
0.014343 10.914288 9.155379 12.881585 8.392351 13.655642 8.277238 13.791155
0.014883 12.180192 10.217274 14.375668 9.365746 15.239504 9.237281 15.390735
0.015444 13.591656 11.401270 16.041546 10.451065 17.005486 10.307714 17.174241
0.016026 15.165161 12.721195 17.898675 11.660985 18.974210 11.501037 19.162502
0.016630 16.919007 14.192397 19.968652 13.009574 21.168572 12.831129 21.378640
0.017256 18.873499 15.831910 22.275440 14.512447 23.613976 14.313387 23.848311
0.017907 21.051156 17.658623 24.845619 16.186917 26.338597 15.964890 26.599970
0.018581 23.476936 19.693472 27.708644 18.052178 29.373662 17.804566 29.665154
0.019281 26.178486 21.959650 30.897148 20.129488 32.753764 19.853383 33.078799
0.020008 29.186410 24.482827 34.447250 22.442379 36.517192 22.134549 36.879574
0.020762 32.534562 27.291402 38.398904 25.016881 40.706302 24.673738 41.110255
0.021544 36.260358 30.416761 42.796273 27.881767 45.367910 27.499328 45.818123
0.022356 40.405120 33.893568 47.688128 31.068809 50.553717 30.642655 51.055391
0.023199 45.014444 37.760069 53.128280 34.613068 56.320769 34.138299 56.879674
0.024073 50.138588 42.058423 59.176049 38.553189 62.731950 38.024376 63.354476
0.024980 55.832894 46.835054 65.896752 42.931726 69.856502 42.342855 70.549729
0.025921 62.158235 52.141025 73.362234 47.795486 77.770585 47.139902 78.542349
0.026898 69.181483 58.032430 81.651419 53.195889 86.557870 52.466230 87.416834
0.027911 76.976004 64.570812 90.850900 59.189350 96.310149 58.377482 97.265891
0.028963 85.622178 71.823598 101.055543 65.837674 107.127991 64.934614 108.191085
0.030055 95.207931 79.864543 112.369125 73.208470 119.121408 72.204310 120.303520
0.031187 105.829288 88.774198 124.904977 81.375577 132.410542 80.259392 133.724530
0.032362 117.590930 98.640374 138.786650 90.419485 147.126368 89.179250 148.586389
0.033582 130.606757 109.558614 154.148575 100.427777 163.411394 99.050264 165.033022
0.034847 145.000441 121.632661 171.136716 111.495549 181.420356 109.966225 183.220697
0.036160 160.905965 134.974905 189.909204 123.725823 201.320886 122.028743 203.318712
0.037523 178.468125 149.706806 210.636937 137.229938 223.294153 135.347630 225.510032
0.038937 197.842997 165.959290 233.504123 152.127907 247.535432 150.041251 249.991872
0.040404 219.198334 183.873073 258.708751 168.548718 274.254611 166.236827 276.976201
0.041927 242.713878 203.598932 286.462963 186.630584 303.676580 184.070674 306.690141
0.043507 268.581578 225.297881 316.993307 206.521099 336.041498 203.688362 339.376235
0.045146 297.005663 249.141236 350.540822 228.377301 371.604890 225.244774 375.292544
0.046847 328.202564 275.310551 387.360953 252.365612 410.637550 248.904050 414.712548
0.048612 362.400649 303.997388 427.723229 278.661630 453.425204 274.839380 457.924809
0.050444 399.839728 335.402912 471.910688 307.449754 500.267896 303.232633 505.232349
0.052345 440.770315 369.737264 520.218998 338.922612 551.479062 334.273794 556.951713
0.054317 485.452596 407.218700 572.955243 373.280268 607.384238 368.160186 613.411670
0.056364 534.155076 448.072454 630.436328 410.729188 668.319373 405.095439 674.951499
0.058488 587.152885 492.529315 692.986971 451.480924 734.628697 445.288206 741.918850
0.060692 644.725691 540.823882 760.937254 495.750525 806.662125 488.950584 814.667109
0.062979 707.155229 593.192488 834.619693 543.754625 884.772157 536.296238 893.552272
0.065352 774.722411 649.870772 914.365834 595.709225 969.310260 587.538206 978.929296
0.067815 847.704016 711.090908 1000.502345 651.827152 1060.622731 642.886393 1071.147915
0.070370 926.368974 777.078488 1093.346633 712.315193 1159.046050 702.544753 1170.547947
0.073022 1010.974266 848.049078 1193.201996 777.370950 1264.901743 766.708175 1277.454107
0.075774 1101.760464 924.204480 1300.352373 847.179407 1378.490807 835.559107 1392.170383
0.078629 1198.946990 1005.728754 1415.056733 921.909283 1500.087775 909.263955 1514.974029
0.081592 1302.727139 1092.784046 1537.543215 1001.709210 1629.934494 987.969310 1646.109294
0.084666 1413.262989 1185.506313 1668.003110 1086.703815 1768.233750 1071.798090 1785.780975
0.087857 1530.680284 1284.001035 1806.584829 1176.989788 1915.142872 1160.845659 1934.147963
0.091167 1655.063439 1388.339022 1953.388000 1272.632035 2070.767475 1255.176034 2091.316920
0.094603 1786.450786 1498.552429 2108.457867 1373.660034 2235.155522 1354.818286 2257.336286
0.098168 1924.830240 1614.631119 2271.780165 1480.064490 2408.291889 1459.763251 2432.190788
0.101867 2070.135511 1736.519485 2443.276657 1591.794433 2590.093639 1569.960654 2615.796664
0.105705 2222.243046 1864.113884 2622.801517 1708.754857 2780.406185 1685.316796 2807.997793
0.109688 2380.969819 1997.260788 2810.138731 1830.805028 2979.000530 1805.692871 3008.562906
0.113822 2546.072119 2135.755761 3005.000659 1957.757549 3185.571749 1930.904054 3217.184053
0.118111 2717.245427 2279.343359 3207.027892 2089.378266 3399.738839 2060.719401 3433.476449
0.122561 2894.125470 2427.718013 3415.790496 2225.387076 3621.046030 2194.862652 3656.979802
0.127180 3076.290477 2580.525925 3630.790676 2365.459667 3848.965614 2333.013943 3887.161166
0.131972 3263.264645 2737.367969 3851.466867 2509.230177 4082.902281 2474.812432 4123.419325
0.136945 3454.522773 2897.803585 4077.199201 2656.294764 4322.198916 2619.859813 4365.090641
0.142105 3649.495968 3061.355561 4307.316241 2806.215987 4566.143736 2767.724648 4611.456268
0.147460 3847.578308 3227.515621 4541.102848 2958.527931 4813.978626 2917.947413 4861.750570
0.153017 4048.134282 3395.750675 4777.808962 3112.741935 5064.908457 3070.046146 5115.170526
0.158783 4250.506846 3565.509561 5016.659103 3268.352772 5318.111152 3223.522554 5370.885900
0.164766 4454.025843 3736.230126 5256.862323 3424.845139 5572.748231 3377.868401 5628.049893
0.170975 4658.016602 3907.346425 5497.622339 3581.700259 5827.975564 3532.572024 5885.809997
0.177417 4861.808464 4078.295881 5738.147608 3738.402441 6082.954045 3687.124808 6143.318779
0.184103 5064.743035 4248.526205 5977.661059 3894.445425 6336.859907 3841.027435 6399.744299
0.191040 5266.181956 4417.501911 6215.409270 4049.338354 6588.894455 3993.795782 6654.279934
0.198239 5465.514019 4584.710294 6450.670862 4202.611251 6838.292963 4144.966318 6906.153371
0.205709 5662.161490 4749.666725 6682.763965 4353.819878 7084.332587 4294.100899 7154.634591
0.213460 5855.585519 4911.919193 6911.052603 4502.549897 7326.339135 4440.790869 7399.042712
0.221504 6045.290577 5071.052026 7134.951926 4648.420278 7563.692614 4584.660425 7638.751589
0.229851 6230.827866 5226.688754 7353.932241 4791.085926 7795.831500 4725.369206 7873.194126
0.238512 6411.797717 5378.494116 7567.521839 4930.239522 8022.255739 4862.614107 8101.865306
0.247499 6587.850992 5526.175243 7775.308651 5065.612604 8242.528503 4996.130350 8324.323966
0.256826 6758.689559 5669.482044 7976.940805 5196.975926 8456.276773 5125.691834 8540.193386
0.266503 6924.065894 5808.206890 8172.126162 5324.139162 8663.190857 5251.110840 8749.160801
0.276546 7083.781935 5942.183635 8360.630960 5446.950014 8863.022946 5372.237163 8950.975941
0.286967 7237.687266 6071.286104 8542.277668 5565.292821 9055.584841 5488.956726 9145.448741
0.297780 7385.676750 6195.426104 8716.942202 5679.086743 9240.745001 5601.189798 9332.446355
0.309001 7527.687732 6314.551077 8884.550610 5788.283599 9418.425032 5708.888861 9511.889609
0.320645 7663.696902 6428.641470 9045.075380 5892.865467 9588.595768 5812.036236 9683.749050
0.332727 7793.716931 6537.707912 9198.531471 5992.842091 9751.273066 5910.641535 9848.040691
0.345265 7917.792982 6641.788286 9344.972183 6088.248196 9906.513430 6004.739007 10004.821596
0.358275 8035.999154 6740.944752 9484.484974 6179.140762 10054.409572 6094.384848 10154.185398
0.371776 8148.434963 6835.260787 9617.187295 6265.596307 10195.086002 6179.654530 10296.257843
0.385785 8255.221895 6924.838299 9743.222531 6347.708247 10328.694721 6260.640186 10431.192440
0.400322 8356.500098 7009.794849 9862.756091 6425.584347 10455.411077 6337.448101 10559.166277
0.415407 8452.425241 7090.261021 9975.971706 6499.344305 10575.429840 6410.196334 10680.376057
0.431060 8543.165579 7166.377954 10083.067955 6569.117499 10688.961525 6479.012486 10795.034383
0.447304 8628.899233 7238.295063 10184.255068 6635.040890 10796.228991 6544.031642 10903.366328
0.464159 8709.811703 7306.167953 10279.751981 6697.257116 10897.464332 6605.394482 11005.606287
0.481649 8786.093623 7370.156537 10369.783688 6755.912762 10992.906062 6663.245581 11101.995142
0.499799 8857.938745 7430.423343 10454.578866 6811.156810 11082.796600 6717.731876 11192.777716
0.518632 8925.542160 7487.132021 10534.367772 6863.139272 11167.380037 6769.001323 11278.200524
0.538175 8989.098742 7540.446039 10609.380403 6912.009992 11246.900192 6817.201710 11358.509805
0.558455 9048.801794 7590.527550 10679.844908 6957.917608 11321.598924 6862.479636 11433.949816
0.579498 9104.841906 7637.536427 10745.986229 7001.008670 11391.714690 6904.979641 11504.761382
0.601335 9157.405980 7681.629453 10808.024957 7041.426893 11457.481337 6944.843470 11571.180671
0.623994 9206.676434 7722.959648 10866.176392 7079.312546 11519.127104 6982.209466 11633.438185
0.647508 9252.830554 7761.675725 10920.649774 7114.801948 11576.873802 7017.212079 11691.757938
0.671907 9296.039977 7797.921665 10971.647680 7148.027077 11630.936183 7049.981477 11746.356811
0.697226 9336.470306 7831.836379 11019.365561 7179.115270 11681.521441 7080.643250 11797.444056
0.723499 9374.280823 7863.553480 11063.991409 7208.189004 11728.828864 7109.318196 11845.220939
0.750762 9409.624296 7893.201119 11105.705529 7235.365749 11773.049595 7136.122172 11889.880498
0.779052 9442.646876 7920.901892 11144.680417 7260.757883 11814.366491 7161.166016 11931.607406
0.808408 9473.488053 7946.772810 11181.080705 7284.472666 11852.954079 7184.555516 11970.577922
0.838870 9502.280678 7970.925313 11215.063190 7306.612250 11888.978579 7206.391424 12006.959913
0.870480 9529.151031 7993.465331 11246.776914 7327.273738 11922.597987 7226.769509 12040.912947
0.903282 9554.218934 8014.493376 11276.363297 7346.549263 11953.962222 7245.780642 12072.588428
0.937319 9577.597892 8034.104660 11303.956303 7364.526103 11983.213298 7263.510904 12102.129779
0.972639 9599.395267 8052.389243 11329.682647 7381.286812 12010.485542 7280.041715 12129.672662
1.009290 9619.712468 8069.432193 11353.662015 7396.909368 12035.905836 7295.449985 12155.345216
1.047322 9638.645161 8085.313758 11376.007320 7411.467331 12059.593874 7309.808264 12179.268324
1.086787 9656.283489 8100.109552 11396.824949 7425.030014 12081.662439 7323.184915 12201.555889
1.127740 9672.712296 8113.890748 11416.215042 7437.662657 12102.217687 7335.644283 12222.315118
1.170235 9688.011362 8126.724269 11434.271760 7449.426606 12121.359436 7347.246873 12241.646823
1.214332 9702.255637 8138.672985 11451.083559 7460.379491 12139.181460 7358.049523 12259.645705
1.260090 9715.515468 8149.795907 11466.733471 7470.575407 12155.771777 7368.105587 12276.400658
1.307573 9727.856839 8160.148384 11481.299369 7480.065088 12171.212943 7377.465103 12291.995055
1.356845 9739.341588 8169.782290 11494.854239 7488.896084 12185.582329 7386.174969 12306.507037
1.407973 9750.027634 8178.746209 11507.466441 7497.112932 12198.952400 7394.279111 12320.009788
1.461028 9759.969191 8187.085618 11519.199960 7504.757318 12211.390988 7401.818643 12332.571811
1.516083 9769.216973 8194.843059 11530.114651 7511.868238 12222.961546 7408.832027 12344.257190
1.573212 9777.818399 8202.058309 11540.266482 7518.482154 12233.723402 7415.355223 12355.125842
1.632493 9785.817784 8208.768539 11549.707752 7524.633141 12243.732000 7421.421840 12365.233761
1.694009 9793.256519 8215.008473 11558.487317 7530.353026 12253.039130 7427.063269 12374.633252
1.757842 9800.173256 8220.810532 11566.650792 7535.671529 12261.693151 7432.308821 12383.373152
1.824081 9806.604067 8226.204975 11574.240755 7540.616389 12269.739195 7437.185855 12391.499042
1.892816 9812.582609 8231.220036 11581.296927 7545.213484 12277.219374 7441.719894 12399.053451
1.964141 9818.140274 8235.882046 11587.856359 7549.486953 12284.172964 7445.934746 12406.076045
2.038154 9823.306331 8240.215559 11593.953596 7553.459302 12290.636585 7449.852609 12412.603809
2.114955 9828.108064 8244.243461 11599.620839 7557.151511 12296.644375 7453.494173 12418.671217
2.194651 9832.570898 8247.987080 11604.888098 7560.583129 12302.228143 7456.878722 12424.310397
2.277350 9836.718521 8251.466286 11609.783327 7563.772370 12307.417529 7460.024218 12429.551279
2.363165 9840.572995 8254.699586 11614.332569 7566.736201 12312.240135 7462.947396 12434.421744
2.452213 9844.154868 8257.704217 11618.560074 7569.490420 12316.721672 7465.663836 12438.947753
2.544617 9847.483270 8260.496225 11622.488419 7572.049736 12320.886072 7468.188048 12443.153479
2.640503 9850.576010 8263.090549 11626.138624 7574.427844 12324.755618 7470.533537 12447.061425
2.740003 9853.449661 8265.501092 11629.530250 7576.637488 12328.351047 7472.712872 12450.692534
2.843251 9856.119648 8267.740793 11632.681501 7578.690528 12331.691658 7474.737751 12454.066295
2.950391 9858.600323 8269.821691 11635.609317 7580.597999 12334.795407 7476.619059 12457.200844
3.061567 9860.905037 8271.754985 11638.329455 7582.370169 12337.678998 7478.366921 12460.113052
3.176933 9863.046210 8273.551094 11640.856573 7584.016586 12340.357972 7479.990755 12462.818610
3.296646 9865.035394 8275.219707 11643.204306 7585.546134 12342.846781 7481.499323 12465.332117
3.420870 9866.883330 8276.769837 11645.385333 7586.967072 12345.158866 7482.900771 12467.667146
3.549775 9868.600011 8278.209863 11647.411444 7588.287084 12347.306726 7484.202676 12469.836321
3.683537 9870.194723 8279.547576 11649.293602 7589.513310 12349.301984 7485.412083 12471.851379
3.822340 9871.676103 8280.790223 11651.042001 7590.652391 12351.155444 7486.535540 12473.723232
3.966373 9873.052181 8281.944536 11652.666116 7591.710502 12352.877152 7487.579137 12475.462026
4.115834 9874.330418 8283.016777 11654.174756 7592.693380 12354.476447 7488.548534 12477.077191
4.270926 9875.517754 8284.012766 11655.576108 7593.606361 12355.962007 7489.448993 12478.577493
4.431863 9876.620636 8284.937911 11656.877784 7594.454403 12357.341901 7490.285402 12479.971080
4.598864 9877.645057 8285.797240 11658.086857 7595.242114 12358.623626 7491.062308 12481.265525
4.772158 9878.596587 8286.595424 11659.209899 7595.973776 12359.814153 7491.783934 12482.467866
4.951983 9879.480401 8287.336806 11660.253021 7596.653369 12360.919956 7492.454206 12483.584643
5.138583 9880.301310 8288.025420 11661.221898 7597.284593 12361.947053 7493.076772 12484.621933
5.332215 9881.063783 8288.665016 11662.121807 7597.870883 12362.901038 7493.655020 12485.585384
5.533143 9881.771973 8289.259077 11662.957648 7598.415434 12363.787105 7494.192101 12486.480244
5.741642 9882.429739 8289.810839 11663.733976 7598.921211 12364.610083 7494.690942 12487.311389
5.957999 9883.040666 8290.323311 11664.455023 7599.390973 12365.374457 7495.154260 12488.083348
6.182508 9883.608086 8290.799287 11665.124719 7599.827280 12366.084395 7495.584582 12488.800332
6.415476 9884.135092 8291.241363 11665.746717 7600.232512 12366.743770 7495.984256 12489.466250
6.657224 9884.624560 8291.651950 11666.324412 7600.608880 12367.356178 7496.355461 12490.084735
6.908081 9885.079161 8292.033289 11666.860954 7600.958437 12367.924962 7496.700224 12490.659163
7.168391 9885.501376 8292.387461 11667.359274 7601.283092 12368.453225 7497.020426 12491.192669
7.438510 9885.893510 8292.716401 11667.822091 7601.584617 12368.943853 7497.317815 12491.688165
7.718807 9886.257706 8293.021904 11668.251932 7601.864659 12369.399523 7497.594016 12492.148358
8.009667 9886.595951 8293.305638 11668.651146 7602.124747 12369.822726 7497.850536 12492.575760
8.311487 9886.910094 8293.569155 11669.021913 7602.366301 12370.215772 7498.088777 12492.972707
8.624680 9887.201850 8293.813893 11669.366258 7602.590642 12370.580810 7498.310041 12493.341367
8.949674 9887.472815 8294.041190 11669.686064 7602.798996 12370.919833 7498.515537 12493.683754
9.286915 9887.724469 8294.252288 11669.983079 7602.992501 12371.234695 7498.706387 12494.001741
9.636864 9887.958187 8294.448341 11670.258924 7603.172214 12371.527116 7498.883636 12494.297064
10.000000 9888.175248 8294.630421 11670.515110 7603.339119 12371.798696 7499.048251 12494.571339
