0.010000 13464.585963 4962.381585 26877.022084 2178.031212 40183.859209 1064.250281 56958.853438
0.012068 21376.149850 8258.000767 41143.179378 3691.337599 60292.372259 1839.327816 83801.614192
0.014563 33736.317918 13524.281774 62158.625120 6352.528290 90192.371616 3178.494523 124162.468534
0.017575 53404.317913 22333.308604 94924.057231 10814.173480 133239.454029 5491.852591 182297.625976
0.021210 82607.810065 37066.025382 144095.793865 18442.693135 198726.373868 9487.167889 265303.191257
0.025595 127711.325124 60072.321812 217621.208696 31444.261558 295006.627498 16385.367298 394405.598740
0.030888 198315.470008 99495.031110 325756.513838 53725.020888 439419.569797 28291.405764 593075.004278
0.037276 306774.091669 165403.523191 483627.615477 92534.117509 649602.808123 48831.765007 874896.345498
0.044984 474638.802390 268531.709628 717030.592867 154984.205756 949435.170179 84248.610232 1265738.871467
0.054287 732779.714832 429783.750359 1055853.807221 264361.997293 1379151.683369 145274.028585 1804264.723500
0.065513 1114167.584917 688801.046876 1554691.339834 440210.180440 2005515.342390 250332.269797 2557581.105935
0.079060 1681689.230931 1092671.693794 2277548.521626 735528.208992 2868814.108179 430992.442260 3581254.246552
0.095410 2539911.724207 1741986.031699 3316149.115548 1217110.811089 4103820.305478 741211.403390 4967829.706647
0.115140 3808525.720693 2773154.302232 4828125.203674 1990729.281224 5806874.346732 1259112.410816 6832821.454572
0.138950 5680971.377566 4334679.102377 7002156.287190 3283777.155711 8097729.869292 2061966.696718 9490117.025196
0.167683 8399602.183060 6657624.582401 10079571.976461 5415274.224685 11618530.557345 3373211.673650 13028397.893675
0.202359 12246522.432045 10056634.302675 14311153.515497 8476276.556798 16612674.956974 5511370.890625 18468679.918859
0.244205 17640452.435595 15062417.210528 20633467.364536 12991044.855951 23577147.007073 8991285.153402 26324982.983180
0.294705 25413391.682184 21939578.646497 29712726.479225 18861504.226667 34124758.759701 14547635.841474 38261230.368629
0.355648 36428300.063897 30736197.703611 42860732.189863 26118191.903390 50199809.210306 21063232.374144 56415769.452963
0.429193 51612621.944393 42367698.185231 62124349.087138 35270238.961874 73718275.748429 29780672.084368 82312938.266167
0.517947 72276439.510177 57049003.508107 90769887.212080 45124276.450095 109314125.572956 37749095.046612 131142380.480019
0.625055 100159394.403080 74688965.345943 129860570.311756 56200143.790407 163853929.849865 47156306.001444 204252904.333679
0.754312 137692730.486086 96767398.698403 184297239.177098 69813995.005265 243558735.993182 58053075.770555 301625805.340547
0.910298 186372456.339820 123975840.883863 260650560.496128 84070845.073745 356663201.209437 70447893.553448 455513004.296852
1.098541 250324028.891691 155352522.587906 364936028.869469 101045497.619682 522793207.599754 84311981.714160 697076823.251988
1.325711 330242669.515313 190172565.967232 499282551.264484 118680651.057844 754022837.310060 99589098.337096 1086492262.988105
1.599859 419253074.121439 228803988.142930 683378129.727203 137926354.554645 1035970599.959815 116205658.639707 1510827534.827890
1.930698 520719843.016899 266157537.528495 908695482.361305 157805451.894194 1424264773.395646 129205603.948491 2216257841.117632
2.329952 622235639.824088 299946520.744540 1195082275.089784 176326749.376450 1926474443.179999 134910008.652263 3250406061.144155
2.811769 740617180.260130 338665405.106732 1535212704.854269 194260146.102366 2507240541.979757 138337501.437789 3900503965.550326
3.393222 863740647.693443 385007367.813322 1924089977.793566 212933252.146845 3258204090.597117 141651012.974018 5211253467.904252
4.094915 956902977.581779 413932622.853743 2324588966.620587 226121948.997559 4289639595.009557 155294165.336373 7086921641.363267
4.941713 1057313297.527690 442997336.025514 2724170543.136611 237453364.814118 5555142319.678042 165740139.508366 9392874642.734278
5.963623 1169542913.925210 469526119.369033 3217878650.822198 245203551.848256 7155652885.102964 170123063.598862 12246598278.721149
7.196857 1275198373.492740 492262842.834148 3639303276.989816 253003823.618159 8577637228.690760 173851597.086549 16331250673.337252
8.685114 1366081790.196817 504180747.853121 4057643415.018104 260032867.873075 10948091150.702003 177023443.479907 21310654765.923676
10.481131 1436735814.701215 519015194.823965 4467943572.149152 266366937.325397 13826485683.609930 179721718.706957 26455937676.194870
12.648552 1496984767.075033 528195006.509073 4852750649.534322 272074745.438683 15712100397.363457 182017129.107714 31547109867.802078
15.264180 1557900346.284946 540437874.783280 5270476481.051723 275351451.463328 18255092870.460472 183969824.242400 34678755975.213806
18.420700 1622309630.887127 551666765.837023 5519764007.095919 276691988.888342 19707535941.016529 185630973.066926 37827209721.430634
22.229965 1656768637.950475 565970770.594157 5799870761.210063 280126582.700285 21100608500.675407 187044104.778175 43474054640.452789
26.826958 1687999424.472789 577000670.093001 6089235608.641658 284526837.824279 22231083689.671227 188246249.464944 48714084665.343994
32.374575 1732171471.435083 586798227.260408 6348748851.485673 284675843.742776 23294998926.040535 189167828.187884 54478525482.486351
39.069399 1773954535.254441 596539225.341522 6520853033.800877 284784641.162649 24531380472.807007 189221155.152288 60090397070.882751
47.148664 1817305979.620132 599215126.406183 6827712846.453587 284864080.145276 25658319247.673195 189259528.756116 65553737527.253960
56.898660 1839822463.123105 604431157.925621 7002170823.447739 284922082.917478 26760507013.857216 189287142.056201 70872478070.772186
68.664885 1866115005.048167 609181022.256130 7073124709.892801 284964433.932958 27764040325.136238 189307012.338519 76050445871.822296
82.864277 1874066827.410003 610027896.342188 7267910598.777996 284995356.739648 28700146016.896591 189321310.814912 81091366805.893036
100.000000 1883429789.483705 610893584.130594 7385811716.834780 285017935.182282 29573354565.429245 189331599.869887 85998868134.580185
