3131476076.073400 38.211734 0.296785 3.843884 11.247062 3.094162 36.941529
11234086618.406445 20.033294 0.296526 1.212963 6.449064 4.505846 46.452333
177554500599.044281 11.092556 0.923032 0.586133 2.379022 4.572697 100.004044
373292495.519723 40.343749 0.825451 0.031692 1.719812 4.220553 18.504748
10054025342.700411 33.025244 0.291075 5.321746 3.548461 4.075713 52.013758
1569963178.592066 38.008628 0.441504 0.614216 1.639524 3.279176 29.296287
2996292960.157262 28.992845 0.316410 0.428167 1.334243 4.847062 33.359839
9859308718.746483 17.511841 0.646659 0.084333 5.987877 3.585069 42.840193
5670831532.212320 18.729980 0.709609 0.042198 2.198613 4.162388 36.294311
2940390933.073644 23.949601 0.009565 0.016888 5.634070 4.220160 31.291650
19609087031.447132 14.476717 0.071622 5.801153 18.048830 4.262963 51.220768
527706938.054437 34.314834 0.689611 0.016925 5.880455 4.339960 19.712421
4309080592.277207 16.830306 0.766140 0.033858 6.962088 4.374922 32.162419
7782732318.896359 15.727663 0.364267 0.384691 17.140047 3.064263 38.465031
10266913418.309200 24.818459 0.230081 2.615480 2.638751 4.000377 47.977474
7255913552.855524 18.588969 0.409636 0.201446 11.019562 4.469842 39.319481
27909725914.869846 47.740217 0.790002 3.788488 2.679146 4.236777 82.421548
4764191650.886988 25.529103 0.535874 0.750846 17.047560 4.266366 37.458898
1874319020.353572 22.216892 0.556702 0.014407 11.093527 4.087849 26.343577
2157974155.480570 24.284832 0.687233 0.083210 4.620137 3.731036 28.342037
8497142410.802670 41.839944 0.620143 1.451470 18.633576 3.938661 53.072727
16765261048.511351 32.863464 0.375109 5.199990 3.561961 3.768682 61.584099
1425772484.010728 34.616054 0.759487 0.131883 3.646492 3.664521 27.531723
11865731021.182846 14.921544 0.656266 0.276326 7.519197 3.965417 43.664308
4562347764.443463 23.622506 0.640572 0.270183 5.110301 3.753861 36.079346
2326266574.515309 45.915682 0.411994 1.082622 1.380475 3.339900 35.537655
53260594113.710808 11.990155 0.405397 0.454638 1.001398 3.192026 68.188013
32357747164.253254 11.256512 0.443759 0.265873 10.919943 4.325446 56.892530
218351849626.158936 26.400374 0.664435 4.904321 1.762022 3.802826 135.414996
917069718.668202 31.075662 0.564575 0.045655 10.513520 3.794943 22.970735
24577174945.240108 23.797738 0.347540 7.325975 2.983658 3.411851 63.385121
16594155916.416990 14.028224 0.228414 0.030769 2.565369 3.444828 48.059375
2736805577.446891 24.923588 0.802258 0.035912 2.837044 3.942959 30.916224
435090682.096424 41.133835 0.710982 0.095302 1.195515 3.549935 19.598164
895766943.588703 44.790812 0.231430 0.919875 16.903130 4.191517 25.642015
798528845.538850 36.191614 0.120176 0.032451 1.959780 3.857820 23.019301
236111940103.705109 8.364946 0.387039 0.067751 1.398320 3.622352 103.398692
2863335251.162931 46.317753 0.304240 3.425147 5.436777 3.528480 38.196344
3358817251.692047 38.357081 0.595117 0.678962 14.013658 4.886179 37.861223
462723436.081736 39.585875 0.897594 0.017011 1.150672 3.443202 19.755494
6368427699.730108 18.802223 0.700950 0.125868 3.067436 3.423033 37.765854
42338736270.945419 14.605576 0.273085 0.868164 1.946872 4.536023 66.353735
101033133840.173050 9.346577 0.431246 0.179821 12.348389 4.199756 79.747229
23228192835.150658 26.067374 0.647759 1.223154 1.166788 4.781740 63.917880
60616029970.770554 10.019255 0.637034 0.119548 12.008122 3.947684 68.291571
1676043495.665398 31.725639 0.308048 0.310349 12.401897 3.148644 28.267117
7048358564.512420 17.014786 0.292744 0.446619 8.231378 3.793363 38.006999
25639731547.299168 27.815123 0.378784 3.004325 14.215495 3.349070 67.371301
19178024222.469788 12.677694 0.031868 0.029100 5.884550 4.229939 49.172970
2447372969.998438 47.083138 0.974663 1.377734 7.250590 4.486832 36.448081
5839118262.990715 35.538088 0.833983 0.621786 1.652063 4.283510 44.419714
559588939.978191 45.040827 0.672270 0.103999 3.318399 3.782331 21.960701
13433642828.114710 29.966317 0.713371 1.123056 19.082402 3.048201 55.572504
9076771160.290035 15.900499 0.343480 0.047565 1.480166 4.757204 40.605990
2888264887.407858 22.555829 0.506660 0.012979 9.287019 3.993510 30.562422
3173439170.324101 20.910535 0.275912 0.128479 10.029306 3.940312 30.853752
4071475996.695339 25.098513 0.578924 0.027307 3.372189 4.698352 35.366859
1358174622.237626 29.267965 0.296963 0.024235 17.844031 4.003278 25.700753
6979269111.805975 15.335706 0.565752 0.164141 1.454019 3.585241 36.847205
10264956146.838064 17.105214 0.138218 0.109562 7.166528 4.350190 43.143033
972587941.911014 39.200939 0.277571 0.453658 3.110978 4.939536 25.225677
9240151511.026033 23.696794 0.309199 1.865530 9.359359 4.204976 45.690358
17938806069.529682 17.972620 0.152800 8.630176 3.135332 4.293187 52.673591
8431127608.398658 36.065570 0.965794 0.893157 6.336326 3.254251 50.443416
11330651759.715168 15.479910 0.188220 0.034586 4.662313 4.925660 43.413120
2856935892.186524 26.412778 0.426037 0.268219 2.837703 4.083896 31.913636
3218198055.426826 19.855163 0.299356 0.087771 3.816908 4.117234 30.544619
2082596428.272574 27.155816 0.710041 0.066509 2.376667 4.085644 28.964343
952071072.787716 33.029562 0.867305 0.016434 1.975683 3.804065 23.708967
629247133.535596 40.014783 0.966683 0.017824 1.055296 3.553865 21.964089
4600271367.665929 23.568683 0.513089 0.288906 10.073575 3.189815 36.154712
11590264225.794899 14.205784 0.845754 0.177798 1.430760 3.587176 42.777832
829914958.458316 45.568091 0.721769 0.205520 1.628758 3.260896 25.140934
846222596.804221 38.793710 0.772771 0.198336 5.117968 3.077709 24.000566
28892139500.035957 16.910094 0.195478 1.183899 1.212792 3.641108 60.725168
3366001393.822749 21.033037 0.379186 0.022692 5.745179 4.987306 31.518333
65360185810.933472 10.244365 0.674596 0.055869 2.810078 4.114983 70.377721
1110418145.128758 39.662704 0.302934 0.500190 9.376272 3.806086 26.465727
208745134615.968567 8.072530 0.052033 7.153818 4.575905 3.199308 98.531096
1264471429.936482 28.898603 0.385815 0.032019 13.181313 3.443573 24.997509
947316331.343914 40.447982 0.579481 0.148099 4.567554 3.519749 25.261814
927355055.315748 37.087578 0.004330 0.066508 1.044780 4.962228 24.387016
2902290025.350776 22.897417 0.555642 0.053863 8.559981 3.654252 30.746601
42235106511.183044 18.347870 0.881590 0.986043 6.268688 4.015473 70.474111
1905148910.530203 32.040786 0.773755 0.066388 1.621964 4.015380 29.592124
575315625.106335 39.893381 0.860754 0.019176 16.045415 4.050411 21.296642
13278024358.486071 20.442401 0.403144 0.991527 3.643892 3.850117 49.396966
428749430.788071 40.482154 0.616517 0.065524 15.241909 4.103608 19.400841
659432552.570461 42.393099 0.681176 0.129957 13.898737 4.242110 22.735938
5581312047.379063 22.456688 0.867493 0.288701 1.013799 3.087709 38.018614
18199615976.781136 13.278850 0.839418 0.077988 1.755553 3.262863 48.879992
3278218275.717725 29.154521 0.525559 0.963902 3.625226 4.532765 34.433901
1423055924.169832 49.298212 0.191985 6.737624 6.322739 4.965398 30.894336
10238042367.707003 16.624812 0.633299 0.159879 10.584653 3.987124 42.774821
6082054389.662101 37.759383 0.315156 6.232585 14.566776 3.100220 45.913708
81691850361.642670 19.140432 0.335541 6.124609 3.467295 3.535582 88.847248
8363838924.309258 13.788238 0.193763 0.225449 3.819053 4.341937 38.079525
33181132701.767071 10.989970 0.426208 0.023029 19.532788 4.545815 57.051367
4852719838.451667 17.502528 0.749883 0.038874 13.503898 4.869068 33.819556
69939442974.228882 8.040047 0.814749 0.027365 1.183969 3.027392 68.379679
792435992.561968 46.667658 0.159309 3.854832 2.105744 4.029427 24.954175
1605930840.573855 34.414495 0.402630 0.320810 7.958447 3.360932 28.592480
1190632934.141933 32.395785 0.893619 0.189313 11.686284 3.548755 25.388085
981597003.190095 30.402069 0.491245 0.140395 16.676564 4.523464 23.337438
1859736094.923483 48.265971 0.403879 1.614670 5.178834 4.875508 33.537757
90925214106.342194 10.093449 0.986357 0.066456 12.788893 3.890071 78.303408
6477196105.171081 42.869922 0.428502 5.600622 9.260530 4.794375 48.871090
9275312101.406237 16.456703 0.926241 0.119036 6.422003 4.724265 41.276839
36955470522.989822 9.465954 0.837233 0.073557 5.186773 3.758059 57.188823
2330211411.471549 34.363143 0.379960 0.730183 1.381897 4.692174 32.354528
572200238.361942 47.197801 0.742182 0.020648 9.484698 3.225113 22.472110
14437367195.615185 11.753406 0.446620 0.038462 15.436463 3.763280 43.919876
12588091772.506340 26.065805 0.894133 0.802655 5.741163 4.775094 52.110989
12909569703.527187 15.340938 0.348938 0.034367 7.848772 4.341468 45.235289
1142493917.769188 24.340099 0.767291 0.109832 4.606336 4.726511 22.943519
2191274830.944685 27.924780 0.941820 0.124707 2.054932 3.997148 29.711529
5594417800.008624 22.643540 0.208287 0.744203 3.022046 4.802101 38.140446
1144422532.067119 34.717235 0.742374 0.152929 1.177669 3.726625 25.610368
8561525660.868463 19.839272 0.986043 0.012426 9.899905 3.943103 42.313851
4792206335.201369 21.418821 0.643574 0.038419 8.547738 3.856500 35.642917
145233489654.196198 9.944797 0.337396 0.616934 17.181320 4.869022 91.230528
2275643157.345666 42.180149 0.327357 1.872204 5.477287 3.451894 34.300822
515550639.329490 47.269220 0.057468 1.343044 2.492724 4.794860 21.715572
21271180948.571800 14.670593 0.695979 0.084326 2.730250 4.391646 52.809877
9370574670.395163 29.312574 0.422444 2.241766 5.446391 4.022386 48.950097
77450426746.225159 9.981445 0.714622 0.255516 1.071476 4.897636 74.042422
2807156506.303193 22.902552 0.066484 0.164196 1.245154 3.563101 30.408914
1121590886.931464 39.368595 0.343806 0.881579 1.089126 4.673165 26.489932
29335135706.035263 15.923294 0.168093 5.915155 3.613460 4.145317 60.058456
58536243809.757736 9.855504 0.190466 0.014653 1.236829 4.694151 67.255162
23237930069.159973 24.362527 0.700364 0.637271 19.124897 3.742616 62.645997
568686294.323869 31.788401 0.360468 0.048412 1.043693 4.881877 19.727850
2572143061.951891 29.381783 0.540659 0.308573 3.618034 3.500224 31.835583
2484563608.801394 22.920070 0.419806 0.026870 18.212042 3.084998 29.202900
159590746934.002167 7.329155 0.958725 0.017288 1.053454 4.441506 88.427493
86712232395.722092 10.892861 0.381519 0.191758 6.649469 3.730979 78.421748
1307567074.949809 28.178911 0.960247 0.122800 7.056628 4.001097 25.083309
4262871196.736008 26.662940 0.209038 0.605299 1.759787 3.226351 36.572014
6056171288.757336 32.273476 0.485495 1.583831 13.680866 4.556992 43.610058
5863056263.727930 22.068159 0.830950 0.222329 12.427501 3.829756 38.452165
93593920398.378647 8.405942 0.662437 0.127317 3.027060 4.523312 76.030904
7033977066.057507 28.262793 0.423144 0.987038 1.315308 4.354875 43.990547
248731498906.200500 8.332425 0.562650 0.319755 1.082802 4.033991 105.125817
4137755291.032998 20.921875 0.695538 0.162376 3.574361 3.509919 33.712190
1852036896.080348 48.858079 0.490186 0.911072 5.711536 3.588353 33.628819
176590035380.343689 16.954260 0.610401 3.196492 1.058015 3.811204 111.105947
1480023413.880177 41.653250 0.733803 0.364034 18.022368 4.559500 29.595943
983061971.931676 32.116238 0.386014 0.012662 7.733605 4.540482 23.752771
51808368192.102341 10.356779 0.396715 0.153106 7.060878 3.644886 65.292931
4539989780.781396 22.283114 0.836188 0.128297 2.823407 3.764792 35.409609
5569806216.096542 21.998454 0.110685 5.799577 1.988549 3.161367 37.765405
15041254861.128065 15.904020 0.407132 0.026228 3.652406 3.538520 48.054403
2572234303.202759 36.126070 0.992748 0.422884 1.615586 4.765168 33.976572
14764691012.946547 13.448854 0.155133 0.019146 6.131813 4.793411 45.733613
1284536709.387367 29.148883 0.849734 0.040765 2.253856 4.596923 25.195900
765374721.812600 40.405929 0.124113 2.324539 2.764352 4.148290 23.520324
2317857127.048459 18.933180 0.233429 0.140125 4.946914 4.920417 27.016234
1437748424.691814 29.749429 0.210456 0.223235 3.668657 3.227150 26.325635
1062838534.258719 34.616272 0.293051 0.295682 2.820259 4.113932 24.963565
9393165464.036488 33.035002 0.367514 4.531193 8.482093 3.626898 50.852942
6444288729.902854 33.047467 0.278555 9.062728 6.812325 3.654155 44.856166
2253824481.708748 26.963794 0.630417 0.153769 1.447506 4.304960 29.673293
6869694555.603272 32.005076 0.691278 0.769655 2.124824 3.712459 45.362145
172722556243.118591 7.958528 0.957359 0.047155 1.641262 3.989505 92.241474
311059610833.752625 6.039602 0.190442 0.102061 1.498646 4.050231 106.764270
161398306379.472351 11.063851 0.620393 0.608423 1.673567 3.106712 96.815455
63869478788.041061 12.500460 0.253778 0.393559 18.575459 4.642275 73.179863
145993192370.769104 6.901121 0.728779 0.205122 2.606067 3.913876 84.895453
424670370.968862 44.786584 0.450016 0.110257 16.510284 3.143721 19.993594
2325306868.002619 21.601027 0.136185 0.100575 2.661815 3.092291 28.076916
3752759478.293023 30.263695 0.150816 8.599071 3.665272 4.440959 36.439853
871818465.116073 27.574098 0.897957 0.053648 1.067593 4.750700 21.768344
842544533.461069 38.634543 0.191946 0.249721 1.064033 4.165828 23.933793
15362767891.242125 34.258743 0.329531 7.868902 5.421772 4.443661 60.609358
1210132407.232595 31.020366 0.681191 0.019235 1.749400 3.126967 25.181231
758132231.101889 43.231095 0.387128 0.204035 6.458186 4.960934 23.972139
13477574192.049149 31.770932 0.275302 7.044063 2.515050 3.196795 56.656694
1001870163.114454 32.836889 0.008014 8.700624 2.602915 3.133648 24.070852
828801950.631877 31.716231 0.019660 3.646313 2.366102 3.642671 22.350967
23257105624.527756 13.032369 0.566817 0.282976 2.316194 4.324860 52.796188
377477091.616769 40.369071 0.030617 0.161110 3.954031 4.359842 18.577445
413559109.377226 43.136062 0.774839 0.074998 7.146183 3.311570 19.572915
810271404.603014 39.366160 0.339557 0.017805 6.245076 3.735709 23.768628
2061203284.576525 24.759131 0.881218 0.020349 1.477574 3.171605 28.072932
1237164374.381639 41.696749 0.405515 0.616414 2.683143 4.610268 27.889064
1371993389.236418 30.188196 0.720213 0.026531 4.712166 3.396790 26.035952
22709048194.853256 14.678088 0.114647 0.266589 13.537286 4.925802 53.981088
543377876.329318 35.904261 0.337487 0.061908 3.548682 4.096420 20.195404
1638211501.212843 29.379340 0.535080 0.130199 7.071692 3.340900 27.390078
1085615578.204854 35.288691 0.924696 0.265734 1.027856 4.678796 25.295368
7082296612.286494 32.630959 0.776242 0.893785 12.913333 4.570559 46.105323
5349769168.238809 24.342970 0.476111 0.262093 3.075529 3.029690 38.385655
5789123896.051387 49.976136 0.568027 4.838939 1.956155 4.978358 49.545823
5498879177.790575 42.295744 0.948486 0.874226 19.740137 4.965313 46.070070
118328900735.426178 8.820348 0.208526 0.047600 2.402457 4.540045 83.033031
3210591230.668966 29.179955 0.672009 0.183516 3.985149 4.742227 34.204671
2236082042.614991 22.331176 0.630586 0.059429 1.310928 3.115712 27.981504
91740855774.446533 8.027322 0.280227 0.070559 2.407345 4.373914 74.829129
10717266267.906231 22.555576 0.190950 6.457953 1.613923 4.599465 47.315346
28806073512.908398 15.158998 0.115146 3.305731 12.702595 4.727826 58.926550
1331714000.463029 32.957061 0.702732 0.083211 1.887934 3.111914 26.496706
1459144639.484612 26.165875 0.704912 0.015056 1.119861 4.448044 25.437666
861358758.967936 43.687237 0.585382 0.507013 1.748089 3.690977 25.101090
10657757678.579744 14.781056 0.077718 0.039348 18.996028 4.350356 42.025884
2946033661.849670 19.351396 0.047295 0.800008 10.948784 4.344110 29.444109
1436413712.552142 29.082817 0.417779 0.010322 1.860711 4.923625 26.133869
2189295919.511534 27.442518 0.527132 0.111542 3.222363 4.165171 29.545066
1637150943.096146 36.430912 0.423696 0.691060 13.124397 3.425387 29.305132
2358192849.656639 29.377451 0.530374 0.478291 2.553252 4.344894 30.925810
122444177906.167603 8.578572 0.545384 0.032153 4.382107 4.935977 83.501694
5260743460.266345 16.580631 0.339998 0.076897 2.298277 4.701480 34.236352
19022716587.104485 22.146003 0.447070 0.867385 19.954263 3.855502 56.983315
9411791568.488041 47.252905 0.738566 2.979159 2.895572 4.723347 57.172621
7244887470.228106 18.090313 0.305225 0.397912 9.013307 3.858018 39.004950
2516612474.614148 25.652492 0.507176 0.223870 15.900922 3.037034 30.324435
24545118692.756512 14.098984 0.006228 1.573151 1.129555 3.691815 54.828359
19371026717.156181 23.279144 0.940996 0.483334 1.488144 3.950703 58.171159
1637902482.948488 25.493784 0.925858 0.037370 18.505105 3.953357 26.230559
1531767918.399021 25.647228 0.461152 0.078651 5.109311 3.220308 25.697537
1204967008.380769 47.946558 0.683339 0.362979 1.817852 4.657742 28.956202
2710655811.879366 21.330533 0.426898 0.024806 3.558761 4.078051 29.442150
4933215041.492536 20.664120 0.266185 0.054884 1.475708 3.106606 35.620666
5389120743.017536 31.134152 0.640991 1.426600 17.354642 3.957115 41.476468
46227457923.801476 11.275457 0.778109 0.098034 1.008641 4.523167 64.101331
8591466577.091419 16.857036 0.289832 0.146198 1.314781 3.618887 40.497580
1229546696.024428 32.887307 0.984972 0.082667 2.107004 4.679034 25.783757
172312325553.843658 8.436014 0.263168 0.068863 4.889848 3.806410 93.252953
58855288911.065536 16.172620 0.498764 0.858677 1.201825 3.326212 76.062248
2371350506.441350 27.353806 0.052561 2.719343 6.118146 3.012578 30.312407
43814288702.853912 16.317327 0.120117 3.337499 2.174483 4.725994 69.100219
28169431529.688137 32.784143 0.736293 2.437398 11.579557 4.934191 73.157721
25155825046.742611 12.959754 0.967271 0.155198 7.085309 3.838937 54.120514
2619477571.861534 22.300734 0.295585 0.045373 1.612108 4.252616 29.485440
3100261158.710863 17.789426 0.324917 0.136489 17.848534 3.813547 29.257591
147698129585.516266 7.879980 0.504083 0.044628 1.671282 4.575407 87.381636
1496306603.120743 48.891243 0.976210 0.406107 1.103946 3.784993 31.328118
80115471264.998398 19.844236 0.392525 6.688910 9.568715 3.908620 89.173335
58523452556.614357 12.282154 0.423872 0.481939 7.833065 4.568073 70.774002
3908981710.544443 35.022274 0.458724 1.397492 3.555617 3.486836 38.676999
8332543591.378416 18.996069 0.691126 0.214295 1.672747 3.059684 41.424505
384339231.650476 41.368919 0.935211 0.070720 1.239725 3.860267 18.839596
1108608557.696867 33.621683 0.705225 0.043282 1.033239 3.816410 25.083572
12282241965.616068 16.814819 0.717822 0.328914 4.806959 4.002638 45.590230
1143626776.740434 40.274526 0.369977 0.562790 10.325664 3.993543 26.860740
2261487547.960526 25.991647 0.908939 0.153349 3.339515 3.114458 29.378835
1483459108.201854 26.934253 0.729399 0.012743 5.161574 3.543352 25.803170
22510156490.065598 13.588721 0.083725 0.049084 13.269873 4.381492 52.773618
11115396987.888813 20.334006 0.955764 0.109762 2.052964 4.834502 46.484365
1060991996.482682 26.930347 0.109978 0.015866 8.510780 3.501809 23.074526
2895504617.719979 27.046499 0.503357 0.153176 1.843533 3.428861 32.287744
1090800734.152752 28.434409 0.970868 0.025051 2.009978 4.435871 23.678119
1185592401.155586 38.783211 0.536591 0.351235 1.220404 4.154093 26.853460
102743783322.213516 13.730121 0.609625 0.863593 1.414727 3.112332 87.769568
2770891977.870160 35.907020 0.396326 1.827815 10.103848 3.965126 34.761816
1971418941.587237 23.735855 0.185162 0.029635 10.116404 3.949552 27.315071
7992386277.774409 17.545492 0.286167 0.041919 19.933869 4.188255 39.965865
3164902906.363341 24.564717 0.386383 0.177511 3.417163 3.948971 32.310824
31531936132.596798 11.733507 0.963038 0.063268 1.329697 3.410207 56.960419
64140836455.103050 10.537551 0.774276 0.011910 1.326666 4.729633 70.385480
15572401451.983757 14.412738 0.031299 0.023371 10.302996 3.432981 47.378782
1525156995.314593 29.265150 0.127830 0.210410 3.313944 3.151990 26.712791
493308830.005424 47.652807 0.419461 0.065055 1.992800 4.606219 21.456652
12274387822.924109 14.149965 0.222388 0.116273 4.187453 4.606430 43.559588
711825374.280899 37.618695 0.541983 0.043259 19.235571 4.216295 22.431572
154256098808.347717 6.965994 0.919368 0.025720 1.023037 4.134597 86.614340
9692835167.093092 28.407082 0.710089 0.592497 12.701706 3.980835 49.029130
60422903240.525383 13.967423 0.524621 0.655301 1.304338 4.854030 73.855024
1233084722.682435 28.729034 0.179297 0.081922 8.883339 3.116749 24.744098
803823169.147941 42.520138 0.272247 0.857808 1.997593 4.592543 24.311071
2635478344.697785 33.089379 0.954403 0.421223 1.953849 4.982277 33.308684
2434186026.179190 20.718033 0.262058 0.154115 2.307863 3.713503 28.168685
3302350448.096135 40.702666 0.674361 1.581948 3.042241 3.597310 38.382368
78438989964.382782 8.051216 0.085089 0.029117 12.051407 4.679037 71.064077
510995230.693422 47.310191 0.815229 0.186728 1.426889 3.799058 21.657699
3888327140.363218 38.286976 0.510044 1.736659 14.057812 3.544088 39.730993
1726940700.454545 26.958495 0.387370 0.183996 3.914488 3.156510 27.151403
2521429332.522288 22.927232 0.571909 0.019695 2.819719 4.964188 29.349314
3987765430.591655 35.240905 0.783127 0.595127 3.160860 4.106247 39.012537
2793926964.261870 27.116143 0.060083 0.475205 7.152447 4.776941 31.930617
100957454603.000046 11.416301 0.844664 0.353913 2.451625 4.117651 83.409239
1941250838.801321 38.522286 0.828750 0.359227 16.142955 4.060738 31.581396
1341634050.639939 26.220621 0.482776 0.059932 3.431970 4.171990 24.751207
763092755.619911 32.630777 0.502854 0.285698 5.443469 3.581168 21.939062
12959435487.340744 44.804059 0.449633 7.942506 2.622006 4.833583 62.487306
156456598108.453857 23.594057 0.512845 7.706171 1.569512 4.949503 117.176222
1473746517.708136 44.694656 0.758962 0.430582 13.631981 4.961423 30.249510
11685174430.371965 17.049422 0.313289 1.126267 2.349269 3.985722 45.007541
249864681672.097717 6.182511 0.718350 0.065732 3.867956 3.672326 99.629685
29464030443.681709 32.641375 0.424955 9.523114 4.263623 3.678829 74.159608
11617463126.968695 18.068894 0.137684 4.736641 1.955640 4.999706 45.639175
3465543728.960114 43.191095 0.649849 0.764002 3.050193 4.204185 39.772499
950274445.620385 40.050717 0.782998 0.236014 14.254616 3.782364 25.206718
1405446266.032883 29.626514 0.380414 0.140081 1.215763 4.314865 26.093527
801837142.386962 40.014805 0.885183 0.217378 8.513807 4.432280 23.812313
1145551424.626625 29.069756 0.644298 0.026360 1.636179 3.148725 24.231963
3622247323.687525 29.982008 0.843866 0.478311 3.225170 3.827680 35.908056
6192117968.592602 18.115331 0.855318 0.190458 13.359726 4.640247 37.030060
2274307995.116716 34.790615 0.499278 0.273387 5.748768 3.858576 32.220252
1309803778.110563 36.126467 0.436941 0.313775 14.719615 3.687921 27.131866
256936891666.523071 7.504482 0.379284 0.082126 1.277278 3.411930 104.104357
6728583577.779552 18.109903 0.291548 0.176562 1.914154 3.010584 38.066825
461186524.949336 38.249206 0.066438 0.071586 8.246357 4.132504 19.514700
2092609412.663136 19.477527 0.184329 0.143057 14.658020 4.124453 26.319331
6975267868.630655 19.490195 0.602764 0.016982 15.700626 3.209214 39.322868
988863933.893462 29.547227 0.940991 0.115977 7.445020 3.749413 23.188905
2477607432.344645 22.288475 0.820055 0.054235 1.546004 4.662347 28.938592
2009357188.334799 29.356474 0.682001 0.012983 19.217288 3.986712 29.312389
4286776978.579505 20.793745 0.500402 0.498540 2.610663 4.648808 34.052205
294288954462.193970 8.242071 0.603030 0.264799 8.998577 4.458403 110.943098
15587939710.489595 12.739924 0.161922 0.132556 1.844222 3.267735 45.945636
2127385952.995161 46.031622 0.585644 0.683052 1.319047 4.516913 34.523590
23783689283.344906 17.262995 0.495276 0.950903 9.130082 4.809635 57.231440
3306897072.914529 19.829865 0.518901 0.086225 4.205027 4.449283 30.811595
33137531003.692410 12.145911 0.082226 3.291438 13.258925 4.385243 58.393420
20844747057.370541 19.798309 0.385234 1.748489 2.374651 4.811835 56.891066
799783035.052898 31.982756 0.291598 0.015278 13.099840 4.254283 22.145053
288760701011.424377 5.871961 0.028784 0.057947 7.638754 4.034637 103.676815
2249544894.146251 28.673844 0.884501 0.259841 2.005843 4.596310 30.216822
586468480.044575 44.876820 0.319730 0.422873 2.127394 4.621103 22.279833
20584115305.063686 21.205405 0.659872 0.849637 8.978920 4.855869 57.772404
14330473308.920988 11.455549 0.601137 0.015789 1.963235 3.783669 43.545153
10285264714.608908 16.418876 0.558749 0.014638 2.837002 3.617773 42.697337
9366051209.759863 14.418830 0.276036 0.065422 10.479287 4.468634 39.997366
20419943550.354404 40.072968 0.681535 2.857509 2.117002 4.642240 70.091199
2421840895.714545 35.444303 0.199771 2.448628 2.155097 3.017710 33.098492
457488989.535374 46.401100 0.483597 0.120081 17.699735 3.064810 20.738869
3870546221.960880 37.977878 0.567755 0.627523 5.204150 3.149080 39.566395
5885092107.739650 20.911372 0.289288 0.405159 7.566729 4.799456 37.907108
20651839751.025776 34.185426 0.514341 4.793593 8.094763 4.264602 66.845749
1982524765.427690 37.146405 0.233877 4.210399 3.798235 3.221317 31.431949
9020807667.200430 18.123792 0.543301 0.189965 3.167000 4.425039 41.983542
3409656527.168828 19.993985 0.927739 0.021879 1.417226 3.330496 31.200162
1118366702.468285 27.408650 0.493519 0.014315 1.062306 4.014221 23.609212
5043370303.447454 19.916026 0.468116 0.117851 9.347611 3.661235 35.509672
6306817152.215385 23.091346 0.773463 0.124293 4.505246 4.965466 39.923368
3772410588.247088 35.540351 0.234977 6.259488 7.409611 4.563499 38.400938
1362539263.892675 49.745992 0.732437 0.590245 1.894585 4.877720 30.542892
40724236459.191605 20.806776 0.747598 1.044633 6.233328 4.898415 72.132408
20132965250.946316 13.971855 0.869376 0.107141 2.058192 3.344934 51.205563
51483694435.425735 11.239302 0.721953 0.041494 1.992909 3.447231 66.394185
103300431885.462646 8.103184 0.691948 0.053720 2.905548 4.550258 77.994378
1462716610.214783 23.157929 0.681667 0.115961 2.127231 4.333352 24.549586
144944286453.406738 7.394904 0.824697 0.015671 2.397900 3.115815 85.779207
1511088994.549369 38.581603 0.302495 0.507107 7.362393 3.938654 29.065923
13894519594.454887 24.245779 0.754057 0.527917 1.136307 3.468656 52.701472
48660918796.601852 13.934507 0.052284 7.749563 2.708157 4.454916 68.671902
283569281475.264771 7.101542 0.736703 0.067054 4.335497 3.879114 106.477604
5894234687.400218 35.742022 0.886029 0.722774 1.475363 4.526739 44.640707
19098018365.218494 13.044361 0.593342 0.078845 8.714586 3.151394 49.451477
2567629843.554930 23.196071 0.826656 0.022191 1.380511 3.765078 29.628622
12529042627.050966 12.626920 0.338900 0.014510 1.481681 3.065894 42.625547
10998753824.064203 33.279892 0.732969 1.396931 1.075708 4.428431 53.724629
53014132876.007812 19.203488 0.296444 6.958992 12.124015 4.970309 76.992492
1302904115.193156 38.067880 0.505157 0.722968 2.389829 3.818560 27.544768
6832022769.384384 46.768946 0.489842 3.237220 3.240801 4.194444 51.205824
2722847570.694886 24.605739 0.738768 0.164266 4.923713 3.169505 30.745721
20562700184.666088 40.354584 0.708566 2.557154 9.714459 3.930298 70.414955
32619716772.136574 11.321289 0.832851 0.013986 3.057241 3.190948 57.122511
1005399162.003387 30.894882 0.483556 0.149652 13.988531 4.534191 23.642656
40403325166.933014 15.049117 0.118592 3.681558 4.093806 3.234833 65.836042
170608470913.574951 7.241348 0.265890 0.013849 1.036287 4.712556 90.213740
13601389099.351328 25.492284 0.833127 0.558649 14.612759 3.025526 53.116765
2759343518.542747 22.348458 0.315080 0.074143 13.343330 4.117441 30.019829
3028877210.177781 40.237348 0.972656 0.521680 1.951999 4.318039 37.152336
1917955633.433972 25.561901 0.123051 0.030057 5.426814 3.882871 27.669764
4086137535.093920 49.546249 0.406306 4.099138 1.946894 3.572498 43.985505
684664224.368395 45.985740 0.707199 0.172098 1.830434 3.506556 23.650959
34349301590.424076 12.718333 0.496974 0.433545 16.375739 3.023635 59.763969
12382124861.608259 11.327651 0.331141 0.047535 11.509311 4.598059 41.365310
4934683359.454820 18.324284 0.209391 0.156574 10.103676 3.905684 34.440564
6777727084.030773 36.287750 0.429863 2.323198 1.474732 3.657974 46.995871
165188855472.664551 17.017518 0.387994 7.055647 9.865130 4.936754 108.771066
59397772273.938255 10.325175 0.274420 0.026681 2.318553 4.762746 68.289891
1913227020.179661 30.464981 0.502649 0.144800 13.741686 4.502539 29.170473
305689864883.408936 10.558881 0.197869 9.519244 8.904062 3.127500 118.503733
930599499.801805 34.542851 0.037945 9.854651 2.909354 3.112424 23.865923
34589008011.176125 16.298587 0.316887 1.868068 1.795008 4.051839 63.843995
1008537828.829543 37.355872 0.073880 0.343304 12.513356 4.919186 25.137179
24933641436.145691 12.544942 0.134480 0.103296 1.188585 4.343471 53.530288
893966749.632290 32.440804 0.455219 0.177202 1.656979 4.795076 23.085231
1381717506.331787 41.942266 0.725227 0.316440 15.989886 4.587843 28.991369
1908952163.762448 32.107388 0.939893 0.151689 8.972736 4.885463 29.631120
432607853.315202 45.836641 0.327061 0.010945 6.953894 4.825759 20.272992
58245979842.120415 17.555172 0.254815 5.226991 11.098228 3.087572 77.496935
2990361401.829379 22.623152 0.504890 0.022991 1.119503 4.218259 30.945283
5315472278.759333 18.002719 0.376552 0.083122 5.321757 3.832004 35.132500
1627053348.359532 39.926734 0.159659 4.111833 2.862704 3.477900 30.125067
25468116540.405418 16.627049 0.838911 0.395949 15.392199 3.113035 57.960290
53327394562.148483 9.829503 0.237206 0.010470 1.294114 3.391267 65.159962
76365507363.435745 9.995059 0.358507 0.018920 4.743939 4.329770 73.717403
2854786472.827987 32.573098 0.990616 0.216309 4.651135 3.860714 34.038842
559702254.583612 34.666411 0.993084 0.106255 12.100916 3.468289 20.168335
2182286992.307435 30.074435 0.442113 0.339951 17.488689 4.537011 30.356460
69882573701.233261 8.244687 0.094030 0.014719 14.334393 4.929960 68.705741
13523098011.139811 41.115475 0.739640 2.468882 4.062143 4.451801 61.609924
4888024859.469547 24.207859 0.257485 0.491171 9.001796 4.978244 37.186423
23309466343.295681 11.966700 0.034669 0.026184 16.214459 3.751362 51.746274
6043599205.504080 21.169824 0.441118 0.011372 6.927420 4.873984 38.379441
919074976.340830 35.124765 0.811748 0.060701 9.287237 3.695915 23.893891
749793806.417860 46.282802 0.868933 0.235035 4.759010 4.516753 24.430686
87174743283.966339 13.127199 0.227754 6.601983 6.577227 3.370035 82.160558
1090315064.278763 33.757237 0.914072 0.015742 16.217533 3.225704 24.976660
1511775475.637705 40.955519 0.246319 3.239628 5.842771 3.529427 29.641485
1021711798.588185 29.069837 0.218794 0.032050 1.279437 3.129862 23.325282
3400504123.088301 21.226174 0.899869 0.095521 1.631320 4.778577 31.708792
30512282701.788162 12.071843 0.509646 0.167046 18.218333 4.133922 56.724963
2125416779.932137 35.241823 0.082040 7.901326 3.935900 4.979714 31.630979
1850100602.701254 27.777967 0.739197 0.053058 2.358135 4.427178 28.036570
921604841.106745 40.002873 0.206394 0.102569 3.037322 4.191912 24.940904
2741310580.290612 23.093744 0.671002 0.078637 4.156691 3.412510 30.242875
879157546.660438 41.828421 0.644203 0.384455 1.401043 4.223843 24.913230
6582890885.960916 22.904665 0.447332 0.327098 12.829026 4.654187 40.401360
183390858518.424164 6.540541 0.407741 0.175623 17.630852 4.203847 90.734500
3538788672.715320 21.571178 0.010950 1.423999 4.220830 3.712910 32.282522
49526673396.105370 10.608004 0.783692 0.182760 12.519001 3.492924 64.671284
22804304593.490108 26.528690 0.807014 1.219657 5.792024 4.945579 63.864104
21559025541.207806 30.164248 0.379154 8.348574 17.198403 3.177484 65.196681
3493261243.220663 20.855439 0.939495 0.040878 2.979184 4.802744 31.833189
2133464854.891358 21.597988 0.016170 0.655674 1.305632 4.802071 27.281411
639209743.052418 43.075830 0.405834 0.075704 1.080456 4.548608 22.619892
2743006304.881931 41.074278 0.295381 7.655414 1.466273 4.578464 36.187473
1410053833.223886 27.783794 0.976899 0.021179 1.883380 4.759731 25.611371
3496272819.245095 20.804553 0.728516 0.022811 1.244864 3.111414 31.820081
4050775641.156672 30.360853 0.579096 0.715457 10.850177 3.157872 37.417233
63869478788.041061 12.500460 0.253778 0.393559 18.575459 4.642275 73.179863
22057345940.216209 11.615115 0.330799 0.012422 12.125962 4.529532 50.442076
916324445.216712 34.972007 0.449674 0.115984 1.138841 3.580450 23.836857
1382230940.511991 43.933175 0.790704 0.212798 10.815683 4.311922 29.441817
16439466340.778965 18.301752 0.656741 0.284157 13.522799 4.788779 51.419981
3166709361.209806 48.451721 0.485378 3.201660 14.107083 3.656881 40.100164
2415921280.534549 20.732834 0.899616 0.142305 3.126122 3.530516 28.103790
7114094205.128568 17.301560 0.655564 0.131476 5.561997 4.999588 38.298214
2205459118.142036 33.409866 0.442681 0.516409 4.866263 3.476041 31.484299
12941607458.283138 13.500404 0.771029 0.029045 19.280323 4.941643 43.810089
276334628867.143921 20.844378 0.765840 2.596447 1.221509 4.468857 136.630908
34807384548.346260 12.714763 0.544566 0.054112 1.208082 3.017812 60.024324
68072524560.427727 13.827508 0.397338 1.662144 9.312413 3.749211 76.652536
46036553356.948402 11.909325 0.063157 0.063510 2.461663 3.946004 64.848746
2425032248.157857 28.043464 0.996482 0.147301 1.827057 3.931605 30.772444
7493246036.516990 21.243401 0.801528 0.331396 1.675429 3.559560 41.272101
21389549638.309673 24.280043 0.914176 0.837417 4.872681 4.156795 60.877588
922917330.846053 38.040413 0.174828 0.101556 1.613284 4.185580 24.548284
1724999001.764570 28.996410 0.173555 0.325804 5.094005 3.259974 27.752914
4037186742.570881 20.985919 0.970844 0.196335 3.423079 4.533147 33.466125
10890037902.339228 46.939475 0.605255 4.148040 3.857583 3.417993 59.888137
8734946012.460272 20.297193 0.627714 0.291577 5.277172 3.280945 42.874085
2157312238.924854 45.031778 0.543818 1.635115 17.601413 4.765271 34.432231
51427694397.742607 9.807267 0.326056 0.032714 2.926285 3.715525 64.344703
141615584494.056427 8.962880 0.011564 0.029081 14.837507 3.795866 88.454322
530754752.737485 35.098895 0.552247 0.067814 12.961766 4.133460 19.892944
61310450050.210640 10.771613 0.759638 0.021369 13.848652 3.922797 69.684105
114320661005.974762 8.358475 0.049205 4.949085 3.890312 3.129808 81.180000
1284160105.422003 44.740101 0.813140 0.340602 1.368769 4.097049 28.902157
6209307418.516820 31.353542 0.501440 1.320705 8.263408 4.273407 43.577598
13406368619.592796 24.884360 0.806693 0.778511 1.476175 4.842219 52.481312
388600005.377254 40.706672 0.509119 0.059431 8.047850 3.032108 18.809285
12874099692.420013 18.214825 0.374079 0.095903 2.854585 3.300972 47.333666
8841676111.796635 37.241293 0.928826 0.865528 18.304574 4.684182 51.780603
1796339700.200363 38.775269 0.474544 0.478874 7.524583 3.901528 30.840571
2888264887.407858 22.555829 0.506660 0.012979 9.287019 3.993510 30.562422
2615157505.183786 22.300170 0.086225 0.099762 6.451770 3.996734 29.469005
2668187479.421621 23.356153 0.781451 0.082711 16.157467 4.310277 30.071197
702132433.852819 36.370585 0.236701 0.019348 1.643424 3.508374 22.087977
2326151353.794909 23.375301 0.127758 0.042702 6.870502 3.893427 28.733992
2632627835.335230 26.830421 0.500108 0.018653 1.782789 4.179972 31.203415
1091249810.722374 49.009742 0.777413 0.448283 3.739743 3.143382 28.222075
21109613375.816059 11.490201 0.577047 0.015423 1.614307 3.289227 49.581872
5787416608.142013 20.268354 0.220098 0.665838 4.276545 4.677220 37.361776
5313993402.443213 34.973246 0.480001 2.607423 3.773318 4.123405 42.826358
1576249377.210988 30.581928 0.563431 0.083563 4.457804 3.021694 27.378776
28664260721.391129 47.372968 0.665829 7.006438 6.397367 4.247402 82.942979
34638191022.670059 17.484306 0.938461 0.663156 1.366434 3.416895 65.098008
1276829543.276385 30.611616 0.936502 0.061680 8.975005 3.514254 25.529827
4444647067.534039 22.370629 0.101398 0.405891 2.915893 3.928516 35.200117
3937601411.875083 29.965133 0.743204 0.451272 3.657006 3.662585 36.914809
2649468847.671843 22.428206 0.818592 0.017717 1.100681 4.329685 29.646709
21195539477.273895 13.558773 0.787594 0.153358 1.975157 4.186811 51.696865
6679949756.441031 27.271132 0.769058 0.322429 4.633075 4.503200 42.770675
91476401051.066864 8.779355 0.203266 0.017066 11.107219 4.660570 76.132119
58221750044.924240 15.969890 0.913811 0.839624 1.196510 3.350462 75.534201
46652068034.074455 8.325304 0.466102 0.106662 1.420191 3.172333 60.165499
5265854868.311516 48.847288 0.791355 1.413690 2.533019 3.035586 47.637883
1012733627.502963 33.026879 0.096556 0.056856 1.059527 4.923850 24.201564
8652346028.594627 39.944955 0.335213 5.728090 2.287045 3.856244 52.590020
2580903240.655818 22.747903 0.475476 0.085739 9.416778 4.360060 29.510390
1756457761.684254 20.952131 0.094294 0.105459 4.422373 4.339518 25.346876
5275729326.445827 25.744858 0.376796 1.122583 1.291660 3.361151 38.852340
34630900083.745407 10.479832 0.171366 0.036497 1.353314 3.158386 57.242255
3951815681.058950 27.071785 0.895788 0.136611 1.618748 4.947980 35.824911
1294058698.498971 47.263933 0.275003 0.988960 19.435799 4.221555 29.510907
1811711907.947297 36.691914 0.477046 0.199154 8.165310 3.449790 30.381342
309629073282.173523 6.290743 0.739566 0.086071 8.111881 4.961151 107.324243
19044646065.811523 16.225018 0.893860 0.143507 1.828068 4.867445 52.264475
4245523010.460114 41.673976 0.945874 0.547988 17.861543 4.871083 42.058843
2199471865.514841 28.773569 0.892086 0.257406 1.990804 4.594958 30.022972
1565973518.838699 40.018277 0.340052 1.016938 4.365061 4.118546 29.765507
1903921467.442791 43.098006 0.412092 1.050511 16.457997 3.447382 32.551137
405762066.155061 44.518228 0.764540 0.218717 11.565171 3.791254 19.653118
2326576308.738622 37.605185 0.186278 6.668491 4.046882 4.084822 33.285668
6191470651.003797 42.923598 0.335011 5.264447 3.388549 4.723642 48.161516
63078638982.734650 10.095808 0.075108 0.911938 12.771153 4.317588 69.321720
95860222603.431915 18.825555 0.327997 8.950111 4.295403 3.489099 93.279199
1515769618.400462 25.743452 0.796315 0.052247 3.511227 4.842351 25.636591
10947407529.560961 27.469528 0.350519 3.872728 16.641711 4.543842 50.537926
34540645399.338593 13.358218 0.363502 0.635574 14.440623 3.219703 60.608646
11421090858.439138 16.723265 0.336711 0.026966 2.673700 3.354126 44.433333
885540431.295520 48.990230 0.195135 1.570061 3.550402 4.871816 26.320383
2407946846.458920 26.801018 0.927195 0.101815 2.127967 4.745412 30.279140
4704336928.528417 43.765386 0.321964 8.273495 1.352085 3.218130 44.230386
10888341112.543081 16.722977 0.070986 2.009005 19.238164 4.654567 43.731219
19186726100.089813 29.579018 0.965988 0.751020 6.519416 3.045869 62.332248
3259063101.953061 38.789060 0.194159 7.810136 2.830094 3.830136 37.619004
8828939188.671516 34.106502 0.835918 1.420139 1.242088 4.145999 50.319718
8670579129.708963 15.477766 0.991695 0.091541 1.471281 3.928279 39.707228
12298127046.101194 14.598041 0.552587 0.189011 10.301730 4.827459 43.938093
501043031.421237 42.939452 0.571564 0.191608 2.554118 3.540484 20.834358
2893899351.236426 33.755068 0.907020 0.341847 14.225227 3.267812 34.580876
2627359483.280531 22.030414 0.074927 0.447096 10.932656 4.081274 29.410575
3449156555.332658 36.468305 0.609482 0.626060 2.243181 3.942102 37.580411
5092043900.953036 21.611675 0.699832 0.037895 18.368692 4.173905 36.465471
608844078.789373 47.997617 0.930034 0.126570 3.599944 4.486117 23.071378
1326982268.916688 33.705442 0.626692 0.328526 11.545295 4.116694 26.653896
1236492829.866126 28.475477 0.699689 0.047367 3.694152 4.071516 24.699508
8723614000.029419 32.849767 0.339833 6.831074 1.897874 3.127376 49.526790
2323454825.719091 32.860605 0.313493 0.864867 13.676750 3.574143 31.868722
185199538489.029785 20.937578 0.463926 8.223842 1.721055 4.926623 119.721467
1925902627.124021 23.874242 0.701247 0.076041 6.665194 4.900934 27.149807
14258899587.521015 22.380752 0.407461 2.607820 5.755527 3.498793 51.921940
1621714453.567617 28.375382 0.141158 0.018478 3.744945 4.592322 27.007224
953347839.256681 29.839548 0.211603 0.080702 2.950250 3.856318 22.977804
1097149478.324920 48.787394 0.289292 3.036049 3.577043 3.758164 28.229664
14732678503.955545 31.752530 0.751675 1.486167 1.054465 4.385411 58.352886
2461705986.184880 24.709835 0.314379 0.408876 14.019750 4.427460 29.766992
12426646086.520966 18.727734 0.551145 0.159650 1.096989 4.946118 47.140385
2370484792.964658 30.616496 0.348891 0.377603 6.935325 4.347635 31.378886
402373896.612239 47.016314 0.849886 0.014848 2.020158 3.979729 19.957755
8916521777.607409 17.682951 0.503350 0.265138 2.624923 3.135277 41.539016
8977473589.139799 49.745548 0.542363 7.090389 6.434466 3.671479 57.259016
105406939548.501572 9.679367 0.921832 0.040950 1.124017 3.902333 81.498724
94675422727.566925 7.917173 0.733344 0.010401 1.357973 4.675748 75.412426
1191543711.746168 28.462284 0.755759 0.027706 3.575356 3.648012 24.393043
495370839.919212 43.048800 0.911353 0.122029 1.143841 3.425270 20.772859
2833730231.514726 26.028918 0.754887 0.333812 19.244303 3.275473 31.686687
2675497860.559792 22.833751 0.115153 0.199394 6.706926 3.303384 29.899533
5685805943.436610 24.617341 0.349283 0.775452 8.144219 4.296274 39.303859
184720278502.074524 9.479557 0.452725 0.364866 1.445795 4.326370 97.811883
31474200626.065258 26.178285 0.392643 2.604657 8.992222 4.563061 70.820366
608054424.860340 37.933258 0.946391 0.093887 7.279723 4.657798 21.341163
3542412533.522034 46.266808 0.249053 9.080291 1.338073 3.245422 40.989382
1292718954.466155 23.840406 0.222990 0.206542 1.051671 3.720610 23.761540
2140575832.770874 23.703023 0.048274 0.047976 1.508342 4.869866 28.063516
2081917653.363610 27.160793 0.710245 0.066434 2.375528 4.085281 28.962809
1090024019.003028 28.278864 0.402616 0.040966 3.265172 3.366618 23.632704
10034038146.234171 17.212442 0.003647 2.790567 2.811327 3.546305 42.889784
446032003.160414 46.423394 0.561557 0.346557 6.932371 3.061433 20.567577
10139993620.659981 16.779626 0.031676 0.012075 1.974837 4.006187 42.744435
223089632333.511414 7.725719 0.060018 4.798101 12.989111 3.142706 99.872540
7121302243.502545 21.420004 0.627950 0.293331 4.275504 3.889307 40.674428
1362693235.713182 37.107641 0.937183 0.154050 1.676721 3.968524 27.730116
1565957513.675140 42.149117 0.244036 2.146535 6.981680 3.586086 30.275501
2252826997.551064 46.752540 0.654669 0.691661 1.370828 4.381622 35.372139
410506568.155208 44.298843 0.750031 0.027750 1.135214 3.472767 19.697140
1546141956.124254 38.126126 0.419572 0.894727 1.041245 4.509065 29.176485
8570852421.508117 28.916785 0.589226 1.348226 6.281969 3.221718 47.317214
19640779309.553764 23.625143 0.349071 2.173602 4.531403 4.753326 58.694364
7842491200.900266 15.395178 0.623568 0.124457 12.908614 4.649602 38.346635
6670431333.764369 24.694588 0.333598 1.247761 4.684306 3.821041 41.491679
1538727511.575118 22.188475 0.368102 0.126495 1.853702 4.469029 24.657700
2847611673.646953 30.746839 0.576187 0.259623 13.147247 4.923971 33.401044
21071022654.671329 14.106936 0.318330 0.010802 1.005592 3.253823 52.116420
74825979220.767822 10.949497 0.525139 0.320109 9.306934 4.538759 74.750653
1077448467.122139 46.122774 0.302389 1.993945 4.346380 4.869382 27.537152
293502909920.446594 7.409071 0.796633 0.056314 8.212099 3.778421 108.561585
35602172046.450371 14.550521 0.820085 0.130174 4.916580 4.700541 62.568384
3548574572.936609 17.539751 0.461188 0.032232 15.945207 4.331443 30.486638
233026018580.920471 11.451335 0.631354 1.140169 1.492775 3.541886 110.310467
2086866077.872360 24.573799 0.469439 0.045855 1.069204 4.206684 28.125950
25826341130.336132 13.415614 0.926551 0.071950 1.365058 3.413079 55.069614
35895139835.618385 10.528449 0.224380 0.282534 6.801896 4.926821 57.991536
1788878343.058532 28.014058 0.251583 0.137144 9.595589 3.816619 27.795660
1635246528.855014 22.882133 0.725474 0.127859 1.064066 4.735602 25.389823
4790973012.194199 21.933473 0.482215 0.060563 12.266987 4.055873 35.885267
32758114557.037643 11.636094 0.871813 0.105964 1.798321 3.243986 57.575046
14458905928.387253 25.747195 0.424396 1.713490 3.161410 3.097209 54.372588
2955940703.623394 23.569918 0.642453 0.070195 3.236312 3.913613 31.199122
1137648787.795483 29.068332 0.190149 0.030189 4.424300 4.586916 24.175747
8844891252.911335 33.111811 0.553893 1.252186 3.884508 3.310061 49.880194
33109859139.923199 12.878783 0.502421 0.022981 2.938728 4.669397 59.219054
379579434.777760 48.380374 0.720343 0.015136 1.692380 3.665379 19.761936
18279602272.778332 37.398239 0.445884 8.041800 1.663710 4.373858 66.054164
2649961711.771729 26.898163 0.695395 0.325481 14.361794 3.561865 31.295678
15991135443.782906 13.540986 0.423927 0.010413 5.902229 4.233688 47.047043
33876743237.690556 14.039059 0.659509 0.179555 1.166766 4.061525 60.978824
5549754558.970526 31.323232 0.576622 0.897362 1.564089 3.650194 41.963864
8264160583.993059 19.553802 0.124468 0.460461 11.700617 4.496586 41.647543
9294258628.642000 17.559193 0.494235 0.169859 11.795046 3.021711 42.036638
446037090.851226 41.417374 0.656469 0.150810 4.729638 3.660403 19.805709
921975769.598782 42.082737 0.383230 0.231118 6.181358 4.904058 25.361763
506345689.993193 46.627278 0.678409 0.224201 3.176639 3.398149 21.487143
15047214290.710892 14.186594 0.181019 0.736360 3.587615 4.669550 46.650488
3080288500.337677 26.630558 0.195331 0.662797 4.185789 3.315129 32.805912
3040058207.892880 25.900599 0.397507 0.029492 2.595422 4.726731 32.389549
38615197539.446541 13.496824 0.865541 0.128724 4.184814 3.228496 63.066956
740490310.634011 39.387602 0.037256 4.055344 1.156371 3.277534 23.069810
7796755660.667916 14.858608 0.549662 0.013726 10.050139 3.457883 37.918921
72880112374.026459 8.718456 0.612740 0.018960 4.910199 3.671298 70.475584
1798722545.675940 33.136342 0.696580 0.515416 13.136332 4.517230 29.339562
5520261575.855847 28.521478 0.790759 0.601588 3.079035 3.623767 40.690486
4787608823.128806 22.519598 0.355540 0.148688 3.556841 4.655468 36.153025
1513510574.393825 29.492835 0.963251 0.013617 3.301178 4.712014 26.708479
584941775.179936 36.618344 0.515940 0.067101 4.160723 3.501552 20.828972
10728612270.711378 26.318452 0.774939 0.779846 1.736666 3.795117 49.551239
2111212891.425530 42.864528 0.832621 0.608426 3.622894 4.293495 33.631714
509102833.072336 40.106266 0.684384 0.018718 6.327247 3.760081 20.481646
3190421655.481140 28.781220 0.176853 1.671229 6.005838 4.907928 33.988534
14099187314.956823 48.405495 0.605929 4.284095 16.796687 3.807567 65.948100
8446993198.600319 38.762920 0.387800 9.017277 4.077789 4.072754 51.663291
2140188870.285473 30.044561 0.876454 0.311216 1.793884 4.673116 30.150693
14740207136.654467 14.634330 0.706349 0.115595 18.709684 4.583106 46.702623
578132829.129560 47.153013 0.629217 0.114856 16.685353 4.796402 22.542349
3058145287.176190 25.568253 0.080882 3.787849 12.439748 3.435867 32.327915
5494310293.864143 39.245550 0.315678 4.936956 18.686826 3.120223 44.943291
42146417771.094994 9.575191 0.163389 0.231069 6.763018 4.016568 59.899231
50613066002.341484 12.172046 0.373362 0.271189 4.338665 4.082466 67.282754
820261497.750764 45.461515 0.674367 0.288565 1.955038 3.359400 25.023574
9041935523.906996 33.510610 0.351294 6.429972 1.994081 3.119337 50.438482
3343744677.915449 44.651732 0.527135 1.962093 10.939788 3.650710 39.735927
2479600460.472503 25.572984 0.335461 0.211880 3.441266 3.402684 30.146925
1546242784.945309 31.377480 0.207981 0.410796 8.077877 4.815874 27.422800
815881048.731511 39.205378 0.115995 4.731866 17.050992 3.884331 23.791663
24818594324.986771 10.940087 0.854396 0.131431 4.738685 3.849275 51.733291
6910428153.041903 25.798318 0.176678 6.608650 7.893270 4.331197 42.536545
7995887870.531696 19.709359 0.897647 0.259503 4.074824 3.662355 41.284021
1395969840.364053 31.459252 0.349008 0.225231 1.351893 4.976333 26.525580
162370007039.686401 23.807662 0.534641 4.971329 4.835621 3.749860 118.950270
22484226151.690517 11.658872 0.607225 0.032943 4.333116 3.428275 50.810776
1936863331.500356 24.633703 0.841498 0.024315 1.539296 4.162054 27.455124
1901742762.574792 34.352824 0.456849 0.194290 10.320184 3.219248 30.232849
425407902.887337 45.345587 0.597388 0.065000 1.324654 3.548221 20.087766
4504375169.485757 19.817826 0.011087 0.036635 1.103625 4.509772 34.148970
4622589055.052715 26.037729 0.999065 0.351205 15.580055 4.249803 37.304686
1341379256.705813 45.475927 0.903026 0.405294 1.622504 3.463180 29.484576
2475377433.325102 25.616711 0.852383 0.223436 2.992738 3.635347 30.145259
1538253967.396383 26.310738 0.129972 0.536361 17.273031 3.169550 25.932491
4556809353.879115 23.833684 0.780057 0.216067 2.491580 3.596549 36.159630
7545112129.141895 19.422929 0.996081 0.094840 3.098467 4.707762 40.326567
2233305564.679918 46.409035 0.921260 0.633357 1.808309 3.453979 35.182957
3385202037.349619 48.653860 0.401084 2.174881 1.158944 3.246382 41.059351
32858204468.886806 27.561767 0.394694 7.009374 13.472838 4.882834 72.974659
10951168428.324213 16.547269 0.052733 0.045246 8.175686 4.351264 43.690820
1985196907.592169 38.507608 0.931366 0.381385 5.268704 4.846667 31.814003
536951083.415455 37.836684 0.839062 0.048608 4.376943 4.091213 20.457736
4694889994.937027 43.906589 0.285998 7.020687 1.054154 3.449525 44.247888
1933497314.340369 27.154489 0.709532 0.147203 2.729826 4.684169 28.255524
937927933.431539 29.066491 0.564627 0.023630 1.092166 4.715978 22.668625
1921485242.319914 37.148690 0.492404 0.597056 3.431349 4.208110 31.106613
752176096.592754 48.866006 0.555682 0.514966 8.646368 4.639748 24.905308
49957940697.410751 26.082022 0.665354 2.178113 2.526349 3.782873 82.519948
30559612659.649879 21.280227 0.365496 3.437616 12.427799 4.153953 65.972899
52464781695.662430 9.122951 0.910838 0.065125 1.302436 3.737008 63.767486
1261947970.501221 37.216348 0.163118 0.303991 6.236105 3.811452 27.054670
977251229.400009 40.504274 0.280944 0.352844 3.122692 4.935415 25.536751
2204109588.333373 40.584415 0.807948 0.304842 5.349599 3.812087 33.511092
1452882936.372841 31.326133 0.503679 0.132157 4.565360 3.395757 26.845634
630381004.756642 43.448881 0.274558 0.809016 2.254380 4.587278 22.579463
11444235193.898121 16.354897 0.059243 0.040812 4.032670 4.019262 44.198111
4357369748.559967 25.601095 0.145562 3.727566 1.464420 3.482269 36.391545
213567821507.288971 6.104584 0.805153 0.055652 1.606208 3.835055 94.352408
3398507926.636639 26.313375 0.686305 0.378588 3.303648 4.386803 33.776200
74115934814.250122 11.728587 0.116782 2.130219 5.321296 4.212030 75.726881
6118415380.794011 44.433972 0.381913 7.069796 5.896290 4.818107 48.523024
2357134448.566791 20.907310 0.387974 0.011181 6.340523 4.831924 27.940887
245406303062.167816 6.715362 0.051704 0.118315 9.806350 4.481406 100.450211
2142468269.072241 28.107584 0.576398 0.263683 5.541970 4.051083 29.548213
269185716683.690521 7.233221 0.591338 0.328102 1.883722 4.478224 105.002348
3451585066.808378 45.488207 0.586943 2.114874 7.022518 3.940895 40.406964
1542258124.748392 35.282185 0.496630 0.109224 8.285737 3.766173 28.434292
573786595.699670 37.314465 0.166565 0.083740 5.286958 4.525028 20.821591
11500286965.164225 13.523438 0.435271 0.020246 7.949346 3.922558 42.137340
157806823346.017365 7.350075 0.384705 0.366310 12.652800 4.758070 88.143972
241909591885.212219 11.625180 0.942832 0.528491 3.960178 3.496760 112.093961
13814868876.524754 15.867927 0.835789 0.012482 19.738992 3.691564 46.683021
2371286823.032088 22.708140 0.061480 4.850463 2.698481 4.956670 28.674133
5576779694.876173 27.942254 0.347498 0.939448 2.236813 3.717506 40.572984
158708445292.398499 7.121654 0.541195 0.073079 14.075841 4.302136 87.793965
1946617703.389613 22.021674 0.156333 0.149079 2.551461 4.164312 26.609737
2014694497.802641 27.428508 0.755785 0.049889 13.668739 3.819742 28.733309
13022453018.654867 14.398724 0.597152 0.098303 4.804868 4.423031 44.625972
64809891397.987015 25.904813 0.574953 3.895231 7.950668 3.601492 89.814398
3661111865.949833 21.178276 0.008579 0.054874 1.260430 3.231260 32.477873
34555387241.671661 13.783010 0.265172 1.914185 5.398929 4.047796 61.096996
54916013687.050987 42.801136 0.672145 7.161646 3.042317 4.103802 99.600021
18090347148.277515 13.996847 0.014866 0.013654 6.378790 3.089575 49.434222
598105602.113716 36.808511 0.818243 0.011342 1.133773 3.441934 21.019051
36791729385.249519 21.745954 0.425960 1.640792 17.416248 4.827287 70.622864
925948385.779413 27.300854 0.213237 0.058585 2.156872 4.494433 22.142565
955397532.993264 34.376390 0.536145 0.043690 5.636227 3.276320 24.039083
3101489025.232864 20.060166 0.133459 1.119622 3.844285 3.923145 30.258682
4887156776.072646 41.568483 0.474217 3.001408 16.834069 3.182647 44.042406
1624837245.102302 39.165216 0.515711 0.412935 16.523289 4.400206 29.923182
25671196717.411163 11.829235 0.170901 0.034977 1.699575 3.313757 53.290226
8744043811.281244 44.030496 0.635487 1.960935 19.084842 4.114018 54.491228
5869952448.957541 13.723527 0.557425 0.067575 3.197063 3.226562 33.800066
2816943330.088108 39.048625 0.376060 1.217505 8.250308 3.807381 35.912285
18276510192.035950 15.139427 0.264832 0.013337 1.313723 3.111162 50.617509
264937602476.227386 5.966701 0.540368 0.029568 5.166764 3.722496 101.003091
9711141087.977041 22.649258 0.334167 1.085306 4.555839 3.858802 45.841229
10873931606.311865 43.664627 0.551096 3.727407 3.450059 4.173234 58.436710
16187892632.532711 31.170883 0.785132 1.145330 5.191044 4.839158 59.866773
116380486942.818832 9.011277 0.286539 0.019461 1.098026 4.637091 82.947338
3201830640.114170 23.011779 0.099393 0.020036 11.824794 3.162199 31.816342
5467476705.159657 16.164561 0.246233 0.071144 5.153855 4.881938 34.443866
3533347833.380014 40.502400 0.576837 1.113430 2.195117 3.745729 39.193959
49616412447.930260 11.638769 0.438543 0.422572 1.740110 4.286334 66.124159
5966911451.739612 21.174681 0.862519 0.156672 5.456550 3.594126 38.218936
3715422171.264703 17.193606 0.165002 0.164944 3.181708 3.137834 30.789463
990234989.903043 41.684770 0.094537 5.284032 1.932010 3.521979 25.891861
43086626564.583611 17.762632 0.837792 0.517289 1.066431 3.770413 70.313771
13292656836.275448 15.945173 0.448834 0.121884 1.007472 3.897722 46.146676
1564904903.237206 25.345586 0.261196 0.013941 5.378877 4.223783 25.789828
837519255.130882 31.653512 0.341539 0.211648 12.181664 3.160808 22.415148
88524113609.607697 12.969951 0.723194 0.512866 1.046035 4.984854 82.335577
6790126002.624778 18.821268 0.169663 0.270963 9.868907 3.287279 38.592570
59279188825.118042 15.046146 0.213864 3.083420 3.783784 3.850054 74.805994
1615280561.014651 27.611937 0.753952 0.057471 11.281045 4.850569 26.747366
2307879999.892439 31.438863 0.580090 0.202715 7.599367 4.853613 31.358541
2399250071.537995 33.058736 0.134936 5.575360 4.174672 4.950218 32.272734
272167968838.696259 8.314024 0.018758 0.013231 1.039834 4.712240 108.280514
42975961375.657356 14.203026 0.183856 2.539029 4.078762 3.150499 66.207616
86797113893.294434 24.350824 0.567327 4.029381 4.870715 3.871265 97.185312
7241194733.256415 26.310387 0.758814 0.567233 1.139028 3.860649 43.461350
135418052267.843369 6.590125 0.831665 0.051926 5.003611 3.390942 82.118957
2880902446.948801 43.918778 0.328253 1.710173 3.285971 4.234847 37.603951
741536015.869665 40.814952 0.903227 0.208074 8.131547 4.369276 23.350322
7730555683.363984 20.765008 0.093316 0.035045 3.099120 4.432755 41.431762
5093878276.575337 17.259645 0.466835 0.036362 12.660372 4.487095 34.240087
822381713.118697 31.855298 0.252197 0.032718 1.248619 4.898267 22.323706
652190107.895599 30.396023 0.881861 0.018421 4.119263 4.531800 20.362917
1891939203.566532 25.137716 0.510010 0.058196 1.088704 4.534472 27.406333
12636263000.761965 14.383557 0.502428 0.010812 11.234905 3.429806 44.168436
1187649554.214982 34.476524 0.473994 0.046993 1.023872 3.297261 25.871470
1233462022.318552 33.038671 0.058275 5.640393 2.048665 3.324029 25.848534
4369812971.164361 20.878674 0.967341 0.017157 2.913124 3.650587 34.310670
1005618289.270510 40.984520 0.138823 4.539037 1.260143 3.418311 25.881090
172921912043.400787 7.513189 0.945653 0.023109 1.003990 4.049899 91.251378
24818594324.986771 10.940087 0.854396 0.131431 4.738685 3.849275 51.733291
21707130922.648991 13.086190 0.073415 0.019673 18.509558 3.794360 51.649092
1544333855.096931 25.533052 0.451670 0.155971 13.399564 3.510849 25.733122
2589465297.745311 36.758838 0.779616 0.626128 1.977080 4.446162 34.242739
1019041787.715343 34.148245 0.845708 0.082613 13.905215 3.565146 24.509516
3051854529.051261 30.319541 0.283436 0.697519 14.601416 4.610123 34.032701
1855743973.031465 26.997467 0.765338 0.052387 5.234951 3.881475 27.822509
1640507555.269410 32.420322 0.095067 1.136275 19.341463 4.171051 28.257487
182459318549.308411 8.682448 0.658490 0.097197 4.786858 4.011502 95.613237
790216803.315306 38.110775 0.556657 0.037921 5.994138 3.365442 23.324302
625439075.179328 39.323151 0.482378 0.054537 1.786269 3.629831 21.795550
27896390878.025730 13.688295 0.877680 0.131848 1.704488 4.838466 56.790180
2766079197.466901 37.836304 0.919172 0.289744 4.506871 4.779743 35.331829
5287786134.055988 46.742630 0.689926 1.178561 1.849834 3.106014 47.005201
6320480782.201634 20.351328 0.331513 0.034353 6.745643 3.347502 38.520078
212099826019.484406 8.111098 0.552713 0.273522 6.018874 4.881554 99.150285
107780611795.169250 8.913851 0.066477 4.542413 3.837993 3.183459 80.666673
7557726142.626943 14.872127 0.138811 0.036933 1.291727 4.491469 37.536258
12147858322.570560 33.982878 0.861452 1.124672 13.400339 3.278743 55.902935
555243934.178716 35.568227 0.605344 0.216044 5.876312 3.599955 20.280206
81254815843.208282 8.531359 0.154554 0.015809 3.473989 4.671460 72.751068
76315695205.694305 9.429506 0.417041 0.049269 1.988049 4.851138 72.765721
6779655635.441193 15.172986 0.003899 0.063908 2.481986 3.445900 36.390688
657018951.720361 39.510691 0.612996 0.125473 5.450266 3.374646 22.190711
2997180437.893695 31.866270 0.491346 0.633280 1.230419 3.274583 34.357880
11509668227.434835 20.156077 0.447203 0.911149 1.597849 4.398431 46.910319
1809741809.964242 27.200171 0.788781 0.080576 1.824964 4.158541 27.653474
13023659541.419033 20.603615 0.142667 3.955157 1.685206 4.507127 49.189543
1441836990.979146 32.211593 0.509898 0.159836 16.516372 4.634591 27.012449
388631109.655855 45.692354 0.727308 0.052922 8.402446 3.068279 19.540831
1822248164.418434 45.807400 0.223806 4.507534 1.946666 4.882838 32.733814
1309326658.089090 49.057695 0.324310 0.960504 9.292493 3.830504 29.998972
57830842036.731529 21.555066 0.435530 5.329094 14.214793 3.962088 81.904687
2111371337.375795 28.342023 0.234516 0.999543 2.319403 3.238327 29.479492
6292155628.869753 40.819898 0.633742 2.192231 3.318022 3.148977 47.628383
3169476390.611933 19.895588 0.406423 0.097268 1.522255 3.436337 30.407175
1518336106.847351 33.881130 0.754399 0.247338 1.029396 3.835163 27.923991
710905580.615058 41.788370 0.819053 0.203082 2.622248 4.396704 23.202875
9526504231.872183 22.026067 0.275069 1.056509 1.437791 4.178049 45.180394
24039678368.570591 14.653026 0.117989 1.157189 1.296282 3.776262 54.991168
990353394.095658 26.786850 0.388641 0.018576 1.113282 3.018861 22.514122
8229321909.696041 20.451328 0.510834 0.296905 2.103760 3.916915 42.120917
27921605267.773880 14.131440 0.870852 0.186580 3.919214 4.819608 57.268869
6119810289.811440 18.617292 0.792540 0.018624 5.369041 4.166367 37.165510
2184893742.332862 43.470148 0.776762 0.650598 3.763743 4.224733 34.176393
84416053596.033813 11.057202 0.202150 1.054813 5.506241 3.273381 77.993663
16456448051.866907 14.176130 0.170945 0.014342 1.005434 4.574297 48.054521
19428952343.144779 13.676200 0.504681 0.052615 4.672990 4.236965 50.328047
1145490653.885664 32.459953 0.496868 0.394011 4.943584 4.177053 25.078696
836387021.957320 37.745945 0.899592 0.037127 1.510378 3.931777 23.696166
2172930940.684749 34.050285 0.767747 0.253525 4.277902 4.749739 31.517845
5092253185.449782 20.605314 0.171967 0.055282 1.035321 3.024394 35.970129
1100392170.414562 27.277626 0.495363 0.014658 1.068866 4.014046 23.447812
2154741724.107487 46.400494 0.646595 0.728653 1.008328 4.621054 34.763329
1646689638.641033 30.829715 0.232068 0.090513 2.257514 3.360117 27.850611
5172869839.134736 37.144966 0.359441 1.971313 4.050495 3.476230 43.271658
2761297831.327923 21.608053 0.547819 0.047844 9.072419 4.253107 29.734993
66019685472.878639 6.463178 0.963626 0.033853 5.846031 3.535311 64.413551
6133546625.193487 36.810923 0.358870 2.301900 2.739799 4.990629 45.666760
506931008.205395 43.847973 0.168918 0.026050 1.922305 3.408429 21.060809
13636296224.633097 39.874286 0.553252 5.426684 1.776092 3.462880 61.165534
2185395069.290936 31.547720 0.832527 0.284287 3.343540 4.458773 30.827002
2620842796.307822 28.319183 0.957683 0.043238 7.185454 3.861057 31.674134
8854821968.171406 35.885372 0.509996 2.826049 4.013843 3.242185 51.192376
781596412.627092 27.454887 0.837201 0.017491 3.043012 3.722587 20.962220
9384194765.876593 21.195128 0.201169 3.709782 12.185237 3.528216 44.457823
367370206.321045 43.173629 0.827469 0.035322 6.430393 3.200131 18.820699
180966044339.065796 6.889227 0.080133 0.019555 6.169159 3.812590 91.166968
5284743019.214685 18.594617 0.213989 0.151611 4.841798 3.381337 35.379771
2170814482.879961 25.624909 0.265077 0.016031 1.227663 4.532374 28.857222
15732276967.754566 13.279851 0.147529 0.062314 5.008897 4.543674 46.563872
157837602859.242218 11.876753 0.789964 0.376303 1.069142 3.990511 97.720512
6692715405.259706 26.187875 0.391114 1.488425 1.672432 4.634195 42.275496
1242834418.206029 35.850964 0.358093 0.536184 14.834627 4.156823 26.595998
1591358345.195326 46.843834 0.723198 0.717383 1.124231 4.528888 31.522769
30551365010.377151 12.221315 0.183171 0.020253 2.020269 3.217831 56.918187
1726921484.922342 37.450553 0.129355 8.928303 6.495075 4.550575 30.097565
3400980417.065335 20.452080 0.956992 0.013208 4.164747 4.104393 31.374903
113221767136.528488 8.253314 0.098008 0.178648 1.342903 4.041164 80.712027
862345620.416511 43.716725 0.456339 0.233884 1.803914 3.389957 25.116276
1481613151.408828 28.788625 0.525864 0.013538 1.043045 4.387899 26.322616
2590436776.244802 22.949229 0.009020 1.809413 4.071761 3.197000 29.622976
3348017020.420836 23.338681 0.362647 0.076351 9.294496 3.836871 32.427407
22069587831.788799 28.206745 0.529860 2.334349 11.710237 3.094077 64.361516
17960086033.097828 38.066821 0.682217 3.339733 3.191685 3.208357 66.044075
892335589.024763 30.677271 0.715046 0.039493 2.868602 4.370357 22.670933
2471208828.036001 45.611641 0.442164 0.992799 1.414244 3.407608 36.180793
6350899007.096917 27.775216 0.835645 0.720531 2.979890 3.558844 42.292015
70550652446.147247 8.467350 0.527241 0.102019 13.077315 3.790786 69.297852
1267917315.715497 43.373408 0.730017 0.532516 1.277753 4.174004 28.485692
4559768784.219795 28.416357 0.380482 1.430857 1.762992 3.326381 38.135404
69265039340.949814 16.840059 0.222414 9.831704 1.144490 3.173320 81.182011
4056419267.406180 31.457115 0.157329 8.556793 10.736588 4.062595 37.851049
3121348187.947699 36.807614 0.597467 1.133696 6.645796 4.504407 36.458418
893988759.536582 34.702603 0.342420 0.017729 1.065167 3.198687 23.583380
9293636971.665146 16.961435 0.058033 3.164622 3.984986 4.739528 41.641549
19351033255.852306 28.737370 0.552335 2.236285 11.556597 3.244004 61.955630
514352631.070521 45.073391 0.217768 0.176081 4.766889 4.584542 21.357368
59836713040.613495 10.015819 0.957124 0.021296 1.082406 3.246056 67.992448
40603331277.021889 14.642964 0.425162 0.644417 1.718029 3.327200 65.477713
3161975990.830203 21.135446 0.620088 0.044299 1.080258 3.803046 30.911270
561343980.074283 48.999497 0.784366 0.181425 9.191013 3.400577 22.611361
196504890186.164551 6.408246 0.144314 0.071742 5.182451 3.919797 92.521116
2799321422.831852 26.657857 0.239888 1.251918 1.067452 4.949084 31.786349
3628647684.922139 29.791335 0.859162 0.201876 2.614251 3.682895 35.858226
1906810932.748612 23.818999 0.099331 0.070919 18.606829 4.425590 27.041273
20095573989.641663 11.398966 0.015667 0.017154 14.587362 4.879590 48.683222
2261226774.166856 25.036720 0.817282 0.022062 1.374411 4.238220 29.049629
698217720.013634 45.107952 0.040569 0.080991 4.875873 4.985432 23.653839
1773072186.078141 22.311473 0.168554 0.591292 17.235539 4.268439 25.892404
951344739.792553 33.785312 0.536086 0.108855 12.445238 3.056805 23.873208
1744558745.039406 34.357218 0.094795 2.929848 1.562493 3.302471 29.377039
14386056329.749981 32.448306 0.702010 1.789200 2.619323 4.045265 58.287124
7538069147.993219 23.102313 0.217066 2.202475 9.134833 3.365854 42.374473
13988823077.142067 20.543711 0.152102 6.486240 1.956638 3.170835 50.333996
64355702116.966530 10.342396 0.895058 0.193810 1.493251 3.555126 70.165800
787962993.950521 34.109900 0.439397 0.306738 1.460349 3.872079 22.488011
3619424236.629511 35.494422 0.183670 3.547757 9.276248 4.053314 37.858993
1326229478.971130 47.431332 0.268306 1.174976 8.348860 3.722605 29.788677
3371764806.335814 17.878343 0.575996 0.039752 1.178094 4.170715 30.129096
1628667648.419661 31.606698 0.901079 0.052057 14.071384 3.606791 27.965299
22370821793.410419 14.316643 0.880535 0.121088 2.076086 4.940781 53.367870
35617797221.620834 12.596117 0.314597 0.766740 2.241208 3.706345 60.347548
3796106953.079152 21.939222 0.040322 1.456405 18.368253 4.323806 33.208868
147549499303.834839 8.432834 0.659773 0.030315 1.000412 4.509052 88.546142
44035824945.397430 9.468181 0.295108 0.018356 4.292624 3.698964 60.633006
1302694175.120617 27.223034 0.601760 0.012723 1.039312 4.793441 24.789587
3394070905.195381 32.802674 0.444517 0.336271 5.668180 3.933262 36.139752
12087496465.988241 14.598919 0.382501 0.015042 6.222687 4.347134 43.686482
2098156112.771428 44.944451 0.444604 1.913066 1.227856 4.762594 34.092600
15991135443.782906 13.540986 0.423927 0.010413 5.902229 4.233688 47.047043
19243280065.690666 12.904091 0.365309 0.077976 2.295655 4.286191 49.443910
1982627714.227926 36.619847 0.295997 0.836640 7.667981 4.903076 31.288380
674044100.449902 36.112526 0.292588 0.052170 1.944819 4.626408 21.739685
1963479019.846131 32.691268 0.314437 0.060550 1.066076 3.609823 30.080692
927788451.781548 40.176569 0.433273 0.105760 15.209860 4.663648 25.031925
1671876741.779705 28.725323 0.378208 0.177069 2.086613 4.465621 27.385761
529650715.166000 38.769987 0.617142 0.020036 2.411734 4.862365 20.525964
43266204225.204460 8.676808 0.069439 0.017721 2.882446 3.450099 59.172572
602016280.858542 40.334324 0.413837 0.061659 4.955608 3.511557 21.698833
7875852128.115939 25.890271 0.429263 1.300861 1.515201 4.281679 44.479304
5829878832.126581 48.363188 0.700384 1.314260 8.571657 4.997613 49.116791
1474536794.526801 30.402855 0.443811 0.012936 1.180567 4.435998 26.727857
6523788704.370782 17.333513 0.155149 0.024686 1.365274 4.009018 37.226893
1359581887.223889 26.271359 0.525491 0.137736 3.439916 4.194431 24.875601
4959326235.958081 22.360999 0.870522 0.235679 2.300206 3.774273 36.504925
3335677173.137855 45.299991 0.933078 0.698770 10.243599 3.240749 39.894455
14098761731.530516 17.083338 0.571574 0.015639 4.254098 3.210646 47.940351
42710155430.757645 10.779877 0.999234 0.082896 2.711147 3.891413 61.783982
2151907371.633654 30.371551 0.931260 0.174602 2.158432 4.063976 30.307331
1526823529.327898 28.229792 0.672096 0.110925 1.931361 3.554139 26.428133
1450034489.818681 27.390483 0.409826 0.031283 7.005486 3.392543 25.739009
6878980368.736162 30.334590 0.357492 1.691588 1.398591 3.231409 44.628965
1530609844.332409 27.986450 0.634069 0.107536 13.026063 4.563830 26.379945
8487026252.273232 27.851836 0.590738 1.208932 15.688547 4.226600 46.622691
22255715013.977627 25.298412 0.356110 3.233971 1.218357 4.601900 62.448780
23558434986.602558 12.475531 0.146682 0.048571 3.627306 4.382276 52.456284
57044179860.640038 15.282301 0.386615 1.074544 1.571655 4.832050 74.155103
12430131884.663496 18.723812 0.551225 0.159514 1.096822 4.946114 47.142044
9030859586.360304 18.380637 0.141449 0.017434 13.336408 4.773900 42.162785
409960201.295122 47.553731 0.777592 0.046292 7.487541 3.414911 20.158903
6607517441.019240 18.809120 0.732763 0.011414 1.170085 4.113541 38.236582
807428725.922420 39.249449 0.098422 1.730101 2.411840 3.362929 23.717882
2594586718.704494 24.453193 0.943982 0.168688 8.513423 3.813654 30.199256
5430459369.597013 17.222211 0.008910 0.065412 2.718674 3.416092 34.957560
18774630008.123951 19.866003 0.248032 4.325156 2.717670 3.631317 54.994754
5950366305.379357 26.081437 0.767364 0.453959 6.659153 3.796123 40.600907
7343220148.716238 23.195592 0.723868 0.262337 19.577834 4.744422 42.055893
761355644.637837 33.850221 0.790324 0.086044 9.228370 3.372711 22.178133
509497328.400898 36.835516 0.576810 0.020613 4.362002 4.896431 19.929831
3297507663.510093 18.260126 0.032646 1.454602 1.401337 3.389983 30.080926
11516947605.720539 13.802367 0.011545 0.386548 3.903541 4.698699 42.375492
1668442695.348138 32.924349 0.567443 0.412228 2.536398 3.998198 28.555463
4283338942.172254 39.731224 0.423706 2.524896 1.656979 3.373548 41.529817
106765760427.035202 12.693336 0.530231 0.829899 1.610959 3.214694 87.176761
19397387222.886696 15.676530 0.030402 0.018516 1.334232 3.318996 52.106983
3165213169.303078 18.522734 0.581541 0.104142 1.549292 4.447727 29.790721
191386592664.320587 11.588544 0.749554 0.595864 1.190205 4.646648 103.596007
2670265311.423331 32.632272 0.382876 0.288593 9.256229 3.183943 33.308112
1826165836.460516 35.184354 0.356050 0.531864 1.952791 3.036296 30.055110
598419655.056104 38.376153 0.710259 0.101598 4.903392 3.320608 21.307758
29682362114.546844 13.362859 0.200341 0.776708 1.726889 4.483002 57.627313
1232934186.119746 31.208403 0.091310 0.067898 5.799577 4.742657 25.386273
32240723699.347874 12.184041 0.823204 0.060955 13.388757 3.428785 57.905696
36676874149.402878 13.463388 0.743741 0.163372 16.877962 3.801921 61.954939
134117144132.633316 10.717275 0.767199 0.326556 1.951007 3.735868 90.353649
2418498474.141739 24.169496 0.503125 0.310567 1.916421 4.624093 29.397989
612594491.983392 31.107743 0.629237 0.017382 1.646641 3.909575 20.086537
1012457209.764015 32.661771 0.770284 0.046681 1.178692 3.700275 24.114657
435945757.311629 44.536083 0.588236 0.066245 1.322830 3.581083 20.131504
281834960172.314148 6.870314 0.107101 0.215735 1.768363 4.445646 105.622188
1575263973.239308 28.920981 0.404064 0.300622 1.044578 4.502172 26.903886
9350696114.946247 27.776777 0.544153 0.745866 8.069753 4.315702 48.113698
11749383791.199060 34.186719 0.353899 4.637168 2.285420 4.066969 55.389969
1487175690.623457 24.808978 0.499074 0.124992 2.080970 4.437251 25.193897
2482989239.844315 23.184483 0.492809 0.098658 8.736742 3.572004 29.295114
4614637754.351581 21.850827 0.976703 0.017217 5.913487 4.143723 35.400752
13547760453.015587 14.203802 0.095869 0.919977 3.626239 4.515067 45.060360
66311994864.770981 9.622244 0.552428 0.216765 1.331346 3.061404 69.742285
191121622354.554779 7.643483 0.058502 0.238269 2.230301 4.331580 94.658054
2829819215.982127 25.834030 0.834584 0.022670 2.427388 4.842899 31.600515
5841416352.898743 45.336863 0.529066 2.697143 1.887606 3.178073 48.099593
2208938645.732919 27.015064 0.515396 0.182356 13.050425 4.076434 29.491991
13626830689.023258 22.463325 0.301723 1.720693 2.328869 4.935095 51.198025
1209315062.281346 39.238477 0.468490 0.218619 2.199845 4.800983 27.134064
22207820206.889915 15.187511 0.227719 0.970265 2.717002 4.516230 54.058631
1371743739.356045 26.787961 0.651982 0.030928 2.984709 3.612333 25.096977
490519780.390315 45.727024 0.428925 0.319123 1.028722 3.217497 21.123165
3261088391.809225 26.753475 0.515595 0.175259 1.920864 3.423153 33.482280
34998031464.811378 9.950332 0.663795 0.012487 1.672399 3.363367 56.778785
990047525.822067 43.598851 0.964688 0.235342 15.150086 3.530682 26.275992
5495573314.081412 15.449371 0.754087 0.012995 5.515383 3.792652 34.091654
519250695.036512 48.843546 0.401826 0.355372 2.749566 4.515392 22.007836
1543991630.275422 28.826848 0.851275 0.012524 18.606861 3.424075 26.697855
22617721715.410797 18.248303 0.524386 0.873771 3.642903 4.352468 57.143628
30554558024.444923 13.004000 0.397811 0.196178 1.021517 3.165749 57.792909
19987775641.561264 14.232054 0.956252 0.016559 1.662237 3.050303 51.323292
18724990705.163704 14.666849 0.935412 0.372057 5.850515 4.650966 50.609240
126986911139.460358 13.900354 0.273901 4.099742 16.238375 3.525760 94.486086
3185812737.230711 47.471988 0.605715 1.114277 1.153686 4.573061 39.906436
2244671031.964414 24.186168 0.110709 0.019695 1.508879 4.324123 28.681953
5365303491.869245 20.236674 0.582007 0.137176 2.824731 3.286611 36.414219
1455483051.068500 29.201324 0.208996 0.202676 9.126979 3.816430 26.281947
99824007149.503937 9.871075 0.826304 0.049015 1.785861 3.478088 80.379852
7459330343.874451 18.602653 0.912423 0.016978 19.636507 4.006084 39.691648
1553315731.349784 29.067351 0.977235 0.011764 3.464028 4.753665 26.820029
18452620283.745388 24.521234 0.324273 4.132552 17.219933 4.633283 58.123490
229949226756.755280 20.865258 0.651586 7.373785 2.018211 4.820558 128.550067
10677336131.057117 27.571317 0.915214 0.790859 15.435686 3.168699 50.175416
244045253.106028 49.018834 0.946552 0.015236 18.820960 4.096412 17.131606
923733798.586463 33.815353 0.963910 0.051028 1.435143 3.791826 23.646642
7311880037.069385 15.853296 0.223613 0.174404 2.691198 4.995364 37.752595
211744392660.568573 5.793067 0.059092 0.074309 8.050592 4.097664 93.290987
2584335883.717456 18.301860 0.274617 0.081432 10.168868 4.314898 27.751494
1363012922.590245 30.316908 0.111984 0.074284 5.245240 4.724176 26.013378
1606484272.535974 33.485947 0.657527 0.032101 11.518717 3.476770 28.348656
336270575.171440 49.398307 0.790857 0.068958 3.334848 3.584250 19.113093
33030190475.170502 13.137617 0.196675 0.040712 4.523232 3.596224 59.464248
15784671263.254671 12.930520 0.691734 0.012673 13.201093 3.545733 46.307511
705045308.198965 37.716644 0.740546 0.048129 7.072826 3.684780 22.378915
36838271353.928047 15.244995 0.387415 0.622273 4.475856 4.512870 64.055866
915965505.358209 38.432391 0.176450 1.965226 10.195783 4.359489 24.567912
6082054389.662101 37.759383 0.315156 6.232585 14.566776 3.100220 45.913708
382990000.502824 37.900994 0.050310 0.590378 13.457135 3.134267 18.288591
2049387258.533925 24.204548 0.485212 0.038722 1.044280 4.200048 27.831097
2376225212.181847 38.782979 0.307760 4.526843 1.560569 3.645245 33.857130
13677757349.823925 18.309733 0.050588 0.960187 17.744445 4.679288 48.368210
2020411365.045934 20.523594 0.303038 0.057744 3.161625 4.662257 26.401360
6410632815.945701 22.716058 0.047617 2.408654 1.822064 3.460162 39.949084
1867196516.230835 39.923509 0.820708 0.539365 12.788371 4.568179 31.538860
388794242.994772 46.489287 0.144827 0.049003 3.698169 4.558798 19.656519
719986398.087549 32.343745 0.380438 0.091319 2.812714 4.310892 21.458157
18032809110.916168 26.371252 0.624937 1.272792 15.675178 3.378365 58.950941
3535701386.677238 44.749824 0.560186 2.029659 1.696557 4.804487 40.511692
7985307952.026787 24.160088 0.297619 2.056935 1.361106 3.154303 43.770629
