75.999445
75.999541
75.999972
76.000652
76.000004
75.999995
76.000036
75.999263
76.000177
75.999931
75.999916
75.999555
75.999581
75.999905
76.000345
76.000323
76.000592
76.000050
76.000180
75.999403
75.999421
75.999880
76.000697
76.000118
75.999827
75.999978
75.999572
75.999879
76.000571
75.999737
75.999353
76.000153
76.000339
75.999332
75.999757
76.000123
76.000280
76.000505
76.000701
75.999603
76.000743
76.000741
76.000157
76.000394
76.000653
76.000069
76.000410
75.999831
76.000572
76.000293
75.999965
76.000426
75.999816
75.999832
75.999958
75.999475
75.999617
76.000139
76.000387
75.999639
76.000437
75.999305
76.000020
75.999851
75.999407
75.999790
76.000009
76.000254
75.999597
75.999753
76.000732
76.000687
75.999256
75.999311
76.000173
75.999595
76.000760
76.000153
75.999295
76.000360
76.000311
75.999291
76.000201
76.000611
76.000697
75.999785
75.999698
75.999532
75.999374
75.999622
75.999456
76.000024
75.999302
75.999944
76.000591
76.000070
75.999478
75.999930
76.000610
75.999402
76.000492
76.000259
76.000574
75.999837
75.999937
75.999336
76.000732
76.000324
75.999847
76.000604
75.999282
76.000732
75.999403
76.000379
75.999371
76.000450
75.999708
76.000060
76.000538
76.000682
76.000346
75.999640
76.000469
76.000723
76.000328
76.000009
76.000441
76.000273
75.999883
76.000237
75.999909
76.000636
75.999716
75.999854
76.000616
76.000019
75.999780
76.000442
75.999870
75.999564
76.000645
75.999930
75.999951
75.999847
75.999262
76.000453
76.000426
76.000049
76.000256
75.999768
75.999699
76.000545
76.000270
76.000179
76.000418
75.999957
76.000628
75.999946
75.999691
75.999333
75.999838
76.000319
75.999437
75.999361
76.000040
75.999615
76.000197
75.999649
76.000122
75.999298
75.999921
76.000502
76.000221
75.999247
75.999424
76.000514
75.999499
75.999394
76.000500
76.000352
75.999303
76.000184
75.999865
76.000288
75.999335
75.999713
75.999767
76.000399
76.000074
76.000085
75.999801
76.000694
76.000228
76.000163
75.999788
75.999439
75.999336
75.999892
76.000085
76.000420
76.000607
75.999854
75.999722
76.000071
75.999704
76.000558
76.000125
75.999924
76.000383
75.999298
75.999909
76.000257
76.000598
76.000371
75.999344
75.999247
75.999663
75.999487
76.000444
75.999970
76.000535
75.999370
76.000282
76.000273
76.000454
76.000389
75.999552
75.999260
75.999323
75.999731
75.999565
76.000479
75.999307
75.999926
76.000125
76.000393
75.999727
75.999855
76.000291
75.999786
75.999457
76.000672
76.000010
75.999561
76.000502
76.000417
75.999646
75.999361
76.000546
76.000717
76.000073
76.000348
75.999672
76.000145
76.000109
76.000664
75.999322
75.999879
76.000474
75.999530
76.000600
76.000141
76.000669
75.999911
75.999388
76.000049
76.000234
75.999804
75.999282
76.000194
75.999569
76.000718
75.999631
75.999596
76.000317
75.999461
75.999489
76.000233
75.999792
76.000086
76.000725
75.999535
76.000227
76.000070
75.999890
75.999845
76.000043
75.999500
75.999475
75.999873
75.999301
76.000251
76.000066
75.999380
75.999996
76.000636
75.999926
75.999653
76.000205
76.000122
75.999583
76.000561
75.999245
76.000530
75.999914
76.000013
76.000163
75.999899
75.999471
75.999437
76.000537
75.999264
76.000259
76.000003
75.999243
75.999473
75.999396
75.999388
76.000090
75.999271
75.999467
76.000215
76.000711
76.000676
76.000759
76.000159
76.000250
75.999610
76.000400
75.999271
75.999544
76.000754
75.999444
75.999536
76.000649
75.999427
76.000435
75.999347
75.999642
75.999919
76.000464
76.000287
75.999685
75.999514
76.000006
75.999433
75.999597
76.000232
76.000489
75.999655
76.000400
75.999911
76.000154
76.000476
75.999845
76.000537
76.000377
76.000024
75.999809
75.999521
75.999436
75.999387
76.000052
75.999413
75.999974
76.000439
75.999856
76.000552
76.000739
75.999513
76.000219
76.000232
76.000248
76.000560
75.999712
75.999367
75.999989
75.999240
75.999574
76.000639
76.000382
76.000502
76.000233
75.999441
75.999524
76.000631
76.000396
75.999899
76.000460
75.999700
76.000661
76.000130
76.000076
76.000552
76.000052
75.999552
76.000428
76.000271
76.000474
76.000607
75.999589
75.999385
76.000498
75.999327
75.999301
76.000054
76.000613
76.000553
76.000418
76.000412
75.999341
75.999884
76.000147
76.000300
76.000300
76.000179
75.999995
75.999367
76.000355
76.000439
75.999783
76.000052
75.999245
76.000224
76.000197
76.000471
76.000394
75.999660
75.999427
76.000259
75.999311
75.999658
76.000432
75.999708
76.000371
76.000598
75.999917
75.999584
76.000418
75.999298
76.000613
76.000501
75.999858
76.000131
75.999940
76.000754
75.999875
76.000344
76.000446
75.999526
76.000615
75.999380
75.999986
76.000304
76.000689
76.000238
75.999920
75.999804
76.000166
75.999958
75.999530
76.000489
75.999735
75.999278
75.999740
76.000131
76.000459
75.999332
75.999375
76.000535
75.999654
75.999511
76.000580
75.999956
75.999582
76.000740
76.000120
76.000429
75.999860
75.999513
76.000746
76.000176
75.999362
76.000036
75.999998
76.000401
76.000150
76.000511
76.000342
76.000021
76.000038
76.000420
75.999349
76.000396
75.999379
76.000134
76.000026
76.000472
76.000313
76.000079
75.999617
76.000031
76.000673
76.000273
75.999767
75.999336
76.000589
76.000182
76.000246
76.000571
75.999413
76.000167
75.999713
75.999280
76.000063
75.999268
76.000373
76.000568
76.000160
75.999563
76.000487
75.999797
75.999768
75.999289
76.000106
75.999901
76.000271
75.999332
76.000592
75.999519
76.000124
75.999848
75.999267
76.000472
76.000064
76.000487
76.000698
76.000105
75.999416
76.000496
76.000716
76.000005
76.000256
75.999271
75.999833
75.999848
75.999620
76.000374
76.000031
76.000065
76.000697
76.000254
75.999387
76.000274
76.000015
75.999290
76.000195
76.000169
76.000414
76.000593
75.999608
76.000238
75.999425
76.000655
75.999516
75.999643
75.999434
76.000715
76.000462
76.000695
75.999756
75.999861
75.999292
76.000315
75.999689
75.999426
76.000641
75.999920
75.999738
75.999423
76.000486
75.999500
75.999584
76.000392
76.000371
76.000244
76.000159
75.999526
76.000528
76.000529
76.000113
75.999638
75.999420
76.000198
76.000666
75.999840
75.999459
75.999413
76.000200
76.000001
76.000606
75.999278
76.000011
75.999824
76.000050
75.999720
76.000588
75.999425
75.999482
75.999546
75.999581
76.000013
75.999310
75.999541
75.999573
75.999720
75.999956
75.999347
75.999739
75.999598
76.000210
76.000711
75.999646
75.999988
75.999421
75.999304
76.000129
76.000401
75.999984
76.000125
75.999661
76.000184
76.000477
76.000648
75.999649
75.999333
76.000129
75.999807
75.999485
76.000357
76.000579
75.999369
76.000546
76.000248
76.000530
75.999657
76.000456
76.000111
75.999802
76.000616
76.000529
75.999388
76.000592
76.000475
76.000068
76.000245
75.999907
76.000375
76.000178
75.999585
76.000070
76.000432
76.000260
76.000586
75.999272
76.000356
76.000093
75.999838
75.999852
76.000368
76.000666
75.999529
75.999629
76.000527
76.000341
75.999315
75.999973
76.000281
76.000529
76.000390
76.000171
75.999587
75.999506
76.000004
76.000284
76.000274
75.999353
76.000516
76.000503
75.999692
75.999915
75.999665
76.000059
75.999757
76.000503
76.000214
75.999547
76.000104
75.999671
75.999502
76.000386
75.999344
75.999703
75.999806
76.000638
76.000009
76.000409
76.000486
76.000512
75.999434
75.999764
75.999584
76.000551
76.000076
76.000574
76.000541
76.000052
75.999914
75.999809
76.000408
76.000335
76.000080
76.000319
76.000134
76.000188
76.000231
76.000599
76.000420
75.999541
75.999415
76.000498
75.999519
76.000409
75.999333
76.000466
76.000671
76.000283
75.999975
76.000577
76.000739
76.000541
75.999650
75.999608
75.999877
75.999439
75.999661
75.999262
76.000035
75.999742
76.000548
76.000539
75.999594
76.000487
75.999663
75.999915
75.999634
75.999388
76.000518
76.000289
75.999503
75.999529
75.999410
76.000135
75.999981
76.000449
76.000716
76.000466
76.000670
76.000393
76.000135
75.999561
76.000473
75.999877
76.000172
75.999963
75.999622
76.000020
75.999913
75.999559
76.000621
76.000607
76.000442
76.000344
75.999779
75.999343
75.999748
75.999821
75.999383
76.000112
75.999521
76.000544
76.000178
76.000720
76.000389
75.999621
75.999382
75.999561
75.999445
76.000589
76.000390
75.999369
76.000598
76.000086
75.999924
75.999488
75.999966
75.999578
76.000207
76.000206
75.999250
76.000693
76.000351
75.999410
75.999599
76.000470
76.000217
76.000101
75.999633
76.000658
76.000242
76.000331
76.000300
75.999578
75.999430
75.999528
75.999817
76.000240
75.999575
75.999837
76.000093
75.999471
75.999973
75.999363
76.000038
75.999441
76.000222
76.000331
76.000265
75.999808
76.000574
75.999741
75.999877
75.999345
76.000598
75.999636
76.000019
75.999482
75.999475
75.999501
76.000353
75.999579
76.000731
76.000616
76.000090
76.000350
76.000247
75.999497
76.000129
76.000629
75.999642
75.999540
76.000133
75.999791
76.000017
76.000681
75.999300
75.999464
76.000154
75.999781
76.000033
75.999599
76.000356
75.999637
76.000151
75.999644
75.999638
75.999740
76.000484
75.999887
75.999563
75.999592
75.999375
76.000409
76.000139
75.999796
75.999365
76.000475
75.999704
76.000077
75.999947
75.999368
76.000235
75.999827
76.000209
75.999346
76.000291
75.999856
76.000217
75.999291
75.999399
75.999288
75.999887
75.999390
76.000472
76.000219
76.000258
76.000477
75.999512
75.999685
76.000682
76.000734
76.000459
75.999645
76.000226
75.999661
75.999384
76.000228
76.000546
76.000654
75.999701
76.000680
76.000003
76.000273
75.999837
75.999667
76.000321
76.000590
75.999803
75.999749
75.999930
75.999255
76.000271
75.999698
75.999590
75.999509
76.000178
76.000128
75.999642
75.999958
76.000642
75.999505
75.999634
75.999893
76.000398
76.000190
76.000527
76.000654
75.999933
75.999284
75.999741
75.999371
75.999693
75.999961
76.000746
76.000614
76.000390
75.999480
75.999335
75.999996
76.000436
75.999495
76.000735
76.000455
76.000547
75.999559
76.000723
75.999888
76.000223
75.999793
75.999965
75.999535
76.000330
76.000209
75.999279
75.999553
75.999643
75.999754
75.999371
75.999596
75.999827
75.999667
76.000423
76.000574
75.999509
76.000408
76.000304
76.000753
76.000591
76.000307
76.000748
75.999380
75.999449
76.000678
75.999290
76.000399
76.000384
75.999854
75.999760
76.000444
76.000623
