0.010000 8.103824 7.788762 8.473213 7.400250 8.815563 7.223436 9.327407
0.012068 7.598113 7.281450 7.963248 6.883693 8.321074 6.698347 8.785311
0.014563 7.200321 6.882130 7.557184 6.493345 7.932473 6.291016 8.353384
0.017575 6.910797 6.590717 7.265892 6.216453 7.628400 6.001173 8.033138
0.021210 6.705284 6.384777 7.054847 6.023313 7.409209 5.802095 7.808845
0.025595 6.553675 6.237921 6.900048 5.881211 7.238635 5.659519 7.635029
0.030888 6.418145 6.111481 6.758902 5.764083 7.087832 5.543055 7.474341
0.037276 6.275359 5.979468 6.606497 5.643776 6.918516 5.427105 7.296618
0.044984 6.099421 5.819759 6.416825 5.494870 6.717261 5.289397 7.073811
0.054287 5.873561 5.604735 6.169241 5.303087 6.452866 5.110716 6.780001
0.065513 5.571242 5.320532 5.835182 5.047962 6.101035 4.872262 6.389897
0.079060 5.170616 4.944923 5.398721 4.711298 5.641999 4.556365 5.882230
0.095410 4.658855 4.467887 4.849633 4.273938 5.065499 4.139840 5.246761
0.115140 4.034877 3.892068 4.195577 3.738131 4.370096 3.632919 4.509131
0.138950 3.336761 3.228069 3.459311 3.119990 3.582635 3.041537 3.679134
0.167683 2.604235 2.524284 2.690136 2.447895 2.776664 2.395105 2.846479
0.202359 1.907004 1.847108 1.964021 1.798457 2.014770 1.757989 2.052672
0.244205 1.299762 1.259559 1.340350 1.222997 1.373804 1.198792 1.398595
0.294705 0.828419 0.800219 0.854883 0.775790 0.878386 0.755201 0.897805
0.355648 0.494495 0.475876 0.512217 0.460580 0.526922 0.442682 0.541006
0.429193 0.278273 0.266350 0.288527 0.256872 0.297201 0.245478 0.306745
0.517947 0.150568 0.143533 0.156520 0.138193 0.161868 0.131472 0.167090
0.625055 0.078342 0.074580 0.081734 0.071409 0.084699 0.067729 0.087402
0.754312 0.039470 0.037495 0.041263 0.035831 0.042894 0.033872 0.044230
0.910298 0.019546 0.018529 0.020470 0.017688 0.021321 0.016686 0.022050
1.098541 0.009576 0.009069 0.010038 0.008642 0.010464 0.008142 0.010851
1.325711 0.004619 0.004372 0.004846 0.004162 0.005053 0.003917 0.005250
1.599859 0.002202 0.002083 0.002312 0.001981 0.002410 0.001863 0.002506
1.930698 0.001056 0.000999 0.001110 0.000950 0.001157 0.000893 0.001203
2.329952 0.000503 0.000475 0.000528 0.000452 0.000551 0.000425 0.000573
2.811769 0.000237 0.000224 0.000250 0.000213 0.000260 0.000200 0.000271
3.393222 0.000112 0.000106 0.000118 0.000101 0.000123 0.000095 0.000128
4.094915 0.000053 0.000050 0.000056 0.000048 0.000058 0.000045 0.000061
4.941713 0.000025 0.000024 0.000026 0.000023 0.000028 0.000021 0.000029
5.963623 0.000012 0.000011 0.000012 0.000011 0.000013 0.000010 0.000013
7.196857 0.000006 0.000005 0.000006 0.000005 0.000006 0.000005 0.000006
8.685114 0.000003 0.000003 0.000003 0.000002 0.000003 0.000002 0.000003
10.481131 0.000001 0.000001 0.000001 0.000001 0.000001 0.000001 0.000001
12.648552 0.000000 0.000000 0.000000 0.000000 0.000000 0.000000 0.000000
15.264180 0.000000 0.000000 0.000000 0.000000 0.000000 0.000000 0.000000
18.420700 0.000000 0.000000 0.000000 0.000000 0.000000 0.000000 0.000000
22.229965 0.000000 0.000000 0.000000 0.000000 0.000000 0.000000 0.000000
26.826958 0.000000 0.000000 0.000000 0.000000 0.000000 0.000000 0.000000
32.374575 0.000000 0.000000 0.000000 0.000000 0.000000 0.000000 0.000000
39.069399 0.000000 0.000000 0.000000 0.000000 0.000000 0.000000 0.000000
47.148664 0.000000 0.000000 0.000000 0.000000 0.000000 0.000000 0.000000
56.898660 0.000000 0.000000 0.000000 0.000000 0.000000 0.000000 0.000000
68.664885 0.000000 0.000000 0.000000 0.000000 0.000000 0.000000 0.000000
82.864277 0.000000 0.000000 0.000000 0.000000 0.000000 0.000000 0.000000
100.000000 0.000000 0.000000 0.000000 0.000000 0.000000 0.000000 0.000000
