0.010000 0.002740 -0.004728 0.009554 -0.008457 0.019431 -0.009739 0.032976
0.012068 0.003271 -0.004273 0.010095 -0.008297 0.023026 -0.009683 0.038932
0.014563 0.003847 -0.003644 0.011185 -0.008080 0.027391 -0.009590 0.046070
0.017575 0.004646 -0.002928 0.013232 -0.007750 0.032543 -0.009435 0.054590
0.021210 0.005587 -0.002120 0.016438 -0.007219 0.038195 -0.009201 0.064714
0.025595 0.006906 -0.001117 0.021137 -0.006834 0.046437 -0.008907 0.078177
0.030888 0.009044 0.000098 0.026839 -0.006216 0.057396 -0.008462 0.094428
0.037276 0.011997 0.001897 0.034705 -0.005109 0.069553 -0.007899 0.113489
0.044984 0.016135 0.004556 0.044385 -0.003408 0.084149 -0.007062 0.135661
0.054287 0.022960 0.007918 0.056758 -0.001056 0.104213 -0.006195 0.161208
0.065513 0.032995 0.013110 0.073745 0.002163 0.125933 -0.004264 0.190322
0.079060 0.047281 0.020614 0.095754 0.005931 0.155015 -0.002402 0.223089
0.095410 0.067364 0.031473 0.124891 0.011746 0.186656 0.000712 0.259452
0.115140 0.094217 0.047397 0.160216 0.022518 0.231946 0.004633 0.302305
0.138950 0.129818 0.068542 0.212313 0.036896 0.298058 0.010831 0.371115
0.167683 0.170453 0.098522 0.263592 0.054602 0.373263 0.020759 0.428847
0.202359 0.219068 0.136114 0.330378 0.082743 0.462830 0.030086 0.526566
0.244205 0.274229 0.179763 0.400461 0.109290 0.549000 0.042524 0.610771
0.294705 0.331087 0.226305 0.475362 0.140779 0.630657 0.058356 0.713789
0.355648 0.388143 0.269803 0.552041 0.166000 0.714409 0.073342 0.792933
0.429193 0.442271 0.311164 0.617236 0.190768 0.771930 0.086477 0.852937
0.517947 0.489537 0.347666 0.672378 0.208113 0.824388 0.098796 0.900659
0.625055 0.529199 0.373938 0.718939 0.228580 0.866476 0.109694 0.931485
0.754312 0.562149 0.395910 0.754696 0.245973 0.898287 0.118849 0.950727
0.910298 0.589965 0.411775 0.785180 0.254110 0.926397 0.126210 0.962482
1.098541 0.610355 0.423345 0.811538 0.265072 0.939180 0.131923 0.969568
1.325711 0.628221 0.432556 0.831808 0.272385 0.948228 0.136237 0.973659
1.599859 0.644390 0.437896 0.847637 0.277118 0.957001 0.139427 0.976132
1.930698 0.655227 0.442030 0.859009 0.277213 0.960787 0.141750 0.977643
2.329952 0.661132 0.446474 0.865001 0.282146 0.965183 0.143422 0.978597
2.811769 0.667008 0.449393 0.871920 0.285777 0.968234 0.144617 0.979189
3.393222 0.670585 0.452852 0.877464 0.285814 0.969507 0.145465 0.979531
4.094915 0.673419 0.455251 0.881352 0.285836 0.971817 0.146064 0.979729
4.941713 0.674865 0.456597 0.882536 0.286610 0.974168 0.146487 0.979843
5.963623 0.675996 0.456645 0.884772 0.288001 0.975441 0.146785 0.979907
7.196857 0.676764 0.456675 0.888853 0.288825 0.976276 0.146994 0.979945
8.685114 0.677247 0.456943 0.890254 0.288828 0.977128 0.147140 0.979968
10.481131 0.677531 0.457830 0.891474 0.288830 0.977856 0.147243 0.979981
12.648552 0.677719 0.457882 0.891547 0.288831 0.978407 0.147315 0.979989
15.264180 0.677843 0.457915 0.891593 0.288831 0.978817 0.147366 0.979993
18.420700 0.677924 0.457936 0.891952 0.288831 0.979121 0.147401 0.979996
22.229965 0.677978 0.458611 0.892499 0.288832 0.979347 0.147426 0.979998
26.826958 0.678013 0.458720 0.893189 0.288832 0.979515 0.147443 0.979999
32.374575 0.678551 0.458723 0.894247 0.288832 0.979640 0.147455 0.979999
39.069399 0.678588 0.458725 0.894271 0.288832 0.979733 0.147464 0.980000
47.148664 0.679036 0.458726 0.895081 0.288832 0.979802 0.147470 0.980000
56.898660 0.679038 0.458727 0.896388 0.288832 0.979853 0.147474 0.980000
68.664885 0.679039 0.458727 0.896466 0.288832 0.979891 0.147477 0.980000
82.864277 0.679040 0.458727 0.896523 0.288832 0.979919 0.147479 0.980000
100.000000 0.679040 0.458728 0.896566 0.288832 0.979940 0.147481 0.980000
