0.001000 0.000002 0.000002 0.000002 0.000001 0.000002 0.000001 0.000003
0.001038 0.000002 0.000002 0.000002 0.000002 0.000003 0.000001 0.000003
0.001077 0.000002 0.000002 0.000003 0.000002 0.000003 0.000002 0.000003
0.001117 0.000003 0.000002 0.000003 0.000002 0.000003 0.000002 0.000004
0.001159 0.000003 0.000002 0.000003 0.000002 0.000004 0.000002 0.000004
0.001203 0.000003 0.000003 0.000004 0.000002 0.000004 0.000002 0.000004
0.001248 0.000003 0.000003 0.000004 0.000003 0.000005 0.000002 0.000005
0.001296 0.000004 0.000003 0.000005 0.000003 0.000005 0.000003 0.000006
0.001344 0.000004 0.000004 0.000005 0.000003 0.000006 0.000003 0.000006
0.001395 0.000005 0.000004 0.000006 0.000004 0.000007 0.000003 0.000007
0.001448 0.000005 0.000004 0.000007 0.000004 0.000007 0.000004 0.000008
0.001502 0.000006 0.000005 0.000007 0.000005 0.000008 0.000004 0.000009
0.001559 0.000007 0.000006 0.000008 0.000005 0.000009 0.000005 0.000010
0.001617 0.000007 0.000006 0.000009 0.000006 0.000010 0.000005 0.000011
0.001678 0.000008 0.000007 0.000010 0.000006 0.000011 0.000006 0.000012
0.001742 0.000009 0.000008 0.000011 0.000007 0.000013 0.000007 0.000013
0.001807 0.000010 0.000009 0.000012 0.000008 0.000014 0.000007 0.000015
0.001875 0.000012 0.000010 0.000014 0.000009 0.000016 0.000008 0.000016
0.001946 0.000013 0.000011 0.000015 0.000010 0.000017 0.000009 0.000018
0.002019 0.000014 0.000012 0.000017 0.000011 0.000019 0.000010 0.000020
0.002095 0.000016 0.000013 0.000019 0.000012 0.000022 0.000011 0.000023
0.002174 0.000018 0.000015 0.000021 0.000013 0.000024 0.000013 0.000025
0.002256 0.000020 0.000016 0.000024 0.000015 0.000027 0.000014 0.000028
0.002341 0.000022 0.000018 0.000026 0.000017 0.000030 0.000016 0.000031
0.002430 0.000024 0.000020 0.000029 0.000019 0.000033 0.000017 0.000034
0.002521 0.000027 0.000023 0.000032 0.000021 0.000036 0.000019 0.000038
0.002616 0.000030 0.000025 0.000036 0.000023 0.000040 0.000022 0.000042
0.002715 0.000033 0.000028 0.000040 0.000025 0.000045 0.000024 0.000047
0.002817 0.000037 0.000031 0.000044 0.000028 0.000050 0.000027 0.000052
0.002923 0.000041 0.000034 0.000049 0.000031 0.000055 0.000030 0.000057
0.003033 0.000045 0.000038 0.000054 0.000035 0.000061 0.000033 0.000064
0.003148 0.000050 0.000042 0.000060 0.000039 0.000067 0.000036 0.000070
0.003266 0.000056 0.000047 0.000066 0.000043 0.000074 0.000040 0.000078
0.003389 0.000062 0.000052 0.000073 0.000047 0.000082 0.000045 0.000086
0.003517 0.000068 0.000058 0.000081 0.000053 0.000090 0.000049 0.000095
0.003650 0.000075 0.000064 0.000089 0.000058 0.000100 0.000055 0.000104
0.003787 0.000083 0.000071 0.000098 0.000064 0.000110 0.000061 0.000115
0.003930 0.000092 0.000078 0.000108 0.000071 0.000121 0.000067 0.000126
0.004078 0.000101 0.000086 0.000119 0.000079 0.000133 0.000074 0.000139
0.004232 0.000111 0.000095 0.000131 0.000087 0.000146 0.000082 0.000153
0.004391 0.000123 0.000105 0.000143 0.000096 0.000160 0.000090 0.000167
0.004557 0.000135 0.000116 0.000157 0.000105 0.000176 0.000099 0.000183
0.004728 0.000148 0.000127 0.000172 0.000116 0.000192 0.000110 0.000201
0.004906 0.000162 0.000140 0.000189 0.000128 0.000210 0.000121 0.000219
0.005091 0.000178 0.000153 0.000206 0.000140 0.000229 0.000133 0.000239
0.005283 0.000195 0.000168 0.000225 0.000154 0.000250 0.000146 0.000261
0.005482 0.000213 0.000184 0.000245 0.000169 0.000272 0.000160 0.000284
0.005689 0.000232 0.000201 0.000267 0.000185 0.000296 0.000175 0.000308
0.005903 0.000253 0.000220 0.000290 0.000202 0.000322 0.000192 0.000335
0.006126 0.000276 0.000240 0.000315 0.000221 0.000349 0.000210 0.000363
0.006356 0.000300 0.000262 0.000341 0.000241 0.000378 0.000229 0.000393
0.006596 0.000325 0.000285 0.000369 0.000262 0.000408 0.000250 0.000424
0.006844 0.000353 0.000310 0.000399 0.000285 0.000441 0.000272 0.000457
0.007102 0.000382 0.000336 0.000430 0.000309 0.000474 0.000296 0.000492
0.007370 0.000413 0.000365 0.000463 0.000336 0.000510 0.000321 0.000529
0.007648 0.000446 0.000395 0.000498 0.000364 0.000547 0.000349 0.000568
0.007936 0.000480 0.000427 0.000535 0.000395 0.000587 0.000378 0.000608
0.008235 0.000517 0.000460 0.000574 0.000426 0.000627 0.000409 0.000651
0.008545 0.000555 0.000496 0.000615 0.000460 0.000670 0.000442 0.000695
0.008867 0.000595 0.000533 0.000657 0.000496 0.000714 0.000476 0.000740
0.009201 0.000636 0.000573 0.000701 0.000533 0.000760 0.000512 0.000787
0.009548 0.000680 0.000614 0.000747 0.000572 0.000808 0.000551 0.000836
0.009908 0.000726 0.000658 0.000794 0.000614 0.000858 0.000591 0.000887
0.010281 0.000773 0.000705 0.000844 0.000658 0.000909 0.000634 0.000939
0.010669 0.000824 0.000753 0.000894 0.000704 0.000963 0.000678 0.000993
0.011071 0.000875 0.000803 0.000947 0.000752 0.001018 0.000725 0.001049
0.011488 0.000929 0.000855 0.001002 0.000803 0.001074 0.000774 0.001106
0.011921 0.000985 0.000909 0.001059 0.000855 0.001133 0.000824 0.001165
0.012370 0.001044 0.000966 0.001118 0.000910 0.001192 0.000876 0.001226
0.012836 0.001103 0.001026 0.001180 0.000968 0.001257 0.000930 0.001290
0.013320 0.001167 0.001089 0.001244 0.001028 0.001323 0.000986 0.001356
0.013822 0.001232 0.001152 0.001310 0.001088 0.001390 0.001045 0.001425
0.014343 0.001299 0.001219 0.001378 0.001154 0.001459 0.001106 0.001496
0.014883 0.001369 0.001289 0.001450 0.001220 0.001531 0.001169 0.001571
0.015444 0.001442 0.001362 0.001527 0.001289 0.001605 0.001235 0.001648
0.016026 0.001520 0.001439 0.001606 0.001364 0.001685 0.001304 0.001730
0.016630 0.001601 0.001519 0.001689 0.001445 0.001769 0.001376 0.001815
0.017256 0.001688 0.001604 0.001778 0.001529 0.001858 0.001452 0.001905
0.017907 0.001781 0.001693 0.001872 0.001619 0.001952 0.001533 0.002007
0.018581 0.001878 0.001788 0.001971 0.001715 0.002051 0.001618 0.002114
0.019281 0.001982 0.001889 0.002079 0.001813 0.002159 0.001709 0.002236
0.020008 0.002093 0.001997 0.002194 0.001917 0.002275 0.001810 0.002373
0.020762 0.002211 0.002114 0.002317 0.002027 0.002398 0.001919 0.002513
0.021544 0.002339 0.002236 0.002449 0.002142 0.002536 0.002036 0.002652
0.022356 0.002477 0.002368 0.002591 0.002270 0.002685 0.002162 0.002816
0.023199 0.002630 0.002511 0.002747 0.002413 0.002850 0.002296 0.002997
0.024073 0.002791 0.002667 0.002914 0.002562 0.003029 0.002439 0.003193
0.024980 0.002967 0.002837 0.003099 0.002728 0.003222 0.002594 0.003408
0.025921 0.003160 0.003020 0.003299 0.002903 0.003433 0.002763 0.003643
0.026898 0.003373 0.003224 0.003522 0.003092 0.003664 0.002948 0.003900
0.027911 0.003606 0.003448 0.003768 0.003300 0.003920 0.003151 0.004182
0.028963 0.003863 0.003692 0.004039 0.003534 0.004210 0.003372 0.004493
0.030055 0.004144 0.003958 0.004332 0.003783 0.004522 0.003613 0.004835
0.031187 0.004446 0.004249 0.004658 0.004056 0.004865 0.003878 0.005212
0.032362 0.004784 0.004567 0.005017 0.004353 0.005248 0.004169 0.005628
0.033582 0.005160 0.004920 0.005421 0.004684 0.005678 0.004490 0.006087
0.034847 0.005574 0.005308 0.005867 0.005044 0.006158 0.004845 0.006595
0.036160 0.006029 0.005746 0.006356 0.005442 0.006690 0.005237 0.007157
0.037523 0.006535 0.006221 0.006897 0.005888 0.007259 0.005665 0.007778
0.038937 0.007103 0.006753 0.007505 0.006374 0.007886 0.006131 0.008466
0.040404 0.007721 0.007336 0.008169 0.006928 0.008586 0.006646 0.009227
0.041927 0.008414 0.007985 0.008912 0.007544 0.009370 0.007217 0.010069
0.043507 0.009181 0.008705 0.009732 0.008215 0.010236 0.007849 0.011000
0.045146 0.010022 0.009498 0.010636 0.008940 0.011195 0.008549 0.012031
0.046847 0.010956 0.010375 0.011640 0.009747 0.012255 0.009322 0.013171
0.048612 0.011990 0.011347 0.012748 0.010642 0.013428 0.010165 0.014431
0.050444 0.013137 0.012424 0.013979 0.011634 0.014725 0.011098 0.015823
0.052345 0.014403 0.013617 0.015345 0.012732 0.016169 0.012130 0.017362
0.054317 0.015799 0.014931 0.016844 0.013957 0.017750 0.013272 0.019060
0.056364 0.017340 0.016375 0.018494 0.015310 0.019489 0.014541 0.020933
0.058488 0.019042 0.017989 0.020311 0.016794 0.021419 0.015943 0.022997
0.060692 0.020923 0.019750 0.022317 0.018431 0.023553 0.017492 0.025271
0.062979 0.022995 0.021694 0.024534 0.020230 0.025903 0.019201 0.027773
0.065352 0.025274 0.023833 0.026974 0.022212 0.028457 0.021086 0.030524
0.067815 0.027777 0.026196 0.029651 0.024395 0.031288 0.023162 0.033545
0.070370 0.030533 0.028792 0.032599 0.026795 0.034397 0.025447 0.036858
0.073022 0.033561 0.031634 0.035826 0.029432 0.037807 0.027960 0.040489
0.075774 0.036882 0.034751 0.039361 0.032327 0.041543 0.030720 0.044461
0.078629 0.040518 0.038186 0.043229 0.035500 0.045631 0.033749 0.048802
0.081592 0.044494 0.041944 0.047445 0.038974 0.050097 0.037068 0.053538
0.084666 0.048833 0.046019 0.052054 0.042796 0.054971 0.040701 0.058697
0.087857 0.053562 0.050491 0.057084 0.046981 0.060251 0.044672 0.064309
0.091167 0.058696 0.055367 0.062565 0.051546 0.065986 0.049006 0.070402
0.094603 0.064285 0.060674 0.068483 0.056517 0.072241 0.053730 0.077011
0.098168 0.070360 0.066449 0.074894 0.061920 0.079053 0.058869 0.084162
0.101867 0.076919 0.072697 0.081839 0.067784 0.086423 0.064450 0.091882
0.105705 0.084003 0.079452 0.089347 0.074129 0.094381 0.070502 0.100198
0.109688 0.091670 0.086725 0.097446 0.080972 0.102860 0.077051 0.109136
0.113822 0.099859 0.094558 0.106154 0.088354 0.111921 0.084124 0.118720
0.118111 0.108703 0.102992 0.115446 0.096266 0.121619 0.091746 0.128974
0.122561 0.118184 0.112077 0.125410 0.104808 0.131971 0.099943 0.139916
0.127180 0.128342 0.121772 0.136061 0.113960 0.142994 0.108738 0.151563
0.131972 0.139132 0.132041 0.147411 0.123742 0.154840 0.118151 0.163927
0.136945 0.150614 0.143030 0.159376 0.134169 0.167429 0.128202 0.177016
0.142105 0.162763 0.154661 0.172159 0.145255 0.180589 0.138905 0.190833
0.147460 0.175590 0.166971 0.185574 0.157010 0.194443 0.150274 0.205376
0.153017 0.189171 0.179996 0.199603 0.169439 0.208993 0.162315 0.220637
0.158783 0.203350 0.193633 0.214432 0.182526 0.224437 0.175032 0.236603
0.164766 0.218366 0.207974 0.229866 0.196120 0.240601 0.188425 0.253253
0.170975 0.233961 0.223076 0.246097 0.210540 0.257445 0.202485 0.270563
0.177417 0.250226 0.238709 0.262882 0.225604 0.274942 0.217203 0.288498
0.184103 0.267121 0.254943 0.280323 0.241250 0.293058 0.232558 0.307022
0.191040 0.284641 0.271884 0.298213 0.257603 0.311751 0.248528 0.326090
0.198239 0.302722 0.289300 0.316621 0.274567 0.331011 0.265083 0.345652
0.205709 0.321149 0.306992 0.335769 0.292005 0.350786 0.282188 0.365654
0.213460 0.340206 0.325413 0.355067 0.309932 0.370939 0.299802 0.386036
0.221504 0.359543 0.344235 0.374921 0.328225 0.391310 0.317878 0.406735
0.229851 0.379097 0.363437 0.395042 0.346896 0.412314 0.336367 0.427686
0.238512 0.398954 0.382607 0.415261 0.365887 0.433569 0.354674 0.448821
0.247499 0.418962 0.402123 0.435692 0.384861 0.454979 0.373166 0.470254
0.256826 0.439012 0.422067 0.456401 0.404265 0.476242 0.392009 0.492040
0.266503 0.459147 0.441936 0.477474 0.423800 0.497627 0.411472 0.513830
0.276546 0.479230 0.462140 0.498211 0.443450 0.518846 0.431043 0.535554
0.286967 0.499414 0.481948 0.518849 0.463468 0.540215 0.450656 0.557143
0.297780 0.519426 0.501574 0.539627 0.482632 0.560927 0.470075 0.578530
0.309001 0.539298 0.521174 0.559737 0.502063 0.581427 0.489242 0.599653
0.320645 0.559007 0.540581 0.579840 0.521195 0.602069 0.508246 0.620452
0.332727 0.578448 0.559304 0.599599 0.540187 0.621763 0.526673 0.640874
0.345265 0.597389 0.578006 0.619260 0.558619 0.641340 0.544633 0.659879
0.358275 0.616139 0.596346 0.638489 0.576754 0.660461 0.562250 0.678285
0.371776 0.634182 0.613956 0.656952 0.594443 0.679089 0.579481 0.696897
0.385785 0.652089 0.631103 0.675109 0.611253 0.697187 0.596290 0.715853
0.400322 0.669227 0.647805 0.692455 0.627594 0.714730 0.612644 0.734242
0.415407 0.686001 0.663987 0.709199 0.643439 0.732243 0.628514 0.752038
0.431060 0.702084 0.679744 0.725840 0.658766 0.748880 0.643879 0.769220
0.447304 0.717540 0.694825 0.741336 0.673560 0.765200 0.658719 0.785771
0.464159 0.732336 0.709534 0.756549 0.688069 0.780403 0.673021 0.801185
0.481649 0.746611 0.723780 0.771142 0.702426 0.795595 0.686774 0.815958
0.499799 0.760378 0.737444 0.785195 0.716216 0.810440 0.699972 0.830091
0.518632 0.773630 0.750269 0.798739 0.729434 0.824219 0.712613 0.843587
0.538175 0.786189 0.762645 0.811762 0.741927 0.837048 0.724699 0.856453
0.558455 0.798086 0.774301 0.824128 0.753106 0.849265 0.735956 0.868698
0.579498 0.809804 0.785394 0.835592 0.763742 0.860413 0.746530 0.880335
0.601335 0.820885 0.795958 0.846743 0.774068 0.871585 0.756581 0.891377
0.623994 0.831218 0.805953 0.857332 0.783534 0.881904 0.766120 0.901842
0.647508 0.841325 0.815661 0.867480 0.792857 0.891652 0.775161 0.911746
0.671907 0.850620 0.824750 0.877086 0.801676 0.901052 0.783719 0.921107
0.697226 0.859387 0.832829 0.886167 0.810046 0.910394 0.791809 0.929947
0.723499 0.867716 0.840579 0.894642 0.817648 0.918790 0.799449 0.938283
0.750762 0.875583 0.848581 0.902636 0.825172 0.927258 0.806655 0.946138
0.779052 0.882829 0.856011 0.910267 0.832320 0.935381 0.813648 0.953532
0.808408 0.889901 0.862933 0.917327 0.838982 0.942540 0.820384 0.960486
0.838870 0.896520 0.869229 0.923783 0.845384 0.949034 0.826725 0.967020
0.870480 0.902629 0.875144 0.930080 0.851337 0.955132 0.832687 0.973156
0.903282 0.908352 0.880566 0.935889 0.856929 0.960855 0.838290 0.978912
0.937319 0.913983 0.885910 0.941310 0.862178 0.966220 0.843550 0.984309
0.972639 0.918871 0.890696 0.946580 0.866855 0.971249 0.848484 0.989366
1.009290 0.923623 0.895134 0.951538 0.871413 0.976026 0.853110 0.994102
1.047322 0.927947 0.899282 0.955999 0.875676 0.980600 0.857445 0.998534
1.086787 0.932020 0.903240 0.960262 0.879687 0.984880 0.861503 1.002679
1.127740 0.935885 0.906971 0.964250 0.883364 0.988883 0.865301 1.006555
1.170235 0.939500 0.910416 0.968067 0.886802 0.992625 0.868854 1.010177
1.214332 0.942862 0.913655 0.971479 0.889920 0.996121 0.872175 1.013781
1.260090 0.946032 0.916605 0.974759 0.892628 0.999387 0.875279 1.017157
1.307573 0.949000 0.919487 0.977755 0.895468 1.002459 0.878178 1.020310
1.356845 0.951797 0.922130 0.980591 0.898131 1.005485 0.880884 1.023253
1.407973 0.954418 0.924742 0.983238 0.900639 1.008077 0.883410 1.025999
1.461028 0.956960 0.927101 0.985706 0.903090 1.010591 0.885767 1.028559
1.516083 0.959135 0.929244 0.988119 0.905277 1.013035 0.887966 1.030947
1.573212 0.961163 0.931285 0.990369 0.907256 1.015313 0.890016 1.033173
1.632493 0.963052 0.933187 0.992364 0.909101 1.017436 0.891927 1.035247
1.694009 0.964812 0.935005 0.994251 0.910820 1.019415 0.893707 1.037180
1.757842 0.966422 0.936751 0.996070 0.912412 1.021258 0.895366 1.038980
1.824081 0.967989 0.938263 0.997699 0.913891 1.022975 0.896912 1.040657
1.892816 0.969432 0.939689 0.999269 0.915301 1.024573 0.898351 1.042218
1.964141 0.970805 0.940979 1.000731 0.916593 1.026062 0.899691 1.043671
2.038154 0.972069 0.942167 1.002092 0.917797 1.027379 0.900939 1.045024
2.114955 0.973246 0.943307 1.003281 0.918916 1.028575 0.902100 1.046282
2.194651 0.974340 0.944382 1.004375 0.919959 1.029688 0.903181 1.047454
2.277350 0.975358 0.945308 1.005393 0.920945 1.030723 0.904186 1.048543
2.363165 0.976313 0.946202 1.006340 0.921864 1.031717 0.905122 1.049557
2.452213 0.977214 0.947039 1.007220 0.922718 1.032686 0.905992 1.050500
2.544617 0.978064 0.947817 1.008039 0.923501 1.033588 0.906801 1.051377
2.640503 0.978830 0.948541 1.008801 0.924206 1.034426 0.907554 1.052193
2.740003 0.979555 0.949213 1.009515 0.924849 1.035206 0.908254 1.052951
2.843251 0.980228 0.949839 1.010217 0.925473 1.035931 0.908905 1.053656
2.950391 0.980855 0.950458 1.010870 0.926040 1.036605 0.909511 1.054311
3.061567 0.981396 0.950970 1.011477 0.926568 1.037232 0.910073 1.054921
3.176933 0.981938 0.951464 1.012042 0.927058 1.037814 0.910597 1.055487
3.296646 0.982441 0.951931 1.012566 0.927514 1.038356 0.911083 1.056014
3.420870 0.982903 0.952365 1.013054 0.927937 1.038859 0.911535 1.056503
3.549775 0.983301 0.952769 1.013507 0.928331 1.039327 0.911955 1.056958
3.683537 0.983670 0.953144 1.013928 0.928696 1.039762 0.912345 1.057380
3.822340 0.984019 0.953492 1.014320 0.929036 1.040166 0.912708 1.057773
3.966373 0.984367 0.953816 1.014684 0.929352 1.040541 0.913045 1.058138
4.115834 0.984691 0.954117 1.015021 0.929646 1.040890 0.913359 1.058477
4.270926 0.984992 0.954396 1.015336 0.929929 1.041214 0.913650 1.058792
4.431863 0.985271 0.954658 1.015603 0.930192 1.041516 0.913920 1.059085
4.598864 0.985531 0.954918 1.015852 0.930436 1.041795 0.914172 1.059357
4.772158 0.985759 0.955159 1.016083 0.930662 1.042055 0.914405 1.059610
4.951983 0.985970 0.955383 1.016297 0.930873 1.042297 0.914622 1.059845
5.138583 0.986166 0.955591 1.016497 0.931069 1.042521 0.914824 1.060063
5.332215 0.986348 0.955785 1.016682 0.931250 1.042730 0.915011 1.060265
5.533143 0.986518 0.955964 1.016854 0.931419 1.042924 0.915185 1.060454
5.741642 0.986675 0.956131 1.017022 0.931576 1.043104 0.915347 1.060629
5.957999 0.986821 0.956286 1.017184 0.931722 1.043271 0.915497 1.060791
6.182508 0.986957 0.956430 1.017334 0.931857 1.043426 0.915636 1.060942
6.415476 0.987083 0.956564 1.017474 0.931983 1.043570 0.915766 1.061082
6.657224 0.987200 0.956688 1.017604 0.932100 1.043704 0.915886 1.061212
6.908081 0.987311 0.956804 1.017724 0.932208 1.043829 0.915998 1.061333
7.168391 0.987416 0.956911 1.017837 0.932309 1.043944 0.916102 1.061446
7.438510 0.987513 0.957010 1.017941 0.932403 1.044052 0.916198 1.061550
7.718807 0.987604 0.957103 1.018037 0.932490 1.044151 0.916288 1.061647
8.009667 0.987688 0.957189 1.018127 0.932571 1.044244 0.916371 1.061737
8.311487 0.987766 0.957269 1.018210 0.932646 1.044330 0.916448 1.061820
8.624680 0.987839 0.957343 1.018288 0.932715 1.044410 0.916520 1.061898
8.949674 0.987906 0.957412 1.018360 0.932780 1.044484 0.916587 1.061970
9.286915 0.987969 0.957476 1.018427 0.932840 1.044553 0.916649 1.062037
9.636864 0.988027 0.957535 1.018489 0.932896 1.044617 0.916706 1.062099
10.000000 0.988081 0.957590 1.018546 0.932948 1.044677 0.916760 1.062157
