0.010000 13.610781 12.702122 14.585407 11.905496 15.487209 11.282094 16.449332
0.012068 13.561444 12.659173 14.530609 11.867626 15.423953 11.247303 16.379695
0.014563 13.489280 12.596984 14.449077 11.812863 15.333707 11.196987 16.279191
0.017575 13.386450 12.507644 14.330731 11.733914 15.207187 11.124439 16.134703
0.021210 13.239433 12.378778 14.157848 11.620077 15.024078 11.019807 15.927223
0.025595 13.027975 12.194611 13.923606 11.457277 14.758185 10.870124 15.632244
0.030888 12.733358 11.934280 13.585083 11.226542 14.393249 10.657877 15.217638
0.037276 12.324707 11.566095 13.128376 10.902774 13.875566 10.359841 14.642738
0.044984 11.756786 11.061988 12.499684 10.455207 13.192224 9.947405 13.861345
0.054287 10.994246 10.382904 11.659982 9.850545 12.280495 9.390430 12.831696
0.065513 10.017100 9.506531 10.575481 9.047958 11.102504 8.660470 11.535338
0.079060 8.812814 8.408913 9.268877 8.036339 9.680630 7.733444 10.055913
0.095410 7.422798 7.105598 7.741897 6.816580 8.084082 6.574283 8.323513
0.115140 5.905236 5.679437 6.141122 5.477570 6.370987 5.301308 6.474613
0.138950 4.417229 4.255336 4.577896 4.102145 4.744257 4.018934 4.827510
0.167683 3.082637 2.972077 3.198718 2.860296 3.316018 2.801977 3.368008
0.202359 2.006804 1.922258 2.094923 1.846460 2.179421 1.788870 2.227932
0.244205 1.219844 1.159665 1.280106 1.108070 1.339683 1.062327 1.385039
0.294705 0.702388 0.663404 0.741437 0.630224 0.779491 0.598083 0.811454
0.355648 0.384638 0.360508 0.407892 0.340328 0.430712 0.322402 0.450548
0.429193 0.201607 0.187641 0.214604 0.176861 0.228468 0.166962 0.239623
0.517947 0.102692 0.095258 0.109816 0.089443 0.117417 0.083951 0.123454
0.625055 0.051381 0.047513 0.055069 0.044453 0.059113 0.041599 0.062222
0.754312 0.025159 0.023229 0.027023 0.021691 0.029059 0.020240 0.030638
0.910298 0.012108 0.011160 0.013029 0.010420 0.014021 0.009698 0.014804
1.098541 0.005850 0.005384 0.006308 0.005025 0.006787 0.004675 0.007174
1.325711 0.002798 0.002575 0.003020 0.002401 0.003251 0.002233 0.003441
1.599859 0.001326 0.001220 0.001432 0.001137 0.001542 0.001057 0.001633
1.930698 0.000629 0.000579 0.000680 0.000539 0.000732 0.000501 0.000776
2.329952 0.000299 0.000275 0.000323 0.000256 0.000348 0.000238 0.000369
2.811769 0.000141 0.000130 0.000153 0.000121 0.000164 0.000112 0.000174
3.393222 0.000066 0.000061 0.000072 0.000057 0.000077 0.000053 0.000082
4.094915 0.000031 0.000029 0.000034 0.000027 0.000037 0.000025 0.000039
4.941713 0.000015 0.000014 0.000016 0.000013 0.000017 0.000012 0.000018
5.963623 0.000007 0.000006 0.000008 0.000006 0.000008 0.000006 0.000009
7.196857 0.000003 0.000003 0.000004 0.000003 0.000004 0.000003 0.000004
8.685114 0.000000 0.000000 0.000000 0.000000 0.000000 0.000000 0.000000
10.481131 0.000000 0.000000 0.000000 0.000000 0.000000 0.000000 0.000000
12.648552 0.000000 0.000000 0.000000 0.000000 0.000000 0.000000 0.000000
15.264180 0.000000 0.000000 0.000000 0.000000 0.000000 0.000000 0.000000
18.420700 0.000000 0.000000 0.000000 0.000000 0.000000 0.000000 0.000000
22.229965 0.000000 0.000000 0.000000 0.000000 0.000000 0.000000 0.000000
26.826958 0.000000 0.000000 0.000000 0.000000 0.000000 0.000000 0.000000
32.374575 0.000000 0.000000 0.000000 0.000000 0.000000 0.000000 0.000000
39.069399 0.000000 0.000000 0.000000 0.000000 0.000000 0.000000 0.000000
47.148664 0.000000 0.000000 0.000000 0.000000 0.000000 0.000000 0.000000
56.898660 0.000000 0.000000 0.000000 0.000000 0.000000 0.000000 0.000000
68.664885 0.000000 0.000000 0.000000 0.000000 0.000000 0.000000 0.000000
82.864277 0.000000 0.000000 0.000000 0.000000 0.000000 0.000000 0.000000
100.000000 0.000000 0.000000 0.000000 0.000000 0.000000 0.000000 0.000000
