0.010000 0.001401 0.000284 0.005957 0.000040 0.030248 0.000007 0.199365
0.012068 0.001705 0.000360 0.007024 0.000049 0.035702 0.000009 0.220590
0.014563 0.002050 0.000454 0.008366 0.000060 0.042063 0.000011 0.242161
0.017575 0.002458 0.000574 0.009778 0.000074 0.048215 0.000014 0.263740
0.021210 0.002950 0.000718 0.011498 0.000092 0.057238 0.000018 0.284988
0.025595 0.003561 0.000879 0.013911 0.000113 0.065654 0.000023 0.305588
0.030888 0.004366 0.001089 0.016645 0.000142 0.077220 0.000029 0.325260
0.037276 0.005339 0.001365 0.019186 0.000176 0.093411 0.000036 0.343777
0.044984 0.006448 0.001684 0.023009 0.000217 0.102293 0.000046 0.354011
0.054287 0.007739 0.002068 0.027156 0.000262 0.117138 0.000058 0.360681
0.065513 0.009313 0.002537 0.032242 0.000324 0.133184 0.000073 0.366107
0.079060 0.011390 0.003114 0.037811 0.000398 0.142408 0.000092 0.370490
0.095410 0.013632 0.003834 0.043674 0.000488 0.146276 0.000115 0.374012
0.115140 0.016476 0.004723 0.051477 0.000603 0.152909 0.000144 0.391306
0.138950 0.019691 0.005709 0.060546 0.000771 0.165302 0.000171 0.408230
0.167683 0.023314 0.006904 0.070407 0.000957 0.181376 0.000203 0.423853
0.202359 0.027736 0.008531 0.080037 0.001183 0.202437 0.000240 0.438144
0.244205 0.033300 0.010411 0.091792 0.001458 0.223830 0.000284 0.451106
0.294705 0.039543 0.012428 0.104018 0.001796 0.240714 0.000334 0.458770
0.355648 0.047157 0.014683 0.117470 0.002183 0.263846 0.000392 0.462910
0.429193 0.054981 0.016988 0.130548 0.002644 0.282873 0.000459 0.466432
0.517947 0.064702 0.020084 0.145410 0.003183 0.307240 0.000558 0.469420
0.625055 0.074543 0.022696 0.159658 0.003851 0.328858 0.000683 0.471950
0.754312 0.085904 0.027000 0.177203 0.004634 0.348285 0.000827 0.474088
0.910298 0.098366 0.030754 0.194471 0.005462 0.367650 0.000988 0.475892
1.098541 0.110807 0.034635 0.211403 0.005828 0.382983 0.001164 0.477412
1.325711 0.123960 0.039275 0.230645 0.006532 0.395209 0.001350 0.483161
1.599859 0.137483 0.044029 0.248755 0.007218 0.412464 0.001536 0.489730
1.930698 0.152781 0.048615 0.264322 0.008093 0.427331 0.001690 0.497473
2.329952 0.165796 0.051697 0.284522 0.008860 0.440351 0.001817 0.504178
2.811769 0.177102 0.054663 0.305186 0.009595 0.451878 0.001871 0.509958
3.393222 0.187830 0.060087 0.324760 0.010286 0.461820 0.001918 0.514923
4.094915 0.199096 0.064140 0.342564 0.010894 0.470301 0.001959 0.519175
4.941713 0.209011 0.066896 0.358485 0.011498 0.479470 0.001995 0.525216
5.963623 0.218245 0.068936 0.372060 0.012010 0.485619 0.002051 0.530704
7.196857 0.226452 0.071873 0.386477 0.012459 0.489049 0.002155 0.535076
8.685114 0.232522 0.074347 0.398821 0.012937 0.497190 0.002250 0.538544
10.481131 0.240063 0.076001 0.406593 0.013323 0.502753 0.002336 0.541288
12.648552 0.245796 0.078299 0.415632 0.013651 0.507820 0.002413 0.543452
15.264180 0.249622 0.080230 0.422563 0.013852 0.513438 0.002480 0.545156
18.420700 0.253650 0.081717 0.431202 0.014019 0.518536 0.002540 0.546496
22.229965 0.257215 0.083032 0.437458 0.014157 0.524169 0.002591 0.548444
26.826958 0.260426 0.084191 0.441423 0.014270 0.527430 0.002636 0.550311
32.374575 0.262759 0.085208 0.445170 0.014384 0.531315 0.002674 0.551890
39.069399 0.265094 0.086096 0.447486 0.014439 0.535968 0.002707 0.553224
47.148664 0.266506 0.086871 0.451190 0.014501 0.538059 0.002735 0.554350
56.898660 0.267705 0.087298 0.452462 0.014551 0.540424 0.002758 0.555299
68.664885 0.268723 0.087629 0.454796 0.014592 0.541053 0.002778 0.556099
82.864277 0.269586 0.087893 0.456753 0.014631 0.543160 0.002795 0.556773
100.000000 0.270316 0.088025 0.458393 0.014665 0.544950 0.002809 0.557232
