0.010000 0.002841 -0.004075 0.009957 -0.008805 0.021486 -0.011496 0.035035
0.012068 0.003427 -0.003614 0.010903 -0.008638 0.026101 -0.012878 0.041019
0.014563 0.003738 -0.003327 0.012512 -0.008498 0.031185 -0.014555 0.048812
0.017575 0.004511 -0.002877 0.015192 -0.008334 0.037507 -0.016572 0.058010
0.021210 0.005603 -0.002636 0.018520 -0.008172 0.045160 -0.018972 0.068644
0.025595 0.006550 -0.002169 0.022664 -0.008220 0.055636 -0.021685 0.080839
0.030888 0.008219 -0.001549 0.027822 -0.008630 0.068208 -0.023901 0.100124
0.037276 0.010316 -0.000883 0.034640 -0.008912 0.081820 -0.026415 0.121767
0.044984 0.013031 -0.000235 0.043649 -0.009269 0.100542 -0.029233 0.142424
0.054287 0.017431 0.000556 0.056074 -0.011082 0.120572 -0.032350 0.166449
0.065513 0.024635 0.001970 0.069168 -0.014638 0.148995 -0.036611 0.211498
0.079060 0.033209 0.002995 0.090206 -0.019313 0.178652 -0.046300 0.255780
0.095410 0.044335 0.004379 0.112393 -0.025460 0.215358 -0.052609 0.297717
0.115140 0.059824 0.005880 0.142510 -0.031441 0.262524 -0.061588 0.360821
0.138950 0.077189 0.007921 0.172648 -0.036948 0.309960 -0.069570 0.425823
0.167683 0.098448 0.010118 0.210890 -0.042146 0.360390 -0.076169 0.489276
0.202359 0.123043 0.011561 0.249662 -0.050696 0.408075 -0.081306 0.580992
0.244205 0.147285 0.014277 0.295513 -0.056395 0.488650 -0.085119 0.686927
0.294705 0.170658 0.015644 0.343499 -0.062074 0.558998 -0.088190 0.770236
0.355648 0.192247 0.017901 0.384826 -0.065167 0.615931 -0.090549 0.828824
0.429193 0.209038 0.019392 0.432630 -0.073111 0.667009 -0.092177 0.866286
0.517947 0.222875 0.020871 0.477539 -0.075263 0.722593 -0.093558 0.889660
0.625055 0.234078 0.021520 0.515328 -0.077522 0.761912 -0.095784 0.911654
0.754312 0.248006 0.021753 0.549711 -0.080059 0.796630 -0.096586 0.926499
0.910298 0.255665 0.021897 0.574283 -0.081739 0.828146 -0.096776 0.943502
1.098541 0.261576 0.022081 0.595095 -0.082968 0.843576 -0.096897 0.955245
1.325711 0.264781 0.022225 0.612606 -0.084079 0.864315 -0.096975 0.963276
1.599859 0.267034 0.022333 0.625593 -0.084912 0.876669 -0.097025 0.968733
1.930698 0.268942 0.022413 0.643359 -0.085541 0.887141 -0.097057 0.972471
2.329952 0.270866 0.022472 0.652070 -0.085955 0.897084 -0.097077 0.975307
2.811769 0.271422 0.022588 0.656205 -0.086154 0.905187 -0.097090 0.977078
3.393222 0.273496 0.022835 0.661003 -0.086360 0.911900 -0.097098 0.978182
4.094915 0.275102 0.023038 0.672620 -0.086505 0.914662 -0.097104 0.978869
4.941713 0.276079 0.023205 0.676486 -0.086525 0.920299 -0.097107 0.979297
5.963623 0.276707 0.023341 0.679447 -0.086528 0.924264 -0.097109 0.979563
7.196857 0.277485 0.023451 0.680171 -0.086530 0.930660 -0.097111 0.979728
8.685114 0.277506 0.023541 0.681438 -0.086531 0.934554 -0.097112 0.979831
10.481131 0.277511 0.023614 0.683983 -0.086532 0.936037 -0.097112 0.979895
12.648552 0.277515 0.023673 0.685570 -0.086532 0.936041 -0.097113 0.979935
15.264180 0.277518 0.023721 0.686030 -0.086532 0.937378 -0.097113 0.979959
18.420700 0.277520 0.023759 0.686368 -0.086532 0.937385 -0.097113 0.979975
22.229965 0.277521 0.023790 0.686616 -0.086533 0.937390 -0.097113 0.979984
26.826958 0.277521 0.023815 0.687868 -0.086533 0.937393 -0.097113 0.979990
32.374575 0.277522 0.023835 0.688938 -0.086533 0.937465 -0.097113 0.979994
39.069399 0.277522 0.023851 0.689817 -0.086533 0.937612 -0.097113 0.979996
47.148664 0.277522 0.023864 0.690540 -0.086533 0.937620 -0.097113 0.979998
56.898660 0.277523 0.023875 0.691134 -0.086533 0.937626 -0.097113 0.979999
68.664885 0.277523 0.023883 0.691621 -0.086533 0.937629 -0.097113 0.979999
82.864277 0.277523 0.023890 0.692021 -0.086533 0.937632 -0.097113 0.979999
100.000000 0.277523 0.023895 0.692349 -0.086533 0.937643 -0.097113 0.980000
