75.999398
75.999556
76.000251
76.000374
76.000144
76.000680
76.000290
75.999744
76.000464
76.000749
76.000592
75.999602
75.999913
75.999569
75.999840
75.999513
75.999284
76.000699
75.999811
76.000005
75.999710
75.999397
75.999607
76.000637
76.000682
76.000154
76.000112
76.000757
75.999362
76.000461
75.999729
76.000111
76.000490
75.999421
76.000550
76.000053
76.000158
75.999465
76.000197
76.000332
75.999618
75.999781
75.999949
75.999314
76.000261
75.999646
75.999790
76.000152
75.999498
76.000096
75.999660
75.999242
76.000236
76.000272
76.000518
75.999484
76.000148
76.000023
76.000439
76.000428
76.000548
75.999481
75.999591
75.999821
75.999586
76.000570
75.999897
76.000332
75.999768
75.999937
75.999791
76.000470
75.999895
76.000018
76.000755
75.999655
76.000207
76.000657
75.999683
76.000675
75.999428
75.999421
76.000413
75.999962
76.000515
75.999654
75.999405
75.999807
75.999418
76.000249
75.999401
75.999878
76.000635
76.000492
76.000496
75.999485
76.000324
75.999351
76.000509
75.999321
76.000048
75.999329
76.000219
76.000071
75.999929
76.000098
76.000290
75.999682
76.000257
76.000447
75.999278
76.000695
75.999652
76.000438
75.999793
75.999856
76.000430
75.999720
76.000175
76.000088
76.000225
76.000259
76.000627
75.999968
75.999653
76.000215
75.999564
76.000670
76.000109
75.999334
75.999883
76.000327
75.999346
76.000012
76.000635
75.999621
75.999417
76.000605
76.000289
76.000587
75.999440
75.999988
75.999458
75.999445
76.000483
76.000305
76.000078
75.999486
76.000049
76.000021
75.999514
75.999809
75.999694
76.000147
75.999707
75.999830
76.000427
75.999464
76.000535
75.999493
75.999485
75.999784
76.000280
76.000331
75.999404
76.000707
76.000662
75.999737
75.999887
75.999776
75.999503
75.999532
75.999876
76.000452
76.000524
75.999878
76.000052
75.999723
75.999792
76.000530
76.000276
76.000383
76.000541
76.000419
75.999959
76.000729
76.000074
76.000617
76.000102
76.000305
75.999364
75.999353
76.000099
76.000068
76.000756
75.999758
75.999710
75.999476
75.999253
75.999925
76.000122
76.000185
75.999809
75.999806
75.999334
76.000614
76.000270
76.000194
75.999912
76.000437
76.000636
75.999922
75.999433
75.999820
75.999568
76.000494
76.000184
76.000147
76.000152
75.999770
76.000412
75.999678
75.999792
75.999647
75.999947
75.999476
75.999534
76.000184
76.000230
75.999430
75.999260
76.000161
76.000542
76.000527
75.999852
76.000580
75.999624
76.000226
75.999530
75.999294
76.000307
75.999547
76.000390
76.000117
75.999672
75.999373
75.999359
75.999268
76.000101
76.000149
75.999329
76.000148
76.000660
75.999530
76.000441
76.000693
75.999447
75.999675
76.000520
76.000720
76.000221
76.000475
75.999462
76.000621
75.999919
76.000238
76.000371
76.000015
76.000215
75.999945
76.000507
76.000246
75.999858
75.999688
75.999692
76.000294
76.000244
75.999612
75.999896
76.000516
76.000019
76.000435
75.999732
76.000155
76.000368
76.000466
75.999624
76.000525
76.000365
76.000226
76.000111
76.000180
76.000546
75.999331
76.000519
76.000528
76.000648
76.000165
75.999525
76.000154
76.000077
75.999409
76.000275
76.000712
75.999890
75.999324
76.000672
76.000531
76.000048
76.000080
75.999854
75.999649
76.000641
75.999278
75.999480
75.999643
76.000653
75.999472
76.000638
75.999914
76.000311
76.000566
75.999891
76.000691
75.999702
76.000142
76.000232
76.000456
76.000066
75.999351
76.000323
75.999503
75.999668
75.999877
75.999641
75.999682
76.000470
75.999704
76.000639
76.000302
76.000694
76.000669
76.000520
75.999764
75.999556
75.999356
76.000642
75.999761
75.999673
75.999548
75.999789
75.999810
75.999505
75.999785
76.000188
76.000182
75.999726
76.000316
75.999388
76.000632
76.000478
76.000681
75.999600
76.000270
75.999816
76.000386
76.000554
75.999528
75.999898
75.999770
75.999290
76.000617
75.999750
75.999385
76.000625
75.999910
76.000238
76.000288
75.999682
76.000109
75.999933
75.999307
75.999910
75.999773
76.000418
75.999506
76.000690
75.999749
76.000383
75.999489
75.999832
75.999435
76.000493
75.999848
76.000356
76.000447
76.000535
76.000495
76.000713
76.000047
75.999392
76.000563
75.999911
75.999570
75.999533
76.000580
76.000514
76.000087
75.999734
75.999676
76.000212
76.000155
75.999299
75.999773
75.999385
76.000213
76.000694
75.999824
76.000578
75.999440
76.000264
75.999385
75.999456
76.000527
76.000538
75.999610
75.999786
75.999336
75.999690
76.000508
75.999428
76.000227
75.999920
75.999322
75.999622
75.999699
75.999428
75.999638
75.999693
75.999900
75.999376
76.000515
75.999247
76.000398
75.999272
76.000497
75.999269
75.999959
76.000545
76.000119
76.000018
76.000202
75.999436
76.000336
76.000708
76.000312
75.999641
76.000753
76.000488
75.999253
75.999613
75.999537
75.999945
76.000694
75.999339
75.999655
76.000345
75.999561
76.000700
76.000587
76.000533
76.000412
76.000228
76.000077
75.999999
75.999452
75.999994
75.999665
76.000724
76.000465
75.999857
76.000139
76.000665
75.999504
75.999282
75.999624
75.999602
76.000587
76.000180
75.999602
76.000088
76.000503
76.000550
75.999378
76.000178
76.000030
75.999591
76.000037
76.000491
75.999269
75.999287
75.999580
76.000611
76.000442
75.999362
76.000135
76.000297
76.000609
76.000397
75.999366
75.999650
76.000127
76.000253
76.000193
76.000362
75.999307
76.000359
75.999326
75.999519
75.999469
76.000321
75.999634
76.000686
75.999819
76.000592
75.999345
75.999875
76.000493
76.000639
76.000219
76.000225
75.999341
76.000479
75.999586
75.999928
76.000673
75.999710
75.999760
76.000686
75.999402
76.000211
75.999382
75.999890
76.000674
75.999832
75.999666
76.000497
76.000463
75.999617
75.999536
76.000598
75.999972
76.000665
75.999797
75.999443
76.000131
76.000205
75.999652
75.999626
75.999666
75.999413
75.999919
76.000655
75.999682
75.999299
76.000028
75.999332
75.999364
76.000733
75.999834
76.000493
75.999897
75.999315
76.000193
76.000539
76.000433
76.000698
76.000311
75.999590
76.000207
75.999353
76.000494
76.000214
75.999502
75.999753
76.000023
76.000587
76.000269
76.000526
75.999609
75.999748
75.999334
75.999585
76.000673
75.999271
76.000343
76.000583
75.999907
76.000071
76.000725
75.999340
75.999266
75.999843
75.999672
76.000279
76.000660
76.000658
76.000541
75.999525
75.999811
75.999914
76.000398
76.000413
76.000729
76.000296
76.000399
75.999640
76.000654
76.000535
76.000094
76.000533
75.999685
75.999565
76.000708
76.000228
76.000337
75.999601
75.999445
76.000121
76.000175
76.000359
75.999798
75.999349
75.999558
75.999308
76.000112
75.999562
76.000379
76.000137
75.999369
75.999970
76.000187
76.000543
75.999724
76.000493
75.999260
76.000211
76.000642
75.999415
76.000598
76.000479
75.999243
76.000137
75.999614
76.000379
75.999871
76.000269
75.999501
75.999931
75.999934
75.999560
75.999891
76.000118
76.000573
76.000708
76.000556
76.000228
76.000700
76.000270
75.999669
75.999709
75.999335
76.000498
76.000151
76.000124
75.999877
75.999621
75.999920
75.999967
76.000656
75.999562
75.999907
75.999396
75.999363
75.999528
75.999946
76.000162
76.000755
76.000666
75.999869
76.000225
76.000322
76.000269
76.000628
75.999452
76.000265
76.000348
75.999871
76.000196
76.000514
75.999363
76.000577
76.000155
76.000639
76.000437
75.999657
75.999686
76.000458
76.000544
75.999398
76.000509
75.999317
76.000073
75.999692
75.999338
75.999474
76.000512
75.999863
75.999652
75.999575
76.000414
75.999944
75.999975
75.999404
75.999924
76.000380
76.000595
76.000664
75.999878
76.000736
75.999345
76.000370
75.999810
76.000274
75.999664
75.999802
75.999432
75.999409
76.000326
75.999280
75.999403
75.999372
76.000219
75.999605
76.000498
76.000644
76.000125
75.999686
75.999943
76.000598
75.999336
75.999539
75.999941
76.000506
76.000235
75.999600
75.999635
76.000473
76.000712
76.000596
75.999728
76.000566
76.000182
76.000525
76.000000
76.000350
75.999498
75.999626
76.000274
76.000734
75.999588
76.000513
75.999576
75.999372
75.999251
75.999644
76.000516
76.000333
75.999712
76.000251
76.000670
75.999706
76.000418
76.000178
76.000698
76.000753
75.999514
76.000290
76.000334
76.000244
76.000299
75.999263
75.999586
76.000700
75.999553
76.000428
75.999506
76.000675
76.000279
76.000657
75.999959
75.999426
76.000001
76.000719
76.000642
76.000729
75.999296
76.000366
75.999793
75.999676
76.000317
75.999427
75.999274
76.000540
75.999894
76.000109
76.000409
76.000536
75.999317
76.000256
76.000415
76.000415
75.999404
76.000601
75.999328
76.000072
76.000447
75.999247
76.000561
75.999944
76.000366
75.999867
75.999748
75.999277
76.000661
76.000411
76.000622
76.000726
75.999731
76.000400
75.999436
75.999480
76.000717
75.999785
76.000707
75.999409
76.000005
76.000755
76.000457
75.999985
76.000115
76.000179
75.999785
76.000708
75.999789
75.999978
76.000401
75.999242
75.999405
75.999309
75.999580
75.999508
76.000153
75.999549
76.000321
76.000061
75.999291
76.000462
76.000095
76.000065
75.999550
75.999998
76.000337
75.999836
76.000294
76.000222
76.000366
75.999621
76.000138
75.999832
76.000479
76.000536
76.000709
76.000412
75.999731
76.000309
76.000567
75.999470
75.999468
75.999789
75.999769
76.000307
76.000121
76.000261
75.999628
76.000325
75.999798
75.999416
76.000745
76.000139
76.000696
75.999612
75.999985
75.999792
76.000241
75.999394
75.999427
75.999920
75.999580
75.999802
76.000431
76.000333
76.000497
76.000223
75.999815
76.000146
75.999730
75.999926
76.000492
76.000233
76.000682
75.999454
76.000669
75.999695
75.999337
75.999943
75.999279
75.999802
76.000274
76.000146
76.000158
76.000075
75.999621
76.000507
76.000285
76.000152
76.000581
75.999596
75.999772
76.000519
76.000182
76.000273
75.999644
76.000538
76.000482
75.999837
75.999702
75.999592
75.999814
76.000251
75.999478
75.999973
75.999649
76.000412
75.999699
75.999462
75.999993
75.999818
76.000258
75.999484
75.999577
76.000384
76.000509
76.000421
76.000019
75.999620
76.000239
75.999435
75.999260
75.999812
75.999861
75.999588
75.999854
76.000332
76.000423
75.999595
76.000519
75.999579
76.000286
75.999477
76.000674
75.999686
75.999573
76.000259
76.000430
75.999361
76.000020
76.000187
76.000167
76.000173
75.999505
76.000633
75.999609
76.000595
75.999710
76.000614
76.000228
75.999537
75.999569
75.999331
