48852758854.519257 12.849710 0.979724 0.158298 7.231183 4.193721 67.379787
13465554959.911188 24.545310 0.826973 0.422099 2.024554 3.501831 52.344036
67102411427.411530 14.501823 0.759789 0.395757 5.275114 3.784779 77.220658
175504899657.213348 12.461444 0.793325 0.456642 14.875622 4.552120 102.421707
19756241114.985683 18.692843 0.350000 0.391346 14.468238 4.117572 54.990107
231094990684.707733 9.561450 0.887659 0.177003 3.452482 3.414408 105.591434
67575100838.166695 10.878639 0.956489 0.013817 4.487902 4.505205 72.145215
10195319393.482740 47.378286 0.988965 1.074042 1.407576 3.207952 58.769136
195731699863.641266 14.016033 0.935510 0.600042 4.364181 3.301441 109.374800
50490231648.902069 13.415789 0.507328 0.289511 6.958426 3.742378 68.859141
14009018067.541815 33.464393 0.318843 4.231044 1.350845 3.409266 58.338381
25140756742.847359 49.337148 0.749190 2.706054 1.148451 3.885008 80.484646
26122756121.248501 14.567713 0.969756 0.053300 18.357238 4.487325 56.450536
30002228145.708206 15.448812 0.540524 0.250620 6.793461 4.574196 60.028493
10533157921.358734 40.491346 0.363607 3.133465 9.803028 3.467853 56.403293
62799090059.638870 16.947658 0.593032 0.859248 2.572699 3.123985 78.708310
14435768225.641502 21.562513 0.458980 0.489452 2.929000 4.865863 51.575746
13209905403.118034 18.743483 0.678911 0.199949 14.535001 3.960921 48.121963
18686542208.221931 31.653841 0.380845 6.996955 4.487307 4.479662 63.103639
30163900595.108562 15.793338 0.846563 0.211991 1.752690 3.227263 60.487208
37748149971.912323 29.746249 0.476894 4.038331 2.205160 4.492147 78.241181
60822139049.857246 12.116306 0.636675 0.451476 3.441527 3.362399 71.453211
37250164106.422203 18.484338 0.855104 0.564451 13.289289 3.480687 67.723504
79717673309.770264 13.504263 0.605308 0.206568 9.262476 3.846296 80.314533
214112440231.495178 9.261359 0.616740 0.042740 8.282844 3.028278 102.232040
215792098836.486694 11.056398 0.506067 0.583545 1.887697 4.603393 106.640491
109354720084.953537 34.780885 0.574939 6.599371 1.505095 3.725088 117.152883
166762100511.223785 8.627688 0.558746 0.111959 15.504808 4.499939 92.667295
55965012227.436928 11.808717 0.262345 0.012803 6.594311 4.335806 69.070215
151678315261.726807 12.194264 0.921611 0.457166 3.978316 3.345919 97.047050
82378400581.844269 10.657213 0.120030 0.082710 7.173309 4.890051 76.705984
200204464238.424744 15.213618 0.784618 0.750482 5.227171 4.539812 112.559671
69725477905.469727 10.754065 0.027661 0.012628 4.784186 3.550544 72.709292
104186702068.966446 47.689034 0.755655 7.443065 1.902771 4.339628 127.811606
73934283480.074036 16.222462 0.492373 0.740228 14.179445 3.907017 82.138350
30927852687.125595 17.450616 0.903475 0.245939 1.942148 3.709065 62.652333
308965742661.960327 9.996452 0.200633 0.296466 1.312062 3.557718 117.468435
11628553322.843449 17.904309 0.507563 0.122036 19.989355 3.182163 45.538857
8718550536.285566 48.111993 0.773467 1.288810 11.479949 4.732387 56.070297
25333958117.017052 44.954182 0.698099 5.246205 1.693394 4.495808 78.219150
12499415904.694046 42.053397 0.891964 1.065473 2.001877 3.390951 60.460249
67155127658.263329 12.006048 0.497199 0.213331 10.534348 3.346007 73.689246
67232002263.556030 16.973376 0.487614 1.067181 11.701369 3.254997 80.551390
18253963794.074280 20.970571 0.517209 0.274897 1.640273 3.877956 55.327424
15704710573.995110 34.366568 0.406186 6.308109 19.432930 4.636777 61.116767
18964467296.367317 23.502597 0.309694 1.032608 7.223711 3.609761 57.923920
61687883599.696442 12.446121 0.011493 0.031870 5.388847 4.841364 72.260092
13714852265.825464 26.742458 0.734887 0.470142 14.450936 4.159274 54.038547
25343694904.879097 18.009049 0.575850 0.194794 3.065276 3.122267 59.137159
23160379084.871948 18.430535 0.153652 1.577934 3.216054 3.660404 57.755626
58476834294.070435 22.317097 0.649628 1.028018 1.412266 3.211934 83.040517
19939697615.653320 18.528518 0.162957 1.488952 1.676444 3.910398 55.024636
27759339794.280930 27.778999 0.834233 1.186724 17.139453 4.646632 69.151416
11685149940.568771 49.538020 0.667298 2.637657 2.302868 4.608485 62.429864
32379044075.670082 28.969764 0.960665 0.863457 1.340102 3.451417 73.735616
60760646795.379280 21.441368 0.997170 0.942046 12.820049 3.748520 83.138189
6450092550.367750 45.999308 0.396727 3.689407 2.470097 4.659960 49.955987
35857932193.350945 22.813935 0.536775 1.056412 1.797974 3.603691 71.003696
10731285086.561132 46.922412 0.543646 2.817099 3.928952 4.838257 59.588459
145451780628.117950 10.901378 0.122500 0.939182 4.702684 3.538676 93.195416
53408370112.270515 26.721616 0.393679 7.249063 13.965124 4.809324 84.997689
14200649425.025780 17.537886 0.816183 0.053312 2.319552 4.910307 48.400332
127481926874.059555 20.527101 0.600028 2.413684 1.518646 3.753318 105.111538
40086765657.261147 13.681223 0.130383 0.235031 13.036664 3.823005 64.076812
92663818685.420471 35.642806 0.928044 2.822414 2.334194 4.044664 111.730623
23616981763.161774 14.551160 0.098614 0.176601 7.054296 3.401779 54.568560
37938202484.208328 14.315527 0.655351 0.010344 1.340708 3.917417 63.640873
8965933726.092470 25.584286 0.497104 0.266548 5.852289 3.674055 46.277714
57524354950.834404 21.090148 0.260062 7.262562 17.321730 3.399819 81.248188
8318965482.126868 36.756314 0.591728 0.855649 2.167242 4.465354 50.525658
13709762342.064379 17.248006 0.574218 0.014232 10.963726 3.985120 47.619222
4547442778.319353 47.706735 0.616455 1.134774 1.498022 3.342235 45.006571
10277506373.000790 26.435587 0.498044 0.620604 17.556891 3.052724 48.912370
301265652662.373413 11.813188 0.225828 6.570812 3.483423 4.535047 121.061981
133521119516.404816 8.965727 0.974332 0.040180 1.916102 4.639548 86.741668
74200487522.279373 41.675109 0.714060 5.147992 1.253180 4.151031 109.148987
161227081136.472443 10.115369 0.155903 0.487215 5.748403 3.387179 94.822005
18679449033.233494 42.969874 0.391385 8.990683 2.672889 3.254404 69.616348
29873952022.920620 27.352688 0.917550 1.038904 1.842971 4.095720 70.531100
30116049127.084270 36.026143 0.640557 2.850714 4.103403 4.160820 77.082588
21949668612.738400 43.725869 0.579384 3.734432 2.064032 4.638329 73.886908
20088579456.301048 19.376680 0.740353 0.205056 1.102879 4.012849 55.854930
72023993951.571289 15.501365 0.599368 0.438756 1.483980 3.133185 80.448899
12356321080.054121 28.638786 0.466424 1.363747 14.505191 4.330601 53.294654
48753730591.076492 18.787275 0.797747 0.376549 2.189708 4.720663 74.415195
9743684752.018311 47.765170 0.886431 1.190989 1.693744 3.098162 58.046051
11211686710.176464 40.905134 0.461987 4.127794 5.735426 4.411338 57.781146
35067914292.288231 24.413219 0.260796 9.586619 6.546256 4.854236 71.900570
219467446570.582764 10.189191 0.803385 0.139286 1.641477 4.616849 105.259325
88138346127.659576 10.148782 0.204964 0.037525 3.524116 3.347115 77.589919
9852810311.319799 24.056882 0.357674 0.417926 4.447602 3.612478 46.887245
47880580426.345383 24.145680 0.692188 1.152509 3.141477 3.355594 79.505145
7273719319.952994 38.203287 0.499048 0.979642 5.946460 4.737490 48.919979
169315560810.377075 9.107211 0.006036 1.701957 3.860238 3.085514 94.199697
70438519993.730789 16.848318 0.506678 0.975829 8.181917 4.953358 81.648715
99273757343.121002 10.476854 0.044267 1.337076 19.028041 4.905709 81.310303
106472072340.122864 8.738504 0.899950 0.015680 7.064113 4.325810 80.005826
11354952422.507059 37.317847 0.511997 1.864242 9.538009 4.030964 56.321160
140577143076.510315 13.692431 0.126217 4.571164 2.267503 4.599080 97.370774
62429891773.369736 11.496376 0.687931 0.109860 13.981814 4.537539 71.178501
14236132460.380684 19.080933 0.315670 0.215106 4.865729 3.106788 49.583443
28539113138.314034 23.611734 0.707300 0.538441 6.665882 3.594035 66.468764
30000210106.700138 18.369273 0.290785 0.927849 3.862878 4.435202 62.900388
25176659857.046318 43.491858 0.627858 2.497694 5.302515 3.533932 77.206489
43591001930.937759 13.211830 0.152221 0.011415 16.959148 4.076239 65.317176
18527867810.360088 18.972101 0.213921 1.481906 5.925335 4.297170 54.048888
26415781580.981045 15.095433 0.568560 0.277057 4.911135 4.505565 57.186572
54138806816.518364 46.346951 0.952756 3.178493 4.878546 4.576243 101.779092
221021791374.539581 8.615044 0.835562 0.209666 3.958943 3.043771 101.759319
25876897022.167217 17.860108 0.813658 0.326180 3.484803 4.816071 59.413161
22775168798.146152 24.704071 0.532692 1.112706 14.672457 3.777882 62.485596
19160635455.060242 26.649682 0.324662 1.968064 6.702013 4.964567 60.346584
270802665370.865173 9.395125 0.044526 0.670871 2.106607 3.129676 110.899710
54932594143.012482 41.010373 0.769649 3.079551 1.214200 4.691876 98.221046
52446034294.316574 11.134762 0.165512 0.081931 7.259804 4.158857 66.659546
89210931935.293320 12.035353 0.199203 0.750822 9.974414 3.804594 81.053524
7079686665.023106 23.756577 0.812703 0.032088 14.550218 3.498832 41.840090
76228638460.747513 11.493041 0.174828 0.017244 14.013011 3.746382 76.072481
139839439398.348022 25.263653 0.444095 5.220644 1.193025 3.964786 115.188166
92747526367.446976 10.646415 0.634416 0.141071 2.872779 4.574839 79.779530
285681169946.881287 7.243133 0.085437 0.510654 6.966752 3.601048 107.132105
6489343436.540618 22.007025 0.403328 0.010184 8.877133 4.647373 39.743255
5424826130.115861 39.892089 0.225067 4.943503 6.172563 4.774979 44.991773
21923615314.454445 32.249575 0.518606 1.862916 7.616990 3.204889 66.945827
28565375359.330345 18.965434 0.594121 0.301090 3.493721 4.964841 62.433205
76384067754.285751 10.982082 0.885341 0.392855 14.365048 3.889496 75.317790
18439572803.987293 46.414224 0.676013 2.244702 2.135537 4.693139 71.113072
99922333713.381760 11.338775 0.343458 0.326502 6.048225 3.292049 82.989968
13392676850.882580 26.801555 0.228875 2.867203 9.120281 3.082456 53.647935
107454757683.283615 9.709165 0.985456 0.031873 2.431027 3.820903 82.078407
69143600425.234985 45.650141 0.684160 5.624824 3.062423 3.523004 109.870445
272226260246.966248 7.881628 0.836659 0.018079 5.202258 4.406367 107.141159
43363477882.884590 13.264582 0.337358 0.326885 4.013009 4.867695 65.268221
17665720274.221931 42.152846 0.639558 2.669808 3.551888 3.536252 67.902814
41801882233.332474 12.527852 0.152603 0.022854 5.164186 3.424835 63.570867
24626278024.478603 13.985875 0.074431 0.506530 11.162273 4.056962 54.776168
26014520944.513378 17.200609 0.166455 2.251308 4.115706 3.560406 58.909597
39446042132.621925 47.199309 0.613601 6.012326 2.220046 3.877258 92.143979
11240552549.243179 21.100943 0.367411 0.587756 6.255643 4.207202 47.154461
102952425694.702637 12.669343 0.161045 1.136879 2.316234 4.807820 86.086237
58673593301.987442 23.590948 0.318030 5.431969 16.681175 4.919895 84.496532
10254514281.433487 42.683149 0.665782 1.361337 1.789555 3.152167 56.876958
5489855238.257263 30.898304 0.972980 0.365251 1.815705 4.722393 41.634375
23825413485.631859 17.876908 0.286074 0.427945 2.509759 3.887069 57.814608
10292197687.584003 22.216208 0.649443 0.287896 3.570488 4.863514 46.475677
159085999636.246124 9.680846 0.486115 0.056860 1.958358 4.224797 93.487369
27886969169.897041 30.781219 0.812289 1.455682 9.625376 3.217985 71.485529
55556960848.165253 22.354423 0.363577 5.271002 19.642434 4.488323 81.674445
13587128960.769835 31.059298 0.349864 1.590638 4.777228 4.578166 56.408591
28394296960.078037 15.116529 0.890760 0.083850 3.996472 4.009462 58.601445
219719693868.549194 10.018699 0.193832 0.115239 4.598983 4.574272 104.903240
75901485574.774094 23.362996 0.409680 4.304187 2.850331 4.543221 91.804956
49531406367.668350 17.165935 0.671114 0.794320 1.326441 3.613149 72.974242
68827259297.041458 11.675321 0.658459 0.229200 16.811181 4.044957 73.801009
123233814244.149628 20.303634 0.618230 1.124240 1.223083 3.916942 103.607358
21223266481.060753 33.691814 0.866820 1.083727 8.503903 3.042166 67.146093
35034086632.276253 22.105030 0.289462 3.454827 9.219308 3.329062 69.810412
38824164916.303337 34.816930 0.617455 1.831654 18.673112 3.408955 82.982122
46888726187.362160 20.019754 0.680851 0.589573 19.182786 3.067076 74.776976
73548245811.077087 11.528055 0.899634 0.059640 4.803820 3.616309 75.224292
55615540224.371170 30.642139 0.847472 2.106090 1.312609 4.014837 89.853926
6892426530.526768 44.714744 0.972264 0.892194 3.317879 3.062808 50.594063
16852509827.072016 29.488708 0.433218 1.804083 2.152504 4.823921 59.638048
262477070566.721466 9.547995 0.177625 2.134602 2.886106 3.691947 110.135968
39665461710.316582 16.837906 0.254673 1.143441 1.262806 4.975671 67.413098
61571399698.395851 11.372093 0.504772 0.323232 7.517251 4.457183 70.669302
64584100117.682167 19.552971 0.771680 1.067448 5.047381 4.129878 82.646883
6106218291.306923 47.306574 0.960108 0.783734 6.847458 3.287869 49.513052
34945159020.148903 25.545787 0.485615 1.956874 3.757350 3.278759 72.795759
168133716487.230774 9.613049 0.703006 0.121426 4.032919 4.285712 95.080854
44709894373.819313 18.000515 0.586438 0.663179 4.655807 4.562138 71.446619
311567099945.018188 7.263375 0.888748 0.049978 3.022438 4.744860 110.332209
54609298378.703972 17.665464 0.329384 1.765709 18.844305 4.095865 75.979347
16323590054.211689 47.114119 0.500882 6.393289 3.280480 4.028766 68.623893
9066970401.335917 34.583039 0.784031 0.767855 1.925416 4.781309 50.992399
141555124416.307495 12.091322 0.135961 1.831847 3.080498 4.520038 94.644064
50295768149.696396 13.588267 0.293913 0.276929 15.182311 4.353818 68.991807
308105140872.379150 25.696142 0.970598 1.846614 1.102338 4.028732 150.652181
29485855137.282768 22.610505 0.468443 0.822524 1.003976 3.777864 66.346839
107631700977.180191 9.585692 0.087129 0.507813 1.850109 4.235495 81.893894
18944508746.141243 20.229791 0.443346 0.489364 1.573259 3.908162 55.444530
98278639838.228500 32.973804 0.564681 8.305117 4.546570 4.375550 111.158897
11220074247.520372 22.193160 0.311266 1.188227 7.288024 4.648414 47.817905
31856328390.440800 13.600471 0.016070 0.881471 4.899046 4.541448 59.263030
63895891198.554764 17.381091 0.546148 0.950047 4.126707 4.112559 79.708655
11647189481.230484 21.947625 0.967178 0.206870 6.499828 4.147130 48.261023
6792012172.212975 36.555661 0.310959 2.543524 1.470574 3.300254 47.140111
12116974520.010202 23.256312 0.652151 0.573562 15.679802 4.644830 49.735098
119817113774.589539 10.282060 0.330098 0.259248 5.243339 4.949083 86.204408
14797947137.755993 37.744358 0.360925 5.480007 4.993774 3.601434 61.745253
30797196557.697201 13.620184 0.324718 0.055271 2.303491 4.687564 58.620238
114977786177.151779 9.041212 0.585382 0.018371 2.874300 3.870797 82.670728
17940224052.017799 30.259032 0.317916 5.623145 3.459964 4.668937 61.383013
52225626231.435410 12.314111 0.755978 0.058638 5.109637 3.931483 68.181367
12185702990.981903 45.143061 0.550961 2.320829 6.426571 4.949820 61.371557
229746348339.997345 9.913666 0.061452 1.143064 1.466111 4.043170 106.226348
33498733127.824944 15.055675 0.984392 0.018868 3.537431 4.784008 61.856237
125709161392.390808 8.683997 0.849718 0.010793 2.911364 3.597276 84.450270
30497454234.323139 16.041235 0.627786 0.313986 16.363913 3.942504 60.960883
18173737370.705391 31.757484 0.741021 1.063214 4.127714 3.495412 62.585120
13847491451.248861 22.993999 0.628433 0.447742 6.610422 3.529636 51.825411
65292406692.886658 43.629509 0.802977 3.992958 2.056256 4.984382 106.184776
67450450416.364967 11.577998 0.295922 0.100559 7.617594 3.329196 73.160000
94649631781.716522 11.207336 0.241442 0.180866 8.169858 3.305520 81.281226
37135044186.382767 22.087330 0.801519 0.849548 6.770106 4.573792 71.162342
14044359986.309036 18.703360 0.850418 0.129362 4.958536 4.634396 49.085332
8244758658.199326 46.002285 0.691979 1.809242 1.453780 3.313434 54.216845
39915006755.875366 20.494867 0.263190 9.006948 15.679795 4.533681 71.343054
3916394900.498743 43.560921 0.657929 0.697989 4.823863 3.859998 41.544257
30531151622.804047 14.195859 0.860045 0.021496 14.115332 3.173350 59.068745
87885730372.542618 20.229090 0.406561 3.480348 4.559669 4.519902 92.469698
13532944509.789284 39.412711 0.752288 1.132217 1.603528 3.213163 60.779676
17968188933.557812 19.054593 0.528243 0.438588 2.673775 3.675536 53.563997
38850813571.287582 25.959611 0.916023 0.762705 1.463438 3.172565 75.777781
135327296651.121109 9.182537 0.241964 0.014009 2.251333 4.692738 87.573810
42762641696.499542 19.948391 0.668300 0.671089 15.188093 3.068478 72.442612
51517420543.999924 13.443935 0.321121 0.014288 14.287600 4.945866 69.359435
139879365447.996521 9.607570 0.362134 0.271797 8.844618 4.428692 89.413956
27090728438.439598 21.576888 0.494901 0.689425 14.218743 3.760024 63.629132
226409714219.743225 8.788673 0.672518 0.097407 15.714848 3.179865 103.005246
66435666310.877846 15.816449 0.268237 1.616145 7.347065 4.930622 78.729295
143936665379.592438 19.545026 0.319814 5.267082 4.719686 4.357731 107.942397
6665739836.765976 44.695182 0.410369 3.896491 9.521914 3.123139 50.025937
68156048318.771431 17.506184 0.283994 4.208157 14.762226 3.333055 81.601674
4428205500.144756 45.623894 0.619585 0.818204 5.232044 3.829041 43.949744
11185893474.690653 18.823282 0.508067 0.013208 10.055972 3.352514 45.580695
29237669239.727245 49.131178 0.895709 2.427267 1.637495 3.445567 84.519431
41434307984.358742 32.790099 0.488121 6.335108 6.899900 3.744870 83.204289
28032436982.918770 43.208132 0.473061 6.135809 3.061989 3.541463 79.848956
34114381444.313488 23.251065 0.449583 2.566921 3.078164 3.755364 70.223416
7866797183.787312 34.327502 0.779894 0.486181 6.577579 3.893073 48.520579
39188902753.480103 16.956993 0.987255 0.297044 2.403959 3.611220 67.270072
23214357797.101753 26.649702 0.888233 0.610900 8.708677 4.688960 64.333184
90325130166.079834 13.118086 0.639836 0.427007 17.309504 4.269140 83.124233
9693236649.501093 27.162530 0.848640 0.338570 1.195646 4.278900 48.363480
45693369924.089005 13.403781 0.925472 0.025348 9.114687 3.823453 66.590564
197195123450.777832 9.529336 0.028568 2.297405 4.955971 4.803991 100.079700
270683234469.944366 7.391466 0.015878 0.208597 3.538815 4.831616 105.624336
82356726521.479263 24.959527 0.520594 3.835900 1.311712 3.910246 96.203675
50828233767.418480 15.529574 0.071938 3.519781 1.560433 4.783902 71.658987
37943728649.774635 23.715207 0.382074 2.531887 7.104829 3.861546 73.183151
27343845284.684498 31.468022 0.987069 1.361631 4.452432 3.669241 71.509535
21732428689.897652 24.828891 0.273984 3.240906 18.898754 3.900837 61.609534
49548445776.874863 13.235896 0.191054 0.133903 8.146740 4.984477 68.197585
187128676628.160828 12.480382 0.987382 0.376469 14.704743 3.051754 104.673493
4832399634.937945 39.786348 0.373044 1.466499 2.679974 3.091146 43.253013
8116756608.676372 26.151315 0.949370 0.295176 8.072469 3.347797 45.064276
11459652946.152267 49.782881 0.540973 4.178937 1.467456 3.883237 62.128773
9298327375.763004 37.057795 0.843720 0.706939 11.969253 3.024033 52.573374
220905533426.175140 8.170084 0.751324 0.027495 7.925966 4.431933 100.649641
23843190511.017094 17.780831 0.229370 0.563997 2.079294 3.915112 57.743487
10516936346.765606 23.173183 0.367958 0.695559 13.907506 4.986151 47.391940
10859669885.343885 47.833669 0.596421 3.153468 10.076877 3.883290 60.211438
21880631505.004002 16.439765 0.245239 0.386821 11.886234 4.307268 54.932615
201523689069.800629 9.528675 0.775165 0.207801 9.189657 4.450916 100.805161
6261825821.071902 39.302551 0.617981 0.743657 7.436595 4.789390 46.967683
24462023838.205021 31.315861 0.568029 1.850153 1.141555 3.032751 68.799146
56246147387.083923 11.060868 0.175449 0.019495 12.902622 3.650051 68.126391
22826149457.874886 19.063762 0.277319 0.770736 7.798334 4.164431 58.019529
85808205346.787155 13.565220 0.279239 1.767960 8.251527 4.390598 82.403243
19039760295.090858 44.990380 0.731485 2.088054 13.513360 4.686727 71.134779
244070559997.246307 43.021346 0.786381 7.286083 1.507676 3.702276 164.033740
28865015892.648640 36.330788 0.700183 2.585523 4.697504 4.199314 76.205714
89231809494.227402 11.115314 0.890558 0.170134 8.747928 4.041967 79.546483
110220894782.847336 9.295905 0.967477 0.051345 2.039719 3.161725 81.998885
22549303894.528099 47.769892 0.792631 2.820075 3.262279 4.724082 76.781578
31543859962.619816 13.293390 0.154001 0.025322 3.276060 4.678992 58.731006
21046091951.311977 29.149178 0.369218 2.284203 1.816539 3.415374 63.994043
137590135264.211426 10.621513 0.466322 0.392656 10.255256 4.409300 90.939769
7430587150.401132 46.620441 0.917765 0.891219 4.980583 4.449052 52.603675
64500465346.872078 11.027529 0.577013 0.016281 9.380051 4.095947 71.258051
172898522915.082428 8.918964 0.777891 0.015917 10.993938 4.992107 94.441610
173195224267.111664 22.862329 0.522760 4.115633 1.366908 4.857971 120.097461
67417852526.459038 25.772090 0.576740 3.786112 17.983719 4.833693 90.862780
191259929117.549927 9.664350 0.297241 0.124382 2.124149 4.765978 99.369879
18959489126.405918 37.455538 0.660340 1.849744 15.233821 4.633397 66.896188
45841974046.847595 20.108478 0.305631 1.618894 2.421798 3.394491 74.309426
5940662919.868344 32.004154 0.909478 0.319257 2.805970 4.505802 43.217086
160606133560.503418 14.210519 0.271222 5.341443 3.097923 3.774389 102.757155
56445133366.335297 47.461276 0.726640 6.081586 1.346130 3.427411 104.026877
31652903654.369659 36.058218 0.877760 1.698726 3.094125 3.073525 78.394464
65658767481.736885 15.583009 0.267187 0.743839 1.010216 4.136683 78.113563
12135162319.018152 45.771091 0.592381 2.478147 1.623912 4.919515 61.568886
135792985066.620178 13.675332 0.483816 1.480969 2.696519 3.146199 96.223047
11557329246.368904 46.953167 0.616859 2.500467 1.032564 3.309861 61.093147
5618357084.575249 37.857916 0.300404 3.510576 3.950522 3.620597 44.753589
101431016778.731628 14.686247 0.909740 0.789811 19.313764 3.903421 88.912199
27220591622.842831 40.794011 0.542026 5.482430 2.046836 4.485246 77.590471
27921056064.399521 26.390361 0.605072 1.783603 12.334923 3.058230 68.214279
60775967880.498192 11.610185 0.187958 0.200573 8.104072 3.336153 70.709115
164791500017.850616 8.635713 0.236517 0.215200 2.453287 3.647942 92.318569
12958762084.142948 28.511253 0.543339 0.980902 3.816055 4.486208 54.072902
7782135465.002029 21.262397 0.801755 0.011566 11.824264 3.425872 41.806565
46063116355.750244 13.495231 0.143546 0.431190 15.163115 4.686603 66.883759
61008180087.020073 10.707325 0.459025 0.052607 8.028229 3.305047 69.473801
7713963465.628644 23.402688 0.860630 0.010066 11.964950 3.270008 42.863946
80523510934.287872 13.882180 0.291169 1.384885 11.676072 4.208266 81.148068
68658923547.087631 15.638328 0.365740 1.420387 3.135620 4.464111 79.359814
93879901124.030853 25.087613 0.527540 4.581731 1.130040 3.895022 100.649975
62508986670.488289 14.426917 0.534268 0.261704 3.535632 3.928981 75.316361
69221019858.993744 17.684376 0.184248 8.873965 1.397603 4.107764 82.252031
180441704258.838257 14.810016 0.385266 0.914544 2.053234 4.885550 107.967826
145068133321.864258 9.998228 0.409121 0.122811 2.025021 3.825597 91.304511
205650676475.252716 8.513284 0.790338 0.011034 3.769902 4.392720 99.100844
9848913334.714260 43.527537 0.439275 3.230227 1.196456 3.350780 56.480894
32285520126.864754 16.391001 0.422109 0.267277 3.614014 4.016689 62.488557
102883032462.491821 28.443244 0.515482 7.456922 3.428831 4.427151 107.792375
7008773189.261964 37.417910 0.357690 2.568575 6.709477 3.339365 47.995329
177145464197.036163 9.341926 0.073499 0.039620 7.609615 4.956209 96.151884
290325893896.605042 37.679108 0.748893 8.871452 1.098430 4.592381 166.439180
7020171647.199124 37.481444 0.356937 2.693314 1.582752 4.366096 48.047631
26913478059.084423 14.801595 0.961049 0.115493 2.873916 4.401773 57.249880
11565411035.484879 41.041225 0.807045 1.360653 5.796863 3.553639 58.446050
18178755129.768871 22.836181 0.675683 0.805188 7.726811 4.028151 56.632331
52295452761.202225 12.530092 0.014375 3.071903 3.501109 4.533999 68.501459
250913392836.824646 8.570052 0.509383 0.226463 5.985588 4.292617 106.039662
21163333435.502609 22.514025 0.242137 1.675334 9.786368 4.452615 59.329192
10476409925.546036 40.806276 0.649066 1.941220 1.347397 4.182703 56.444645
7556760157.337543 39.253946 0.808346 0.686947 2.249356 3.377849 49.984563
136886526887.717377 11.400316 0.209706 0.184634 7.745176 4.633474 92.287920
16803402988.861866 15.922537 0.361535 0.015166 13.306162 4.519524 49.877544
6940000879.292268 27.287697 0.725632 0.298606 11.675491 3.729176 43.326652
11891603468.236225 18.777539 0.137958 0.361185 7.862677 3.222720 46.488240
12016478143.527643 37.519369 0.275223 7.074964 10.670927 4.735700 57.494138
20885511123.255009 35.792854 0.989108 1.111921 2.340588 3.349480 68.087584
93119260803.508041 15.893372 0.590284 0.359651 1.857214 3.242146 88.221509
46122746088.191650 14.877933 0.487500 0.312519 2.403274 4.894119 68.601933
26592508016.146561 26.350590 0.705684 1.125403 3.981974 3.817139 67.084141
49638294349.403976 12.179452 0.760358 0.057034 5.082354 3.940997 66.857848
76004591255.415741 14.252720 0.607425 0.234447 1.310688 3.028237 80.137230
133671933895.401230 9.545352 0.472177 0.054312 1.561230 4.287788 87.946650
30991592370.983105 20.755442 0.756999 0.400407 1.455891 3.605965 65.809296
5261688708.828522 25.003130 0.060269 0.436534 4.182290 3.034616 38.479263
66334151088.326416 14.221902 0.508023 0.620635 12.830594 3.546144 76.540755
4348260019.718095 39.191957 0.663543 0.503045 1.930194 3.383094 41.553347
42015018606.689560 22.265737 0.455715 1.227272 1.449256 4.609142 74.325721
18352544636.646011 39.943958 0.683132 1.668804 2.446373 4.698835 67.570003
10312994234.346821 47.912505 0.938768 1.260532 1.864087 3.094300 59.216316
201049907056.775146 8.701322 0.875996 0.014116 13.313333 3.316483 98.800597
84392829006.519974 11.303472 0.488387 0.011639 4.274467 4.168408 78.388996
23262882446.196404 31.872601 0.840282 1.247819 11.229681 4.006870 68.030496
12252045190.159666 43.347751 0.458265 2.420100 2.275112 3.971491 60.661683
12181614334.471287 47.298265 0.905982 0.915362 1.086743 4.274282 62.326348
114157665093.286102 19.897360 0.658374 1.143590 1.331320 3.765044 100.421383
23053272185.692230 49.268721 0.590887 5.407547 2.675493 3.673893 78.155872
29900319551.727802 15.874636 0.185738 1.653157 4.294261 3.389833 60.392639
315382088560.408325 7.609712 0.766469 0.021375 4.769689 3.807310 111.762602
17255413428.418003 43.774342 0.448896 8.120541 4.270687 4.693351 68.216972
234564978934.227142 9.014419 0.041351 3.714245 4.762505 4.623843 104.784117
13336311283.103218 40.675034 0.633932 1.553526 1.392857 3.994952 61.109138
31258500879.294472 17.335278 0.780744 0.324290 6.537927 4.141897 62.761250
21436542799.548119 35.029532 0.414268 4.088170 8.783858 3.057392 68.209550
7076824956.074688 31.462455 0.849855 0.478855 2.015151 4.481480 45.568654
26014761890.824306 26.085522 0.258920 6.112116 18.480903 3.137033 66.391878
37137212990.686394 45.457637 0.605030 4.521913 7.263346 3.281332 89.184493
40985611704.185181 24.517992 0.847721 0.980933 15.679377 3.808550 75.833144
24568061290.371830 20.645415 0.752947 0.569219 4.709578 4.173008 60.813968
65857712386.059555 26.441191 0.652685 2.267673 1.081618 3.364933 90.855835
66131991772.273582 49.012530 0.696053 6.571008 1.867527 4.871745 110.856132
76312494681.166702 9.924282 0.411841 0.044314 8.839535 3.078566 73.584147
30344473163.578102 14.869862 0.300668 0.211220 12.526095 4.375559 59.657256
5167158231.931406 26.773884 0.621434 0.230339 3.519924 4.663560 39.043175
71157377190.636032 29.094866 0.993469 1.438980 1.517556 4.164608 95.992941
229781813890.278931 17.679947 0.379716 3.116742 1.491097 3.051913 122.690063
76882504046.538132 10.984975 0.156129 0.025430 19.106984 4.217950 75.485874
65551573167.304214 13.543058 0.024981 4.789376 3.633404 4.349427 75.298037
101886738363.699844 16.155996 0.359235 2.589022 5.100447 4.302840 91.304896
190388471215.820160 9.807248 0.171864 0.017465 2.874756 4.896790 99.539124
23024067280.883362 14.667675 0.333934 0.188160 3.083441 4.385049 54.219597
46767134591.012505 12.806218 0.693760 0.014145 5.226091 3.600027 66.351420
55822781074.336967 29.497974 0.842592 1.458577 4.796873 4.719735 88.909443
12654831786.145472 20.688052 0.838007 0.181425 3.666230 4.384256 48.777672
190415862586.269440 8.531534 0.144414 0.271336 18.009773 3.315145 96.633092
36201452523.729370 21.097919 0.209628 5.960883 3.186492 3.526779 69.633415
31082726527.122566 32.005273 0.420589 6.501509 11.934865 3.517543 75.027702
13959247442.935518 26.765356 0.434978 0.591891 15.796656 3.252429 54.371745
6685164071.100129 48.279155 0.853483 0.888201 4.101844 4.363055 51.379995
20169882651.115231 41.960998 0.503665 6.932979 1.334907 3.123666 70.864243
8201060952.961478 48.084619 0.518768 2.149528 5.558796 3.332458 54.927760
14894989529.326616 26.678130 0.455356 1.307466 11.576465 3.129941 55.505556
117483992226.213089 9.907971 0.080636 0.832924 18.978390 3.710932 84.935059
52884285759.752037 15.294316 0.101919 2.696433 1.873764 4.660275 72.321752
223257086780.159821 8.487699 0.075853 0.094676 6.323314 4.266863 101.789077
97091138672.332504 11.500716 0.664229 0.011923 4.889234 3.350877 82.473912
38895699910.933624 18.105249 0.177676 2.974442 8.265687 4.636481 68.313813
8952001850.490911 18.941037 0.552037 0.012149 11.513020 3.362659 42.392231
7222128410.331071 30.182765 0.248029 1.437346 5.805625 3.254761 45.288395
264167932730.691559 10.694104 0.971184 0.403950 2.567746 4.535075 113.204061
144708046720.853760 13.777042 0.790552 0.658220 15.011828 4.369900 98.468625
15896119034.098850 41.959543 0.550079 2.850197 1.625531 3.228030 65.456299
13672927172.941917 35.855473 0.759776 0.929298 2.554968 4.426253 59.153875
69516351780.751068 17.658850 0.267718 3.470435 1.479607 4.308101 82.336263
26586753242.559578 14.306755 0.339072 0.197929 7.773836 4.985947 56.519377
50165004905.018341 26.653296 0.740106 1.446860 6.271547 4.809000 83.176539
52868612810.697678 17.026699 0.172763 4.849900 10.288106 4.553359 74.413072
27715727406.870731 29.410006 0.261444 9.205462 1.735832 3.872232 70.337241
142717960498.889252 8.962864 0.252471 0.088893 5.435357 4.197493 88.683213
24215597499.934925 15.322491 0.046763 2.718747 4.222583 3.834971 55.770098
106513771951.363281 10.430837 0.359537 0.774965 3.329109 3.683707 83.157622
95567658791.362366 12.204327 0.941686 0.200047 18.519423 4.500393 83.214346
39953653778.843559 44.498801 0.649880 4.635271 5.841946 4.757973 90.739622
13932416705.489538 18.164413 0.702616 0.201710 4.071256 4.933427 48.559516
128265675495.206146 10.168632 0.555110 0.171335 2.798708 3.079731 87.965148
121930742968.072235 9.139145 0.113099 0.021661 13.271671 3.882850 84.497721
311539784209.048096 7.265143 0.888415 0.050069 3.021112 4.744111 110.333997
3989947613.451085 27.283890 0.849326 0.125148 9.402507 3.824024 36.025159
5735057268.738443 30.822971 0.429961 0.948797 2.636805 3.353884 42.213086
58983703015.431343 18.585905 0.372312 3.158569 10.328876 3.047917 79.055945
11147345454.886738 42.319898 0.380865 6.649133 6.524862 4.562859 58.317588
65932793957.751038 17.365813 0.761555 0.609899 2.817776 3.143833 80.527505
42038584764.210876 20.139690 0.344052 1.591715 1.855294 3.448075 72.226501
11154325962.762518 30.742431 0.552223 0.866494 18.975510 4.499699 52.649570
42061038277.937714 17.280099 0.397209 0.440729 12.565537 4.601162 69.228556
8479373553.803926 40.727705 0.449299 2.626370 1.316300 3.780623 52.569357
195266022765.526031 7.284705 0.816758 0.074348 11.986452 4.861351 94.471022
21766937725.853245 46.475830 0.660739 3.137614 2.517910 3.436696 75.189491
8755945728.821857 25.754629 0.908894 0.152035 2.524349 4.476901 46.005198
183283027519.846954 10.515188 0.670108 0.276916 5.938393 4.864991 99.831793
40567181742.799835 19.654310 0.325476 3.352979 3.910515 4.705900 70.883003
11867254777.558973 28.951693 0.662696 0.772359 1.528673 3.605086 52.758114
18778815308.695206 23.856701 0.537483 0.646089 17.161242 3.709164 57.989628
22972299191.887455 35.255967 0.495772 3.380127 13.024408 4.002509 69.944744
106850486394.890457 22.065353 0.325697 9.191693 7.667963 4.823719 101.186425
16503230659.718496 45.096596 0.412496 7.860133 3.689792 3.619816 67.877317
57050733744.838524 14.438442 0.073348 0.257035 2.760027 4.491693 73.072078
167834162796.065643 8.773276 0.104819 1.208946 2.649990 3.048835 93.188496
8261442589.036612 42.532119 0.416694 3.580413 8.335447 3.100495 52.861909
45443772623.070358 21.686305 0.347342 3.405040 19.731245 4.608747 75.713816
12817228927.069691 19.027433 0.119581 0.285483 5.252650 3.679279 47.840576
51683886290.071480 27.183057 0.391374 4.859647 2.741301 4.085434 84.510904
175916742544.458588 14.875612 0.380997 0.932313 2.129972 4.847389 107.180577
11219409454.199995 48.200310 0.876119 1.915199 4.446569 3.639980 61.025110
41897499478.470879 19.440223 0.205201 5.365201 16.362972 4.984517 71.428912
7857047952.326396 39.652027 0.571209 1.290642 1.199450 4.779124 50.804638
102746399674.768524 14.831971 0.214878 2.921671 1.764547 3.062284 89.523669
9271424668.976891 47.488494 0.629481 1.807318 18.402735 3.590225 56.981721
33287986111.893684 16.089515 0.842286 0.272760 2.003102 3.495262 62.816449
16336053879.789848 20.219415 0.740410 0.234775 2.475443 4.006109 52.765496
24905686004.627300 25.388279 0.505293 0.771391 9.797068 4.278616 64.903930
144246754374.831940 10.246376 0.632383 0.191092 12.952570 3.548756 91.633012
29820190394.868908 16.140428 0.750449 0.210304 10.970601 4.445762 60.605681
28752887331.603443 47.690087 0.808697 3.415078 16.333741 3.444448 83.214032
17578790506.538536 37.432401 0.579484 1.923229 16.672132 4.076218 65.218212
40773505674.689003 23.124212 0.238168 6.992779 4.394542 4.798795 74.404243
47336508903.415825 16.880762 0.947739 0.612806 11.860672 3.441761 71.554523
294331980338.674316 6.992923 0.298659 0.049719 19.180805 4.063769 107.504376
150430475240.275940 11.113602 0.064286 3.326426 2.495000 4.722464 94.669648
24384299469.333305 22.406282 0.430484 1.020482 3.042388 4.271660 62.111195
33061333366.795883 18.948300 0.322259 1.100771 1.348967 3.172116 65.533922
143069276425.900665 9.921118 0.505773 0.078002 2.314647 3.162660 90.727123
83903838305.566956 16.767167 0.387513 2.626695 2.653045 4.613682 86.438512
169909514312.538574 11.374644 0.795951 0.258105 1.841685 4.353268 99.128824
16011352294.759325 30.289575 0.479753 1.533963 3.223722 4.385104 59.117725
7779642068.522369 39.450702 0.386166 2.934788 6.399729 4.426109 50.553394
5410866253.877312 35.391143 0.386873 0.979992 2.271802 3.162386 43.248751
13830770261.471674 17.836741 0.328308 0.312995 3.584060 4.528420 48.198985
42669297555.302498 17.406172 0.829794 0.417540 18.640942 4.182765 69.698547
64192305559.680443 10.788432 0.819748 0.041369 8.754614 4.994213 70.784655
35961924712.920525 29.653117 0.341543 6.176646 2.013186 4.332447 76.912387
4880781470.289076 36.605433 0.254740 2.827932 12.698540 3.514559 42.241971
82079688893.221954 44.532317 0.976096 4.335499 17.795863 4.743878 115.380334
14113259731.412638 30.291348 0.714911 0.719641 1.436457 3.715260 56.683768
167149835504.578827 8.975332 0.062575 0.423529 4.994472 3.516583 93.507082
8755945728.821857 25.754629 0.908894 0.152035 2.524349 4.476901 46.005198
31595213242.168495 24.148094 0.250711 5.827370 1.722311 4.156745 69.219544
152563049793.261688 9.494068 0.311511 0.128348 2.195074 4.762641 91.800979
39479199191.723526 20.318002 0.617801 0.689569 1.121415 3.236575 70.907272
33006015398.793888 12.864672 0.077881 0.421431 5.379884 4.445373 59.141060
22116621599.117607 39.158560 0.555500 4.201655 4.003169 4.290310 71.441968
15882214733.748968 36.550225 0.423266 3.228782 3.016252 3.333418 62.566334
12862460261.098612 26.668755 0.637444 0.363548 9.339020 3.208588 52.850793
113926171938.418625 10.053045 0.090471 0.335387 4.411454 4.189782 84.340903
73035376686.667389 12.068462 0.275669 0.028424 5.865906 3.408018 75.874834
30809205589.635120 14.642545 0.080094 0.892295 7.648167 4.176329 59.721389
47053525423.950958 14.081599 0.333471 0.255438 13.315022 4.353603 68.089093
112918460267.452362 25.882250 0.747232 1.717727 7.415250 3.178794 108.045481
31410181695.218250 14.053468 0.952866 0.013951 13.782375 4.303023 59.476972
16553742918.577671 43.830302 0.611534 2.674795 2.205070 4.889258 67.307933
33273161217.135372 42.521979 0.505496 6.669780 1.505988 4.123794 84.098478
48144984685.889549 16.829829 0.555527 0.698366 1.923265 3.709747 71.900878
11312707601.936607 41.368177 0.885192 1.127431 4.758228 3.849925 58.168292
5055418391.804321 31.098786 0.092732 6.045890 7.975454 3.066273 40.587660
6041493366.601151 27.530146 0.623734 0.240175 4.151799 4.488556 41.481414
9330625262.494991 19.219405 0.556038 0.011888 11.734552 3.367094 43.157431
33814759676.613403 31.635660 0.636738 1.950157 17.127845 3.162319 76.883891
205857820671.332214 9.166011 0.475710 0.128339 10.785892 4.022279 100.678022
38616385155.857597 15.723290 0.664659 0.107148 1.423048 3.632492 65.601533
19509291128.039463 17.961029 0.262964 0.292671 2.459132 4.776449 54.158317
184785990836.822784 9.673344 0.790279 0.280576 10.997697 4.261673 98.255805
16925873974.305914 41.860392 0.373414 7.324684 5.808243 3.053869 66.788319
6799412150.188707 40.958000 0.671797 0.740619 2.347960 3.944869 48.929404
86158685779.041809 18.944999 0.383479 1.839508 1.355508 3.346059 90.178832
7138699297.665957 40.050497 0.742700 0.635698 5.120173 4.784024 49.367242
38049087413.713646 25.283814 0.493041 1.079844 1.028121 4.978450 74.659164
13664176606.707010 32.718427 0.278662 5.603868 3.089493 4.598133 57.445220
262175619696.598907 9.059578 0.550390 0.055378 2.072225 4.510342 108.859064
115475596977.758606 10.837590 0.213361 0.031311 16.913712 3.263923 86.178001
36823062833.050407 16.043619 0.173413 1.755019 4.817347 4.222362 64.916316
235543138776.976074 17.530880 0.372005 7.963233 2.631955 3.458531 123.420795
31346192584.354111 22.928598 0.832838 0.841314 16.056850 3.434061 67.991016
35435772012.192215 32.977065 0.966137 1.429810 7.188301 3.378176 79.119835
69767208230.609589 11.246228 0.043559 0.096091 15.302240 3.925394 73.482952
13357476917.025763 28.964593 0.353024 1.350418 5.765068 3.962020 54.887516
27908932208.011471 13.409146 0.523704 0.028236 1.646598 3.611692 56.504923
38433589387.601944 13.916854 0.823681 0.124420 3.060570 4.540737 63.457465
163235809671.349426 9.205511 0.694276 0.150638 7.672467 3.069659 93.271582
11576588231.534323 40.891026 0.753790 1.473250 13.953763 3.272681 58.394731
7500803340.429852 45.848096 0.721862 1.568494 5.121133 3.611600 52.475727
31805380802.217625 24.345762 0.315757 3.339549 9.959431 3.416104 69.540679
51291996898.894394 37.299128 0.889163 2.948423 2.693483 4.467630 93.087081
64066796110.689995 17.766552 0.761171 0.659523 2.838191 3.087207 80.259573
42029662276.865845 41.078438 0.559195 5.592038 17.975406 3.360508 89.883994
8791656294.129375 20.934100 0.350692 0.010284 13.968701 4.871123 43.347257
46433136042.660728 17.280447 0.424410 0.720482 3.481756 4.195478 71.549015
243516706212.390961 10.970218 0.914696 0.241984 11.915282 3.191518 110.823208
52884285759.752037 15.294316 0.101919 2.696433 1.873764 4.660275 72.321752
72084873077.310745 15.183968 0.932333 0.675280 12.534341 3.147861 80.035859
39061960791.093857 32.127188 0.797961 2.096384 6.608182 4.662112 81.062224
211294276426.681488 8.642547 0.620925 0.049042 10.106851 4.890167 100.310040
26535532481.812370 28.274132 0.293132 7.835500 16.391898 3.176131 68.489140
53736670682.884254 41.928147 0.877012 2.736594 1.162622 3.388551 98.213496
29225936656.296761 43.359257 0.607860 4.827345 4.429430 3.337261 81.059852
101130453837.369110 11.999172 0.386063 0.471616 1.537133 4.407835 84.452375
14955722307.880459 19.110980 0.707762 0.112365 4.376967 4.431092 50.427372
19862148674.521626 18.245513 0.829816 0.163757 4.384889 4.737266 54.719474
19404529973.794926 47.382409 0.631590 3.586273 1.497616 4.780527 72.833198
183100539434.453064 9.731140 0.164421 0.646685 12.798320 3.858306 98.084204
9157203207.239111 48.357700 0.509795 2.359508 1.073021 3.300297 57.092784
8157792435.872528 41.446199 0.464076 1.452023 6.392126 3.932771 52.194338
28306998618.642204 23.049324 0.385834 1.482877 3.610183 4.458500 65.819765
35998126970.215584 43.839534 0.782663 3.490909 2.667068 4.759571 87.208285
28041741251.029282 13.627317 0.254401 0.014928 19.799232 4.706327 56.824573
43114972549.200249 21.320978 0.959256 0.764976 1.478266 4.007729 74.034036
49684136480.914597 18.291877 0.215178 2.646411 6.258070 3.487065 74.332220
43513545294.796417 13.257382 0.153954 0.011604 16.792893 4.073494 65.334565
80247240209.399933 14.296796 0.972454 0.328793 1.946201 3.246614 81.666024
10239829279.124205 43.823276 0.414461 7.416498 2.936095 3.111152 57.346739
4881883813.153384 28.395195 0.795909 0.188931 6.018369 3.231709 39.004133
34801223467.561134 16.888376 0.120642 9.167692 3.373297 4.885524 64.588635
6892544562.537636 31.956949 0.235894 2.012223 9.622786 4.955708 45.390937
66804166537.025902 12.807563 0.751486 0.180764 19.171606 4.154397 74.727834
4405099504.066240 44.423390 0.878353 0.675467 9.094024 4.346096 43.486304
237249309760.398193 8.886910 0.487920 0.321310 15.634583 3.595342 104.867154
229223051540.252472 9.630265 0.583537 0.042589 3.418187 4.968750 105.470408
38424991570.516594 13.342423 0.937088 0.088806 2.376045 3.061116 62.781793
24673741903.459896 14.783959 0.975505 0.019129 3.990593 4.929693 55.598366
249264314423.244537 14.375267 0.936552 0.716291 12.101155 3.423435 119.324103
155321861385.332581 9.495424 0.316692 0.279711 2.291099 4.870612 92.353888
47807126888.614525 16.344457 0.514864 0.248715 1.719087 4.100663 71.170186
186445152191.976440 15.583773 0.356407 4.661582 2.238879 4.387568 110.616061
113675203974.277328 9.354787 0.478551 0.338867 1.797136 4.953574 82.959292
278243019032.602112 8.189549 0.038421 0.175463 11.080231 3.117065 108.749039
126415234514.738464 14.465588 0.605016 0.462026 2.206004 3.390175 95.310508
50434586594.811012 28.035602 0.657158 1.964911 5.909125 4.636806 84.617795
41149290639.651970 19.139951 0.754630 0.568045 3.839851 4.211901 70.691761
25891032422.578499 19.960733 0.965740 0.303669 3.795267 4.052830 61.295946
291951828512.134033 7.667697 0.725004 0.098764 8.306056 4.983873 109.082823
17782534221.484890 46.180254 0.909620 1.817724 1.662156 3.107205 70.139886
14106463922.306997 33.439034 0.693613 1.322615 8.092605 3.540493 58.459308
23334214980.571304 16.063419 0.058815 0.072917 9.186465 3.600432 55.776878
5849280113.783930 33.659188 0.843782 0.562447 6.038749 3.250750 43.683506
71728710564.881027 34.433965 0.604843 4.067026 4.014491 4.128308 101.465567
74366906792.136490 11.755602 0.173267 0.158581 7.257332 4.259147 75.853863
54138806816.518364 46.346951 0.952756 3.178493 4.878546 4.576243 101.779092
6554533695.493897 35.744364 0.465176 1.274817 2.106142 4.338425 46.249989
199145418690.990936 11.161638 0.168954 2.773639 5.207797 3.901388 104.054124
52097310450.823158 13.731210 0.363565 0.329405 3.483052 4.800485 69.990525
9192505964.525377 33.293933 0.668784 0.658931 5.265271 3.956555 50.612932
23868030848.662624 18.870826 0.763333 0.265754 6.306503 4.220242 58.722116
33779919870.513676 21.041039 0.462310 0.714387 6.059265 3.280258 67.992145
14379334065.343697 18.742404 0.249132 0.394208 3.418571 3.062921 49.501238
19991150345.807770 29.683562 0.885074 0.636909 3.371178 4.802963 63.260481
6323708186.441715 29.830525 0.340283 0.881553 10.286719 3.235941 43.169265
147622462395.560516 9.981392 0.270707 0.192072 6.591977 3.364647 91.802881
50539289930.296837 12.225784 0.848780 0.015814 9.597104 4.266069 67.321797
46573719975.212852 13.011420 0.395201 0.022354 5.129408 4.506007 66.520827
13279893469.660067 23.646411 0.524325 0.430225 2.030682 3.066713 51.529623
66517653338.661880 10.866670 0.013249 0.146209 8.355512 4.901394 71.748672
5873927783.347462 23.226540 0.490266 0.104393 9.394877 3.730837 39.055090
20848089422.067989 44.729351 0.427878 6.782542 1.883543 4.884942 73.177572
39493501130.662056 28.283774 0.648693 1.634242 2.645061 3.191677 78.204734
42762641696.499542 19.948391 0.668300 0.671089 15.188093 3.068478 72.442612
138610794325.354584 32.665000 0.800754 3.532173 2.287660 4.415395 124.289584
208550998647.565948 8.796580 0.568785 0.229187 16.150856 3.831970 100.241275
13972481502.883873 31.200243 0.450419 1.375266 2.053994 3.409294 57.017478
26690132787.751766 23.172560 0.421906 1.553611 19.789097 3.509322 64.643007
12628899859.100487 46.805188 0.440338 5.527049 4.366621 4.872725 62.859434
6208388243.638328 47.783248 0.972391 0.718698 4.641929 3.509959 49.955075
3281183147.580116 45.594342 0.423905 1.423535 8.740731 4.328447 39.761577
15768165406.338848 18.330957 0.193558 0.144618 18.850378 4.756826 50.732698
14033536854.537941 35.688335 0.931254 0.907144 4.647646 3.240707 59.580202
20520599762.011673 38.668768 0.541258 3.551641 5.776605 4.810542 69.396144
143596894908.976685 9.711302 0.225608 0.028398 3.289203 4.521764 90.411363
150637160394.340607 9.605753 0.329669 0.017207 5.560879 4.259592 91.646005
48260042719.866508 13.845745 0.251262 0.010140 6.562880 4.486004 68.371787
124714772726.992996 13.523349 0.241357 1.511545 1.131601 4.731108 93.268746
10859289822.574888 21.901468 0.797239 0.179714 15.365241 3.363263 47.118519
294066353962.333740 8.222468 0.406465 0.018956 3.342269 4.740390 110.861960
149197847551.601288 25.523457 0.629835 4.104017 1.847083 4.912544 118.063944
31524110800.655258 15.649411 0.913746 0.228782 3.896863 3.808609 61.234640
6702577699.434681 40.646675 0.526323 2.260183 4.857101 3.567250 48.574590
81116735872.259613 12.616789 0.197581 1.343180 13.363156 3.905955 79.429533
9433718351.354233 39.469039 0.920026 0.973135 2.164752 3.313472 53.916758
48644443219.709625 29.807714 0.454995 7.718843 7.980553 3.345208 85.197243
79281456008.603851 10.124866 0.098486 0.024954 4.814698 3.502531 74.859141
233324372658.345367 21.675163 0.443494 7.786544 1.041886 4.914188 130.598805
39222937342.757393 18.623945 0.169162 5.219384 6.513231 3.582061 69.042620
8365078621.398136 26.203283 0.861197 0.253888 6.249335 4.570228 45.546500
43461634692.835907 25.019973 0.466751 1.689126 5.253503 3.500001 77.799072
30073508196.935417 33.972565 0.855107 1.375857 11.162345 3.561957 75.617254
22869129534.684635 17.062768 0.155517 0.476973 8.214257 4.115574 56.309570
17507941985.116459 33.925313 0.314227 7.876926 9.877825 4.758640 63.112119
33408331870.526817 18.381952 0.191363 3.001442 8.226934 4.638115 65.209839
17784364779.514263 18.482050 0.940982 0.034489 11.106572 3.400391 52.929108
28176507726.554161 19.888976 0.464084 0.410705 3.504216 3.788248 62.984709
49148666716.906631 21.852739 0.856654 1.083803 1.972926 3.088063 77.889970
22044446075.364063 16.579593 0.014595 1.626853 1.166353 4.615252 55.194719
276653359709.603271 9.415840 0.338780 0.367459 1.920351 3.159535 111.745837
18446286317.002743 49.439973 0.677922 3.384564 2.840550 4.662975 72.643080
146849593175.333496 19.596790 0.460988 2.636450 2.426968 4.535475 108.746679
15860666443.276054 23.165867 0.611692 0.736481 11.094778 4.646520 54.342750
8885753123.189180 41.412651 0.430260 2.765869 1.172344 3.807028 53.688579
5243597897.365203 42.041914 0.328802 3.514799 5.022594 3.985264 45.256138
26399613884.895512 24.743116 0.667194 1.281639 6.944456 3.936839 65.669384
25931239117.954742 15.793475 0.497548 0.203851 2.383519 3.258715 57.514381
161880516246.591217 13.942761 0.408507 1.237051 1.146222 3.058122 102.529586
76965888483.278763 13.697856 0.831236 0.266601 1.010686 4.741238 79.664826
11248014708.970753 32.031353 0.704286 0.858793 2.181721 3.380271 53.479208
6211784916.453854 34.109017 0.728650 0.613515 14.224068 3.334548 44.755973
19377533902.707161 22.828498 0.756646 0.665722 10.923846 4.166389 57.845085
221087192728.727539 7.812399 0.013757 0.027613 1.652406 3.357977 99.789297
41420843751.781036 17.130333 0.281858 1.407235 8.802008 3.983568 68.712785
33575021427.242908 28.219611 0.472300 3.490353 4.958099 4.225018 74.033390
83168220292.178192 22.880463 0.396083 5.485877 2.479857 3.809654 94.067975
42922000147.826538 16.889148 0.749621 0.409598 5.743854 4.401397 69.266508
83083497441.159378 9.361830 0.662268 0.028226 18.154570 4.722006 74.739776
65539621473.725327 11.803157 0.958524 0.033848 3.994911 3.569708 72.795474
74156359953.859909 11.410571 0.813611 0.030092 9.265549 3.988308 75.248775
170499369942.069336 35.749136 0.739097 5.791692 1.099295 4.539122 137.043103
256445506449.804932 9.016451 0.769184 0.098953 5.915545 3.194141 107.951033
58318840738.766228 13.765939 0.351857 0.362769 10.074369 4.836225 72.719013
5098552584.380677 31.743990 0.123649 6.116935 8.618141 3.204884 40.965109
9941624410.442919 46.451207 0.654054 1.550265 2.439476 4.574757 57.894017
44223188127.644058 11.546597 0.140268 0.043217 14.082322 3.403548 63.515922
117551277203.561600 10.814352 0.121005 0.114656 1.323965 3.115244 86.648407
81020661296.135315 13.322811 0.241552 1.155077 17.951482 4.371375 80.476274
217483878487.682312 12.552632 0.538904 0.567084 1.507906 3.749341 110.207672
18332564772.663158 38.461177 0.430109 3.643661 7.680398 3.874729 66.719842
172559235283.904449 26.724566 0.770823 3.722930 1.850528 3.819748 125.660256
11496789616.776958 45.312146 0.475346 3.767474 1.513388 3.465121 60.267355
17914555781.308567 14.834285 0.602651 0.069028 9.309254 3.624632 50.015192
60830087331.806351 18.564044 0.266631 4.419642 1.830263 4.691815 79.846288
79550186366.753265 12.538900 0.723400 0.183790 8.116226 4.074335 78.795284
9904970878.497042 22.449703 0.511910 0.352224 1.964616 3.409070 46.025219
11302370156.582661 18.994633 0.103998 0.221227 13.390664 3.204250 45.854166
136348185201.166809 10.615013 0.550013 0.460733 18.572081 3.338003 90.652637
12427859307.700998 29.088116 0.280133 2.584420 12.642801 3.732312 53.653785
23873472788.650398 19.590235 0.240338 1.624282 5.213640 3.204802 59.345713
23333081914.399685 18.949580 0.457069 0.732642 2.870449 4.277800 58.347860
83999214342.799576 11.562098 0.834010 0.096386 5.860151 4.292425 78.685678
27309342762.095932 28.160591 0.864494 1.284653 15.270164 4.202566 69.063312
174857427244.244537 8.990209 0.583176 0.453171 19.550033 3.498623 94.955985
118837726829.258026 9.962689 0.903395 0.011217 9.070641 3.654959 85.364241
26507419549.647625 30.918418 0.852746 1.207227 1.260248 3.227933 70.384288
16265599827.219637 37.079122 0.626894 1.944689 3.665335 4.877046 63.357996
31667504681.658951 30.351654 0.409319 4.690919 10.361739 3.709736 74.254478
108509812552.738602 24.561952 0.332097 9.228111 1.290077 4.088609 104.963031
66713237580.982246 21.404389 0.439449 3.411539 9.251618 4.200810 85.726362
165109083747.096924 8.962360 0.030584 0.216699 3.792078 4.770761 93.096578
116962471215.167221 10.509973 0.945728 0.222972 8.858051 4.308727 85.939853
2790230811.496162 42.668364 0.529292 0.644886 12.731632 3.253048 36.852062
101366879196.373932 10.815190 0.628938 0.020097 7.826456 3.358753 82.475428
10204540196.067139 49.986971 0.699463 1.784858 16.872028 3.473388 59.854800
8785896708.522793 22.353055 0.019979 1.325568 6.798450 4.558992 44.166637
46123496293.943512 13.336929 0.301918 0.016178 14.671689 4.885774 66.715247
20233494963.126827 23.860486 0.323478 3.036101 4.675663 4.519205 59.452702
29454152748.931980 14.390922 0.410941 0.049574 6.833043 4.243421 58.570433
24164337516.227211 27.338835 0.433809 2.542773 12.261046 3.512538 65.706412
52409302068.944427 44.058649 0.724080 4.701024 8.188887 4.480860 99.003494
34312709589.452908 37.132417 0.373401 9.050233 14.704112 4.778915 81.295043
15166486348.858913 46.282346 0.502776 4.599551 3.113179 3.072797 66.565411
93633368905.417984 42.019489 0.834530 4.106346 1.358238 3.303552 118.268316
30171601892.258980 24.285214 0.261417 5.751499 9.244719 3.207412 68.278473
17880950617.027988 35.634470 0.788895 2.112068 4.672581 4.379220 64.560445
36661047513.260391 36.447998 0.757766 2.737078 5.052782 4.838526 82.612888
26999949263.797871 16.128017 0.508210 0.010894 16.115648 4.385833 58.619456
52265562210.364754 36.987379 0.674641 3.882045 2.903775 3.174501 93.419327
21654902320.547504 19.366180 0.207170 2.589384 17.537154 4.973758 57.261721
9987713797.678146 34.423555 0.530062 1.169667 10.879519 4.610911 52.585734
60408879884.916336 49.784396 0.754755 5.002350 3.069462 3.205364 108.128538
113698123435.911911 30.334709 0.789998 1.971917 1.030552 3.639018 113.682535
8343524956.350303 31.147979 0.786087 0.692886 1.596723 3.086861 47.988725
19514601094.174229 23.603689 0.964260 0.390852 10.056984 3.283050 58.552713
134427619108.316345 10.598878 0.737145 0.352092 16.004546 4.302535 90.193635
234077117845.820343 8.678541 0.179432 0.022483 4.469025 3.608932 103.882359
16008752380.230650 25.069678 0.659335 0.661515 2.006594 3.454601 55.801918
6930871978.881071 31.594990 0.211100 1.662617 2.007235 4.492510 45.312798
209178054100.142487 9.742121 0.099057 0.999814 3.138956 3.954400 102.560979
101538011401.567978 10.734555 0.212287 0.163663 7.213329 3.370891 82.379872
54676056858.524292 20.403251 0.259326 7.520577 3.532333 4.145780 79.131813
13527240656.346212 38.225223 0.332428 6.608291 8.201203 3.695174 60.170627
251989410493.916382 12.666492 0.244772 2.775870 1.679277 4.562053 116.008984
7806745131.912963 24.246230 0.246479 0.837177 15.317914 4.854979 43.487787
30737205584.229015 24.085538 0.316882 5.213285 5.493178 3.733788 68.534505
21554774784.321762 16.019491 0.933751 0.022028 11.206251 4.188305 54.281830
15311171821.809221 18.356434 0.844201 0.295141 4.324510 4.591689 50.257087
22953167588.090271 46.979606 0.937850 1.892176 1.417550 3.062644 76.807315
7730484614.765126 37.279051 0.409609 1.842941 7.561543 4.156153 49.529778
304604947187.308716 11.077460 0.948037 0.618302 14.113247 3.597423 119.678169
56818253601.969604 16.952560 0.253784 3.095894 3.774118 4.231555 76.131798
19866224459.146400 22.552701 0.664290 0.491817 1.334467 4.160949 58.120540
42071053390.384254 13.773510 0.299379 0.035265 2.469935 4.692647 65.227878
272345906999.676483 12.940175 0.292942 2.915538 2.053488 4.282585 119.681428
3949167745.419737 48.425199 0.836560 0.589783 14.477726 3.748172 43.155099
26876574955.115959 26.633755 0.454066 1.548742 4.004178 3.915420 67.540159
25005947732.320335 21.968976 0.552076 1.079508 13.771355 3.910369 62.276807
45797499266.546761 12.687266 0.922841 0.042732 15.732346 3.135034 65.738471
47200665918.883896 17.585202 0.962037 0.379084 2.338941 3.833963 72.285001
64585242472.708984 46.627145 0.578084 9.185366 1.318989 3.953139 108.161736
286735105774.016113 8.062553 0.101529 0.066297 2.226048 4.409030 109.501804
31754557961.891563 12.546110 0.941858 0.052476 5.610929 3.792094 58.025149
120462784485.281235 20.053480 0.406559 6.382652 8.013214 3.040204 102.463659
6454906342.840182 34.754260 0.509588 1.401843 3.823188 3.768922 45.603461
12645119953.519556 29.077211 0.814964 0.786603 7.448907 3.642511 53.958397
11981349724.033718 33.040705 0.606594 1.299425 15.723101 4.617622 55.153237
80252871030.331009 19.624419 0.368471 2.569746 3.703875 3.511037 88.944212
10696026999.443518 43.646351 0.931726 1.224373 2.007744 3.067187 58.108225
70093431109.052063 46.658671 0.669348 8.629603 8.756589 3.767880 111.178207
141555124416.307495 12.091322 0.135961 1.831847 3.080498 4.520038 94.644064
19047322712.982346 23.909511 0.231190 5.457505 5.640368 4.784630 58.302814
4128104295.034686 42.341472 0.372371 2.027513 6.315607 3.785243 41.885669
5717169526.160193 23.645215 0.313450 0.014398 12.323716 4.937705 38.908633
9101937638.192829 36.403901 0.777944 0.691109 1.993390 3.444830 51.902537
68987112455.114212 11.318911 0.440846 0.022287 2.528063 4.791600 73.318762
105422154035.263153 10.697967 0.249885 0.023627 10.322140 4.811701 83.351849
40708567456.230751 27.540087 0.572056 1.800372 1.012232 3.168848 78.357733
9419474476.947947 48.479784 0.501920 3.094218 2.027814 4.162164 57.681523
12563534311.482058 42.404184 0.431148 3.523059 1.206353 3.090001 60.729178
68111079196.351028 21.058986 0.443134 3.316693 2.432593 3.361298 85.918108
61951271596.476044 12.183463 0.253041 0.181560 1.256506 3.401927 71.988774
144377232689.582672 9.276764 0.573317 0.031534 3.186702 3.713797 89.679685
16712947968.250126 35.832535 0.817598 1.156402 2.171018 3.227614 63.235074
29918757381.365574 29.933757 0.903307 1.134029 16.548664 4.784907 72.548790
14530191224.617844 19.023859 0.149843 0.119269 5.172321 4.204733 49.880713
63578972270.912697 15.694775 0.855690 0.343418 3.894052 4.668858 77.425886
12325532000.300961 34.693684 0.313893 5.416282 5.310367 4.486510 56.545106
62493596464.772339 13.933582 0.430613 0.828231 4.149413 3.753366 74.643182
15949788833.573792 19.150079 0.130819 0.261022 5.137804 3.673490 51.550236
14099061769.584431 29.196220 0.332786 3.282921 3.794708 4.524972 56.022413
60441979402.657913 11.624251 0.864423 0.014516 4.130411 4.798838 70.599643
42528531606.161957 15.603822 0.939176 0.226407 4.142270 4.322527 67.609633
20493183651.246777 42.885318 0.471894 5.368461 1.911737 4.631230 71.753691
7434685833.657657 46.635452 0.918528 0.891042 4.984568 4.456420 52.619000
6657302608.318941 34.408990 0.381915 1.379028 11.684980 4.665590 45.928988
20044868146.293407 36.270385 0.826977 1.665065 1.814608 3.221542 67.447525
93852778351.038315 13.685819 0.611879 0.513030 1.892231 4.034020 85.091552
9135502313.149958 37.146141 0.988966 0.617713 1.391699 3.772682 52.304805
10425596413.760950 46.785740 0.623119 2.164925 1.109885 3.302190 58.959706
55031149491.567947 32.952948 0.411748 9.832411 16.948964 4.808432 91.602497
43541098543.745308 15.668637 0.813012 0.217652 19.823795 3.830731 68.216619
65173568792.779404 11.031035 0.165512 0.036604 5.205391 3.299257 71.510350
20813644916.318417 39.215054 0.922264 1.422719 2.454512 3.790566 70.043324
17344451254.966747 47.868359 0.760289 1.983811 14.736680 4.658041 70.398890
103309040309.985428 13.208954 0.638540 0.346624 4.869023 3.530167 87.079844
58729649389.184494 45.323463 0.723490 5.483133 8.174313 4.529314 103.803451
65763236811.995872 18.152034 0.606943 0.631655 1.329463 4.800180 81.441335
170940085108.397217 10.138173 0.880325 0.339753 1.594206 3.587315 96.737886
90721355413.393494 24.081230 0.449332 4.169422 6.467935 4.568808 98.303273
151429458469.476196 14.293512 0.375291 1.223148 3.535370 3.725575 100.911947
19194067125.885143 39.311818 0.572118 3.864438 5.524053 4.706099 68.231950
20943997529.673939 31.675747 0.827277 1.356105 6.911724 3.308489 65.562990
276985765202.593445 9.204981 0.271179 1.237838 6.096159 4.368580 111.247775
51489198950.009811 12.428970 0.940906 0.039160 3.644917 3.578023 68.012886
88186947004.086868 11.900384 0.281339 0.043421 11.888539 3.552247 80.523728
56669337305.179771 12.947373 0.296647 0.044091 15.804051 4.971942 70.929840
314343272018.600037 8.779640 0.283528 0.281097 5.182559 3.269811 114.886558
13176140059.686214 32.121837 0.666941 0.918974 1.001117 3.305748 56.425295
8164822535.943413 36.607834 0.290759 5.097659 15.617788 3.571740 50.146327
151162649268.345978 16.833616 0.711092 1.091883 1.415443 3.480321 105.291116
52657428960.345108 36.315643 0.780688 2.640517 1.526204 3.590541 93.101930
17307042574.137249 46.878729 0.534786 3.624123 4.606429 3.831602 69.858197
123502168333.577469 31.553200 0.722626 3.271232 1.811099 4.653440 118.305004
20041188357.242195 49.524716 0.794350 3.468705 3.135424 4.898328 74.722175
151717159983.819885 9.689763 0.437504 0.189653 5.976766 4.619870 92.039615
293207325279.195801 14.368235 0.411431 1.817284 1.743093 3.745045 125.944295
10162073172.863749 31.506164 0.631181 0.712565 18.727686 3.580976 51.432329
203668755675.462830 9.222476 0.687668 0.157914 3.294017 4.065871 100.451545
65018880367.523750 23.411102 0.400415 6.872184 2.812685 4.633836 87.241957
30457092551.635880 24.727244 0.228557 9.828090 10.690814 4.503498 68.861559
23969449937.519241 16.394894 0.679011 0.283129 1.429517 4.154121 56.586334
57734006854.920471 25.387874 0.393107 5.444411 3.066464 4.044216 85.897393
82547523023.978836 16.308261 0.809682 0.667535 3.892863 4.155558 85.331809
48613872318.988907 37.631502 0.761412 2.718737 4.498522 4.059940 91.700078
28092129335.451160 40.187801 0.551572 5.398707 3.594354 4.364812 78.027154
31280882803.822247 14.675340 0.782937 0.043995 11.107101 4.642339 60.059349
27390501786.827019 16.220926 0.057843 3.155983 3.864682 3.825290 58.991083
268114814443.986908 16.816302 0.501350 2.451935 1.465726 3.425058 127.417723
84366065252.097275 18.296267 0.314061 3.297140 19.898505 4.263323 88.686178
152661136908.765320 9.964044 0.757527 0.223202 3.678585 3.332742 92.799824
46801381399.570274 13.099408 0.407100 0.378622 8.560428 4.500453 66.740650
31054068078.606167 38.153719 0.654134 3.713763 1.817802 4.344770 79.327612
207866853737.932434 18.353529 0.343772 9.144589 1.687262 4.711037 119.886575
25997820458.491241 25.981885 0.382933 3.502668 11.174650 3.542458 66.297885
4703038372.855940 47.390879 0.549435 1.093491 1.791052 4.727872 45.413031
162053602323.224243 13.155248 0.537821 0.889921 2.794759 4.793840 101.076487
200018943588.906677 8.719366 0.698156 0.013961 5.221792 4.083380 98.673865
160264132705.889862 11.579038 0.743965 0.384878 1.355785 3.227453 97.626287
24544230918.516491 14.427592 0.579652 0.057205 11.312661 3.611026 55.152290
88279550694.231659 16.722408 0.533009 0.882975 2.603397 3.320115 87.852422
12283709289.753662 44.361500 0.938567 1.038743 1.852544 3.463047 61.180037
311475431939.835693 11.487151 0.235588 4.523534 19.796772 3.370584 121.602782
21715394042.925648 24.034934 0.706316 0.745961 2.057556 3.812496 61.001408
6501392147.811666 36.155962 0.459041 1.402066 2.019378 4.357729 46.294216
34816207592.745338 47.006450 0.632960 7.766372 12.633439 3.916378 88.267017
73282088393.593445 11.973717 0.734529 0.042032 3.283142 4.476713 75.816214
57061835581.899017 14.389452 0.129208 2.162189 15.342025 3.627740 73.012984
84141433813.046646 11.697858 0.202621 1.576982 4.876409 3.955262 78.948661
20202820415.421272 49.982084 0.780413 2.121346 1.690922 4.813005 75.154939
52448439331.469650 12.337739 0.842513 0.029153 2.193987 4.006009 68.310008
167743619169.637024 9.668094 0.674134 0.111331 3.782479 4.540840 95.125932
77339963776.241135 29.324474 0.511414 6.999119 2.463765 3.556037 98.935898
76270191916.576218 18.238969 0.393882 1.540248 2.944965 3.716837 85.679133
69215175704.898163 14.884796 0.713394 0.402098 7.775357 3.481201 78.550772
43169893892.937447 16.522250 0.229860 1.244028 1.093242 3.040401 68.990169
16935143979.764643 47.402653 0.902772 1.621973 2.492021 4.800587 69.612418
153960190665.415802 10.410150 0.063415 0.399167 1.056129 3.438638 93.981171
196036614717.896881 10.951382 0.099853 1.370376 7.829857 3.722137 103.052985
34781731356.778152 27.922705 0.755029 0.797856 1.653506 3.403937 74.667782
110957849784.585526 21.329222 0.315509 5.619658 1.606738 3.849241 101.466589
41151306336.946442 13.574230 0.366593 0.188967 12.144244 4.684344 64.511209
162998356868.006470 9.400004 0.885660 0.018144 5.774623 4.350553 93.645992
26464951525.270538 44.693966 0.633048 4.401427 1.205156 3.602216 79.213444
26225953010.002831 18.503609 0.553441 0.373519 13.535574 4.757964 60.265113
10687160705.341932 32.695102 0.899358 0.806269 12.839003 3.535781 52.915458
13665232409.940245 40.284101 0.423747 4.246708 5.927183 4.794404 61.413321
87008029788.096359 11.326089 0.086920 1.510479 4.092616 3.350349 79.227678
35201238902.155685 20.748187 0.435732 1.794955 4.128977 4.438224 68.656531
46532978469.668373 16.046126 0.264001 1.036212 1.263709 3.128811 70.186281
54787711170.795074 14.466783 0.341127 0.069230 7.034740 4.686578 72.129225
3084144223.555448 47.226497 0.910741 0.405895 2.940891 3.784023 39.408904
214299446590.805481 8.338344 0.937082 0.042051 3.072686 4.841327 100.046522
40749205836.058403 14.474902 0.232040 0.112957 5.889340 4.451824 65.361097
148230769952.144440 9.395508 0.795538 0.098135 1.435056 4.070565 90.718538
96446406724.419205 9.860065 0.850082 0.049915 3.091028 4.617769 79.443266
18736436799.986126 17.154922 0.174134 0.207878 2.177384 4.813660 52.767034
106320206018.873825 10.242788 0.838195 0.186034 5.746741 4.215296 82.766451
42841204865.034584 17.249044 0.987957 0.493800 3.491924 4.122161 69.619888
23675473955.139400 31.197025 0.985800 0.745630 1.312872 3.200068 67.972888
28273148919.796505 21.932916 0.500181 1.013057 9.185580 4.679715 64.847982
172162484253.835205 13.731688 0.794459 0.970680 1.914505 3.470694 104.251941
8479672105.247187 44.395429 0.621816 1.553711 2.664276 3.708105 54.084103
10185699621.789995 28.311723 0.338302 1.486762 10.229743 3.111179 49.795064
38871456670.326454 15.198382 0.220666 0.198892 13.100627 3.852815 65.161034
20054125648.088707 47.670111 0.707084 2.110532 2.213788 4.839092 73.786410
19467423904.239162 17.554197 0.469414 0.156300 5.377385 3.090200 53.780575
42008417778.767563 48.605732 0.725799 4.954730 1.667018 3.098469 95.028009
294133275303.355896 9.212311 0.786268 0.364197 4.268893 3.180942 113.516972
35122139357.474327 15.155043 0.544970 0.024902 2.925236 3.467758 62.947771
14724576265.373758 23.800619 0.601777 0.420081 3.666400 4.553002 53.436721
70089634455.549713 48.652906 0.711027 6.300239 1.445522 4.988763 112.745431
15147604473.888996 32.358109 0.814518 0.742472 9.885163 4.961631 59.246083
9542720786.045395 49.551537 0.911536 1.230892 1.089196 3.080192 58.359505
159724786650.083984 10.846798 0.432334 0.449118 2.115661 4.445866 96.037799
15298478537.705721 43.705343 0.606822 2.315868 1.214388 3.946510 65.499827
45917005374.558205 16.934505 0.735796 0.300583 1.258173 3.256421 70.892905
37592890844.670837 20.212385 0.532661 1.211590 1.711895 3.185736 69.656233
28750746139.190544 15.654650 0.232014 0.034604 17.259220 4.861060 59.388769
40160275445.936592 13.513513 0.133127 1.258248 6.963968 3.107257 63.916982
169800164651.437744 11.886663 0.905079 0.300328 10.154879 4.139544 100.149410
5821605136.491247 38.050926 0.452571 1.477626 2.666211 3.099839 45.361417
66041539679.206131 11.773610 0.013843 0.884522 5.944367 3.713153 72.937156
11511638637.876411 23.479763 0.304917 1.845717 9.271111 3.402489 49.030437
76073177333.603333 11.923915 0.814039 0.077853 2.251631 3.349836 76.689994
16846499283.973866 17.148508 0.687842 0.082208 6.575266 4.028602 50.924426
11261049895.990517 40.115029 0.928959 0.925506 3.742156 4.364266 57.498115
67279374564.345039 14.551308 0.968415 0.348969 11.716907 3.097354 77.356381
23723848520.556145 15.721467 0.038974 0.886892 1.821649 3.727639 55.766302
55892777912.986702 49.142647 0.703066 4.822524 1.903058 4.837927 104.904707
41455916501.201080 26.935898 0.773517 1.098887 1.731926 3.789603 78.304147
179131741429.693390 8.102786 0.195672 0.034726 3.242714 4.537028 93.702068
42498482911.781509 21.485868 0.736483 0.521254 6.817243 4.455747 73.843200
57956193411.929504 10.993621 0.504543 0.053116 7.945055 3.363339 68.712497
65053746138.184425 17.687061 0.461386 1.341156 10.729020 4.935562 80.570513
24127620182.449142 34.866150 0.504395 3.962811 4.315666 3.325748 70.846363
21460446345.504959 17.431442 0.090282 0.359789 7.267302 3.233726 55.450225
21111850885.923225 18.268088 0.127438 1.268953 2.459168 3.666364 55.862928
20616926176.122639 39.191754 0.922107 1.427460 2.462142 3.791845 69.808464
18025974333.636448 35.240243 0.474659 2.748792 7.447520 4.021538 64.504691
180022065376.753632 8.509325 0.308522 0.045150 2.730790 4.682168 94.791151
106555000296.766922 15.678148 0.333536 3.976871 1.905659 4.761571 91.942853
43601701815.884140 15.936566 0.132959 1.619188 5.763291 4.366643 68.555457
30426884214.259895 14.968329 0.201654 1.121263 4.324643 4.343899 59.813795
199861296233.360046 10.450103 0.745970 0.283385 1.328034 4.414826 102.610431
133833282396.147202 11.328816 0.337819 0.735926 4.466702 4.115948 91.461101
67549717211.868896 14.199361 0.980456 0.291071 13.878020 4.210008 76.974213
12184715725.885036 25.767092 0.499245 0.603135 13.653071 4.112350 51.369759
27391776296.851707 34.827543 0.332935 9.075158 1.902280 3.163961 73.880998
133705878320.705399 9.093611 0.007604 0.099725 10.571785 4.573496 87.042127
67622883504.246429 12.698354 0.482181 0.398130 7.757911 4.438587 74.873847
49855912167.731163 15.899088 0.435410 0.674306 7.946036 4.036801 71.643199
65703675367.336327 18.857470 0.380162 2.674786 3.265310 4.423719 82.282404
89947535406.423538 17.856644 0.803831 0.762954 1.156335 3.587560 89.995033
34121856441.511173 32.410565 0.643859 2.946796 14.596647 4.817243 77.704088
17182408073.765499 41.853906 0.745281 1.940349 2.388885 3.518237 67.120633
18308193708.012901 15.621827 0.881995 0.020514 13.366693 3.994742 51.065679
13689447363.924648 18.714485 0.000690 0.198497 13.952799 3.704193 48.676377
81564737045.010162 13.911286 0.132926 2.833149 2.337785 4.720229 81.539693
12705345352.159933 22.228358 0.314735 0.970851 5.670373 3.758963 49.864050
161746153507.529053 11.087238 0.242209 1.000128 7.101743 3.722744 96.932590
76046713549.962891 11.007213 0.140748 0.024624 19.091185 4.197427 75.246646
7798747073.770626 23.330814 0.655244 0.266910 14.519849 4.037250 42.981499
164656802469.588074 10.958333 0.904415 0.358070 4.127632 3.252736 97.246036
19592959501.745861 16.855650 0.096147 0.422362 4.020603 4.302069 53.304475
226394726245.730347 8.183109 0.825615 0.021026 10.646093 4.684530 101.508920
20899125910.678394 25.710354 0.618670 0.641030 8.892753 4.454461 61.450296
31558726429.943703 37.470229 0.577138 3.372576 7.995218 3.604294 79.290400
25574696696.338844 23.860478 0.407559 1.557406 2.899592 3.822492 64.281315
72326635556.347519 12.110585 0.326890 0.151151 15.561054 4.814278 75.692195
14751632030.586195 31.264021 0.649830 0.710002 11.852402 3.594608 58.095256
70092936469.070679 19.362671 0.331136 1.646964 1.969369 3.545714 84.699654
16683788303.189537 28.509418 0.947688 0.669107 4.634669 3.439803 58.823133
6938091559.202509 34.866879 0.989020 0.528312 3.291166 4.674555 46.762276
5093773743.176172 45.205312 0.521110 0.997017 2.046548 4.477070 45.908776
145035464811.260681 13.749665 0.790554 0.874902 1.468155 3.314060 98.493239
19561930142.814915 47.227347 0.933458 1.451303 1.851556 3.938829 72.949555
27413195400.038673 13.693814 0.955976 0.038088 11.455506 3.726748 56.466130
19905804801.225231 23.019953 0.509304 0.428710 4.554331 3.582195 58.508988
22226141427.551666 25.353296 0.436175 1.668578 3.128431 4.152334 62.461642
106845438919.351440 17.119622 0.238619 6.515771 1.036709 3.068866 94.219945
4018350144.900116 45.966935 0.624919 0.988913 16.423677 3.371174 42.655949
57575193733.626884 14.737274 0.508525 0.600074 17.030706 3.277177 73.683941
54709478908.798576 18.454045 0.391361 1.330899 16.062331 4.295423 76.946117
18948167973.421661 29.797097 0.389232 5.277171 7.180754 3.836513 62.214118
65582508288.085152 15.125133 0.116607 3.413861 6.871524 4.918451 77.474451
51872809001.639336 16.450677 0.495070 0.966629 2.169302 3.743148 73.260102
59972583838.160263 18.978168 0.719211 1.084376 6.670283 4.509743 79.959117
10217640015.709799 48.716155 0.502002 2.929407 6.219354 4.995281 59.363671
11482782790.298981 29.314538 0.717490 0.673074 7.292382 3.523114 52.382898
15330941713.136381 36.543819 0.770135 1.372483 6.402193 3.873443 61.830416
77995120927.536942 21.979228 0.377042 4.571653 19.188787 4.896704 91.003857
38540284832.589859 16.003469 0.157216 0.173107 5.814811 4.906379 65.866214
42169824514.350258 27.535392 0.322348 6.716882 1.666453 3.808326 79.280177
54511301483.680641 24.335427 0.612085 1.500739 1.073431 3.169037 83.210759
44264822034.913155 14.523242 0.808429 0.243305 3.114785 4.604575 67.246891
7160631430.792033 41.314740 0.601066 1.555969 1.175675 3.030758 49.922598
108004197493.402466 15.272100 0.756871 0.584899 13.040529 3.746598 91.722273
21676586042.687477 25.244783 0.440377 1.846725 3.166965 3.831040 61.863021
98498430213.355896 9.577883 0.074137 0.081175 15.533028 3.447078 79.494559
13005987283.564148 37.359286 0.558796 1.977403 7.220304 3.436774 58.949445
84801900900.389771 11.629767 0.150519 0.790728 1.800090 3.078954 79.044880
286936978625.885071 8.782883 0.580190 0.143133 3.267007 4.148501 111.454291
74405371919.586975 11.315484 0.506301 0.319297 3.274854 3.158128 75.184735
48272597990.504578 16.799840 0.298343 1.561636 4.782519 3.538418 71.929713
7157225461.091094 44.340696 0.308957 5.706951 4.934588 4.691833 51.091339
5821138633.621183 28.744538 0.302039 0.664004 3.402014 4.080080 41.515986
46027472315.498962 29.378895 0.654888 2.966765 11.565029 4.418338 83.267134
54684735194.771622 14.981051 0.622434 0.326366 1.192568 4.061639 72.738940
29763408061.182415 49.597473 0.773327 3.567656 1.295104 3.153094 85.293761
77290005943.925262 10.799936 0.392203 0.129122 2.131082 3.696351 75.322686
219843290629.858002 8.903285 0.755318 0.116536 2.474972 4.150275 102.276713
157335887134.011566 10.430101 0.494447 0.031204 2.390786 4.675487 94.704174
218907273313.280853 12.442839 0.319344 1.853442 6.688185 4.566836 110.210762
19866224459.146400 22.552701 0.664290 0.491817 1.334467 4.160949 58.120540
71219237738.905060 49.476618 0.697715 9.357098 4.809717 3.138011 113.989637
266294788753.958130 8.483201 0.204428 0.090804 6.734906 4.183239 107.937706
85631643785.652939 16.431173 0.334332 1.019999 15.019818 4.323961 86.555409
135704550309.890991 24.146164 0.493267 7.893170 4.136506 4.466912 112.514756
114278361629.999649 25.463089 0.453154 5.490869 4.428343 4.343349 107.946673
14133606676.721909 35.148496 0.554712 1.659577 2.181649 3.865850 59.431204
34012729573.434681 14.566369 0.041123 0.693247 7.601540 3.066154 61.640369
14012233212.304398 27.339655 0.678177 0.815923 2.205399 4.581796 54.792679
31448186830.403622 14.037591 0.018990 0.760123 1.570716 4.464454 59.483812
56564161885.027664 10.837540 0.589684 0.066895 5.034328 4.557319 67.932824
18462303502.984692 26.525786 0.347963 2.573734 12.016497 3.055364 59.520347
6462485733.207888 24.682419 0.775749 0.192600 11.864757 3.627131 41.049935
304514769390.157532 10.866533 0.179762 4.086456 1.947813 3.753174 119.134190
10388326379.485233 41.125232 0.446054 2.366275 15.091641 3.931226 56.429677
26988218396.268929 16.820413 0.971798 0.355629 9.716305 4.343149 59.275646
159801453273.833710 8.988516 0.151462 0.118175 8.280747 3.298756 92.144755
214068708704.539062 17.890114 0.390217 1.794151 9.434193 4.624126 120.216283
276225066145.357605 7.125512 0.384350 0.039789 12.367312 4.320745 105.615835
28327584811.066193 38.453379 0.757888 2.188312 2.169380 4.035599 77.129747
154972942598.138763 19.190086 0.705632 1.687228 11.021692 4.681320 110.065573
6489343436.540618 22.007025 0.403328 0.010184 8.877133 4.647373 39.743255
21140008594.634392 30.276730 0.504824 3.119850 16.327275 3.072920 64.846448
31124745582.357143 17.365401 0.989059 0.207091 9.791222 3.956057 62.701252
305022473744.519043 8.074040 0.698391 0.086022 5.012546 4.588676 111.813604
41910234653.738907 17.937772 0.962111 0.417023 2.364657 3.684340 69.855923
11364276891.942451 42.732517 0.735281 1.467344 13.356144 3.261520 58.881296
44016418395.670753 16.870420 0.718696 0.475801 12.941294 3.548677 69.829349
49220923038.968872 16.100559 0.273897 0.807475 11.865444 3.871912 71.577003
87623997140.066788 14.288993 0.931162 0.285458 3.590121 4.724557 84.083660
22543499211.359180 49.460253 0.862461 2.676877 1.450702 3.378040 77.676861
288374230324.825562 8.329963 0.790628 0.010362 3.554582 4.367332 110.431237
4060172592.323225 27.439855 0.153289 0.564904 4.347457 3.211771 36.298231
7093464131.715620 42.664112 0.860927 0.796745 4.087631 3.228344 50.294475
15701814241.318865 25.679429 0.356257 2.096412 12.615193 3.046242 55.843696
45519903300.619690 18.640589 0.890899 0.402949 9.373481 4.169376 72.573627
34131470238.985123 23.424478 0.581187 1.157360 2.337674 3.773395 70.388804
15811158046.206390 21.782150 0.236362 1.451322 2.570889 3.946461 53.320241
