0.01 2.3421557039307133 1.096649356416916 4.312881596852022 0.5746405537901408 5.725391816250781 0.17517240070601045 6.102196737934855
0.012068 2.0916313523225933 0.9999251422604788 3.787579651810221 0.5446497662038372 5.022376786935783 0.15636568710400509 5.440267043987763
0.014563 1.9041120894631574 0.9320580545029012 3.327803259274102 0.515111502661666 4.377949865403568 0.1436023017588358 4.80303431146065
0.017575 1.7513644632781182 0.8797038348020454 2.9791543936162497 0.49439764008606596 3.8340301019261704 0.13575897452258412 4.206219764162839
0.02121 1.6083253830861293 0.8407322912388369 2.637297642981901 0.4762529393493845 3.3611385123606565 0.13195337465490706 3.726468398766713
0.025595 1.480675416161884 0.8103869092328856 2.326737568896558 0.46279094523763836 2.938683311682524 0.1319783803180154 3.3010104572851775
0.030888 1.3697615510845202 0.7687442231330298 2.077354969467762 0.45460491033672157 2.5663101387255765 0.13331893745712917 2.9043534241204156
0.037276 1.2660626083649777 0.7316704976959053 1.8680240936694554 0.44081538198321557 2.2589401218953515 0.14890512226714644 2.545862082483466
0.044984 1.168640671394582 0.7083396778033246 1.6765335443558245 0.4284483920224884 1.984641605626585 0.1585488720848284 2.230940541083316
0.054287 1.0763215376192576 0.6667100065224482 1.5069310682656043 0.4184229492773355 1.7591824775175529 0.1678098811509272 1.959048606312809
0.065513 0.9820248533807386 0.6307483280509316 1.3389276379778279 0.41355049480948525 1.5549829076050536 0.1757789771661348 1.725534271572686
0.07906 0.9056154770299882 0.5990564699704526 1.1998861595055688 0.4026036009095274 1.382978862194627 0.18203274712024134 1.5463053786367311
0.09541 0.8379571405356636 0.5716296724123094 1.0729445664200925 0.38398926969746255 1.2396346569664631 0.18108237329044943 1.3778241272923015
0.11514 0.7721276615959051 0.5412637702117216 0.9631699737622748 0.3715305455875625 1.129714908856145 0.18082625244892653 1.2383166327875146
0.13895 0.7048516996873233 0.5061012807184556 0.868001385275168 0.36467611307272185 1.0056735043764287 0.19017213782728762 1.1187897314334825
0.167683 0.6432584720145655 0.4768795117278555 0.7840991010239566 0.35190177935225225 0.9057818883220029 0.20014028567994302 1.0316295657522392
0.202359 0.5848285294723375 0.4521599072211347 0.7067433636422169 0.33581272577505344 0.8242221708388111 0.20998371343572056 0.944317370959692
0.244205 0.5332624641284929 0.42508095442576466 0.6420012036142305 0.31979194934978616 0.7444321350212899 0.21964777505439811 0.8514914526424214
0.294705 0.4881248614023861 0.3970602291041114 0.583947466081456 0.30673483049600014 0.6745543209207743 0.2284739550484122 0.7586898618043494
0.355648 0.44599510997756886 0.3712136435650643 0.5302427743621705 0.293189095940632 0.6123681926265111 0.22243362904475564 0.6844337204882119
0.429193 0.4090219080425982 0.34024885977871344 0.48209703184942615 0.27531741633822704 0.5544392099398491 0.21012581264771477 0.6189114934388904
0.517947 0.3737670635422399 0.31289189926839267 0.43977543955810433 0.25878729379515236 0.5037607114457143 0.19726515872809605 0.5624729736898911
0.625055 0.344458994360032 0.28741359068355093 0.40336719828406725 0.234590984514452 0.4587462917719497 0.18381040711927818 0.5090325640801532
0.754312 0.3146818780317683 0.26372317506977905 0.37258512545410266 0.21586411934774685 0.4251342484429669 0.17198688270989615 0.4540663411489668
0.910298 0.28949887381250405 0.24046432229577688 0.3449196470941972 0.19954384111784298 0.39818626422105335 0.16068694465308764 0.46845003402309104
1.098541 0.2658486526825367 0.21838321480507156 0.3210642603743621 0.18043575203152787 0.40984082158471613 0.15011553389759463 0.4936899766551445
1.325711 0.24339961267258423 0.19886530080428413 0.2988014274901533 0.1653812388873585 0.380932635196227 0.14043459087459764 0.4379141108405741
1.599859 0.22341197963501286 0.18237858987377395 0.28271781981320154 0.15166356996945485 0.3380712513160228 0.13147010788160304 0.386286771615282
1.930698 0.20491776727461083 0.16750977398021108 0.2564366034547764 0.13794119354990111 0.3045767255074466 0.12143805486895266 0.3435951231794425
2.329952 0.18699889814633297 0.15267719845092015 0.22319324496653184 0.12630150757268968 0.2658383086307203 0.11083481288487794 0.3016986289474649
2.811769 0.16733986813290058 0.13971745366258348 0.1960147694950545 0.11472990733201606 0.2288908700758453 0.10165907973376592 0.25399249579757666
3.393222 0.14753927503387587 0.1268909472240417 0.17135259234788683 0.10421978258087371 0.19901013164461925 0.09371918522112553 0.21719922243986156
4.094915 0.1291030477435868 0.11347844832260037 0.14849983815996182 0.09571477216139336 0.17181925450588081 0.08676268885545692 0.19082694618997564
4.941713 0.1125070334639495 0.09971955857013738 0.12863235750527438 0.08570907602159304 0.1487745505292299 0.07865836565008923 0.1610768345526083
5.963623 0.0975343787287004 0.0859892469842861 0.11223182786126426 0.07409119425821202 0.1301519823734382 0.06459164261639896 0.14247118216354696
7.196857 0.08458031034811787 0.07344015056098192 0.09741048296553442 0.06401794055827975 0.11354021880437004 0.05216080931970383 0.13130587518721837
