0.001000 0.000000 0.000000 0.000000 0.000000 0.000000 0.000000 0.000000
0.001038 0.000000 0.000000 0.000000 0.000000 0.000000 0.000000 0.000000
0.001077 0.000000 0.000000 0.000000 0.000000 0.000000 0.000000 0.000000
0.001117 0.000000 0.000000 0.000000 0.000000 0.000000 0.000000 0.000000
0.001159 0.000000 0.000000 0.000000 0.000000 0.000001 0.000000 0.000001
0.001203 0.000000 0.000000 0.000001 0.000000 0.000001 0.000000 0.000001
0.001248 0.000001 0.000000 0.000001 0.000000 0.000001 0.000000 0.000001
0.001296 0.000001 0.000001 0.000001 0.000000 0.000001 0.000000 0.000001
0.001344 0.000001 0.000001 0.000001 0.000001 0.000001 0.000001 0.000001
0.001395 0.000001 0.000001 0.000001 0.000001 0.000001 0.000001 0.000001
0.001448 0.000001 0.000001 0.000001 0.000001 0.000001 0.000001 0.000001
0.001502 0.000001 0.000001 0.000001 0.000001 0.000001 0.000001 0.000001
0.001559 0.000001 0.000001 0.000001 0.000001 0.000001 0.000001 0.000001
0.001617 0.000001 0.000001 0.000001 0.000001 0.000001 0.000001 0.000002
0.001678 0.000001 0.000001 0.000001 0.000001 0.000002 0.000001 0.000002
0.001742 0.000001 0.000001 0.000002 0.000001 0.000002 0.000001 0.000002
0.001807 0.000002 0.000001 0.000002 0.000001 0.000002 0.000001 0.000002
0.001875 0.000002 0.000002 0.000002 0.000001 0.000002 0.000001 0.000002
0.001946 0.000002 0.000002 0.000002 0.000002 0.000002 0.000002 0.000003
0.002019 0.000002 0.000002 0.000002 0.000002 0.000003 0.000002 0.000003
0.002095 0.000002 0.000002 0.000003 0.000002 0.000003 0.000002 0.000003
0.002174 0.000003 0.000003 0.000003 0.000002 0.000003 0.000002 0.000004
0.002256 0.000003 0.000003 0.000003 0.000003 0.000004 0.000002 0.000004
0.002341 0.000003 0.000003 0.000004 0.000003 0.000004 0.000003 0.000005
0.002430 0.000004 0.000004 0.000004 0.000003 0.000005 0.000003 0.000005
0.002521 0.000004 0.000004 0.000005 0.000004 0.000005 0.000003 0.000006
0.002616 0.000005 0.000004 0.000005 0.000004 0.000006 0.000004 0.000006
0.002715 0.000005 0.000005 0.000006 0.000004 0.000007 0.000004 0.000007
0.002817 0.000006 0.000005 0.000007 0.000005 0.000007 0.000005 0.000008
0.002923 0.000007 0.000006 0.000007 0.000006 0.000008 0.000005 0.000009
0.003033 0.000008 0.000007 0.000008 0.000006 0.000009 0.000006 0.000010
0.003148 0.000008 0.000008 0.000009 0.000007 0.000010 0.000006 0.000011
0.003266 0.000009 0.000009 0.000010 0.000008 0.000011 0.000007 0.000012
0.003389 0.000011 0.000010 0.000012 0.000009 0.000013 0.000008 0.000014
0.003517 0.000012 0.000011 0.000013 0.000010 0.000014 0.000009 0.000015
0.003650 0.000013 0.000012 0.000015 0.000011 0.000016 0.000010 0.000017
0.003787 0.000015 0.000013 0.000016 0.000012 0.000018 0.000011 0.000019
0.003930 0.000016 0.000015 0.000018 0.000014 0.000020 0.000013 0.000022
0.004078 0.000018 0.000017 0.000020 0.000015 0.000022 0.000014 0.000024
0.004232 0.000020 0.000019 0.000023 0.000017 0.000025 0.000016 0.000027
0.004391 0.000023 0.000021 0.000025 0.000019 0.000028 0.000018 0.000030
0.004557 0.000026 0.000023 0.000028 0.000021 0.000031 0.000020 0.000034
0.004728 0.000029 0.000026 0.000032 0.000024 0.000034 0.000022 0.000037
0.004906 0.000032 0.000029 0.000035 0.000026 0.000039 0.000024 0.000042
0.005091 0.000036 0.000032 0.000039 0.000029 0.000043 0.000027 0.000047
0.005283 0.000040 0.000036 0.000044 0.000033 0.000048 0.000031 0.000052
0.005482 0.000045 0.000040 0.000049 0.000037 0.000054 0.000034 0.000058
0.005689 0.000050 0.000045 0.000055 0.000041 0.000060 0.000038 0.000065
0.005903 0.000056 0.000050 0.000061 0.000046 0.000067 0.000043 0.000073
0.006126 0.000062 0.000056 0.000069 0.000051 0.000075 0.000048 0.000081
0.006356 0.000069 0.000063 0.000077 0.000057 0.000084 0.000053 0.000091
0.006596 0.000077 0.000070 0.000086 0.000064 0.000093 0.000059 0.000102
0.006844 0.000087 0.000079 0.000096 0.000072 0.000104 0.000066 0.000114
0.007102 0.000097 0.000088 0.000107 0.000080 0.000117 0.000074 0.000127
0.007370 0.000108 0.000098 0.000119 0.000089 0.000130 0.000083 0.000142
0.007648 0.000121 0.000110 0.000133 0.000100 0.000146 0.000093 0.000158
0.007936 0.000135 0.000122 0.000149 0.000111 0.000163 0.000103 0.000177
0.008235 0.000151 0.000137 0.000166 0.000125 0.000182 0.000115 0.000197
0.008545 0.000168 0.000153 0.000186 0.000139 0.000203 0.000129 0.000221
0.008867 0.000188 0.000171 0.000207 0.000155 0.000227 0.000144 0.000246
0.009201 0.000210 0.000191 0.000232 0.000174 0.000253 0.000161 0.000275
0.009548 0.000234 0.000213 0.000259 0.000194 0.000283 0.000180 0.000307
0.009908 0.000262 0.000238 0.000289 0.000216 0.000316 0.000201 0.000343
0.010281 0.000292 0.000266 0.000323 0.000242 0.000353 0.000224 0.000383
0.010669 0.000327 0.000297 0.000360 0.000270 0.000394 0.000251 0.000428
0.011071 0.000365 0.000331 0.000403 0.000302 0.000440 0.000280 0.000478
0.011488 0.000407 0.000370 0.000449 0.000337 0.000491 0.000313 0.000534
0.011921 0.000455 0.000413 0.000502 0.000376 0.000548 0.000349 0.000596
0.012370 0.000508 0.000461 0.000560 0.000420 0.000612 0.000390 0.000665
0.012836 0.000567 0.000515 0.000626 0.000469 0.000683 0.000435 0.000743
0.013320 0.000633 0.000575 0.000699 0.000524 0.000763 0.000486 0.000829
0.013822 0.000707 0.000642 0.000780 0.000585 0.000852 0.000543 0.000926
0.014343 0.000789 0.000717 0.000871 0.000653 0.000951 0.000606 0.001033
0.014883 0.000881 0.000801 0.000972 0.000729 0.001061 0.000676 0.001153
0.015444 0.000983 0.000894 0.001085 0.000814 0.001185 0.000755 0.001287
0.016026 0.001098 0.000997 0.001211 0.000909 0.001322 0.000843 0.001436
0.016630 0.001225 0.001113 0.001351 0.001014 0.001475 0.000941 0.001603
0.017256 0.001367 0.001242 0.001508 0.001132 0.001646 0.001050 0.001788
0.017907 0.001526 0.001386 0.001682 0.001263 0.001837 0.001172 0.001995
0.018581 0.001702 0.001547 0.001877 0.001410 0.002049 0.001308 0.002225
0.019281 0.001899 0.001726 0.002094 0.001573 0.002286 0.001460 0.002482
0.020008 0.002118 0.001926 0.002335 0.001755 0.002549 0.001629 0.002768
0.020762 0.002363 0.002148 0.002604 0.001958 0.002842 0.001817 0.003086
0.021544 0.002635 0.002396 0.002904 0.002184 0.003169 0.002027 0.003440
0.022356 0.002939 0.002672 0.003238 0.002435 0.003532 0.002261 0.003835
0.023199 0.003276 0.002979 0.003609 0.002716 0.003937 0.002521 0.004273
0.024073 0.003652 0.003321 0.004023 0.003028 0.004386 0.002811 0.004761
0.024980 0.004070 0.003702 0.004483 0.003376 0.004887 0.003134 0.005304
0.025921 0.004536 0.004125 0.004995 0.003762 0.005443 0.003494 0.005907
0.026898 0.005053 0.004596 0.005564 0.004193 0.006061 0.003894 0.006577
0.027911 0.005628 0.005120 0.006197 0.004671 0.006747 0.004339 0.007322
0.028963 0.006267 0.005703 0.006899 0.005203 0.007510 0.004833 0.008148
0.030055 0.006976 0.006350 0.007680 0.005795 0.008355 0.005383 0.009065
0.031187 0.007763 0.007068 0.008545 0.006452 0.009294 0.005995 0.010082
0.032362 0.008637 0.007866 0.009504 0.007181 0.010334 0.006673 0.011209
0.033582 0.009606 0.008751 0.010568 0.007991 0.011486 0.007427 0.012457
0.034847 0.010681 0.009733 0.011746 0.008889 0.012762 0.008263 0.013839
0.036160 0.011873 0.010821 0.013050 0.009885 0.014174 0.009191 0.015368
0.037523 0.013191 0.012026 0.014494 0.010989 0.015736 0.010220 0.017058
0.038937 0.014649 0.013361 0.016090 0.012212 0.017461 0.011359 0.018925
0.040404 0.016264 0.014837 0.017853 0.013566 0.019366 0.012621 0.020986
0.041927 0.018048 0.016470 0.019800 0.015063 0.021468 0.014017 0.023259
0.043507 0.020016 0.018269 0.021942 0.016717 0.023784 0.015560 0.025763
0.045146 0.022187 0.020261 0.024310 0.018545 0.026334 0.017266 0.028519
0.046847 0.024583 0.022457 0.026918 0.020561 0.029139 0.019149 0.031549
0.048612 0.027217 0.024872 0.029786 0.022784 0.032220 0.021226 0.034877
0.050444 0.030114 0.027530 0.032934 0.025233 0.035603 0.023515 0.038528
0.052345 0.033299 0.030452 0.036391 0.027928 0.039310 0.026035 0.042528
0.054317 0.036795 0.033661 0.040188 0.030890 0.043370 0.028807 0.046904
0.056364 0.040620 0.037177 0.044349 0.034142 0.047814 0.031853 0.051689
0.058488 0.044816 0.041026 0.048872 0.037708 0.052665 0.035195 0.056923
0.060692 0.049406 0.045242 0.053811 0.041614 0.057954 0.038859 0.062627
0.062979 0.054401 0.049831 0.059224 0.045885 0.063710 0.042868 0.068833
0.065352 0.059846 0.054869 0.065094 0.050551 0.069996 0.047252 0.075573
0.067815 0.065766 0.060327 0.071421 0.055639 0.076833 0.052036 0.082880
0.070370 0.072197 0.066279 0.078361 0.061178 0.084243 0.057250 0.090787
0.073022 0.079175 0.072740 0.085875 0.067198 0.092258 0.062923 0.099326
0.075774 0.086701 0.079741 0.093981 0.073746 0.100910 0.069084 0.108527
0.078629 0.094833 0.087298 0.102738 0.080804 0.110229 0.075765 0.118380
0.081592 0.103596 0.095480 0.112167 0.088449 0.120138 0.082994 0.128934
0.084666 0.113008 0.104289 0.122271 0.096714 0.130863 0.090802 0.140221
0.087857 0.123117 0.113769 0.133140 0.105610 0.142309 0.099216 0.152260
0.091167 0.133945 0.123931 0.144645 0.115143 0.154405 0.108265 0.165070
0.094603 0.145503 0.134843 0.156868 0.125351 0.167428 0.117974 0.178663
0.098168 0.157858 0.146481 0.169961 0.136293 0.181251 0.128367 0.193045
0.101867 0.170927 0.158923 0.183830 0.147903 0.195882 0.139463 0.208219
0.105705 0.184718 0.172010 0.198467 0.160272 0.211120 0.151281 0.224182
0.109688 0.199384 0.185777 0.213955 0.173385 0.227109 0.163835 0.240924
0.113822 0.214792 0.200364 0.229973 0.187249 0.243920 0.177132 0.258427
0.118111 0.230921 0.215719 0.246858 0.201917 0.261577 0.191179 0.276669
0.122561 0.247746 0.231775 0.264481 0.217596 0.279994 0.205972 0.295620
0.127180 0.265376 0.248664 0.282895 0.233857 0.299074 0.221507 0.315242
0.131972 0.283754 0.266262 0.302163 0.250792 0.319078 0.237770 0.335492
0.136945 0.302670 0.284549 0.321705 0.268434 0.339573 0.254741 0.356319
0.142105 0.322166 0.303440 0.342329 0.286755 0.360653 0.272396 0.377669
0.147460 0.342257 0.323017 0.363187 0.305674 0.382463 0.290703 0.399479
0.153017 0.362860 0.342912 0.384640 0.325234 0.404335 0.309622 0.421684
0.158783 0.384051 0.363318 0.406415 0.345075 0.427042 0.329110 0.444214
0.164766 0.405480 0.384396 0.428443 0.365593 0.449884 0.349116 0.467442
0.170975 0.427289 0.405844 0.450909 0.386312 0.472672 0.369584 0.491503
0.177417 0.449661 0.427396 0.473943 0.407045 0.496185 0.390455 0.515757
0.184103 0.471950 0.449413 0.496589 0.428703 0.519961 0.411664 0.540123
0.191040 0.494420 0.471274 0.520192 0.450240 0.543282 0.433143 0.564521
0.198239 0.516977 0.493496 0.542552 0.471765 0.567028 0.454072 0.588871
0.205709 0.539470 0.515507 0.565589 0.493094 0.591176 0.474806 0.613095
0.213460 0.562035 0.537543 0.588146 0.514467 0.614815 0.495515 0.636741
0.221504 0.584324 0.558828 0.611003 0.535348 0.637595 0.516134 0.659530
0.229851 0.606527 0.580190 0.633198 0.556503 0.660775 0.536597 0.681939
0.238512 0.628087 0.601754 0.654983 0.577318 0.683762 0.556843 0.703911
0.247499 0.649170 0.623030 0.676319 0.597792 0.705923 0.576813 0.725395
0.256826 0.669949 0.643414 0.697284 0.617916 0.727366 0.596454 0.746345
0.266503 0.690375 0.663332 0.718100 0.637511 0.748416 0.615713 0.766721
0.276546 0.710146 0.682596 0.738654 0.656630 0.769236 0.634548 0.786488
0.286967 0.729550 0.701009 0.758818 0.675357 0.788817 0.652916 0.805619
0.297780 0.748106 0.719442 0.778306 0.693139 0.808405 0.670783 0.824092
0.309001 0.766137 0.736840 0.796921 0.710939 0.827003 0.688119 0.841889
0.320645 0.784012 0.754033 0.814850 0.727690 0.845055 0.704899 0.858998
0.332727 0.800836 0.770659 0.831362 0.744081 0.862943 0.721103 0.876531
0.345265 0.817121 0.786377 0.847824 0.759240 0.880062 0.737598 0.893807
0.358275 0.832474 0.801710 0.863761 0.774152 0.895976 0.753034 0.910365
0.371776 0.847345 0.816513 0.879187 0.788474 0.912046 0.766538 0.926205
0.385785 0.862111 0.830771 0.893224 0.801845 0.927435 0.779926 0.941332
0.400322 0.876071 0.843793 0.907499 0.813796 0.941798 0.793111 0.955808
0.415407 0.888728 0.856386 0.921133 0.826045 0.955472 0.805693 0.970137
0.431060 0.901195 0.867875 0.933868 0.837842 0.968470 0.817679 0.983767
0.447304 0.912984 0.879403 0.946098 0.849052 0.980994 0.829079 0.996714
0.464159 0.924390 0.890389 0.957357 0.859580 0.992597 0.839906 1.008995
0.481649 0.935040 0.900472 0.968289 0.868806 1.003573 0.850174 1.020627
0.499799 0.944997 0.909877 0.979009 0.878141 1.014237 0.859899 1.031631
0.518632 0.954403 0.919182 0.988957 0.887165 1.023924 0.869097 1.042029
0.538175 0.963509 0.927967 0.998198 0.895439 1.033249 0.877386 1.051843
0.558455 0.971953 0.935923 1.006943 0.903176 1.042035 0.885141 1.061096
0.579498 0.979810 0.943405 1.015270 0.910461 1.050308 0.892445 1.069811
0.601335 0.987385 0.950467 1.023116 0.917314 1.058408 0.899320 1.077289
0.623994 0.994339 0.957264 1.029963 0.923932 1.065424 0.905783 1.084293
0.647508 1.000811 0.963354 1.036450 0.929894 1.072269 0.911856 1.090866
0.671907 1.006856 0.969516 1.042802 0.935782 1.078994 0.917556 1.097030
0.697226 1.012631 0.975480 1.048469 0.941351 1.084983 0.922904 1.102807
0.723499 1.017936 0.980648 1.053974 0.945803 1.091018 0.927917 1.108217
0.750762 1.022921 0.985610 1.059046 0.950479 1.096507 0.932613 1.113281
0.779052 1.027601 0.990250 1.063879 0.954855 1.101421 0.936948 1.118294
0.808408 1.031989 0.994672 1.068076 0.958949 1.106215 0.940973 1.123181
0.838870 1.036160 0.998759 1.072645 0.962794 1.110744 0.944737 1.127752
0.870480 1.040006 1.002513 1.076639 0.966692 1.114978 0.948255 1.132024
0.903282 1.043669 1.006082 1.080324 0.969858 1.119278 0.951542 1.136016
0.937319 1.047031 1.009398 1.084144 0.972822 1.123400 0.954611 1.139744
0.972639 1.050131 1.012486 1.087486 0.975737 1.127059 0.957477 1.143225
1.009290 1.052998 1.015368 1.090555 0.978457 1.130162 0.960150 1.146474
1.047322 1.055818 1.018055 1.093339 0.980994 1.133013 0.962645 1.149504
1.086787 1.058352 1.020465 1.095994 0.983360 1.135671 0.964971 1.152331
1.127740 1.060675 1.022852 1.098648 0.985566 1.138149 0.967140 1.154966
1.170235 1.062825 1.025082 1.101123 0.987622 1.140459 0.969161 1.157423
1.214332 1.064846 1.027113 1.103423 0.989538 1.142627 0.971045 1.159712
1.260090 1.066728 1.029003 1.105302 0.991323 1.144910 0.972800 1.161845
1.307573 1.068481 1.030745 1.107052 0.992985 1.146989 0.974434 1.163831
1.356845 1.070051 1.032409 1.108778 0.994533 1.148778 0.975956 1.165681
1.407973 1.071634 1.033937 1.110328 0.995974 1.150443 0.977373 1.167404
1.461028 1.073048 1.035136 1.111991 0.997316 1.151993 0.978692 1.169007
1.516083 1.074365 1.036247 1.113477 0.998565 1.153436 0.979920 1.170500
1.573212 1.075554 1.037324 1.114832 0.999726 1.154778 0.981062 1.171888
1.632493 1.076730 1.038537 1.116092 1.000807 1.156060 0.982125 1.173181
1.694009 1.077812 1.039690 1.117265 1.001813 1.157267 0.983114 1.174383
1.757842 1.078812 1.040764 1.118356 1.002749 1.158389 0.984034 1.175501
1.824081 1.079743 1.041762 1.119370 1.003619 1.159387 0.984889 1.176541
1.892816 1.080617 1.042558 1.120314 1.004428 1.160285 0.985685 1.177509
1.964141 1.081466 1.043265 1.121192 1.005180 1.161119 0.986425 1.178408
2.038154 1.082243 1.043923 1.122008 1.005880 1.161895 0.987112 1.179245
2.114955 1.082933 1.044535 1.122766 1.006531 1.162641 0.987752 1.180023
2.194651 1.083575 1.045104 1.123472 1.007135 1.163339 0.988347 1.180746
2.277350 1.084171 1.045691 1.124127 1.007697 1.163989 0.988899 1.181418
2.363165 1.084725 1.046295 1.124737 1.008220 1.164593 0.989413 1.182043
2.452213 1.085277 1.046856 1.125304 1.008706 1.165154 0.989891 1.182623
2.544617 1.085748 1.047378 1.125830 1.009157 1.165675 0.990334 1.183163
2.640503 1.086164 1.047863 1.126320 1.009576 1.166167 0.990747 1.183665
2.740003 1.086577 1.048314 1.126775 1.009966 1.166629 0.991130 1.184131
2.843251 1.086961 1.048732 1.127197 1.010329 1.167059 0.991486 1.184564
2.950391 1.087318 1.049122 1.127612 1.010665 1.167458 0.991817 1.184966
3.061567 1.087682 1.049483 1.128002 1.010978 1.167829 0.992125 1.185341
3.176933 1.088024 1.049819 1.128365 1.011269 1.168173 0.992411 1.185688
3.296646 1.088341 1.050131 1.128702 1.011539 1.168494 0.992676 1.186011
3.420870 1.088591 1.050428 1.129015 1.011790 1.168791 0.992923 1.186311
3.549775 1.088810 1.050712 1.129275 1.012023 1.169067 0.993152 1.186590
3.683537 1.089013 1.050975 1.129510 1.012239 1.169324 0.993365 1.186849
3.822340 1.089202 1.051204 1.129729 1.012440 1.169563 0.993563 1.187089
3.966373 1.089399 1.051390 1.129932 1.012627 1.169784 0.993747 1.187313
4.115834 1.089583 1.051591 1.130120 1.012801 1.169990 0.993917 1.187520
4.270926 1.089754 1.051778 1.130296 1.012962 1.170181 0.994076 1.187713
4.431863 1.089913 1.051951 1.130459 1.013112 1.170359 0.994223 1.187892
4.598864 1.090061 1.052112 1.130610 1.013251 1.170524 0.994360 1.188059
4.772158 1.090198 1.052261 1.130758 1.013380 1.170677 0.994487 1.188213
4.951983 1.090325 1.052400 1.130899 1.013500 1.170820 0.994605 1.188357
5.138583 1.090443 1.052529 1.131029 1.013612 1.170952 0.994715 1.188490
5.332215 1.090553 1.052649 1.131150 1.013716 1.171075 0.994817 1.188614
5.533143 1.090655 1.052760 1.131262 1.013812 1.171189 0.994911 1.188729
5.741642 1.090750 1.052864 1.131366 1.013901 1.171295 0.994999 1.188836
5.957999 1.090838 1.052960 1.131463 1.013984 1.171393 0.995081 1.188936
6.182508 1.090920 1.053037 1.131553 1.014061 1.171485 0.995157 1.189028
6.415476 1.090996 1.053102 1.131637 1.014133 1.171570 0.995227 1.189114
6.657224 1.091066 1.053162 1.131714 1.014199 1.171649 0.995293 1.189193
6.908081 1.091132 1.053217 1.131787 1.014261 1.171722 0.995353 1.189267
7.168391 1.091193 1.053269 1.131853 1.014319 1.171790 0.995410 1.189336
7.438510 1.091249 1.053317 1.131916 1.014372 1.171853 0.995462 1.189399
7.718807 1.091302 1.053362 1.131973 1.014421 1.171912 0.995511 1.189459
8.009667 1.091351 1.053403 1.132027 1.014467 1.171965 0.995556 1.189514
8.311487 1.091396 1.053442 1.132077 1.014510 1.172014 0.995598 1.189565
8.624680 1.091438 1.053477 1.132123 1.014550 1.172059 0.995637 1.189612
8.949674 1.091477 1.053510 1.132166 1.014587 1.172100 0.995673 1.189656
9.286915 1.091513 1.053541 1.132206 1.014621 1.172139 0.995707 1.189697
9.636864 1.091547 1.053570 1.132243 1.014653 1.172175 0.995738 1.189735
10.000000 1.091578 1.053596 1.132278 1.014682 1.172209 0.995767 1.189770
