0.001000 0.002528 0.002080 0.002939 0.001891 0.003072 0.001861 0.003092
0.001038 0.002825 0.002324 0.003284 0.002113 0.003433 0.002079 0.003455
0.001077 0.003157 0.002597 0.003669 0.002360 0.003836 0.002323 0.003860
0.001117 0.003527 0.002902 0.004100 0.002637 0.004286 0.002596 0.004313
0.001159 0.003941 0.003242 0.004581 0.002947 0.004789 0.002900 0.004819
0.001203 0.004403 0.003623 0.005118 0.003293 0.005351 0.003241 0.005385
0.001248 0.004920 0.004048 0.005719 0.003679 0.005979 0.003621 0.006017
0.001296 0.005498 0.004523 0.006390 0.004111 0.006680 0.004046 0.006723
0.001344 0.006143 0.005054 0.007140 0.004593 0.007464 0.004521 0.007512
0.001395 0.006864 0.005647 0.007978 0.005132 0.008340 0.005051 0.008394
0.001448 0.007669 0.006310 0.008914 0.005735 0.009319 0.005644 0.009379
0.001502 0.008569 0.007050 0.009960 0.006408 0.010412 0.006306 0.010479
0.001559 0.009574 0.007877 0.011129 0.007160 0.011634 0.007046 0.011709
0.001617 0.010698 0.008802 0.012435 0.008000 0.012999 0.007873 0.013083
0.001678 0.011953 0.009834 0.013894 0.008939 0.014525 0.008797 0.014618
0.001742 0.013356 0.010988 0.015524 0.009987 0.016229 0.009829 0.016333
0.001807 0.014923 0.012278 0.017346 0.011159 0.018134 0.010982 0.018250
0.001875 0.016674 0.013719 0.019381 0.012469 0.020262 0.012271 0.020392
0.001946 0.018631 0.015328 0.021655 0.013932 0.022639 0.013711 0.022784
0.002019 0.020817 0.017127 0.024196 0.015567 0.025296 0.015320 0.025458
0.002095 0.023260 0.019137 0.027035 0.017393 0.028264 0.017118 0.028445
0.002174 0.025989 0.021382 0.030208 0.019434 0.031580 0.019126 0.031783
0.002256 0.029039 0.023891 0.033752 0.021715 0.035286 0.021370 0.035512
0.002341 0.032446 0.026694 0.037712 0.024262 0.039426 0.023878 0.039679
0.002430 0.036253 0.029826 0.042137 0.027109 0.044052 0.026679 0.044334
0.002521 0.040506 0.033326 0.047081 0.030290 0.049220 0.029809 0.049536
0.002616 0.045259 0.037236 0.052605 0.033844 0.054995 0.033307 0.055348
0.002715 0.050568 0.041604 0.058777 0.037814 0.061447 0.037215 0.061841
0.002817 0.056501 0.046486 0.065673 0.042251 0.068656 0.041581 0.069097
0.002923 0.063130 0.051939 0.073377 0.047208 0.076711 0.046459 0.077203
0.003033 0.070536 0.058032 0.081985 0.052746 0.085711 0.051909 0.086260
0.003148 0.078811 0.064840 0.091603 0.058934 0.095765 0.057999 0.096379
0.003266 0.088056 0.072447 0.102349 0.065847 0.107000 0.064803 0.107686
0.003389 0.098385 0.080945 0.114355 0.073571 0.119551 0.072404 0.120318
0.003517 0.109926 0.090440 0.127769 0.082201 0.133575 0.080897 0.134431
0.003650 0.122820 0.101048 0.142756 0.091843 0.149242 0.090386 0.150199
0.003787 0.137226 0.112900 0.159500 0.102616 0.166747 0.100988 0.167816
0.003930 0.153320 0.126142 0.178207 0.114651 0.186304 0.112832 0.187499
0.004078 0.171302 0.140936 0.199108 0.128097 0.208154 0.126065 0.209489
0.004232 0.191391 0.157464 0.222458 0.143120 0.232566 0.140850 0.234057
0.004391 0.213836 0.175930 0.248545 0.159903 0.259838 0.157367 0.261504
0.004557 0.238910 0.196560 0.277690 0.178654 0.290307 0.175820 0.292168
0.004728 0.266923 0.219607 0.310250 0.199602 0.324347 0.196435 0.326426
0.004906 0.298219 0.245355 0.346626 0.223004 0.362375 0.219467 0.364698
0.005091 0.333181 0.274120 0.387263 0.249148 0.404859 0.245196 0.407454
0.005283 0.372239 0.306254 0.432661 0.278356 0.452319 0.273940 0.455219
0.005482 0.415872 0.342152 0.483377 0.310984 0.505339 0.306051 0.508579
0.005689 0.464615 0.382255 0.540031 0.347433 0.564568 0.341922 0.568188
0.005903 0.519066 0.427053 0.603320 0.388151 0.630733 0.381993 0.634776
0.006126 0.579891 0.477097 0.674019 0.433635 0.704644 0.426756 0.709161
0.006356 0.647836 0.532997 0.752993 0.484443 0.787206 0.476759 0.792253
0.006596 0.723733 0.595440 0.841209 0.541198 0.879431 0.532613 0.885068
0.006844 0.808510 0.665189 0.939748 0.604593 0.982446 0.595003 0.988744
0.007102 0.903204 0.743098 1.049812 0.675404 1.097512 0.664691 1.104547
0.007370 1.008973 0.830117 1.172749 0.754497 1.226034 0.742528 1.233894
0.007648 1.127107 0.927310 1.310059 0.842836 1.369583 0.829466 1.378363
0.007936 1.259050 1.035864 1.463418 0.941501 1.529911 0.926566 1.539718
0.008235 1.406409 1.157102 1.634697 1.051694 1.708972 1.035011 1.719927
0.008545 1.570981 1.292501 1.825983 1.174759 1.908948 1.156124 1.921186
0.008867 1.754769 1.443710 2.039603 1.312193 2.132275 1.291379 2.145944
0.009201 1.960009 1.612568 2.278158 1.465669 2.381669 1.442420 2.396936
0.009548 2.189195 1.801126 2.544545 1.637051 2.660159 1.611083 2.677212
0.009908 2.445107 2.011675 2.841997 1.828419 2.971126 1.799415 2.990173
0.010281 2.730849 2.246764 3.174120 2.042093 3.318340 2.009700 3.339612
0.010669 3.049880 2.509242 3.544936 2.280660 3.706005 2.244483 3.729762
0.011071 3.406057 2.802281 3.958928 2.547005 4.138807 2.506602 4.165338
0.011488 3.803681 3.129420 4.421094 2.844342 4.621971 2.799223 4.651600
0.011921 4.247543 3.494601 4.937003 3.176256 5.161322 3.125873 5.194408
0.012370 4.742985 3.902218 5.512865 3.546741 5.763348 3.490480 5.800294
0.012836 5.295956 4.357167 6.155595 3.960246 6.435281 3.897426 6.476535
0.013320 5.913085 4.864900 6.872896 4.421727 7.185174 4.351587 7.231235
0.013822 6.601753 5.431491 7.673349 4.936704 8.021996 4.858395 8.073421
0.014343 7.370178 6.063701 8.566504 5.511322 8.955733 5.423897 9.013144
0.014883 8.227505 6.769053 9.562992 6.152420 9.997498 6.054826 10.061587
0.015444 9.183912 7.555922 10.674643 6.867608 11.159657 6.758669 11.231196
0.016026 10.250718 8.433621 11.914613 7.665352 12.455968 7.543759 12.535817
0.016630 11.440513 9.412506 13.297535 8.555064 13.901724 8.419358 13.990841
0.017256 12.767286 10.504089 14.839670 9.547208 15.513928 9.395764 15.613380
0.017907 14.246585 11.721159 16.559088 10.653408 17.311469 10.484416 17.422444
0.018581 15.895673 13.077921 18.475856 11.886575 19.315328 11.698022 19.439149
0.019281 17.733718 14.590144 20.612252 13.261040 21.548794 13.050685 21.686932
0.020008 19.781985 16.275324 22.992993 14.792707 24.037706 14.558055 24.191800
0.020762 22.064055 18.152862 25.645488 16.499209 26.810720 16.237487 26.982591
0.021544 24.606063 20.244261 28.600115 18.400089 29.899595 18.108214 30.091266
0.022356 27.436958 22.573336 31.890521 20.516995 33.339503 20.191541 33.553226
0.023199 30.588780 25.166449 35.553945 22.873885 37.169380 22.511044 37.407654
0.024073 34.096965 28.052754 39.631578 25.497260 41.432285 25.092805 41.697886
0.024980 38.000679 31.264475 44.168942 28.416406 46.175809 27.965645 46.471819
0.025921 42.343168 34.837191 49.216304 31.663662 51.452503 31.161391 51.782339
0.026898 47.172143 38.810157 54.829118 35.274706 57.320342 34.715155 57.687794
0.027911 52.540190 43.226635 61.068505 39.288861 63.843223 38.665634 64.252490
0.028963 58.505203 48.134258 68.001757 43.749418 71.091496 43.055435 71.547228
0.030055 65.130849 53.585406 75.702877 48.703989 79.142525 47.931413 79.649868
0.031187 72.487060 59.637616 84.253147 54.204867 88.081287 53.345032 88.645932
0.032362 80.650545 66.353998 93.741727 60.309412 98.000991 59.352743 98.629226
0.033582 89.705324 73.803678 104.266277 67.080457 109.003735 66.016381 109.702504
0.034847 99.743289 82.062260 115.933603 74.586715 121.201180 73.403569 121.978140
0.036160 110.864769 91.212287 128.860320 82.903211 134.715237 81.588143 135.578829
0.037523 123.179110 101.343722 143.173522 92.111712 149.678776 90.650573 150.638292
0.038937 136.805251 112.554420 159.011456 102.301160 166.236325 100.678390 167.301983
0.040404 151.872298 124.950602 176.524183 113.568099 184.544763 111.766604 185.727787
0.041927 168.520071 138.647302 195.874220 126.017084 204.773991 124.018115 206.086695
0.043507 186.899624 153.768797 217.237139 139.761071 227.107560 137.544086 228.563433
0.045146 207.173713 170.448993 240.802115 154.921767 251.743237 152.464293 253.357037
0.046847 229.517194 188.831749 266.772386 171.629927 278.893498 168.907417 280.681344
0.048612 254.117339 209.071140 295.365622 190.025591 308.785901 187.011276 310.765372
0.050444 281.174033 231.331620 326.814154 210.258230 341.663333 206.922970 343.853565
0.052345 310.899836 255.788068 361.365044 232.486793 377.784083 228.798929 380.205867
0.054317 343.519875 282.625705 399.279962 256.879627 417.421709 252.804827 420.097590
0.056364 379.271537 312.039835 440.834827 283.614247 460.864667 279.115365 463.819040
0.058488 418.403928 344.235410 486.319182 312.876933 508.415657 307.913866 511.674855
0.060692 461.177072 379.426357 536.035255 344.862125 560.390637 339.391687 563.983020
0.062979 507.860795 417.834674 590.296673 379.771597 617.117484 373.747401 621.073515
0.065352 558.733290 459.689239 649.426782 417.813377 678.934239 411.185737 683.286546
0.067815 614.079305 505.224323 713.756553 459.200396 746.186907 451.916247 750.970337
0.070370 674.187942 554.677781 783.622013 504.148842 819.226785 496.151689 824.478438
0.073022 739.350044 608.288901 859.361217 552.876201 898.407287 544.106102 904.166526
0.075774 809.855151 666.295895 941.310701 605.598989 984.080241 595.992565 990.388686
0.078629 885.988029 728.933052 1029.801454 662.530150 1076.591673 652.020645 1083.493163
0.081592 968.024774 796.427525 1125.154390 723.876145 1176.277080 712.393528 1183.817603
0.084666 1056.228531 868.995812 1227.675365 789.833750 1283.456214 777.304868 1291.683809
0.087857 1150.844845 946.839932 1337.649783 860.586580 1398.427447 846.935369 1407.392065
0.091167 1252.096730 1030.143366 1455.336856 936.301403 1521.461769 921.449152 1531.215097
0.094603 1360.179513 1119.066817 1580.963618 1017.124281 1652.796528 1000.989962 1663.391778
0.098168 1475.255570 1213.743877 1714.718801 1103.176637 1792.629032 1085.677297 1804.120678
0.101867 1597.449057 1314.276693 1856.746714 1194.551313 1941.110147 1175.602526 1953.553631
0.105705 1726.840778 1420.731745 2007.141278 1291.308734 2098.338061 1270.825115 2111.789455
0.109688 1863.463338 1533.135859 2165.940388 1393.473280 2264.352393 1371.369057 2278.868021
0.113822 2007.296730 1651.472575 2333.120792 1501.029992 2439.128832 1477.219631 2454.764864
0.118111 2158.264535 1775.679020 2508.593665 1613.921723 2622.574518 1588.320597 2639.386528
0.122561 2316.230867 1905.643395 2692.201065 1732.046861 2814.524332 1704.571953 2832.566837
0.127180 2480.998237 2041.203219 2883.713446 1855.257724 3014.738299 1825.828361 3034.064275
0.131972 2652.306446 2182.144419 3082.828375 1983.359741 3222.900245 1951.898337 3243.560643
0.136945 2829.832631 2328.201362 3289.170579 2116.111478 3438.617846 2082.544275 3460.661101
0.142105 3013.192510 2479.057888 3502.293402 2253.225574 3661.424150 2217.483375 3684.895705
0.147460 3201.942893 2634.349369 3721.681715 2394.370619 3890.780625 2356.389480 3915.722470
0.153017 3395.585426 2793.665791 3946.756271 2539.173949 4126.081704 2498.895841 4152.531945
0.158783 3593.571527 2956.555816 4176.879441 2687.225340 4366.660786 2644.598740 4394.653260
0.164766 3795.308417 3122.531747 4411.362230 2838.081524 4611.797571 2793.061940 4641.361494
0.170975 4000.166120 3291.075277 4649.472400 2991.271409 4860.726552 2943.821823 4891.886233
0.177417 4207.485234 3461.643896 4890.443517 3146.301905 5112.646470 3096.393120 5145.421084
0.184103 4416.585306 3633.677771 5133.484677 3302.664178 5366.730486 3250.275068 5401.133905
0.191040 4626.773564 3806.606934 5377.790657 3459.840182 5622.136790 3404.957839 5658.177491
0.198239 4837.353784 3979.858578 5622.552222 3617.309291 5878.019381 3559.929065 5915.700417
0.205709 5047.635069 4152.864277 5866.966329 3774.554859 6133.538725 3714.680297 6172.857767
0.213460 5256.940298 4325.066942 6110.245947 3931.070546 6387.872034 3868.713225 6428.821479
0.221504 5464.614069 4495.927350 6351.629289 4086.366249 6640.222906 4021.545523 6682.790047
0.229851 5670.029933 4664.930099 6590.388221 4239.973520 6889.830126 4172.716170 6933.997373
0.238512 5872.596796 4831.588877 6825.835703 4391.450346 7135.975437 4321.790168 7181.720599
0.247499 6071.764373 4995.450944 7057.332127 4540.385231 7377.990169 4468.362546 7425.286765
0.256826 6267.027615 5156.100778 7284.290464 4686.400504 7615.260620 4612.061626 7664.078239
0.266503 6457.930091 5313.162861 7506.180198 4829.154856 7847.232170 4752.551510 7897.536842
0.276546 6644.066323 5466.303589 7722.530032 4968.345073 8073.412109 4889.533797 8125.166707
0.286967 6825.083098 5615.232361 7932.929418 5103.707026 8293.371234 5022.748547 8346.535880
0.297780 7000.679824 5759.701873 8137.028975 5235.015940 8506.744291 5151.974549 8561.276764
0.309001 7170.608026 5899.507693 8334.539893 5362.086006 8713.229346 5277.028943 8769.085492
0.320645 7334.670048 6034.487204 8525.232435 5484.769420 8912.586224 5397.766269 8969.720346
0.332727 7492.717106 6164.517995 8708.933664 5602.954923 9104.634131 5514.077033 9162.999376
0.345265 7644.646778 6289.515800 8885.524534 5716.565925 9289.248610 5625.885860 9348.797327
0.358275 7790.400059 6409.432075 9054.936463 5825.558305 9466.357967 5733.149329 9527.042042
0.371776 7929.958097 6524.251308 9217.147537 5929.917963 9635.939289 5835.853562 9697.710465
0.385785 8063.338692 6633.988146 9372.178448 6029.658211 9798.014208 5934.011663 9860.824365
0.400322 8190.592682 6738.684413 9520.088284 6124.817064 9952.644498 6027.661042 10016.445913
0.415407 8311.800280 6838.406104 9660.970279 6215.454506 10099.927629 6116.860730 10164.673202
0.431060 8427.067445 6933.240394 9794.947590 6301.649770 10239.992354 6201.688706 10305.635812
0.447304 8536.522341 7023.292730 9922.169186 6383.498696 10372.994410 6282.239289 10439.490478
0.464159 8640.311949 7108.684037 10042.805906 6461.111195 10499.112399 6358.620645 10566.416946
0.481649 8738.598851 7189.548077 10157.046720 6534.608842 10618.543877 6430.952423 10686.614039
0.499799 8831.558226 7266.028976 10265.095245 6604.122635 10731.501711 6499.363541 10800.295989
0.518632 8919.375079 7338.278944 10367.166515 6669.790918 10838.210707 6563.990149 10907.689043
0.538175 9002.241709 7406.456192 10463.484042 6731.757490 10938.904533 6624.973765 11009.028366
0.558455 9080.355418 7470.723047 10554.277155 6790.169891 11033.822936 6682.459588 11104.555244
0.579498 9153.916471 7531.244274 10639.778625 6845.177875 11123.209264 6736.594998 11194.514583
0.601335 9223.126285 7588.185586 10720.222564 6896.932059 11207.308266 6787.528223 11279.152702
0.623994 9288.185853 7641.712348 10795.842591 6945.582746 11286.364176 6835.407179 11358.715400
0.647508 9349.294384 7691.988453 10866.870247 6991.278898 11360.619056 6880.378467 11433.446291
0.671907 9406.648134 7739.175371 10933.533649 7034.167275 11430.311387 6922.586520 11503.585383
0.697226 9460.439441 7783.431344 10996.056352 7074.391705 11495.674881 6962.172882 11569.367890
0.723499 9510.855915 7824.910723 11054.656419 7112.092478 11556.937509 6999.275620 11631.023243
0.750762 9558.079787 7863.763439 11109.545662 7147.405866 11614.320709 7034.028843 11688.774297
0.779052 9602.287403 7900.134577 11160.929051 7180.463738 11668.038762 7066.562328 11742.836709
0.808408 9643.648834 7934.164059 11209.004262 7211.393269 11718.298325 7097.001234 11793.418462
0.838870 9682.327593 7965.986414 11253.961350 7240.316735 11765.298091 7125.465896 11840.719519
0.870480 9718.480455 7995.730627 11295.982539 7267.351368 11809.228561 7152.071687 11884.931605
0.903282 9752.257353 8023.520052 11335.242097 7292.609286 11850.271923 7176.928948 11926.238076
0.937319 9783.801347 8049.472389 11371.906307 7316.197469 11888.602013 7200.142958 11964.813881
0.972639 9813.248650 8073.699705 11406.133491 7338.217773 11924.384349 7221.813961 12000.825599
1.009290 9840.728706 8096.308499 11438.074105 7358.766996 11957.776221 7242.037218 12034.431531
1.047322 9866.364311 8117.399800 11467.870877 7377.936963 11988.926844 7260.903098 12065.781844
1.086787 9890.271765 8137.069290 11495.658985 7395.814641 12017.977537 7278.497189 12095.018766
1.127740 9912.561051 8155.407459 11521.566264 7412.482275 12045.061944 7294.900429 12122.276798
1.170235 9933.336039 8172.499761 11545.713444 7428.017536 12070.306278 7310.189260 12147.682961
1.214332 9952.694697 8188.426799 11568.214396 7442.493685 12093.829587 7324.435778 12171.357066
1.260090 9970.729324 8203.264512 11589.176400 7455.979741 12115.744024 7337.707909 12193.411986
1.307573 9987.526784 8217.084364 11608.700421 7468.540660 12136.155142 7350.069578 12213.953949
1.356845 10003.168744 8229.953547 11626.881382 7480.237511 12155.162175 7361.580886 12233.082827
1.407973 10017.731918 8241.935175 11643.808448 7491.127660 12172.858342 7372.298288 12250.892435
1.461028 10031.288303 8253.088483 11659.565304 7501.264947 12189.331129 7382.274770 12267.470820
1.516083 10043.905421 8263.469023 11674.230430 7510.699861 12204.662582 7391.560021 12282.900556
1.573212 10055.646549 8273.128855 11687.877375 7519.479721 12218.929592 7400.200608 12297.259024
1.632493 10066.570944 8282.116734 11700.575017 7527.648840 12232.204166 7408.240143 12310.618695
1.694009 10076.734073 8290.478292 11712.387823 7535.248693 12244.553700 7415.719443 12323.047396
1.757842 10086.187817 8298.256215 11723.376096 7542.318078 12256.041238 7422.676688 12334.608575
1.824081 10094.980680 8305.490408 11733.596216 7548.893265 12266.725721 7429.147575 12345.361551
1.892816 10103.157991 8312.218166 11743.100867 7555.008150 12276.662227 7435.165462 12355.361754
1.964141 10110.762087 8318.474319 11751.939258 7560.694393 12285.902201 7440.761505 12364.660961
2.038154 10117.832497 8324.291390 11760.157336 7565.981552 12294.493677 7445.964796 12373.307513
2.114955 10124.406114 8329.699732 11767.797981 7570.897216 12302.481483 7450.802484 12381.346525
2.194651 10130.517357 8334.727663 11774.901199 7575.467122 12309.907444 7455.299900 12388.820090
2.277350 10136.198326 8339.401594 11781.504303 7579.715277 12316.810568 7459.480667 12395.767466
2.363165 10141.478954 8343.746149 11787.642081 7583.664060 12323.227223 7463.366812 12402.225255
2.452213 10146.387137 8347.784282 11793.346960 7587.334335 12329.191310 7466.978867 12408.227575
2.544617 10150.948874 8351.537381 11798.649158 7590.745541 12334.734418 7470.335962 12413.806218
2.640503 10155.188384 8355.025373 11803.576824 7593.915791 12339.885979 7473.455923 12418.990802
2.740003 10159.128226 8358.266817 11808.156180 7596.861953 12344.673404 7476.355351 12423.808917
2.843251 10162.789407 8361.278997 11812.411643 7599.599735 12349.122218 7479.049705 12428.286251
2.950391 10166.191485 8364.078005 11816.365946 7602.143765 12353.256190 7481.553379 12432.446723
3.061567 10169.352667 8366.678819 11820.040251 7604.507655 12357.097441 7483.879772 12436.312599
3.176933 10172.289899 8369.095381 11823.454254 7606.704078 12360.666563 7486.041354 12439.904600
3.296646 10175.018948 8371.340665 11826.626282 7608.744825 12363.982715 7488.049729 12443.242011
3.420870 10177.554486 8373.426740 11829.573388 7610.640867 12367.063727 7489.915695 12446.342774
3.549775 10179.910163 8375.364837 11832.311438 7612.402411 12369.926183 7491.649296 12449.223579
3.683537 10182.098674 8377.165401 11834.855188 7614.038951 12372.585512 7493.259876 12451.899955
3.822340 10184.131829 8378.838148 11837.218364 7615.559317 12375.056061 7494.756125 12454.386342
3.966373 10186.020609 8380.392112 11839.413730 7616.971722 12377.351177 7496.146125 12456.696171
4.115834 10187.775226 8381.835697 11841.453156 7618.283801 12379.483266 7497.437391 12458.841928
4.270926 10189.405175 8383.176712 11843.347679 7619.502656 12381.463869 7498.636911 12460.835227
4.431863 10190.919285 8384.422423 11845.107559 7620.634887 12383.303710 7499.751182 12462.686863
4.598864 10192.325762 8385.579580 11846.742334 7621.686632 12385.012764 7500.786244 12464.406873
4.772158 10193.632235 8386.654461 11848.260874 7622.663595 12386.600300 7501.747710 12466.004586
4.951983 10194.845795 8387.652899 11849.671419 7623.571079 12388.074936 7502.640799 12467.488674
5.138583 10195.973034 8388.580318 11850.981632 7624.414014 12389.444679 7503.470362 12468.867198
5.332215 10197.020078 8389.441757 11852.198631 7625.196979 12390.716974 7504.240908 12470.147650
5.533143 10197.992619 8390.241900 11853.329035 7625.924233 12391.898739 7504.956625 12471.336990
5.741642 10198.895948 8390.985100 11854.378993 7626.599730 12392.996403 7505.621408 12472.441690
5.957999 10199.734982 8391.675402 11855.354218 7627.227149 12394.015939 7506.238873 12473.467762
6.182508 10200.514288 8392.316565 11856.260021 7627.809904 12394.962898 7506.812384 12474.420792
6.415476 10201.238113 8392.912080 11857.101337 7628.351170 12395.842440 7507.345065 12475.305972
6.657224 10201.910399 8393.465193 11857.882748 7628.853897 12396.659356 7507.839817 12476.128125
6.908081 10202.534812 8393.978919 11858.608516 7629.320824 12397.418099 7508.299338 12476.891732
7.168391 10203.114756 8394.456059 11859.282596 7629.754499 12398.122807 7508.726133 12477.600958
7.438510 10203.653394 8394.899215 11859.908666 7630.157285 12398.777323 7509.122530 12478.259669
7.718807 10204.153665 8395.310806 11860.490141 7630.531381 12399.385218 7509.490692 12478.871461
8.009667 10204.618299 8395.693076 11861.030194 7630.878829 12399.949810 7509.832628 12479.439672
8.311487 10205.049833 8396.048114 11861.531774 7631.201524 12400.474179 7510.150204 12479.967403
8.624680 10205.450621 8396.377857 11861.997619 7631.501228 12400.961190 7510.445155 12480.457536
8.949674 10205.822854 8396.684105 11862.430272 7631.779579 12401.413502 7510.719090 12480.912747
9.286915 10206.168563 8396.968533 11862.832097 7632.038096 12401.833584 7510.973506 12481.335523
9.636864 10206.489638 8397.232692 11863.205289 7632.278192 12402.223732 7511.209793 12481.728172
10.000000 10206.787833 8397.478027 11863.551887 7632.501178 12402.586078 7511.429242 12482.092840
