0.010000 0.000235 0.000098 0.000512 0.000055 0.000819 0.000038 0.000968
0.012068 0.000252 0.000107 0.000548 0.000067 0.000837 0.000048 0.000972
0.014563 0.000273 0.000114 0.000578 0.000077 0.000853 0.000059 0.000978
0.017575 0.000286 0.000121 0.000603 0.000086 0.000874 0.000069 0.000982
0.021210 0.000299 0.000126 0.000627 0.000093 0.000887 0.000077 0.000984
0.025595 0.000305 0.000130 0.000644 0.000097 0.000896 0.000084 0.000986
0.030888 0.000313 0.000132 0.000651 0.000099 0.000912 0.000090 0.000987
0.037276 0.000319 0.000134 0.000666 0.000101 0.000919 0.000094 0.000988
0.044984 0.000323 0.000137 0.000672 0.000102 0.000923 0.000096 0.000989
0.054287 0.000327 0.000137 0.000672 0.000103 0.000929 0.000098 0.000991
0.065513 0.000327 0.000138 0.000677 0.000104 0.000937 0.000098 0.000993
0.079060 0.000329 0.000138 0.000680 0.000104 0.000940 0.000099 0.000994
0.095410 0.000329 0.000139 0.000681 0.000104 0.000945 0.000099 0.000995
0.115140 0.000329 0.000139 0.000681 0.000104 0.000948 0.000100 0.000996
0.138950 0.000329 0.000139 0.000681 0.000104 0.000948 0.000100 0.000996
0.167683 0.000329 0.000139 0.000682 0.000104 0.000948 0.000100 0.000997
0.202359 0.000329 0.000140 0.000682 0.000104 0.000948 0.000100 0.000997
0.244205 0.000329 0.000140 0.000682 0.000104 0.000948 0.000100 0.000997
0.294705 0.000329 0.000140 0.000682 0.000104 0.000948 0.000100 0.000998
0.355648 0.000329 0.000140 0.000682 0.000104 0.000948 0.000100 0.000998
0.429193 0.000329 0.000140 0.000682 0.000104 0.000948 0.000100 0.000998
0.517947 0.000329 0.000140 0.000682 0.000104 0.000948 0.000100 0.000998
0.625055 0.000329 0.000140 0.000682 0.000104 0.000948 0.000100 0.000998
0.754312 0.000329 0.000140 0.000682 0.000104 0.000948 0.000100 0.000998
0.910298 0.000329 0.000140 0.000682 0.000104 0.000948 0.000100 0.000998
1.098541 0.000329 0.000140 0.000682 0.000104 0.000948 0.000100 0.000998
1.325711 0.000329 0.000140 0.000682 0.000104 0.000948 0.000100 0.000998
1.599859 0.000329 0.000140 0.000682 0.000104 0.000948 0.000100 0.000998
1.930698 0.000329 0.000140 0.000682 0.000104 0.000948 0.000100 0.000998
2.329952 0.000329 0.000140 0.000682 0.000104 0.000948 0.000100 0.000998
2.811769 0.000329 0.000140 0.000682 0.000104 0.000948 0.000100 0.000998
3.393222 0.000329 0.000140 0.000682 0.000104 0.000948 0.000100 0.000998
4.094915 0.000329 0.000140 0.000682 0.000104 0.000948 0.000100 0.000998
4.941713 0.000329 0.000140 0.000682 0.000104 0.000948 0.000100 0.000998
5.963623 0.000329 0.000140 0.000682 0.000104 0.000948 0.000100 0.000998
7.196857 0.000329 0.000140 0.000682 0.000104 0.000948 0.000100 0.000998
8.685114 0.000329 0.000140 0.000682 0.000104 0.000948 0.000100 0.000998
10.481131 0.000329 0.000140 0.000682 0.000104 0.000948 0.000100 0.000998
12.648552 0.000329 0.000140 0.000682 0.000104 0.000948 0.000100 0.000998
15.264180 0.000329 0.000140 0.000682 0.000104 0.000948 0.000100 0.000998
18.420700 0.000329 0.000140 0.000682 0.000104 0.000948 0.000100 0.000998
22.229965 0.000329 0.000140 0.000682 0.000104 0.000948 0.000100 0.000998
26.826958 0.000329 0.000140 0.000682 0.000104 0.000948 0.000100 0.000998
32.374575 0.000329 0.000140 0.000682 0.000104 0.000948 0.000100 0.000998
39.069399 0.000329 0.000140 0.000682 0.000104 0.000948 0.000100 0.000998
47.148664 0.000329 0.000140 0.000682 0.000104 0.000948 0.000100 0.000998
56.898660 0.000329 0.000140 0.000682 0.000104 0.000948 0.000100 0.000998
68.664885 0.000329 0.000140 0.000682 0.000104 0.000948 0.000100 0.000998
82.864277 0.000329 0.000140 0.000682 0.000104 0.000948 0.000100 0.000998
100.000000 0.000329 0.000140 0.000682 0.000104 0.000948 0.000100 0.000998
