0.010000 1869168550.255512 732597925.029481 4365423830.678831 394339134.730745 6563365860.428563 250324866.977243 7931872811.690333
0.012068 1705244416.638902 706537581.425161 3756342529.422810 383773874.390806 5502783513.606405 249942794.747813 6621907448.120345
0.014563 1548378942.141222 673572677.253440 3251332487.364566 373360919.309790 4612345620.931760 249508334.849616 5581425054.069657
0.017575 1409195503.084662 644850410.547000 2791937973.166706 366280981.542705 3890795918.273342 249010103.461948 4661759225.051462
0.021210 1282432070.147778 613990385.457648 2395262570.978354 360538827.910432 3265118937.301066 248434116.079535 3861545228.447634
0.025595 1171306004.632554 583586306.162008 2066514926.980929 350100198.089021 2728596717.223824 247763140.086460 3178483581.582304
0.030888 1054073767.749081 558106485.479378 1763899886.848913 345705037.792210 2269842217.964365 246975866.676046 2724675799.059928
0.037276 947025190.481312 533555135.646829 1498016772.451893 333717974.396727 1892374224.784441 245735986.363493 2323887416.324914
0.044984 851776025.254848 505652033.997801 1267474215.514302 330156669.256911 1578781306.916318 242527065.003024 1905176139.820386
0.054287 766050183.779686 482985935.251200 1073312682.708156 320699991.504000 1302094955.547781 237667205.506880 1561433977.312540
0.065513 683438334.203034 458093951.560036 908338435.203794 315767329.265649 1087708859.752180 232704301.761070 1277703923.761143
0.079060 609626339.360879 429079436.186590 768047379.789914 310576470.886551 902785259.400271 227589548.555522 1043076178.291470
0.095410 542212850.385465 398159179.421362 650642896.107242 296776786.189511 749154503.763457 222259402.172900 848558797.458419
0.115140 473578458.544002 367918358.185135 554241219.722049 281823098.606097 626821866.688013 216630999.845549 737895299.965225
0.138950 410890170.258581 335321494.255104 473629461.344974 266812505.066411 540102563.414078 210596572.767866 643911345.177757
0.167683 355553816.521079 301560495.504575 405105060.777248 250597946.150508 459627371.387170 204017154.433621 545255681.718662
0.202359 305628981.317053 265812839.442485 348069517.754503 226837734.508805 399663964.077796 196716589.489210 447642302.070992
0.244205 260719860.035773 228639413.917022 302413894.733509 202563477.870006 345330140.493275 185470729.743867 383669724.794690
0.294705 222929399.210689 194838872.604347 261026121.790941 172340429.647237 298496882.985703 157424852.963258 333163307.356014
0.355648 187461804.732138 160736214.379250 225472335.928508 142263589.107345 259570870.398305 129078342.190798 297917825.009605
0.429193 157124422.024847 131632906.506046 192303017.023743 116005394.344277 224657041.019344 105612887.339350 261775081.162993
0.517947 129849002.079722 105475316.671918 163058399.956090 92442575.443838 192804457.479018 86196257.848629 233736778.925236
0.625055 105661978.888610 84635184.198595 136926039.531739 73523627.702474 164584305.797106 65915164.475911 210752137.067245
0.754312 84828034.336521 66647429.228287 113014895.355463 56262600.127494 142464786.407604 47763252.186012 187257506.955248
0.910298 67387136.001188 52150262.479900 91814281.411737 41692202.457287 117675315.771488 33905333.188904 163372107.497114
1.098541 51697734.341012 40189191.783325 72841582.044579 30353371.071040 98499131.429341 23599302.086837 124781170.485291
1.325711 39220815.704405 29551204.961336 56443315.086164 20952084.729402 78380885.489645 15766330.051372 102700166.882454
1.599859 29258093.735536 20481692.560231 41428263.761193 13180227.484018 60875770.323081 8356662.439319 81747701.478377
1.930698 20986373.275231 12896722.457856 29654997.162212 7849113.261898 43199905.682833 3509761.338677 64377937.112772
2.329952 14540003.051633 7768432.264691 21203587.408813 3767397.238896 32171351.124823 1474084.270356 49779647.024367
2.811769 9652208.512264 4346256.098495 15493974.918138 1723651.130983 23202449.654726 605587.416810 33156668.783274
3.393222 6130138.437336 2351718.412323 10932493.247603 771425.843580 17026142.140026 237559.713339 24325295.758940
4.094915 3602264.908428 1157353.558141 7600613.568932 343230.937021 11942233.811638 93189.877853 17386129.308935
4.941713 1990893.322940 563772.930940 5171873.550231 149873.956109 8051679.832725 36556.507045 11651905.841477
5.963623 1085076.621888 271225.426977 3259742.393514 62297.692758 5475218.727358 14340.379429 8205902.821040
7.196857 555747.954217 123491.934218 1988545.141448 27123.532955 3746494.915737 5688.746128 5827744.430180
8.685114 283217.371555 58162.269053 1198850.778505 11214.455395 2644076.752704 2333.332823 4048977.767344
10.481131 141813.713850 28002.037925 672598.864896 5167.614938 1713734.483802 957.054848 2767758.976415
12.648552 70935.917643 12516.895088 349074.741372 2197.248088 971658.793280 392.551793 1916029.662458
15.264180 35034.979023 5608.602476 190922.334536 951.566404 569021.995228 161.011577 1156850.806851
18.420700 17540.707621 2463.992672 92977.048992 416.140329 311707.269087 64.830053 728171.976583
22.229965 8428.133778 1048.164060 45567.016392 170.916347 154996.513734 25.740573 369093.516517
26.826958 4065.405669 453.699369 21598.074836 71.866608 68807.754335 10.220215 171949.195792
32.374575 2000.584650 200.423282 10364.814174 30.218346 35745.808490 4.057905 92990.933193
39.069399 975.758718 85.526683 5194.845637 12.706157 19986.627489 1.611179 52398.377056
47.148664 490.098424 37.177465 2669.269577 5.342663 10818.585390 0.639714 29525.350739
56.898660 234.826555 16.081668 1363.115600 2.284871 5789.877936 0.253996 16636.895745
68.664885 110.849650 7.182321 689.415584 0.969132 3180.016720 0.100848 9374.530466
82.864277 52.762135 3.212513 347.587482 0.394759 1660.735509 0.040042 5282.344904
100.000000 25.034010 1.370000 177.790462 0.158053 887.314229 0.015753 2976.486960
