0.010000 -0.498529 -0.777136 -0.201011 -0.953447 -0.042950 -0.995553 -0.012604
0.012068 -0.506921 -0.793926 -0.205630 -0.959355 -0.045843 -0.995882 -0.013868
0.014563 -0.511715 -0.803948 -0.209557 -0.967624 -0.048177 -1.000987 -0.015396
0.017575 -0.518862 -0.818020 -0.215485 -0.991542 -0.050481 -1.035902 -0.017247
0.021210 -0.525650 -0.826137 -0.220750 -1.001935 -0.052624 -1.059030 -0.019488
0.025595 -0.532705 -0.844662 -0.231064 -1.025887 -0.057412 -1.081709 -0.022204
0.030888 -0.549456 -0.857471 -0.243280 -1.041974 -0.064597 -1.077420 -0.025499
0.037276 -0.560247 -0.874070 -0.251110 -1.045447 -0.071837 -1.072352 -0.029500
0.044984 -0.577764 -0.886671 -0.260859 -1.046905 -0.082787 -1.085673 -0.034364
0.054287 -0.585841 -0.914709 -0.273373 -1.048076 -0.091377 -1.082920 -0.040287
0.065513 -0.602107 -0.932589 -0.288248 -1.052017 -0.097912 -1.093306 -0.047513
0.079060 -0.625959 -0.961610 -0.311358 -1.059399 -0.121260 -1.117736 -0.056348
0.095410 -0.645390 -0.976547 -0.329716 -1.068524 -0.143179 -1.115101 -0.063032
0.115140 -0.668000 -0.999897 -0.364528 -1.081935 -0.177693 -1.137185 -0.071741
0.138950 -0.697328 -1.018170 -0.407949 -1.092485 -0.205545 -1.160861 -0.089672
0.167683 -0.739229 -1.028596 -0.443978 -1.110438 -0.240783 -1.193715 -0.112936
0.202359 -0.785615 -1.041410 -0.492692 -1.136167 -0.283415 -1.259699 -0.142633
0.244205 -0.839499 -1.061701 -0.546587 -1.179630 -0.328941 -1.303484 -0.174346
0.294705 -0.892843 -1.084833 -0.607136 -1.237469 -0.371769 -1.390838 -0.214237
0.355648 -0.959705 -1.120472 -0.675420 -1.297105 -0.425299 -1.507066 -0.264668
0.429193 -1.020487 -1.167458 -0.746406 -1.393467 -0.487380 -1.563243 -0.328694
0.517947 -1.073733 -1.239633 -0.819100 -1.474571 -0.578252 -1.650206 -0.401088
0.625055 -1.121762 -1.326059 -0.887299 -1.577546 -0.657701 -1.791099 -0.465487
0.754312 -1.180726 -1.416364 -0.978703 -1.702408 -0.740249 -1.991669 -0.535417
0.910298 -1.243584 -1.518406 -1.080041 -1.858161 -0.820430 -2.208043 -0.597913
1.098541 -1.334923 -1.682110 -1.142701 -2.192521 -0.930704 -4.914188 -0.673603
1.325711 -1.441765 -1.889638 -1.200066 -3.885008 -1.019435 -4.975671 -0.794742
1.599859 -1.564115 -2.196225 -1.255012 -4.164608 -1.136032 -4.978450 -0.956144
1.930698 -1.728152 -3.169037 -1.341283 -4.660275 -1.207021 -4.978450 -1.071455
2.329952 -1.916862 -3.590541 -1.451551 -4.780527 -1.260958 -4.984382 -1.129191
2.811769 -2.098553 -3.833963 -1.544588 -4.793840 -1.317072 -4.984382 -1.223539
3.393222 -2.333933 -4.065871 -1.671698 -4.813660 -1.381347 -4.984382 -1.294286
4.094915 -2.619654 -4.353268 -1.820870 -4.863514 -1.454050 -4.984382 -1.356200
4.941713 -3.107205 -4.464111 -1.953092 -4.865863 -1.540153 -4.984382 -1.414590
5.963623 -3.337261 -4.505565 -2.146782 -4.870612 -1.643951 -4.984382 -1.479758
7.196857 -3.470694 -4.540737 -2.310055 -4.885524 -1.747264 -4.988763 -1.551606
8.685114 -3.600027 -4.573792 -2.533388 -4.901394 -1.901518 -4.988763 -1.629757
10.481131 -3.713153 -4.598133 -2.698571 -4.912544 -2.023838 -4.994213 -1.713525
12.648552 -3.785243 -4.624126 -3.043771 -4.919515 -2.227616 -4.994213 -1.935152
15.264180 -3.872232 -4.646520 -3.159535 -4.930622 -2.399452 -4.994213 -2.029036
18.420700 -3.936839 -4.665590 -3.254404 -4.937705 -2.803167 -4.994213 -2.177753
22.229965 -3.983568 -4.675487 -3.305748 -4.937705 -3.062808 -4.994213 -3.028237
26.826958 -3.983568 -4.675487 -3.305748 -4.937705 -3.062808 -4.994213 -3.028237
32.374575 -3.983568 -4.675487 -3.305748 -4.937705 -3.062808 -4.994213 -3.028237
39.069399 -3.983568 -4.675487 -3.305748 -4.937705 -3.062808 -4.994213 -3.028237
47.148664 -3.983568 -4.675487 -3.305748 -4.937705 -3.062808 -4.994213 -3.028237
56.898660 -3.983568 -4.675487 -3.305748 -4.937705 -3.062808 -4.994213 -3.028237
68.664885 -3.983568 -4.675487 -3.305748 -4.937705 -3.062808 -4.994213 -3.028237
82.864277 -3.983568 -4.675487 -3.305748 -4.937705 -3.062808 -4.994213 -3.028237
100.000000 -3.983568 -4.675487 -3.305748 -4.937705 -3.062808 -4.994213 -3.028237
