0.001000 11042.415830 2177.117801 51846.773984 759.052457 132923.580622 452.437421 190379.696420
0.001038 10837.791474 2164.485345 50448.598068 756.728255 128570.642144 452.051496 183543.720757
0.001077 10658.522415 2144.879370 49088.100869 754.410827 124360.278431 451.183756 176953.210639
0.001117 10482.205999 2132.385743 47764.267480 752.100145 120287.817226 450.317757 170599.354397
0.001159 10308.793500 2119.964646 46476.110227 749.796192 116318.489491 449.453548 164473.656758
0.001203 10177.156224 2107.615678 45222.668086 747.498947 112357.866956 448.591109 158567.927055
0.001248 10073.824647 2095.338454 43927.233034 745.208391 108532.129403 447.730460 152874.271411
0.001296 9887.214261 2083.132588 42690.755593 742.924507 104836.690023 446.871604 147385.074547
0.001344 9762.372522 2064.108093 41489.067912 740.647278 101267.107333 446.014537 142092.996755
0.001395 9623.001474 2041.747961 40537.724656 738.376688 97819.101563 445.159298 136990.962404
0.001448 9475.442286 2028.690085 39444.327132 736.112724 94488.533737 444.305882 132072.151389
0.001502 9353.554681 2016.743389 38380.399544 733.855370 91271.402735 443.454298 127329.984545
0.001559 9191.186872 2000.399108 37345.148402 731.604618 88163.850796 442.604575 122758.121898
0.001617 9001.683090 1984.186204 36412.111155 729.360457 85162.146685 441.756719 118350.451594
0.001678 8874.767357 1973.921946 35416.536646 727.122880 82262.686808 440.910767 114101.079026
0.001742 8720.620112 1966.865301 34403.836561 724.891880 79461.994228 440.066709 110004.322622
0.001807 8569.118907 1959.833977 33475.776072 722.667454 76756.704667 439.224583 106054.705216
0.001875 8420.218039 1941.654727 32648.310356 720.614824 74143.572573 438.384414 102246.945839
0.001946 8273.872607 1921.580824 31760.407934 720.212193 71619.461532 437.546222 98575.952390
0.002019 8130.038505 1901.715203 30839.033271 719.809320 69181.341069 436.710038 95036.817878
0.002095 7996.993798 1884.863199 30007.081010 719.406224 66826.286570 435.875897 91624.809211
0.002174 7850.668058 1872.776429 29197.561708 719.002924 64551.470057 435.043821 88335.364837
0.002256 7713.174668 1860.766265 28389.927310 718.599446 62354.162227 434.213852 85164.086014
0.002341 7628.515336 1848.832302 27546.068946 718.195816 60252.906508 433.386033 82106.733233
0.002430 7543.026581 1829.431444 26897.648485 717.792066 58396.899664 432.560400 79159.217826
0.002521 7412.541431 1809.177258 26171.987866 717.388235 56538.959569 431.736998 76317.599530
0.002616 7268.285943 1791.490012 25465.902040 716.984364 54514.336218 430.915884 73578.078442
0.002715 7124.466851 1778.132938 24798.072728 716.580499 52562.294611 430.097111 70936.991776
0.002817 7007.271705 1764.877361 24317.483747 716.176696 50714.527731 429.280730 68390.808324
0.002923 6899.446003 1756.144066 23696.014397 715.773013 48957.502659 428.466812 65936.123691
0.003033 6793.055656 1749.860072 23116.084953 715.369518 47379.159069 427.655423 63569.655937
0.003148 6675.487931 1739.598677 22638.687374 714.966287 45796.871769 426.846635 61288.240765
0.003266 6585.905012 1723.757085 22078.321850 714.563402 44161.349046 426.040532 59088.827981
0.003389 6446.398455 1708.062086 21453.674508 714.160958 42605.619254 425.237196 56968.476813
0.003517 6324.500633 1692.512619 20873.791333 713.759056 41232.689313 424.436723 54924.352260
0.003650 6190.049649 1677.107647 20245.538873 713.357812 40283.933848 423.639211 52953.721359
0.003787 6083.014936 1662.424366 19677.199735 712.957350 39144.783727 422.844773 51053.949185
0.003930 5975.623027 1650.059870 19243.099871 712.067414 37918.571826 422.053525 49222.495800
0.004078 5856.247402 1637.792347 18783.504083 709.621041 36651.828713 421.265594 47456.912419
0.004232 5742.063247 1625.621496 18284.554167 707.182398 35397.309212 420.481115 45754.838547
0.004391 5628.762826 1613.547050 17750.423007 704.751589 34185.858946 419.700237 44113.998413
0.004557 5553.601548 1601.568779 17216.760978 702.328728 33016.007058 418.923120 42532.198221
0.004728 5463.014891 1589.686487 16699.232430 699.913946 31886.333246 418.149932 41007.323116
0.004906 5377.641475 1576.395595 16252.026754 697.507393 30839.591140 417.380863 39537.334387
0.005091 5290.594864 1565.753877 15791.358277 695.109234 29852.659640 416.616110 38120.266670
0.005283 5190.222846 1554.614177 15347.190757 692.719656 28891.591434 415.855888 36754.225363
0.005482 5121.360088 1543.114716 14839.114214 690.338866 27876.884400 415.100429 35437.384139
0.005689 5045.882060 1534.729421 14427.198776 687.967094 26898.054288 414.349981 34167.982454
0.005903 4941.615867 1529.789173 14034.174933 685.604596 25953.842678 413.604815 32944.323199
0.006126 4839.553000 1521.109931 13647.334837 683.251654 25043.035704 412.865219 31764.770429
0.006356 4739.649760 1508.946154 13281.206309 680.908579 24197.056842 412.131505 30627.747195
0.006596 4641.799001 1496.893758 12917.254070 678.575714 23451.112195 411.404010 29531.733401
0.006844 4545.480190 1488.238049 12578.506899 676.253437 22728.039224 410.683096 28599.088821
0.007102 4452.476145 1476.444333 12349.084915 673.942159 22027.134473 409.969151 27830.707568
0.007370 4387.377561 1464.753743 11982.446782 671.642333 21347.716282 409.262595 27077.778088
0.007648 4309.172761 1453.166582 11626.885504 669.354455 20689.124089 408.563880 26339.952253
0.007936 4234.741781 1441.376279 11284.243264 667.079066 20171.793967 407.873492 25616.902973
0.008235 4161.704319 1432.488169 10982.433655 664.816755 19562.737806 407.191955 24908.324598
0.008545 4085.323203 1424.915937 10726.339878 662.898403 18890.651696 406.519831 24213.933253
0.008867 4003.556052 1417.004040 10505.601415 662.381039 18250.509780 405.857728 23533.467064
0.009201 3933.176731 1404.931086 10358.574012 661.879412 17686.836701 405.206298 22866.686291
0.009548 3851.112873 1392.816802 10167.267484 661.394687 17140.436847 404.566245 22213.373310
0.009908 3770.817620 1385.365195 9900.167582 660.928122 16594.261301 403.938324 21573.332451
0.010281 3698.538269 1379.945444 9615.701735 660.481069 16028.901794 403.323350 20946.389652
0.010669 3627.770993 1374.581405 9358.631873 660.077027 15474.407833 402.722199 20332.391936
0.011071 3567.230904 1369.275656 9085.668275 659.857912 14972.630686 402.135814 19731.206667
0.011488 3524.306354 1357.158167 8816.230974 659.660872 14475.263641 401.565210 19142.720603
0.011921 3460.124406 1349.777100 8559.044362 659.487643 14116.260809 401.011480 18575.587753
0.012370 3397.200885 1336.752933 8353.037741 659.340098 13697.291671 400.475799 18040.471202
0.012836 3349.303592 1323.892265 8166.413310 659.220255 13269.717020 399.959433 17517.395477
0.013320 3299.769390 1311.196670 7960.652949 659.130289 12918.215813 399.463744 17006.141255
0.013822 3247.714622 1297.649006 7734.297966 657.807842 12518.090976 398.990198 16506.505915
0.014343 3192.322989 1286.308054 7512.306252 657.617433 12172.834245 398.540374 16018.303224
0.014883 3133.948316 1274.119292 7304.256501 655.641405 11814.159484 398.115970 15541.362905
0.015444 3089.144403 1262.273633 7102.412023 655.722780 11400.950660 397.718814 15075.530081
0.016026 3045.736794 1253.926847 6910.464063 654.453903 11037.097842 397.350875 14620.664582
0.016630 2991.045120 1245.724577 6745.695959 652.816707 10694.990109 397.014272 14176.640112
0.017256 2935.970745 1241.513148 6581.449083 651.236491 10363.487309 396.711286 13743.343279
0.017907 2877.684874 1239.019244 6415.348342 648.914757 10042.284666 396.444375 13320.672502
0.018581 2831.501248 1229.203140 6245.159873 645.967399 9731.088958 396.563454 12908.536775
0.019281 2777.820896 1219.475915 6075.871284 643.095019 9429.618286 396.800101 12506.854339
0.020008 2730.607284 1209.946715 5912.811575 640.301619 9137.601858 397.076273 12115.551241
0.020762 2678.880384 1200.398319 5755.714933 637.591504 8867.086823 397.395243 11734.559834
0.021544 2639.179595 1191.507896 5594.737387 634.969304 8590.565775 397.760546 11363.817215
0.022356 2594.958233 1182.612335 5425.925909 632.440003 8315.732085 398.176002 11003.263643
0.023199 2548.562472 1173.942986 5260.563894 630.008959 8071.422490 398.645734 10652.840966
0.024073 2519.567030 1162.693859 5110.271743 627.681938 7818.348304 399.174195 10312.491085
0.024980 2483.775257 1151.626667 4993.109949 625.465143 7571.868288 399.766195 9982.154473
0.025921 2443.837092 1140.661731 4846.384706 623.545957 7337.688830 400.426931 9661.768807
0.026898 2392.521121 1132.328319 4698.346007 624.298764 7112.816711 401.162013 9351.267712
0.027911 2349.903197 1125.852879 4555.688694 625.159493 6913.136029 401.977507 9050.579660
0.028963 2307.584684 1119.637069 4450.051896 626.137449 6729.738638 402.879961 8759.627036
0.030055 2261.006315 1113.694336 4317.379670 627.242689 6528.119734 403.876454 8478.325391
0.031187 2216.417076 1108.039137 4208.349445 628.486079 6335.416590 404.974635 8206.582903
0.032362 2181.868187 1102.687014 4107.462633 629.879361 6152.250813 406.182772 7944.300025
0.033582 2145.860818 1097.654672 4003.261835 631.435227 5992.669464 407.509805 7691.369361
0.034847 2118.182848 1086.530114 3889.665559 633.167389 5812.666104 408.965396 7447.675730
0.036160 2090.370383 1078.781159 3788.439435 635.090669 5641.900194 410.560000 7213.096434
0.037523 2055.599545 1075.255606 3704.244563 637.221085 5472.652902 412.304925 6987.501700
0.038937 2026.299454 1078.151203 3629.051818 637.782868 5320.061246 414.212406 6770.755291
0.040404 1998.925346 1074.433217 3545.776399 636.841699 5179.376389 416.295689 6562.715265
0.041927 1968.066717 1065.813540 3453.343140 636.184704 5047.584510 418.569112 6363.234847
0.043507 1943.662528 1058.327147 3365.379014 635.830316 4935.151427 421.048208 6172.163413
0.045146 1928.111720 1054.295023 3303.875524 634.993356 4803.421272 423.749804 5989.347538
0.046847 1905.273622 1053.207189 3252.467491 634.131464 4674.147254 426.692141 5814.632105
0.048612 1887.048963 1052.512821 3195.729450 633.637588 4568.586884 429.894996 5647.861438
0.050444 1879.203671 1052.666391 3128.807813 634.637427 4448.336516 433.379824 5488.880445
0.052345 1860.831505 1050.414859 3054.036328 639.351585 4330.002452 437.169909 5337.535754
0.054317 1840.666379 1051.180952 2987.706638 641.396364 4221.490344 441.290534 5193.676815
0.056364 1824.767664 1053.071540 2922.882191 647.342955 4127.332794 444.391787 5057.156974
0.058488 1807.776148 1052.341914 2873.801228 653.851440 4029.852456 447.658549 4927.834483
0.060692 1791.200651 1055.422967 2831.565823 657.318086 3934.749728 451.314863 4805.573468
0.062979 1773.717945 1062.605943 2797.918441 660.195733 3845.306321 455.391506 4690.244824
0.065352 1760.653460 1064.001429 2766.970537 663.661923 3761.426682 459.921897 4581.727058
0.067815 1759.917703 1065.911014 2724.072831 668.782867 3686.598120 464.942348 4479.907065
0.070370 1754.086436 1068.903091 2693.618225 678.129258 3626.835073 470.492341 4384.680850
0.073022 1750.324428 1076.053182 2666.836464 688.329205 3559.377729 476.784147 4295.954204
0.075774 1754.469567 1090.330389 2641.065739 699.454816 3503.186679 485.121360 4213.643328
0.078629 1758.868721 1098.356488 2615.989586 710.838465 3451.357468 494.196733 4137.675429
0.081592 1761.637162 1118.413658 2600.129649 720.100864 3420.759921 504.074067 4067.989288
0.084666 1753.983602 1131.880748 2574.439068 730.440206 3392.952699 514.823157 4016.028046
0.087857 1753.944451 1149.760017 2561.972620 743.234465 3349.475324 526.520409 3986.639564
0.091167 1758.499204 1161.784371 2543.978962 756.628109 3311.391182 539.249513 3961.996866
0.094603 1773.824205 1176.790208 2529.932866 772.472326 3281.330182 553.102196 3942.240902
0.098168 1781.833674 1199.689842 2527.076704 790.586778 3290.598619 568.179054 3927.526371
0.101867 1800.301556 1215.292392 2527.613510 807.993926 3281.565973 584.590463 3918.022633
0.105705 1820.024319 1240.756445 2545.197889 827.147021 3265.116479 602.457601 3913.914699
0.109688 1841.909906 1268.001090 2562.600544 848.193525 3256.001486 621.913565 3915.404321
0.113822 1870.361954 1301.809904 2579.204929 872.195787 3265.441684 643.104613 3922.711160
0.118111 1900.410334 1327.512803 2601.762848 903.169537 3279.075894 666.191533 3936.074074
0.122561 1930.990329 1357.580551 2623.918687 930.904848 3295.760445 691.351145 3955.752498
0.127180 1970.874881 1394.534671 2665.547318 961.204466 3323.048173 718.777974 3982.027951
0.131972 2003.294628 1431.613470 2698.056720 994.291002 3357.240199 748.686070 4015.205658
0.136945 2042.852599 1468.875127 2742.882622 1030.407955 3396.383248 781.311029 4055.616301
0.142105 2094.131927 1515.162537 2790.761327 1069.821710 3441.708214 816.912202 4103.617903
0.147460 2145.818977 1565.841088 2849.602274 1113.560279 3485.000877 855.775121 4159.597852
0.153017 2199.374870 1625.373758 2905.449826 1167.856811 3532.267468 898.214163 4223.975064
0.158783 2263.738562 1688.865362 2978.153201 1224.428254 3594.135493 944.575457 4297.202302
0.164766 2338.845413 1756.067494 3059.912502 1282.660685 3672.578713 992.444299 4379.768645
0.170975 2416.660892 1830.864963 3148.805356 1345.788943 3749.619217 1042.774480 4472.202118
0.177417 2495.593230 1908.579112 3249.484319 1418.139834 3856.474417 1097.571361 4575.072487
0.184103 2582.264812 1989.129312 3360.837067 1497.392089 3975.432581 1157.230235 4688.994230
0.191040 2681.369883 2069.379162 3479.757224 1581.211980 4102.121808 1222.180229 4814.629682
0.198239 2791.081085 2160.003665 3596.223437 1672.811274 4289.546270 1292.886712 4948.208286
0.205709 2907.858210 2274.282259 3732.824167 1772.242189 4438.488066 1369.853788 5085.641416
0.213460 3043.650718 2378.734078 3880.639435 1882.380904 4602.611373 1453.626857 5269.230877
0.221504 3188.727145 2499.707888 4054.722817 2002.056023 4790.375157 1544.795225 5458.668724
0.229851 3333.693036 2633.699206 4240.555796 2132.934646 5043.631107 1643.344510 5702.183444
0.238512 3504.604266 2773.521129 4408.878776 2274.547646 5263.320746 1746.964388 5965.974993
0.247499 3681.113649 2931.050888 4627.609392 2415.879940 5525.446503 1859.928875 6290.387466
0.256826 3865.176366 3093.782463 4860.648084 2582.964068 5816.612135 1983.079471 6645.134580
0.266503 4081.601349 3280.096432 5122.528305 2753.110963 6121.164360 2117.332065 7028.294176
0.276546 4309.063829 3471.088693 5391.072183 2931.526183 6462.118174 2263.682908 7441.919224
0.286967 4552.780566 3678.897602 5645.310857 3120.251660 6823.586766 2423.214980 7888.185078
0.297780 4817.754459 3914.635540 5959.507713 3335.167342 7232.078558 2597.104743 8378.414922
0.309001 5085.314795 4144.059792 6284.788762 3566.994039 7676.017032 2786.629319 8948.984369
0.320645 5418.694843 4406.180792 6671.333258 3815.824856 8184.166264 2993.174068 9521.922628
0.332727 5745.954649 4668.326237 7071.096052 4078.663079 8716.567478 3218.240606 10109.666543
0.345265 6099.215258 4971.077367 7508.281364 4345.212063 9286.610511 3476.744089 10741.343621
0.358275 6469.918506 5278.293896 7985.342277 4625.294083 9915.926758 3767.315133 11419.759363
0.371776 6894.831462 5622.711025 8540.088373 4915.809763 10589.454151 4054.702578 12147.846366
0.385785 7358.955008 5977.980915 9135.715060 5262.221317 11344.205058 4365.341785 12936.119939
0.400322 7831.167694 6384.490999 9733.119740 5634.824985 12150.022800 4700.863487 13794.852263
0.415407 8357.091835 6807.152308 10347.758022 6012.597794 13023.525690 5062.982699 14714.834644
0.431060 8926.157743 7269.158091 11050.243973 6408.000098 13897.195849 5466.957455 15699.542596
0.447304 9524.390640 7793.994187 11825.482076 6799.791346 14804.472979 5874.312237 16752.530434
0.464159 10137.831816 8363.037173 12692.829463 7220.978620 15836.833391 6327.401363 17877.416975
0.481649 10864.565322 8904.691892 13551.456095 7705.565852 17029.712001 6814.853893 19334.816414
0.499799 11598.134311 9544.161586 14563.246039 8199.412503 18442.314140 7338.858764 20928.664392
0.518632 12401.292664 10203.671693 15625.654663 8741.501579 19803.774085 7901.715158 22661.812821
0.538175 13251.014294 10880.069907 16727.706160 9307.131605 21211.945061 8435.813875 24545.661220
0.558455 14184.869775 11646.537408 17959.336885 9915.465958 22693.421342 8974.340624 26592.403149
0.579498 15150.741549 12434.882279 19269.889079 10575.397903 24247.856279 9551.539258 28815.060301
0.601335 16269.537630 13311.934293 20701.243906 11287.133921 26087.015070 10170.036783 31227.514995
0.623994 17389.147060 14199.543373 22288.845536 12089.397515 28150.979632 10832.628218 33844.540547
0.647508 18579.951934 15145.858415 23853.768944 12912.428595 30408.995780 11542.285920 36681.828997
0.671907 19899.958381 16149.361033 25604.389837 13746.936291 32863.051821 12302.169283 39756.015591
0.697226 21223.811319 17278.073646 27649.979029 14721.433011 35485.803255 13115.634829 43084.699465
0.723499 22714.569847 18441.240811 29830.640308 15740.379707 38150.999936 13986.246678 46686.459949
0.750762 24324.140182 19665.865596 32135.973975 16788.318516 41021.862141 14917.787405 50580.867931
0.779052 26079.243419 20892.076612 34419.556265 17761.996772 44240.272773 15914.269263 54963.888994
0.808408 27902.807458 22281.412660 36901.614827 18925.322621 47691.459723 16977.137927 59852.406244
0.838870 29897.623279 23824.216218 39544.147995 20099.211649 51413.053102 18091.069468 65161.253104
0.870480 31989.227576 25489.416639 42351.786178 21422.778915 55416.254051 19278.152080 70922.305270
0.903282 34180.605249 27231.614482 45525.444343 22783.869263 59720.136738 20542.747589 76670.602490
0.937319 36579.671082 28846.699326 49048.020622 24249.382079 64209.936160 21880.508853 82574.305614
0.972639 39119.776437 30811.502565 52535.865491 25755.078266 68863.783812 23202.860645 88894.076548
1.009290 41841.397610 32679.819794 56326.888397 27373.380973 74246.514619 24552.842934 95652.690131
1.047322 44867.173146 34775.445345 60474.248005 28966.289098 80011.401784 25918.137356 102873.361716
1.086787 47896.126679 36850.723446 64733.716900 30740.578222 85760.715355 27475.222956 110628.646284
1.127740 51134.502827 39121.895981 69147.429927 32463.552328 92306.122392 29053.849613 119311.133074
1.170235 54525.356445 41523.868237 73895.787484 34654.560999 99025.115711 30514.838814 128594.543635
1.214332 58123.846641 44313.451414 79093.315832 36927.473610 106053.381680 31975.315816 138509.739740
1.260090 61836.048806 47231.099668 84949.866407 39276.067278 113938.381650 33490.079826 148745.958907
1.307573 65812.739632 50189.246361 90932.781430 41715.445731 121657.514662 35060.071031 158634.817100
1.356845 70138.465664 53328.062886 96745.786247 44122.445816 130171.988420 36686.203144 168348.560183
1.407973 74500.182054 56735.284411 103291.930504 46864.392054 139124.918834 38369.361037 180117.167187
1.461028 79159.108362 60027.736290 109723.906948 49277.821944 149170.913095 40110.398146 192556.850256
1.516083 84039.888672 63562.259717 117522.009768 51667.316572 159329.127708 41910.133640 208353.715009
1.573212 88996.979844 67605.896799 124259.408634 54566.380528 168679.554924 43769.349431 225613.227590
1.632493 94609.723794 71965.819426 132002.836219 57631.940097 180927.324855 45688.787036 244157.122871
1.694009 100740.464985 76195.896330 140035.513636 60521.681930 193741.794087 47669.144370 264060.807146
1.757842 107168.781054 80611.008171 148585.633039 63528.312521 206911.882094 49711.072531 285401.566547
1.824081 113441.441622 85791.339114 157889.654227 66654.390768 220415.178748 51815.172644 308201.530583
1.892816 119950.097851 90375.496867 166621.915222 69667.718921 235793.836902 53981.992850 330547.710027
1.964141 127249.954599 94185.512350 175667.564748 73119.298607 247103.304179 56212.025491 351538.229584
2.038154 134627.011754 98950.418185 187715.982700 76773.819303 264111.868216 58505.704585 371257.677354
2.114955 142348.108159 103415.440561 198469.993849 79800.135656 277865.783456 60863.403624 389785.068844
2.194651 150451.126877 108208.050538 208399.373706 83063.603426 289574.830084 63285.433770 407194.249911
2.277350 158674.817987 113675.744369 219332.021986 85806.860466 303614.629746 65772.042467 423554.266431
2.363165 167224.729854 119322.455528 231812.465615 88249.220341 320174.730763 68323.412505 438929.703905
2.452213 175745.288980 124749.443166 243283.670726 90771.617632 337363.719124 70939.661540 453380.999808
2.544617 184792.670789 129533.670146 256669.042288 93054.303562 357682.809634 72776.151075 469839.833471
2.640503 194482.078368 135182.806117 269938.941013 96273.420228 379723.291371 73263.774557 499188.337576
2.740003 203586.413567 140068.916196 287323.838555 99515.476306 402509.335424 73720.867490 536276.906019
2.843251 212779.962572 144782.379590 302630.141156 103617.433035 425381.250810 74149.366537 575544.077419
2.950391 224226.083625 149009.800008 316219.911289 104540.304280 449940.923529 74551.082132 617051.506331
3.061567 235364.889630 155111.150347 331154.099779 105603.458444 472865.709353 74927.707149 660854.929117
3.176933 246084.008294 160718.791622 349959.785639 107096.123584 494480.654463 75280.824915 707003.229369
3.296646 257617.908094 166221.976247 368803.955673 109285.519595 524587.044668 75611.916633 755537.504163
3.420870 269696.734190 171404.976040 386416.687996 112402.630892 550110.097512 77433.274856 806490.150195
3.549775 280157.612772 177026.449878 407012.304441 114000.173050 573804.022139 79501.176360 859883.991328
3.683537 292246.566285 181920.596293 425778.360978 116757.773324 592159.735250 81594.289417 915731.471164
3.822340 304089.562831 185870.219789 449126.000648 119499.354136 621586.449103 82756.551545 974033.935884
3.966373 317119.360840 189642.200653 469224.927356 122225.018484 656910.162422 83128.650746 1034781.033584
4.115834 330038.652855 194950.839502 492208.579318 124613.709704 697908.885733 83479.244747 1097950.256477
4.270926 340265.506924 202069.025634 514119.341677 126199.565348 739990.420448 83809.583215 1163506.651507
4.431863 351205.948669 206275.302509 535317.449686 128363.158664 779315.835344 84120.842189 1231402.723013
4.598864 364859.741230 210197.739390 560939.672532 129544.900296 824921.744450 84414.128553 1301578.547910
4.772158 377888.216499 212774.541959 582720.164143 130655.007149 852463.572149 84690.484226 1373962.119528
4.951983 388640.201903 219919.413065 608909.044357 132159.030908 894354.846695 84950.890074 1448469.930667
5.138583 400712.718898 226225.677236 636243.554546 135564.527880 942303.972532 85196.269578 1525007.799723
5.332215 412005.989831 229815.512042 658682.281703 136566.114932 974530.353437 85427.492273 1603471.936200
5.533143 422443.471137 234162.067822 693689.346256 137644.536543 1005050.512406 85645.376961 1683750.233646
5.741642 432453.363037 237218.260557 730985.018597 138454.906042 1043444.842310 85850.694736 1765723.769550
5.957999 443417.812102 243337.734734 762391.980449 139262.975663 1094524.315964 86044.171811 1849268.483285
6.182508 454056.953107 245884.305112 791817.658110 140200.836310 1155993.061160 86226.492175 1934256.995315
6.415476 462768.336793 249850.478005 822041.124718 140749.841112 1202183.231223 86398.300085 2020560.523963
6.657224 470891.762939 253363.311972 855379.963812 141203.252715 1273053.999639 86560.202410 2108050.850568
6.908081 484750.407917 255887.485188 887715.820464 141801.319677 1341103.588433 86712.770827 2196602.280162
7.168391 500380.040414 259110.595836 924871.379488 142376.572085 1402690.600277 86856.543885 2286093.543162
7.438510 513861.360650 261490.383193 965877.999334 143615.491387 1473772.351734 86992.028950 2376409.584216
7.718807 522772.215265 266063.038800 1012248.045585 144685.437323 1525111.119460 87119.704023 2467443.187230
8.009667 532244.220474 271845.738510 1049969.990462 145283.463220 1609697.084927 87240.019461 2606536.620003
8.311487 541936.580720 275370.052388 1088218.209038 145494.894424 1659487.852643 87353.399586 2753982.589136
8.624680 553748.222835 279484.560221 1131873.197278 146151.498049 1734517.532702 87460.244199 2907900.993539
8.949674 560952.121679 281127.477177 1159177.764738 147138.173906 1781112.395760 87560.930015 3047151.327196
9.286915 567747.495070 284536.981957 1196116.432761 147693.367916 1848308.017601 87655.811993 3142279.698150
9.636864 577260.513243 287817.717265 1227213.780625 148227.133538 1929908.484030 87745.224612 3236781.725871
10.000000 587262.125884 291246.137225 1249701.081254 148740.295475 2010610.926947 87829.483046 3330661.718818
