0.010000 8.159474 7.788438 8.517219 7.478303 8.853581 7.194428 9.122917
0.012068 7.647706 7.292060 7.994984 6.996153 8.326644 6.679166 8.589506
0.014563 7.242206 6.897777 7.604343 6.602339 7.918761 6.268098 8.193115
0.017575 6.948665 6.614977 7.316672 6.321996 7.619434 5.978623 7.902731
0.021210 6.745669 6.415914 7.112152 6.121067 7.399413 5.782028 7.684694
0.025595 6.591986 6.266648 6.953079 5.979656 7.231459 5.654344 7.511903
0.030888 6.456127 6.138482 6.809222 5.854159 7.082707 5.548753 7.352369
0.037276 6.315183 6.003406 6.653545 5.729457 6.923407 5.440241 7.182152
0.044984 6.141127 5.839197 6.461842 5.579412 6.719111 5.308544 6.975280
0.054287 5.916057 5.623723 6.209492 5.384555 6.454775 5.135706 6.699813
0.065513 5.609930 5.340400 5.877522 5.119216 6.096799 4.903658 6.331549
0.079060 5.204143 4.966158 5.439265 4.764919 5.634842 4.580266 5.849161
0.095410 4.692163 4.488976 4.886876 4.308579 5.048942 4.151503 5.240847
0.115140 4.069678 3.907319 4.223446 3.773957 4.354876 3.627746 4.498043
0.138950 3.366583 3.244264 3.482774 3.141555 3.582897 3.026887 3.682500
0.167683 2.627264 2.541687 2.713342 2.465042 2.783474 2.387806 2.852557
0.202359 1.919350 1.859454 1.980668 1.805371 2.027766 1.752213 2.070629
0.244205 1.309273 1.264590 1.351070 1.228237 1.380614 1.200997 1.415033
0.294705 0.835643 0.803754 0.864400 0.779111 0.885437 0.756364 0.903933
0.355648 0.498771 0.477766 0.517935 0.461235 0.532600 0.445986 0.547027
0.429193 0.280286 0.267257 0.292351 0.256979 0.302315 0.247056 0.310641
0.517947 0.151941 0.143985 0.158679 0.138183 0.164295 0.131854 0.170537
0.625055 0.079043 0.074708 0.082747 0.071401 0.086017 0.067878 0.089759
0.754312 0.039829 0.037577 0.041760 0.035859 0.043495 0.033928 0.045629
0.910298 0.019735 0.018581 0.020714 0.017716 0.021623 0.016708 0.022746
1.098541 0.009669 0.009094 0.010157 0.008656 0.010628 0.008150 0.011192
1.325711 0.004665 0.004383 0.004904 0.004168 0.005141 0.003920 0.005417
1.599859 0.002224 0.002087 0.002340 0.001985 0.002454 0.001865 0.002588
1.930698 0.001067 0.001001 0.001123 0.000952 0.001179 0.000893 0.001244
2.329952 0.000508 0.000476 0.000535 0.000453 0.000561 0.000425 0.000593
2.811769 0.000240 0.000225 0.000252 0.000214 0.000265 0.000200 0.000280
3.393222 0.000114 0.000106 0.000120 0.000101 0.000126 0.000095 0.000133
4.094915 0.000054 0.000050 0.000057 0.000048 0.000060 0.000045 0.000063
4.941713 0.000025 0.000024 0.000027 0.000023 0.000028 0.000021 0.000030
5.963623 0.000012 0.000011 0.000013 0.000011 0.000013 0.000010 0.000014
7.196857 0.000006 0.000005 0.000006 0.000005 0.000006 0.000005 0.000007
8.685114 0.000003 0.000003 0.000003 0.000002 0.000003 0.000002 0.000003
10.481131 0.000001 0.000001 0.000001 0.000001 0.000001 0.000001 0.000001
12.648552 0.000000 0.000000 0.000000 0.000000 0.000000 0.000000 0.000000
15.264180 0.000000 0.000000 0.000000 0.000000 0.000000 0.000000 0.000000
18.420700 0.000000 0.000000 0.000000 0.000000 0.000000 0.000000 0.000000
22.229965 0.000000 0.000000 0.000000 0.000000 0.000000 0.000000 0.000000
26.826958 0.000000 0.000000 0.000000 0.000000 0.000000 0.000000 0.000000
32.374575 0.000000 0.000000 0.000000 0.000000 0.000000 0.000000 0.000000
39.069399 0.000000 0.000000 0.000000 0.000000 0.000000 0.000000 0.000000
47.148664 0.000000 0.000000 0.000000 0.000000 0.000000 0.000000 0.000000
56.898660 0.000000 0.000000 0.000000 0.000000 0.000000 0.000000 0.000000
68.664885 0.000000 0.000000 0.000000 0.000000 0.000000 0.000000 0.000000
82.864277 0.000000 0.000000 0.000000 0.000000 0.000000 0.000000 0.000000
100.000000 0.000000 0.000000 0.000000 0.000000 0.000000 0.000000 0.000000
