0.010000 7.574855 7.014860 8.132599 6.522139 8.705687 5.936416 9.140724
0.012068 7.806756 7.232222 8.377042 6.727224 8.947314 6.126116 9.458853
0.014563 7.990473 7.403753 8.566431 6.889999 9.152062 6.277315 9.710670
0.017575 8.126347 7.537697 8.698667 7.023334 9.288421 6.384450 9.882505
0.021210 8.210865 7.630644 8.786881 7.104729 9.367738 6.453353 9.980468
0.025595 8.250789 7.678951 8.819051 7.153159 9.375305 6.496351 9.984488
0.030888 8.254365 7.700788 8.815545 7.179755 9.323650 6.524005 9.896186
0.037276 8.232808 7.697617 8.783505 7.181403 9.264888 6.544318 9.765924
0.044984 8.197120 7.685796 8.712446 7.192387 9.159546 6.563656 9.698886
0.054287 8.137186 7.665011 8.618194 7.197834 9.041267 6.586851 9.602196
0.065513 8.070663 7.632768 8.512379 7.191838 8.897355 6.617427 9.469674
0.079060 7.985735 7.586439 8.376747 7.219440 8.760417 6.658271 9.292064
0.095410 7.884800 7.545289 8.238697 7.210566 8.573054 6.711198 9.059352
0.115140 7.776775 7.477789 8.092510 7.162049 8.369431 6.776354 8.764684
0.138950 7.668627 7.401281 7.954661 7.140937 8.228717 6.848854 8.542713
0.167683 7.585271 7.314680 7.852550 7.069552 8.057574 6.869691 8.386963
0.202359 7.510664 7.253452 7.783074 7.017271 8.015484 6.794502 8.381909
0.244205 7.481818 7.239056 7.752690 6.998447 8.034743 6.798794 8.373296
0.294705 7.538460 7.260580 7.825432 7.022386 8.120124 6.704214 8.532596
0.355648 7.651756 7.363606 7.977969 7.108528 8.291464 6.824509 8.800987
0.429193 7.871366 7.534805 8.223072 7.224851 8.553375 6.857046 9.105153
0.517947 8.168285 7.765837 8.579767 7.394514 8.947440 6.962278 9.500070
0.625055 8.548515 8.073370 9.011925 7.618454 9.442968 7.124614 10.077639
0.754312 9.006020 8.447552 9.492341 7.966071 10.017133 7.396296 10.649127
0.910298 9.490477 8.852550 10.036452 8.325259 10.704180 7.730968 11.293752
1.098541 9.981015 9.284999 10.591532 8.726065 11.365254 8.149264 12.048312
1.325711 10.468789 9.721570 11.209699 9.143402 12.061462 8.571954 12.916180
1.599859 10.941644 10.135452 11.777023 9.468819 12.782857 8.848433 13.699278
1.930698 11.370901 10.441801 12.381310 9.720089 13.465397 8.986785 14.574127
2.329952 11.710023 10.643217 12.908904 9.742200 14.077402 9.116989 15.446837
2.811769 12.022901 10.601064 13.406251 9.553598 14.739186 8.727553 16.564172
3.393222 12.197723 10.481897 13.818853 9.161894 15.406295 8.076600 17.544003
4.094915 12.203239 10.180849 14.071004 8.605094 16.059331 7.423166 18.474391
4.941713 11.976118 9.665053 14.184596 7.887129 16.540386 6.751828 19.562348
5.963623 11.552979 9.091058 14.065880 7.205284 16.868249 6.057919 20.438519
7.196857 10.689792 8.172687 13.426946 6.385247 16.730327 5.250450 20.749520
8.685114 9.176165 6.830481 11.834840 5.288077 15.284666 4.148814 19.857651
10.481131 5.903640 4.115589 8.033433 2.902960 11.061036 2.199623 15.113097
12.648552 0.000000 0.000000 0.000000 0.000000 0.000000 0.000000 0.000000
15.264180 0.000000 0.000000 0.000000 0.000000 0.000000 0.000000 0.000000
18.420700 0.000000 0.000000 0.000000 0.000000 0.000000 0.000000 0.000000
22.229965 0.000000 0.000000 0.000000 0.000000 0.000000 0.000000 0.000000
26.826958 0.000000 0.000000 0.000000 0.000000 0.000000 0.000000 0.000000
32.374575 0.000000 0.000000 0.000000 0.000000 0.000000 0.000000 0.000000
39.069399 0.000000 0.000000 0.000000 0.000000 0.000000 0.000000 0.000000
47.148664 0.000000 0.000000 0.000000 0.000000 0.000000 0.000000 0.000000
56.898660 0.000000 0.000000 0.000000 0.000000 0.000000 0.000000 0.000000
68.664885 0.000000 0.000000 0.000000 0.000000 0.000000 0.000000 0.000000
82.864277 0.000000 0.000000 0.000000 0.000000 0.000000 0.000000 0.000000
100.000000 0.000000 0.000000 0.000000 0.000000 0.000000 0.000000 0.000000
