0.010000 621162622.940690 213908493.533054 1475758254.393455 97348226.593226 1976479767.505694 70529932.213487 2524966550.080337
0.012068 559013593.246146 203379695.541840 1272410129.384288 96744456.696577 1679472005.544233 70174092.458001 2212757704.277114
0.014563 506543164.070466 193052220.039123 1088871711.565914 94986615.033947 1407907452.262372 69803490.330329 1877434978.046104
0.017575 448054705.863532 186643095.167650 929306925.741026 92794847.925930 1179471526.032004 69414886.511542 1560077182.303706
0.021210 399261449.827028 175156533.482459 795815158.552774 91932851.021312 994558112.317752 68973785.590356 1279182609.666395
0.025595 358623196.413576 165387616.440959 677364174.530584 91157444.815801 827996726.115053 66935029.529349 1043427559.871175
0.030888 320154843.407669 155794917.724679 572720479.004962 89318589.520789 687345743.966808 64937121.201823 851736782.459618
0.037276 285140994.647832 146266635.822648 485907825.912234 87814075.796692 574971631.828646 62976075.417924 697323157.364658
0.044984 252843447.899557 137473864.765451 408940776.808072 86288037.768699 477249882.180916 61047541.118775 572206336.831202
0.054287 223895040.281742 129331870.950809 344428889.221241 82871312.951854 398984863.837390 59146733.952130 469789550.825395
0.065513 199878309.880910 121463382.798216 288690384.109504 79490485.519303 331533048.922981 57585600.111977 385347339.579386
0.079060 175686783.118458 113314780.693416 240206481.568450 76139467.420289 273147791.748513 56656974.478591 315515834.828998
0.095410 153690266.175144 105061158.603326 200694629.764492 73401287.223097 226437914.950069 55696357.763287 261579330.719447
0.115140 133993653.597041 95893208.507888 166700918.405210 69478119.453628 186769536.788458 54692543.816525 215565474.949085
0.138950 116873754.924756 88452269.407501 138792061.716368 66168321.676248 155127313.893588 52758220.177742 176403610.111586
0.167683 100448202.547729 80405755.943913 115005933.617007 63151883.582601 128430931.341294 50739753.148397 144173921.517210
0.202359 85515864.185389 73173002.835542 95746028.033594 59577268.758625 105143516.105683 48685829.554666 117979664.584508
0.244205 72758108.164546 64973889.594410 79981228.173401 55976697.882248 87459181.744755 46586378.856727 99163891.601873
0.294705 61701025.711123 56472653.990450 67025251.005578 51111705.199155 73101251.883555 44431306.984355 83975109.381287
0.355648 52205331.410209 48017939.344467 56894341.622428 44421716.469040 61944635.256304 41326140.529696 69142765.427467
0.429193 43864920.072246 40079476.086614 48666795.191670 37018712.131940 53731790.215653 34101103.891566 60241624.732182
0.517947 36388497.537576 32798450.448820 41766544.814760 30246561.377702 46349997.473673 28087495.932151 51733116.296141
0.625055 29952123.864162 26600619.517968 35639677.438417 24519187.565754 39767256.313908 23106052.124225 45194580.017323
0.754312 24369432.320375 21302310.405863 30268659.607034 19818702.373751 34632139.727198 18716991.504077 39906742.194240
0.910298 19658013.977384 17027502.591638 25257872.976841 15721464.450044 29907475.053174 14707116.929661 34522855.411954
1.098541 15695573.477797 13515505.494579 20746198.336495 12049121.416063 25564718.989664 10883322.655861 29909729.651900
1.325711 12494025.588525 10588664.445118 16710598.047229 9104188.730371 21522741.868529 7896532.916014 26331879.255298
1.599859 9863791.146915 8150389.032615 13008721.583326 6719307.725059 17684034.937283 5628457.673685 22894621.260697
1.930698 7634180.119001 6105710.624154 10055630.508863 4822433.900156 13830190.238885 3930389.658609 19463026.819052
2.329952 5824976.296858 4414333.472395 7610751.042681 3314524.443859 10205074.039767 2416199.418032 15382349.622866
2.811769 4269256.578573 3021109.325572 5652007.238232 2077254.740852 7795872.101194 1265696.563407 10424269.266630
3.393222 3039816.948781 1858822.482444 4227972.213073 1087904.006809 5552861.513775 599565.585543 7808682.562584
4.094915 2044634.631525 1092796.773067 3107740.655156 522618.214647 4028850.325142 250835.609909 5395948.583643
4.941713 1347074.562006 601140.876375 2224963.090624 225854.839473 2981858.830891 104940.151196 3931786.817248
5.963623 838582.371947 297391.378820 1547012.497077 99001.960041 2212666.498396 43902.998210 2698874.257331
7.196857 483852.492689 138343.155802 1022606.661574 43214.890072 1649061.654669 18367.357297 1977415.823214
8.685114 259154.452854 65302.744068 690344.079772 17994.406442 1204272.008531 7598.918515 1522178.877555
10.481131 139863.392260 29926.866952 421504.764736 8013.512343 855476.499225 2999.236904 1154642.993777
12.648552 71116.292622 13560.647743 246905.071252 3343.321284 592183.975015 1183.776611 803820.809852
15.264180 36486.401795 6322.663194 132687.820149 1376.813590 383786.544284 501.294144 582227.656785
18.420700 17866.922634 2806.835074 65657.574949 588.483436 217351.577713 220.997667 436280.627955
22.229965 8717.805618 1265.478590 31174.452834 242.800803 102011.761007 95.355437 238515.824565
26.826958 4268.362432 548.039051 15448.524752 99.139113 46825.975054 37.347853 106236.955994
32.374575 2029.945931 245.023824 7681.436842 41.331567 22437.324962 14.628029 59246.874742
39.069399 948.405121 106.413728 4027.751102 17.067575 11606.669644 5.729359 33041.159113
47.148664 442.934474 46.640593 2027.521583 7.386009 6124.996676 2.244017 18426.595500
56.898660 204.388868 20.216339 1043.403507 2.974303 3041.060535 0.878914 10276.256368
68.664885 98.116901 9.087632 525.637193 1.197693 1597.699679 0.344244 5730.925441
82.864277 44.235907 3.922860 263.407060 0.497291 830.663853 0.134830 3196.057516
100.000000 20.141132 1.701317 132.286694 0.206128 450.582649 0.052809 1782.396884
