0.010000 0.001642 0.000334 0.007106 0.000057 0.036306 0.000002 0.168164
0.012068 0.001995 0.000419 0.008296 0.000068 0.043011 0.000003 0.188768
0.014563 0.002434 0.000515 0.009774 0.000083 0.050828 0.000003 0.210525
0.017575 0.002928 0.000633 0.011550 0.000105 0.059893 0.000004 0.230945
0.021210 0.003591 0.000766 0.013585 0.000132 0.070340 0.000006 0.250119
0.025595 0.004364 0.000931 0.015699 0.000168 0.080758 0.000007 0.269457
0.030888 0.005219 0.001162 0.018399 0.000210 0.095859 0.000009 0.288754
0.037276 0.006247 0.001421 0.021809 0.000265 0.106257 0.000012 0.307807
0.044984 0.007479 0.001763 0.025478 0.000330 0.114854 0.000015 0.326425
0.054287 0.008975 0.002170 0.030260 0.000414 0.126534 0.000019 0.344433
0.065513 0.010935 0.002671 0.035731 0.000521 0.138020 0.000025 0.361679
0.079060 0.013073 0.003268 0.041200 0.000642 0.146689 0.000032 0.378040
0.095410 0.015721 0.003978 0.047559 0.000787 0.162614 0.000040 0.393423
0.115140 0.018531 0.004883 0.055103 0.000963 0.181931 0.000051 0.407766
0.138950 0.022298 0.005900 0.063111 0.001125 0.192868 0.000065 0.421033
0.167683 0.026455 0.007100 0.071945 0.001385 0.221297 0.000080 0.433217
0.202359 0.031172 0.008572 0.082406 0.001681 0.245765 0.000093 0.448385
0.244205 0.037156 0.010198 0.094273 0.002029 0.259137 0.000107 0.466311
0.294705 0.043679 0.012345 0.108033 0.002463 0.278474 0.000124 0.481592
0.355648 0.050723 0.014749 0.122391 0.002991 0.297842 0.000143 0.494453
0.429193 0.058548 0.017492 0.137493 0.003115 0.313089 0.000164 0.505160
0.517947 0.068216 0.020066 0.152978 0.003368 0.337947 0.000187 0.514474
0.625055 0.078397 0.023403 0.170568 0.004175 0.357017 0.000217 0.522872
0.754312 0.088943 0.026748 0.186248 0.004907 0.367682 0.000264 0.529760
0.910298 0.101295 0.030932 0.204001 0.005506 0.377437 0.000318 0.534808
1.098541 0.114101 0.035302 0.223121 0.006682 0.394319 0.000379 0.537947
1.325711 0.127660 0.039211 0.244341 0.007669 0.409680 0.000435 0.540623
1.599859 0.141868 0.042633 0.261684 0.008397 0.418393 0.000437 0.542902
1.930698 0.155284 0.046540 0.279743 0.009412 0.425749 0.000439 0.544838
2.329952 0.166074 0.049328 0.295888 0.010352 0.436344 0.000460 0.546482
2.811769 0.177878 0.054357 0.312161 0.011311 0.446694 0.000501 0.547877
3.393222 0.188843 0.057537 0.328648 0.012450 0.455837 0.000542 0.549059
4.094915 0.200184 0.060762 0.343205 0.013483 0.464112 0.000582 0.550060
4.941713 0.210233 0.064109 0.359894 0.014110 0.472796 0.000622 0.550907
5.963623 0.218834 0.067216 0.374508 0.014817 0.479736 0.000660 0.551623
7.196857 0.227492 0.069269 0.388924 0.015381 0.488669 0.000697 0.552229
8.685114 0.235103 0.070637 0.402551 0.015902 0.498478 0.000731 0.552741
10.481131 0.240888 0.073037 0.416208 0.016380 0.506093 0.000763 0.553173
12.648552 0.245761 0.074520 0.427395 0.016814 0.513739 0.000792 0.553539
15.264180 0.250885 0.075305 0.435381 0.017116 0.518886 0.000819 0.553847
18.420700 0.255892 0.076429 0.443429 0.017318 0.522587 0.000844 0.554108
22.229965 0.260730 0.076942 0.449851 0.017497 0.527301 0.000866 0.554328
26.826958 0.264459 0.077364 0.456068 0.017655 0.530524 0.000885 0.554513
32.374575 0.265201 0.077711 0.460728 0.017795 0.532384 0.000902 0.554670
39.069399 0.266733 0.078505 0.464172 0.017918 0.536740 0.000918 0.554802
47.148664 0.267922 0.079308 0.467275 0.018026 0.538346 0.000931 0.555193
56.898660 0.269403 0.080001 0.468843 0.018121 0.540287 0.000943 0.555978
68.664885 0.270978 0.080598 0.471455 0.018205 0.541850 0.000953 0.556635
82.864277 0.272140 0.081110 0.473826 0.018277 0.543152 0.000962 0.557185
100.000000 0.272988 0.081550 0.474112 0.018341 0.544531 0.000969 0.557691
