0.010000 0.004769 -0.010180 0.018251 -0.017477 0.030685 -0.019692 0.053705
0.012068 0.005758 -0.009432 0.019255 -0.017222 0.037102 -0.019565 0.063463
0.014563 0.007297 -0.008806 0.020639 -0.016753 0.044562 -0.019376 0.075526
0.017575 0.008966 -0.007620 0.024448 -0.016183 0.052863 -0.019096 0.090340
0.021210 0.011301 -0.005632 0.030385 -0.015266 0.064156 -0.018679 0.108385
0.025595 0.014911 -0.003216 0.037811 -0.013938 0.078962 -0.017879 0.131015
0.030888 0.019173 -0.000474 0.048819 -0.011391 0.096482 -0.016602 0.158512
0.037276 0.024606 0.004011 0.063777 -0.008996 0.117038 -0.015781 0.186623
0.044984 0.032988 0.010064 0.082417 -0.004481 0.142842 -0.013774 0.221817
0.054287 0.047408 0.018033 0.107385 -0.000296 0.174221 -0.012059 0.261771
0.065513 0.067037 0.028617 0.139921 0.006485 0.210956 -0.008095 0.306099
0.079060 0.096062 0.044641 0.180145 0.015764 0.258924 -0.001436 0.354112
0.095410 0.136344 0.067210 0.230439 0.027347 0.321783 0.002445 0.404778
0.115140 0.188850 0.101418 0.294375 0.045097 0.400834 0.005120 0.456797
0.138950 0.249748 0.144034 0.368439 0.067255 0.471657 0.008741 0.525364
0.167683 0.317379 0.197946 0.451244 0.101981 0.551959 0.013465 0.628905
0.202359 0.388193 0.258893 0.539167 0.135695 0.633699 0.019341 0.714805
0.244205 0.465316 0.318513 0.616986 0.186645 0.708727 0.026229 0.800690
0.294705 0.536400 0.378622 0.687538 0.240914 0.776105 0.033764 0.845796
0.355648 0.601705 0.442735 0.745067 0.268476 0.836092 0.041409 0.892982
0.429193 0.656594 0.485985 0.791221 0.292468 0.879491 0.044142 0.925321
0.517947 0.696102 0.514597 0.827899 0.318663 0.913528 0.045757 0.948824
0.625055 0.730177 0.541667 0.856198 0.332800 0.937711 0.046957 0.963724
0.754312 0.758107 0.563182 0.876436 0.350848 0.950173 0.047836 0.974375
0.910298 0.774752 0.580155 0.891776 0.362271 0.960585 0.048475 0.980364
1.098541 0.789307 0.591728 0.902364 0.366778 0.968495 0.048936 0.984056
1.325711 0.798470 0.599036 0.912005 0.370028 0.974414 0.049266 0.986324
1.599859 0.806041 0.606006 0.918332 0.376832 0.978899 0.049503 0.987713
1.930698 0.809989 0.613871 0.923401 0.377366 0.981651 0.049672 0.988563
2.329952 0.814076 0.616585 0.928484 0.377690 0.983509 0.049792 0.989091
2.811769 0.815288 0.620139 0.930606 0.377888 0.984688 0.049877 0.989414
3.393222 0.816612 0.620919 0.933290 0.378008 0.986137 0.049938 0.989608
4.094915 0.817459 0.621375 0.934857 0.378080 0.987157 0.049981 0.989725
4.941713 0.817649 0.622116 0.936655 0.378125 0.987515 0.050012 0.989795
5.963623 0.818093 0.623454 0.938020 0.378151 0.987808 0.050033 0.989836
7.196857 0.819250 0.625497 0.939044 0.379711 0.987869 0.050049 0.989861
8.685114 0.819252 0.625529 0.940127 0.382237 0.988322 0.050060 0.989876
10.481131 0.820326 0.625549 0.941003 0.383690 0.988371 0.050067 0.989886
12.648552 0.820332 0.625561 0.941304 0.383740 0.988736 0.050073 0.989891
15.264180 0.820336 0.625569 0.941608 0.383775 0.988807 0.050077 0.989894
18.420700 0.820338 0.625574 0.941612 0.383799 0.988811 0.050080 0.989896
22.229965 0.820339 0.625577 0.941615 0.383817 0.989024 0.050081 0.989897
26.826958 0.820340 0.625579 0.942127 0.383829 0.989264 0.050083 0.989898
32.374575 0.820340 0.625580 0.942129 0.383837 0.989414 0.050084 0.989898
39.069399 0.820497 0.625580 0.942130 0.383843 0.989437 0.050085 0.989899
47.148664 0.821387 0.625581 0.942131 0.383847 0.989542 0.050085 0.989899
56.898660 0.821532 0.625581 0.942131 0.383850 0.989623 0.050085 0.989899
68.664885 0.821532 0.625581 0.942132 0.383852 0.989686 0.050086 0.989899
82.864277 0.821532 0.625581 0.942132 0.383854 0.989734 0.050086 0.989899
100.000000 0.821532 0.625582 0.942166 0.383855 0.989772 0.050086 0.989899
