0.022593 7.660424 1.046062
0.061112 12.550252 3.536211
0.083875 7.338150 1.128252
0.098784 11.556958 1.416125
0.111692 7.010169 0.855112
0.123599 6.858829 1.011782
0.137555 8.682209 1.070587
0.152962 6.778197 1.075111
0.167031 9.995487 1.784412
0.179367 7.420481 1.186839
0.191171 6.544996 0.895944
0.203046 9.207105 1.442837
0.216026 8.604771 1.515368
0.227645 7.488707 1.075623
0.237884 8.279627 1.288166
0.250083 11.367638 2.003414
0.264813 9.929344 1.475754
0.281248 10.007635 3.633366
0.299774 7.868136 1.038082
0.319217 6.513260 0.816217
0.341151 20.492049 5.824559
0.366725 5.677313 0.736887
0.402262 7.723109 1.482476
0.447908 7.874515 1.225395
0.522110 10.256848 1.437612
0.655033 8.382763 1.367635
1.851786 11.345972 1.592824
