0.010000 -0.634683 -0.885922 -0.300704 -0.991186 -0.070827 -1.015740 -0.015504
0.012068 -0.651588 -0.896704 -0.310286 -0.992656 -0.078690 -1.022721 -0.017994
0.014563 -0.666274 -0.911560 -0.317149 -0.999819 -0.083785 -1.027631 -0.021094
0.017575 -0.684673 -0.933242 -0.338781 -1.015934 -0.093329 -1.047070 -0.024975
0.021210 -0.710063 -0.954076 -0.349252 -1.036177 -0.101125 -1.077875 -0.029859
0.025595 -0.738991 -0.975782 -0.363640 -1.056530 -0.115345 -1.105189 -0.037338
0.030888 -0.762027 -0.994166 -0.388929 -1.073602 -0.129743 -1.135644 -0.052454
0.037276 -0.785112 -1.012653 -0.414343 -1.085654 -0.142774 -1.160366 -0.073902
0.044984 -0.809173 -1.031974 -0.443867 -1.103680 -0.156087 -1.167913 -0.104067
0.054287 -0.845615 -1.042908 -0.477155 -1.120108 -0.179224 -1.193154 -0.117673
0.065513 -0.880005 -1.060550 -0.504462 -1.136801 -0.206450 -1.222671 -0.129303
0.079060 -0.912564 -1.083818 -0.545565 -1.164562 -0.229358 -1.258923 -0.144041
0.095410 -0.941741 -1.106109 -0.588648 -1.206062 -0.260043 -1.338600 -0.172383
0.115140 -0.982393 -1.132596 -0.649370 -1.248276 -0.299907 -1.394587 -0.185201
0.138950 -1.015761 -1.166001 -0.691993 -1.296654 -0.346166 -1.457486 -0.202462
0.167683 -1.046518 -1.210814 -0.742051 -1.357399 -0.402653 -1.538549 -0.225801
0.202359 -1.082210 -1.257786 -0.787771 -1.425414 -0.461433 -1.619805 -0.257401
0.244205 -1.119832 -1.322221 -0.852501 -1.497309 -0.508228 -1.685288 -0.300096
0.294705 -1.166395 -1.392767 -0.925071 -1.590876 -0.567070 -1.772280 -0.357376
0.355648 -1.220479 -1.478026 -0.997597 -1.681733 -0.637300 -1.904272 -0.433176
0.429193 -1.284579 -1.567003 -1.048982 -1.776641 -0.715944 -2.002735 -0.496438
0.517947 -1.357780 -1.665603 -1.086739 -1.876116 -0.795210 -2.130696 -0.558766
0.625055 -1.437127 -1.764911 -1.137292 -1.995783 -0.858129 -2.246933 -0.627492
0.754312 -1.530401 -1.863946 -1.205362 -2.103404 -0.934587 -2.377436 -0.702501
0.910298 -1.625456 -1.967398 -1.261308 -2.249129 -1.017767 -2.440223 -0.773723
1.098541 -1.736308 -2.117151 -1.334590 -2.508802 -1.057818 -4.903934 -0.838353
1.325711 -1.880708 -2.296856 -1.442590 -3.939445 -1.099104 -4.932491 -0.876929
1.599859 -2.044437 -2.543990 -1.578985 -4.348850 -1.173546 -4.932491 -1.046060
1.930698 -2.194258 -3.268651 -1.717256 -4.662339 -1.227855 -4.979664 -1.092195
2.329952 -2.352332 -3.695053 -1.881362 -4.799211 -1.338978 -4.989507 -1.118779
2.811769 -2.508034 -3.902125 -2.016983 -4.821854 -1.491335 -4.989507 -1.141603
3.393222 -2.679096 -4.084993 -2.178671 -4.848368 -1.710507 -4.990433 -1.335080
4.094915 -2.875477 -4.218696 -2.311947 -4.899481 -1.852454 -4.996219 -1.479914
4.941713 -3.144732 -4.323668 -2.449505 -4.904554 -1.994047 -4.996219 -1.603884
5.963623 -3.359785 -4.430893 -2.595940 -4.922091 -2.193956 -4.996219 -1.685934
7.196857 -3.480147 -4.471794 -2.698804 -4.928308 -2.351557 -4.996219 -1.821056
8.685114 -3.588740 -4.522041 -2.788497 -4.928308 -2.456174 -4.996219 -1.913310
10.481131 -3.695053 -4.570660 -2.882768 -4.929813 -2.597686 -4.996219 -2.007074
12.648552 -3.783443 -4.615487 -3.035610 -4.930291 -2.678404 -4.996219 -2.496999
15.264180 -3.858642 -4.636687 -3.142706 -4.935615 -2.764354 -4.996219 -2.594745
18.420700 -3.900922 -4.642897 -3.237290 -4.935615 -2.921942 -4.996219 -2.679328
22.229965 -3.939204 -4.654388 -3.292701 -4.937513 -3.052695 -4.996219 -3.010746
26.826958 -3.939204 -4.654388 -3.292701 -4.937513 -3.052695 -4.996219 -3.010746
32.374575 -3.939204 -4.654388 -3.292701 -4.937513 -3.052695 -4.996219 -3.010746
39.069399 -3.939204 -4.654388 -3.292701 -4.937513 -3.052695 -4.996219 -3.010746
47.148664 -3.939204 -4.654388 -3.292701 -4.937513 -3.052695 -4.996219 -3.010746
56.898660 -3.939204 -4.654388 -3.292701 -4.937513 -3.052695 -4.996219 -3.010746
68.664885 -3.939204 -4.654388 -3.292701 -4.937513 -3.052695 -4.996219 -3.010746
82.864277 -3.939204 -4.654388 -3.292701 -4.937513 -3.052695 -4.996219 -3.010746
100.000000 -3.939204 -4.654388 -3.292701 -4.937513 -3.052695 -4.996219 -3.010746
