0.01 4.281539049641002 2.0025130874026074 6.44426341767126 0.9717032350036839 7.217590827650475 0.5199241266689884 7.4931786532456375
0.012068 3.8958996967367865 1.9054947563670241 5.747806877551607 0.9098576293269313 6.367184797734569 0.46021527209948954 6.636616370686767
0.014563 3.5498035629053373 1.7994724742124186 5.073073475281569 0.858588189053199 5.617640328183861 0.4127234025036253 5.945218945496769
0.017575 3.2111195646638184 1.7163036200118251 4.507756892344761 0.8290546217782359 5.019287826823754 0.3796820325751018 5.289019857688882
0.02121 2.9215420158747425 1.633795164663716 4.001144907950115 0.8223281846658758 4.461030671494757 0.39608659734484714 4.65350467950076
0.025595 2.6648019474228746 1.557537476744168 3.5583293699560348 0.8046899514959116 3.9557285446534483 0.415138110358265 4.148132589802923
0.030888 2.4245265268072544 1.478337909174751 3.1695852024705986 0.7886034885593394 3.5062999335738003 0.4364765504482404 3.7008703941663605
0.037276 2.2042006873706845 1.4108979946429416 2.818766260533101 0.7806483688847218 3.1085477164746727 0.4432670773131545 3.27870463465506
0.044984 2.0052593005632917 1.337671145701689 2.5004023791825976 0.7680157462287748 2.7490295346262035 0.43213642057889096 2.8974145842859675
0.054287 1.8240039530822332 1.2469315768913316 2.2360047823770883 0.7444467390700775 2.4421638701420383 0.4146834943761146 2.558038012814055
0.065513 1.6565380921873885 1.1871221758234123 1.9986258136922272 0.7114790772057918 2.1705018471022726 0.40586785269848635 2.2626094075966767
0.07906 1.5036293110835786 1.1147208323397342 1.7886523846004743 0.683293028753053 1.9436172752402194 0.393752147794991 2.018113891432221
0.09541 1.3563792208247973 1.0390924433156135 1.597013249529101 0.6558654257108443 1.7428563742347185 0.3854743158077154 1.8130779510301982
0.11514 1.234111636322696 0.9651652387679525 1.4288547375437632 0.6353717943987592 1.5642183246303931 0.3758371478615446 1.636001628381048
0.13895 1.114056752127148 0.8800444356775255 1.282403138501756 0.6128194794434735 1.3987108711921377 0.3574327334008567 1.4752954108948488
0.167683 1.006620470490357 0.8122363484691899 1.1534436875236902 0.5734463281799607 1.2529028303039844 0.3472854019202773 1.3170672084428796
0.202359 0.9147746425393253 0.7485440760887768 1.0429447377381562 0.5445000891375709 1.122663530809673 0.3485411983225932 1.1749418979758894
0.244205 0.829030303520062 0.6851642462742842 0.9408363004930281 0.5180602513304177 1.0054597498486217 0.34757222613708044 1.060823269345126
0.294705 0.751796707428577 0.6336583123572233 0.8488668052251191 0.48653623440988575 0.903596574417026 0.34585876571304575 0.9479798669556718
0.355648 0.6785690590695932 0.5763927061498177 0.7650343452834699 0.4587204741065742 0.8119784555760692 0.34328965425331315 0.8452641745260673
0.429193 0.6176479133203221 0.5275320918987519 0.6859861314055817 0.4256783228267903 0.7257436771415183 0.3271727672250017 0.7675697507081308
0.517947 0.5606579550171991 0.48118070408600355 0.617985300180503 0.3928329760175463 0.6489229144621017 0.29824033672261385 0.6912633461149369
0.625055 0.5082265576396481 0.44008542015364976 0.5583118167076117 0.36214178527584384 0.5859277162277021 0.27264767017116714 0.6215277342558021
0.754312 0.4601169745838774 0.3990750599213796 0.5032978099741642 0.331838889351417 0.534524832336465 0.25970914413488766 0.5790389995619163
0.910298 0.4178169354764383 0.36606369436565206 0.4555182531895396 0.30705124198090766 0.5173984268982188 0.2403096526312237 0.6032344373091681
1.098541 0.37748747970348384 0.33294189925239814 0.4167770774937726 0.27749825847137416 0.5195650192282604 0.21883712324785332 0.6070547719455939
1.325711 0.3397969096032039 0.30212621837980663 0.39254882799681307 0.25279481273550275 0.47157306590722714 0.2003430524040669 0.5392639452445841
1.599859 0.30500633401822325 0.27432617876044413 0.3565513794032126 0.2299278632903176 0.4189623613213815 0.18454622535752982 0.466163891019796
1.930698 0.27323672594444337 0.24818193917216472 0.3152295600984495 0.2082372542667236 0.36239634643577556 0.17275919529047148 0.4167455994148556
2.329952 0.24216245383420706 0.2239359837839077 0.2763524389062477 0.1901336167299878 0.32318404788780086 0.1628106943219445 0.34676640407515485
2.811769 0.21306569886971108 0.1997811582245776 0.23837883410331948 0.17197300732275328 0.27420408029717747 0.1520184481618991 0.30128169001238353
3.393222 0.1870507430879756 0.17479784253348618 0.20863013843639153 0.15345084644707885 0.23399352877083032 0.14128184592021242 0.2603572664464458
4.094915 0.16409978982931525 0.15128561878017524 0.17948509158418266 0.13284121244412708 0.20612641494907907 0.11486853214019944 0.22644792365043195
4.941713 0.14356740893384526 0.13040831782495022 0.15822777276161776 0.11142964890180743 0.18234801324344246 0.09335415162403005 0.2006311049631108
5.963623 0.1253579570933584 0.11167239191996893 0.13842570610250535 0.0917249942917968 0.15768634517420724 0.07598549717701587 0.1699476644190819
7.196857 0.10950995144326878 0.09493271590617133 0.12118539299175769 0.07539058125694054 0.13562405675111844 0.06136109442388099 0.15477616284343906
8.685114 0.0953695064917537 0.07995025058360236 0.10608444660090506 0.06132751111738315 0.12099133794287568 0.04921201681323905 0.12872216310610515
10.481131 0.08206366964201063 0.06716406301066531 0.09316168063014414 0.04996078596125841 0.10634941169824598 0.03969675008681984 0.1161863550240034
12.648552 0.07015632880453052 0.05621735993784219 0.08169775379950413 0.04090003706017212 0.09263965976291738 0.032128090912164606 0.10048655167739601
15.26418 0.06052589858092064 0.046751563096068614 0.07094032815235328 0.033624302114715815 0.08146448125285045 0.02600724626927667 0.09292794663885645
18.4207 0.051840834228690645 0.03912485951280294 0.06053589637356232 0.02706595405748004 0.07107091606088689 0.02104345654711483 0.08259972996194169
22.229965 0.04466491013181729 0.03273611768722338 0.05189355260719804 0.022083042768864667 0.05902054002369043 0.017021693171460038 0.06612750962199175
