0.010000 -0.000254 -0.005637 0.007592 -0.009081 0.011992 -0.009897 0.020227
0.012068 0.000175 -0.005500 0.007824 -0.008970 0.012999 -0.009886 0.022859
0.014563 0.000406 -0.005281 0.008116 -0.008891 0.014383 -0.009857 0.026016
0.017575 0.000714 -0.005070 0.008419 -0.008701 0.016358 -0.009810 0.029857
0.021210 0.001041 -0.004807 0.008969 -0.008717 0.019281 -0.009777 0.034301
0.025595 0.001461 -0.004705 0.009758 -0.008694 0.022522 -0.009770 0.039661
0.030888 0.001913 -0.004510 0.010599 -0.008431 0.025777 -0.009757 0.046009
0.037276 0.002499 -0.004330 0.012476 -0.008383 0.031568 -0.009741 0.053491
0.044984 0.003352 -0.004103 0.014956 -0.008208 0.038740 -0.009815 0.064594
0.054287 0.004357 -0.003676 0.018243 -0.008113 0.047119 -0.010027 0.079028
0.065513 0.005512 -0.003237 0.022564 -0.007972 0.055189 -0.010766 0.095943
0.079060 0.007014 -0.002663 0.028328 -0.007877 0.068680 -0.012666 0.112534
0.095410 0.009464 -0.002002 0.036297 -0.008601 0.084243 -0.015487 0.132458
0.115140 0.012265 -0.001206 0.047717 -0.009564 0.103751 -0.018957 0.156975
0.138950 0.016884 -0.000085 0.061938 -0.011806 0.127443 -0.022295 0.186033
0.167683 0.023421 0.000810 0.079018 -0.015635 0.153940 -0.027168 0.226582
0.202359 0.033779 0.002066 0.102000 -0.019331 0.191335 -0.035705 0.265056
0.244205 0.045791 0.003778 0.129423 -0.023442 0.226921 -0.043475 0.305263
0.294705 0.060287 0.005854 0.161773 -0.029099 0.278973 -0.053750 0.378028
0.355648 0.080066 0.008921 0.196360 -0.034898 0.337762 -0.062379 0.441536
0.429193 0.104628 0.012097 0.239517 -0.041501 0.411355 -0.068945 0.535090
0.517947 0.133473 0.014076 0.286132 -0.047298 0.478795 -0.073575 0.624973
0.625055 0.165839 0.016529 0.336692 -0.054568 0.545700 -0.076669 0.687515
0.754312 0.197799 0.019697 0.392465 -0.061508 0.601359 -0.078662 0.773070
0.910298 0.228111 0.022598 0.433990 -0.065789 0.663102 -0.083468 0.826932
1.098541 0.252126 0.024686 0.484352 -0.070444 0.716895 -0.087107 0.870844
1.325711 0.277672 0.027242 0.533984 -0.073104 0.768052 -0.089559 0.905051
1.599859 0.300961 0.028698 0.569251 -0.076519 0.811082 -0.091169 0.929207
1.930698 0.318415 0.029869 0.598744 -0.077733 0.841773 -0.092210 0.947134
2.329952 0.329034 0.030731 0.623938 -0.080149 0.863931 -0.092874 0.959364
2.811769 0.334466 0.031038 0.645193 -0.081811 0.891149 -0.093478 0.967306
3.393222 0.341061 0.031313 0.660228 -0.082444 0.902555 -0.095049 0.972216
4.094915 0.345951 0.031490 0.675064 -0.082940 0.913738 -0.096282 0.975236
4.941713 0.350702 0.031603 0.682071 -0.084051 0.922926 -0.097204 0.977088
5.963623 0.353247 0.031675 0.690466 -0.084578 0.933384 -0.097873 0.978221
7.196857 0.356688 0.031721 0.697133 -0.084975 0.940299 -0.097879 0.978914
8.685114 0.359437 0.031751 0.699078 -0.085274 0.942001 -0.097883 0.979337
10.481131 0.360020 0.031770 0.701133 -0.085498 0.942586 -0.097885 0.979596
12.648552 0.361783 0.031782 0.702009 -0.085583 0.946281 -0.097887 0.979753
15.264180 0.364546 0.031789 0.703209 -0.085599 0.950007 -0.097887 0.979849
18.420700 0.364744 0.031794 0.705146 -0.085610 0.952730 -0.097888 0.979908
22.229965 0.364783 0.031797 0.710425 -0.085618 0.954495 -0.097888 0.979944
26.826958 0.365133 0.031799 0.713521 -0.085624 0.954509 -0.097888 0.979966
32.374575 0.366531 0.031800 0.713806 -0.085628 0.954518 -0.097888 0.979979
39.069399 0.367686 0.031801 0.713998 -0.085630 0.954523 -0.097888 0.979987
47.148664 0.368638 0.031801 0.714127 -0.085632 0.954525 -0.097888 0.979992
56.898660 0.369423 0.031802 0.714188 -0.085634 0.954527 -0.097889 0.979995
68.664885 0.369690 0.031802 0.714193 -0.085635 0.954528 -0.097889 0.979997
82.864277 0.369692 0.031802 0.714196 -0.085635 0.955011 -0.097889 0.979998
100.000000 0.369694 0.031802 0.714198 -0.085636 0.955065 -0.097889 0.979999
