0.010000 -0.000509 -0.011338 0.015069 -0.018329 0.023701 -0.019993 0.039652
0.012068 0.000350 -0.011061 0.015527 -0.018102 0.025665 -0.019969 0.044696
0.014563 0.000813 -0.010617 0.016101 -0.017941 0.028358 -0.019911 0.050713
0.017575 0.001427 -0.010191 0.016698 -0.017554 0.032189 -0.019815 0.057983
0.021210 0.002080 -0.009660 0.017779 -0.017588 0.037833 -0.019747 0.066327
0.025595 0.002918 -0.009454 0.019328 -0.017540 0.044052 -0.019732 0.076296
0.030888 0.003819 -0.009060 0.020976 -0.017004 0.050258 -0.019706 0.087970
0.037276 0.004986 -0.008697 0.024644 -0.016909 0.061204 -0.019674 0.101550
0.044984 0.006681 -0.008239 0.029471 -0.016552 0.074590 -0.019825 0.121350
0.054287 0.008677 -0.007379 0.035831 -0.016358 0.089997 -0.020256 0.146480
0.065513 0.010964 -0.006494 0.044133 -0.016071 0.104605 -0.021767 0.175087
0.079060 0.013930 -0.005341 0.055095 -0.015879 0.128533 -0.025656 0.202302
0.095410 0.018751 -0.004012 0.070051 -0.017351 0.155395 -0.031461 0.233930
0.115140 0.024233 -0.002415 0.091087 -0.019313 0.187997 -0.038646 0.271354
0.138950 0.033207 -0.000170 0.116651 -0.023894 0.226075 -0.045607 0.313706
0.167683 0.045769 0.001619 0.146463 -0.031768 0.266807 -0.055854 0.369452
0.202359 0.065350 0.004123 0.185118 -0.039424 0.321212 -0.074054 0.419042
0.244205 0.087572 0.007528 0.229184 -0.048010 0.369903 -0.090901 0.467742
0.294705 0.113718 0.011640 0.278494 -0.059941 0.436245 -0.113606 0.548651
0.355648 0.148261 0.017684 0.328263 -0.072321 0.504966 -0.133058 0.612591
0.429193 0.189436 0.023905 0.386469 -0.086597 0.582923 -0.148100 0.697144
0.517947 0.235512 0.027761 0.444950 -0.099293 0.647548 -0.158838 0.769211
0.625055 0.284497 0.032521 0.503769 -0.115436 0.706088 -0.166071 0.814825
0.754312 0.330271 0.038633 0.563698 -0.131077 0.751060 -0.170756 0.872013
0.910298 0.371483 0.044196 0.605290 -0.140844 0.797428 -0.182138 0.905268
1.098541 0.402717 0.048183 0.652610 -0.151565 0.835106 -0.190836 0.930964
1.325711 0.434653 0.053040 0.696206 -0.157740 0.868811 -0.196737 0.950160
1.599859 0.462674 0.055796 0.725507 -0.165718 0.895687 -0.200630 0.963304
1.930698 0.483027 0.058006 0.749018 -0.168569 0.914090 -0.203152 0.972849
2.329952 0.495148 0.059630 0.768426 -0.174265 0.926999 -0.204766 0.979261
2.811769 0.501274 0.060207 0.784337 -0.178200 0.942442 -0.206235 0.983381
3.393222 0.508644 0.060724 0.795346 -0.179703 0.948782 -0.210065 0.985912
4.094915 0.514062 0.061057 0.806016 -0.180883 0.954925 -0.213081 0.987463
4.941713 0.519289 0.061270 0.810990 -0.183528 0.959918 -0.215341 0.988411
5.963623 0.522074 0.061406 0.816894 -0.184784 0.965545 -0.216982 0.988991
7.196857 0.525821 0.061492 0.821542 -0.185732 0.969231 -0.216998 0.989345
8.685114 0.528802 0.061548 0.822891 -0.186446 0.970134 -0.217007 0.989561
10.481131 0.529433 0.061583 0.824313 -0.186983 0.970444 -0.217013 0.989693
12.648552 0.531337 0.061605 0.824918 -0.187185 0.972399 -0.217016 0.989773
15.264180 0.534311 0.061619 0.825746 -0.187224 0.974363 -0.217018 0.989822
18.420700 0.534524 0.061628 0.827080 -0.187251 0.975793 -0.217019 0.989852
22.229965 0.534565 0.061634 0.830700 -0.187270 0.976718 -0.217020 0.989870
26.826958 0.534941 0.061638 0.832812 -0.187283 0.976725 -0.217020 0.989882
32.374575 0.536440 0.061640 0.833007 -0.187292 0.976730 -0.217021 0.989888
39.069399 0.537676 0.061642 0.833138 -0.187299 0.976732 -0.217021 0.989892
47.148664 0.538693 0.061643 0.833225 -0.187304 0.976734 -0.217021 0.989895
56.898660 0.539531 0.061643 0.833267 -0.187307 0.976735 -0.217021 0.989897
68.664885 0.539815 0.061644 0.833270 -0.187309 0.976735 -0.217021 0.989898
82.864277 0.539818 0.061644 0.833272 -0.187311 0.976988 -0.217021 0.989898
100.000000 0.539819 0.061644 0.833274 -0.187312 0.977016 -0.217021 0.989898
