0.001000 0.000317 0.000262 0.000371 0.000241 0.000393 0.000238 0.000395
0.001038 0.000354 0.000293 0.000414 0.000270 0.000439 0.000265 0.000441
0.001077 0.000395 0.000327 0.000463 0.000301 0.000491 0.000297 0.000493
0.001117 0.000442 0.000366 0.000517 0.000337 0.000548 0.000331 0.000551
0.001159 0.000494 0.000409 0.000578 0.000376 0.000613 0.000370 0.000616
0.001203 0.000552 0.000457 0.000646 0.000421 0.000685 0.000414 0.000688
0.001248 0.000616 0.000510 0.000721 0.000470 0.000765 0.000462 0.000769
0.001296 0.000689 0.000570 0.000806 0.000525 0.000855 0.000517 0.000859
0.001344 0.000769 0.000637 0.000901 0.000587 0.000955 0.000577 0.000960
0.001395 0.000860 0.000712 0.001006 0.000655 0.001067 0.000645 0.001072
0.001448 0.000961 0.000795 0.001125 0.000732 0.001192 0.000721 0.001198
0.001502 0.001073 0.000889 0.001257 0.000818 0.001332 0.000805 0.001339
0.001559 0.001199 0.000993 0.001404 0.000914 0.001488 0.000900 0.001496
0.001617 0.001340 0.001109 0.001569 0.001022 0.001663 0.001005 0.001672
0.001678 0.001497 0.001240 0.001753 0.001142 0.001858 0.001123 0.001868
0.001742 0.001673 0.001385 0.001959 0.001276 0.002076 0.001255 0.002087
0.001807 0.001869 0.001548 0.002188 0.001425 0.002320 0.001402 0.002332
0.001875 0.002089 0.001729 0.002445 0.001593 0.002592 0.001567 0.002606
0.001946 0.002334 0.001932 0.002732 0.001779 0.002897 0.001751 0.002911
0.002019 0.002608 0.002159 0.003053 0.001988 0.003237 0.001956 0.003253
0.002095 0.002914 0.002412 0.003411 0.002222 0.003616 0.002186 0.003635
0.002174 0.003256 0.002695 0.003811 0.002482 0.004041 0.002442 0.004062
0.002256 0.003638 0.003012 0.004259 0.002774 0.004515 0.002729 0.004538
0.002341 0.004065 0.003365 0.004759 0.003099 0.005045 0.003049 0.005071
0.002430 0.004542 0.003760 0.005317 0.003463 0.005637 0.003407 0.005666
0.002521 0.005075 0.004201 0.005941 0.003869 0.006298 0.003807 0.006331
0.002616 0.005670 0.004694 0.006638 0.004323 0.007037 0.004253 0.007074
0.002715 0.006335 0.005245 0.007417 0.004831 0.007863 0.004753 0.007904
0.002817 0.007079 0.005861 0.008288 0.005398 0.008786 0.005310 0.008831
0.002923 0.007910 0.006548 0.009260 0.006031 0.009817 0.005933 0.009868
0.003033 0.008838 0.007317 0.010347 0.006739 0.010969 0.006630 0.011026
0.003148 0.009875 0.008175 0.011561 0.007529 0.012256 0.007408 0.012319
0.003266 0.011034 0.009135 0.012918 0.008413 0.013695 0.008277 0.013765
0.003389 0.012328 0.010207 0.014433 0.009400 0.015302 0.009248 0.015380
0.003517 0.013775 0.011404 0.016127 0.010503 0.017097 0.010333 0.017185
0.003650 0.015392 0.012743 0.018020 0.011736 0.019104 0.011546 0.019202
0.003787 0.017198 0.014238 0.020134 0.013113 0.021345 0.012901 0.021455
0.003930 0.019216 0.015908 0.022497 0.014652 0.023850 0.014415 0.023973
0.004078 0.021471 0.017775 0.025137 0.016371 0.026649 0.016106 0.026786
0.004232 0.023990 0.019861 0.028086 0.018292 0.029776 0.017996 0.029929
0.004391 0.026805 0.022191 0.031382 0.020438 0.033270 0.020108 0.033441
0.004557 0.029950 0.024795 0.035064 0.022837 0.037173 0.022467 0.037364
0.004728 0.033464 0.027705 0.039178 0.025516 0.041535 0.025103 0.041749
0.004906 0.037391 0.030956 0.043775 0.028510 0.046409 0.028049 0.046647
0.005091 0.041778 0.034588 0.048911 0.031855 0.051854 0.031340 0.052120
0.005283 0.046680 0.038646 0.054650 0.035593 0.057938 0.035017 0.058236
0.005482 0.052157 0.043180 0.061062 0.039769 0.064736 0.039126 0.065068
0.005689 0.058276 0.048246 0.068227 0.044435 0.072331 0.043716 0.072703
0.005903 0.065114 0.053907 0.076231 0.049648 0.080817 0.048845 0.081233
0.006126 0.072753 0.060231 0.085175 0.055473 0.090299 0.054576 0.090763
0.006356 0.081288 0.067297 0.095167 0.061981 0.100893 0.060978 0.101411
0.006596 0.090825 0.075193 0.106332 0.069253 0.112729 0.068132 0.113308
0.006844 0.101479 0.084014 0.118806 0.077377 0.125953 0.076125 0.126601
0.007102 0.113384 0.093869 0.132743 0.086454 0.140729 0.085055 0.141452
0.007370 0.126684 0.104880 0.148314 0.096595 0.157237 0.095032 0.158045
0.007648 0.141544 0.117183 0.165712 0.107926 0.175681 0.106179 0.176584
0.007936 0.158147 0.130928 0.185149 0.120585 0.196288 0.118634 0.197296
0.008235 0.176696 0.146285 0.206866 0.134729 0.219311 0.132549 0.220437
0.008545 0.197420 0.163442 0.231128 0.150530 0.245033 0.148095 0.246291
0.008867 0.220574 0.182610 0.258235 0.168185 0.273770 0.165463 0.275177
0.009201 0.246441 0.204026 0.288519 0.187908 0.305876 0.184868 0.307448
0.009548 0.275341 0.227951 0.322353 0.209944 0.341746 0.206547 0.343501
0.009908 0.307628 0.254681 0.360152 0.234562 0.381819 0.230767 0.383781
0.010281 0.343698 0.284543 0.402381 0.262065 0.426589 0.257825 0.428780
0.010669 0.383995 0.317905 0.449559 0.292791 0.476604 0.288054 0.479053
0.011071 0.429013 0.355175 0.502263 0.327117 0.532479 0.321824 0.535215
0.011488 0.479305 0.396811 0.561142 0.365464 0.594900 0.359551 0.597957
0.011921 0.535488 0.443324 0.626918 0.408303 0.664633 0.401696 0.668047
0.012370 0.598250 0.495284 0.700396 0.456158 0.742532 0.448777 0.746347
0.012836 0.668361 0.553328 0.782479 0.509617 0.829552 0.501371 0.833814
0.013320 0.746681 0.618168 0.874171 0.569335 0.926761 0.560123 0.931522
0.013822 0.834168 0.690598 0.976595 0.636043 1.035347 0.625751 1.040666
0.014343 0.931894 0.771504 1.091007 0.710557 1.156642 0.699060 1.162584
0.014883 1.041054 0.861876 1.218805 0.793790 1.292128 0.780947 1.298766
0.015444 1.162983 0.962819 1.361552 0.886760 1.443463 0.872411 1.450878
0.016026 1.299171 1.075568 1.520993 0.990601 1.612496 0.974573 1.620780
0.016630 1.451281 1.201498 1.699075 1.106583 1.801291 1.088679 1.810545
0.017256 1.621170 1.342147 1.897971 1.236122 2.012153 1.216121 2.022490
0.017907 1.810910 1.499230 2.120107 1.380796 2.247653 1.358454 2.259200
0.018581 2.022812 1.674662 2.368190 1.542369 2.510660 1.517413 2.523558
0.019281 2.259456 1.870577 2.645239 1.722807 2.804376 1.694931 2.818784
0.020008 2.523721 2.089358 2.954625 1.924306 3.132375 1.893170 3.148467
0.020762 2.818817 2.333664 3.300106 2.149312 3.498640 2.114536 3.516614
0.021544 3.148325 2.606460 3.685875 2.400558 3.907616 2.361716 3.927692
0.022356 3.516240 2.911053 4.116608 2.681089 4.364263 2.637708 4.386684
0.023199 3.927016 3.251129 4.597521 2.994300 4.874106 2.945851 4.899147
0.024073 4.385618 3.630800 5.134426 3.343979 5.443312 3.289872 5.471277
0.024980 4.897584 4.054650 5.733805 3.734346 6.078749 3.673923 6.109979
0.025921 5.469082 4.527787 6.402882 4.170107 6.788078 4.102633 6.822952
0.026898 6.106990 5.055903 7.149707 4.656503 7.579831 4.581159 7.618773
0.027911 6.818966 5.645340 7.983247 5.199376 8.463518 5.115248 8.506999
0.028963 7.613545 6.303162 8.913494 5.805233 9.449728 5.711302 9.498276
0.030055 8.500228 7.037236 9.951571 6.481318 10.550255 6.376447 10.604457
0.031187 9.489595 7.856321 11.109863 7.235697 11.778230 7.118621 11.838741
0.032362 10.593419 8.770164 12.402156 8.077349 13.148267 7.946654 13.215816
0.033582 11.824802 9.789611 13.843787 9.016264 14.676627 8.870377 14.752028
0.034847 13.198317 10.926727 15.451818 10.063551 16.381396 9.900719 16.465556
0.036160 14.730167 12.194928 17.245219 11.231568 18.282688 11.049837 18.376616
0.037523 16.438364 13.609123 19.245076 12.534046 20.402855 12.331240 20.507676
0.038937 18.342918 15.185880 21.474816 13.986245 22.766736 13.759942 22.883701
0.040404 20.466053 16.943598 23.960459 15.605109 25.401915 15.352612 25.532418
0.041927 22.832440 18.902702 26.730887 17.409450 28.339011 17.127758 28.484604
0.043507 25.469451 21.085851 29.818145 19.420138 31.611999 19.105912 31.774406
0.045146 28.407439 23.518176 33.257770 21.660317 35.258550 21.309844 35.439692
0.046847 31.680043 26.227526 37.089144 24.155636 39.320419 23.764788 39.522428
0.048612 35.324521 29.244745 41.355885 26.934505 43.843846 26.498694 44.069095
0.050444 39.382110 32.603974 46.106274 30.028366 48.880017 29.542495 49.131139
0.052345 43.898420 36.342972 51.393705 33.471995 54.485539 32.930405 54.765460
0.054317 48.923855 40.503469 57.277191 37.303827 60.722974 36.700235 61.034940
0.056364 54.514073 45.131543 63.821892 41.566298 67.661403 40.893738 68.009015
0.058488 60.730477 50.278029 71.099694 46.306228 75.377036 45.556974 75.764288
0.060692 67.640740 55.998952 79.189826 51.575217 83.953869 50.740709 84.385184
0.062979 75.319367 62.355995 88.179514 57.430074 93.484374 56.500832 93.964653
0.065352 83.848294 69.416991 98.164683 63.933274 104.070249 62.898808 104.604913
0.067815 93.317516 77.256445 109.250695 71.153437 115.823193 70.002145 116.418238
0.070370 103.825749 85.956085 121.553120 79.165833 128.865730 77.884898 129.527781
0.073022 115.481124 95.605429 135.198552 88.052910 143.332068 86.628178 144.068440
0.075774 128.401900 106.302383 150.325441 97.904840 159.368987 96.320700 160.187750
0.078629 142.717199 118.153847 167.084957 108.820077 177.136752 107.059323 178.046797
0.081592 158.567756 131.276332 185.641863 120.905928 196.810038 118.949621 197.821155
0.084666 176.106664 145.796582 206.175391 134.279125 218.578858 132.106434 219.701813
0.087857 195.500113 161.852184 228.880108 149.066387 242.649486 146.654432 243.896105
0.091167 216.928109 179.592163 253.966754 165.404966 269.245339 162.728646 270.628595
0.094603 240.585148 199.177540 281.663033 183.443161 298.607820 180.474976 300.141926
0.098168 266.680831 220.781841 312.214333 203.340792 330.997080 200.050656 332.697587
0.101867 295.440396 244.591538 345.884351 225.269600 366.692679 221.624646 368.576573
0.105705 327.105143 270.806400 382.955588 249.413574 405.994113 245.377961 408.079919
0.109688 361.932720 299.639730 423.729679 275.969164 449.221165 271.503871 451.529051
0.113822 400.197230 331.318456 468.527532 305.145374 496.714046 300.207998 499.265929
0.118111 442.189143 366.083054 517.689210 337.163682 548.833280 331.708236 551.652927
0.122561 488.214952 404.187267 571.573538 372.257785 605.959278 366.234502 609.072411
0.127180 538.596548 445.897582 630.557367 410.673121 668.491561 404.028262 671.925955
0.131972 593.670264 491.492447 695.034455 452.666139 736.847577 445.341816 740.633152
0.136945 653.785550 541.261166 765.413919 498.503291 811.461054 490.437305 815.629958
0.142105 719.303238 595.502470 842.118200 548.459708 892.779848 539.585406 897.366530
0.147460 790.593364 654.522704 925.580513 602.817536 981.263236 593.063702 986.304504
0.153017 868.032501 718.633631 1016.241730 661.863908 1077.378612 651.154680 1082.913675
0.158783 952.000601 788.149808 1114.546675 725.888532 1181.597562 714.143360 1187.668052
0.164766 1042.877312 863.385540 1220.939818 795.180886 1294.391293 782.314535 1301.041265
0.170975 1141.037780 944.651406 1335.860358 870.027012 1416.225427 855.949621 1423.501325
0.177417 1246.847947 1032.250367 1459.736719 950.705939 1547.554163 935.323130 1555.504766
0.184103 1360.659382 1126.473480 1592.980497 1037.485733 1688.813858 1020.698791 1697.490187
0.191040 1482.803691 1227.595280 1735.979917 1130.619239 1840.416093 1112.325359 1849.871282
0.198239 1613.586591 1335.868865 1889.092894 1230.339561 2002.740313 1210.432166 2013.029448
0.205709 1753.281738 1451.520791 2052.639809 1336.855361 2176.126175 1315.224496 2187.306085
0.213460 1902.124442 1574.745869 2226.896149 1450.346058 2360.865739 1426.878868 2372.994753
0.221504 2060.305405 1705.701979 2412.085177 1570.957060 2557.195699 1545.538335 2570.333364
0.229851 2227.964651 1844.505045 2608.370826 1698.795135 2765.289850 1671.307938 2779.496604
0.238512 2405.185829 1991.224319 2815.851025 1833.924063 2985.252013 1804.250424 3000.588829
0.247499 2591.991070 2145.878124 3034.551686 1976.360719 3217.109658 1944.382397 3233.637649
0.256826 2788.336605 2308.430223 3264.421566 2126.071730 3460.808460 2091.671023 3478.588460
0.266503 2994.109318 2478.786969 3505.328234 2282.970846 3716.208022 2246.031447 3735.300144
0.276546 3209.124413 2656.795371 3757.055343 2446.917162 3983.078979 2407.325045 4003.542159
0.286967 3433.124342 2842.242208 4019.301371 2617.714301 4261.101670 2575.358617 4282.993200
0.297780 3665.779111 3034.854284 4291.679980 2795.110649 4549.866518 2749.884619 4573.241585
0.309001 3906.688046 3234.299884 4573.722084 2978.800694 4848.876214 2930.602484 4873.787451
0.320645 4155.383027 3440.191457 4864.879635 3168.427501 5157.549740 3117.161053 5184.046797
0.332727 4411.333187 3652.089505 5164.531127 3363.586292 5475.228201 3309.162095 5503.357339
0.345265 4673.950986 3869.507611 5471.988700 3563.829073 5801.182355 3506.164866 5830.986091
0.358275 4942.599517 4091.918488 5786.506703 3768.670213 6134.621692 3707.691593 6166.138483
0.371776 5216.600886 4318.760914 6107.291494 3977.592823 6474.704827 3913.233751 6507.968805
0.385785 5495.245402 4549.447346 6433.512211 4190.055776 6820.550912 4122.258966 6855.591683
0.400322 5777.801352 4783.372007 6764.312207 4405.501149 7171.251765 4334.218345 7208.094271
0.415407 6063.525053 5019.919210 7098.820820 4623.361891 7525.884343 4548.554011 7564.548784
0.431060 6351.670886 5258.471668 7436.165124 4843.069479 7883.523207 4764.706641 7924.025029
0.447304 6641.501041 5498.418555 7775.481334 5064.061341 8243.252607 4982.122765 8285.602548
0.464159 6932.294667 5739.163089 8115.925520 5285.787838 8604.177841 5200.261637 8648.382046
0.481649 7223.356206 5980.129424 8456.683362 5507.718615 8965.435601 5418.601484 9011.495777
0.499799 7514.022675 6220.768686 8796.978679 5729.348156 9326.203011 5636.644969 9374.116640
0.518632 7803.669756 6460.564008 9136.080556 5950.200427 9685.705183 5853.923759 9735.465765
0.538175 8091.716556 6699.034478 9473.308918 6169.832503 10043.221131 6070.002099 10094.818461
0.558455 8377.628997 6935.737936 9808.038497 6387.837158 10398.087968 6284.479349 10451.508436
0.579498 8660.921812 7170.272639 10139.701172 6603.844380 10749.703398 6496.991487 10804.930300
0.601335 8941.159212 7402.277800 10467.786744 6817.521887 11097.526526 6707.211604 11154.540380
0.623994 9217.954288 7631.433103 10791.842245 7028.574665 11441.077136 6914.849463 11499.855991
0.647508 9490.967312 7857.457290 11111.469940 7236.743675 11779.933565 7119.650214 11840.453303
0.671907 9759.903070 8080.105959 11426.324211 7441.803822 12113.729400 7321.392403 12175.964024
0.697226 10024.507435 8299.168719 11736.107540 7643.561335 12442.149227 7519.885398 12506.071118
0.723499 10284.563371 8514.465890 12040.565834 7841.850728 12764.923666 7714.966388 12830.503819
0.750762 10539.886573 8725.844888 12339.483320 8036.531472 13081.823963 7906.497118 13149.032200
0.779052 10790.320956 8933.176491 12632.677261 8227.484551 13392.656389 8094.360498 13461.461536
0.808408 11035.734167 9136.351126 12919.992709 8414.609050 13697.256671 8278.457247 13767.626711
0.838870 11276.013309 9335.275328 13201.297488 8597.818886 13995.484685 8458.702673 14067.386880
0.870480 11511.061010 9529.868483 13476.477601 8777.039813 14287.219574 8635.023732 14360.620565
0.903282 11740.791960 9720.059964 13745.433173 8952.206784 14572.355456 8807.356431 14647.221340
0.937319 11965.130009 9905.786727 14008.075053 9123.261736 14850.797813 8975.643644 14927.094203
0.972639 12184.005867 10086.991408 14264.322117 9290.151836 15122.460646 9139.833394 15200.152711
1.009290 12397.355433 10263.620939 14514.099323 9452.828207 15387.264394 9299.877595 15466.316896
1.047322 12605.118748 10435.625680 14757.336472 9611.245132 15645.134637 9455.731270 15725.511954
1.086787 12807.239524 10602.959031 14993.967666 9765.359692 15896.001512 9607.352193 15977.667665
1.127740 13003.665197 10765.577475 15223.931365 9915.131806 16139.799778 9754.700934 16222.718452
1.170235 13194.347422 10923.440987 15447.170972 10060.524614 16376.469431 9897.741226 16460.604002
1.214332 13379.242922 11076.513740 15663.635819 10201.505117 16605.956757 10036.440607 16691.270325
1.260090 13558.314589 11224.765012 15873.282463 10338.045019 16828.215698 10170.771238 16914.671127
1.307573 13731.532740 11368.170229 16076.076154 10470.121690 17043.209413 10300.710855 17130.769378
1.356845 13898.876439 11506.712058 16271.992377 10597.719164 17250.911914 10426.243749 17339.538957
1.407973 14060.334779 11640.381469 16461.018367 10720.829125 17451.309666 10547.361741 17540.966259
1.461028 14215.908076 11769.178724 16643.154494 10839.451816 17644.403063 10664.065068 17735.051678
1.516083 14365.608888 11893.114220 16818.415456 10953.596809 17830.207687 10776.363149 17921.810878
1.573212 14509.462818 12012.209152 16986.831232 11063.283629 18008.755319 10884.275191 18101.275804
1.632493 14647.509078 12126.495985 17148.447726 11168.542172 18180.094627 10987.830609 18273.495372
1.694009 14779.800785 12236.018692 17303.327127 11269.412942 18344.291539 11087.069248 18438.535850
1.757842 14906.404990 12340.832786 17451.547932 11365.947062 18501.429276 11182.041407 18596.480887
1.824081 15027.402448 12441.005120 17593.204685 11458.206107 18651.608068 11272.807664 18747.431227
1.892816 15142.887142 12536.613505 17728.407417 11546.261740 18794.944567 11359.438520 18891.504121
1.964141 15252.965600 12627.746132 17857.280844 11630.195185 18931.570991 11442.013888 19028.832467
2.038154 15357.756017 12714.500854 17979.963341 11710.096566 19061.634041 11520.622432 19159.563719
2.114955 15457.387232 12796.984334 18096.605745 11786.064119 19185.293627 11595.360799 19283.858610
2.194651 15551.997583 12875.311101 18207.370016 11858.203326 19302.721452 11666.332765 19401.889724
2.277350 15641.733691 12949.602543 18312.427808 11926.625985 19414.099498 11733.648316 19513.839978
2.363165 15726.749190 13019.985848 18411.958986 11991.449237 19519.618450 11797.422703 19619.901037
2.452213 15807.203441 13086.592952 18506.150122 12052.794596 19619.476105 11857.775468 19720.271713
2.544617 15883.260264 13149.559477 18595.193006 12110.786971 19713.875789 11914.829503 19815.156378
2.640503 15955.086697 13209.023714 18679.283196 12165.553726 19803.024827 11968.710109 19904.763422
2.740003 16022.851815 13265.125638 18758.618637 12217.223780 19887.133071 12019.544121 19989.303774
2.843251 16086.725621 13318.005990 18833.398357 12265.926756 19966.411522 12067.459063 20068.989520
2.950391 16146.878011 13367.805428 18903.821260 12311.792200 20041.071052 12112.582385 20144.032616
3.061567 16203.477837 13414.663741 18970.085029 12354.948859 20111.321235 12155.040752 20214.643711
3.176933 16256.692063 13458.719157 19032.385136 12395.524039 20177.369303 12194.959409 20281.031102
3.296646 16306.685014 13500.107717 19090.913961 12433.643038 20239.419209 12232.461627 20343.399793
3.420870 16353.617725 13538.962742 19145.860037 12469.428642 20297.670829 12267.668206 20401.950681
3.549775 16397.647385 13575.414366 19197.407390 12503.000706 20352.319260 12300.697060 20456.879870
3.683537 16438.926869 13609.589153 19245.734997 12534.475796 20403.554246 12331.662870 20508.378077
3.822340 16477.604356 13641.609777 19291.016339 12563.966895 20451.559703 12360.676791 20556.630164
3.966373 16513.823026 13671.594778 19333.419042 12591.583177 20496.513344 12387.846231 20601.814755
4.115834 16547.720836 13699.658365 19373.104617 12617.429832 20538.586394 12413.274676 20644.103957
4.270926 16579.430348 13725.910288 19410.228261 12641.607938 20577.943388 12437.061571 20683.663149
4.431863 16609.078635 13750.455747 19444.938743 12664.214386 20614.742046 12459.302237 20720.650860
4.598864 16636.787226 13773.395355 19477.378342 12685.341839 20649.133204 12480.087839 20755.218704
4.772158 16662.672103 13794.825132 19507.682844 12705.078734 20681.260818 12499.505383 20787.511374
4.951983 16686.843737 13814.836536 19535.981580 12723.509302 20711.262000 12517.637737 20817.666689
5.138583 16709.407161 13833.516522 19562.397518 12740.713630 20739.267115 12534.563692 20845.815681
5.332215 16730.462066 13850.947624 19587.047371 12756.767731 20765.399898 12550.358031 20872.082721
5.533143 16750.102928 13867.208056 19610.041744 12771.743642 20789.777608 12565.091626 20896.585672
5.741642 16768.419149 13882.371835 19631.485306 12785.709532 20812.511210 12578.831542 20919.436069
5.957999 16785.495219 13896.508907 19651.476970 12798.729821 20833.705568 12591.641157 20940.739314
6.182508 16801.410880 13909.685291 19670.110097 12810.865313 20853.459659 12603.580292 20960.594892
6.415476 16816.241313 13921.963228 19687.472701 12822.173333 20871.866794 12614.705343 20979.096594
6.657224 16830.057318 13933.401331 19703.647673 12832.707863 20889.014848 12625.069421 20996.332747
6.908081 16842.925505 13944.054748 19718.712993 12842.519694 20904.986495 12634.722492 21012.386449
7.168391 16854.908481 13953.975309 19732.741961 12851.656563 20919.859443 12643.711523 21027.335807
7.438510 16866.065044 13963.211693 19745.803414 12860.163303 20933.706669 12652.080620 21041.254174
7.718807 16876.450368 13971.809577 19757.961944 12868.081982 20946.596655 12659.871172 21054.210382
8.009667 16886.116189 13979.811794 19769.278123 12875.452050 20958.593613 12667.121990 21066.268974
8.311487 16895.110986 13987.258478 19779.808706 12882.310470 20969.757713 12673.869438 21077.490430
8.624680 16903.480156 13994.187213 19789.606841 12888.691858 20980.145302 12680.147571 21087.931386
8.949674 16911.266186 14000.633173 19798.722270 12894.628608 20989.809113 12685.988263 21097.644845
9.286915 16918.508816 14006.629259 19807.201518 12900.151022 20998.798471 12691.421322 21106.680386
9.636864 16925.245200 14012.206230 19815.088082 12905.287431 21007.159489 12696.474621 21115.084359
10.000000 16931.510055 14017.392828 19822.422609 12910.064304 21014.935259 12701.174203 21122.900077
