0.010000 0.001636 0.000304 0.007559 0.000044 0.031056 0.000003 0.234371
0.012068 0.001978 0.000378 0.009019 0.000054 0.036862 0.000004 0.235860
0.014563 0.002441 0.000471 0.010668 0.000067 0.044684 0.000005 0.246096
0.017575 0.002937 0.000584 0.012348 0.000084 0.053815 0.000007 0.273658
0.021210 0.003592 0.000725 0.014777 0.000108 0.064321 0.000008 0.300394
0.025595 0.004369 0.000889 0.017166 0.000134 0.070957 0.000011 0.325679
0.030888 0.005206 0.001107 0.020057 0.000170 0.082786 0.000014 0.349025
0.037276 0.006254 0.001383 0.023719 0.000216 0.095815 0.000018 0.370108
0.044984 0.007512 0.001703 0.028310 0.000272 0.107835 0.000021 0.388770
0.054287 0.008984 0.002071 0.033248 0.000339 0.118576 0.000024 0.404998
0.065513 0.010919 0.002554 0.038034 0.000416 0.130781 0.000028 0.418893
0.079060 0.013222 0.003120 0.043805 0.000520 0.146995 0.000032 0.430634
0.095410 0.015782 0.003886 0.050900 0.000649 0.161699 0.000037 0.440444
0.115140 0.018848 0.004664 0.058884 0.000761 0.176292 0.000042 0.448564
0.138950 0.022459 0.005686 0.068907 0.000877 0.201807 0.000048 0.450180
0.167683 0.026535 0.006841 0.079383 0.001052 0.227549 0.000055 0.450959
0.202359 0.031346 0.008306 0.089713 0.001294 0.249881 0.000062 0.451566
0.244205 0.036421 0.009967 0.102743 0.001589 0.266450 0.000070 0.452038
0.294705 0.042401 0.011900 0.117106 0.001946 0.284824 0.000079 0.456424
0.355648 0.049564 0.014358 0.131622 0.002328 0.307244 0.000088 0.467898
0.429193 0.057753 0.017138 0.148575 0.002649 0.325534 0.000099 0.475715
0.517947 0.067422 0.019847 0.164464 0.002886 0.341460 0.000110 0.477199
0.625055 0.077227 0.023475 0.181090 0.003522 0.356538 0.000121 0.478385
0.754312 0.089400 0.026915 0.198942 0.004277 0.370183 0.000133 0.479332
0.910298 0.101844 0.031133 0.216135 0.004874 0.385440 0.000146 0.480086
1.098541 0.117607 0.035134 0.233180 0.005324 0.397643 0.000158 0.489178
1.325711 0.130683 0.039875 0.249017 0.006058 0.415922 0.000171 0.502308
1.599859 0.146674 0.043219 0.268973 0.006796 0.424446 0.000184 0.513208
1.930698 0.162556 0.047694 0.288340 0.007165 0.435344 0.000196 0.522174
2.329952 0.176252 0.050457 0.303334 0.007496 0.443280 0.000208 0.528755
2.811769 0.188064 0.055357 0.320221 0.007788 0.453632 0.000220 0.531321
3.393222 0.199835 0.059852 0.331866 0.008412 0.464881 0.000231 0.533525
4.094915 0.210707 0.063653 0.346934 0.009208 0.473978 0.000242 0.535415
4.941713 0.222176 0.067194 0.363608 0.009799 0.479719 0.000252 0.538758
5.963623 0.230737 0.070595 0.379238 0.010232 0.484602 0.000263 0.542532
7.196857 0.239709 0.073891 0.393297 0.010793 0.491207 0.000276 0.545677
8.685114 0.245195 0.076631 0.403222 0.011311 0.497304 0.000288 0.548291
10.481131 0.253655 0.079259 0.413337 0.011782 0.501767 0.000297 0.550460
12.648552 0.259722 0.081832 0.421677 0.011977 0.507891 0.000305 0.552258
15.264180 0.265264 0.083871 0.430504 0.012081 0.512571 0.000312 0.553745
18.420700 0.270817 0.085639 0.437486 0.012169 0.517198 0.000318 0.554974
22.229965 0.273244 0.086927 0.444882 0.012244 0.522523 0.000322 0.555989
26.826958 0.276907 0.087980 0.449872 0.012307 0.525040 0.000326 0.556827
32.374575 0.279399 0.088451 0.454652 0.012361 0.529883 0.000329 0.557518
39.069399 0.281378 0.088736 0.458463 0.012406 0.532520 0.000331 0.558088
47.148664 0.283788 0.089541 0.461682 0.012444 0.535398 0.000333 0.558470
56.898660 0.285372 0.089740 0.463650 0.012476 0.537856 0.000334 0.558624
68.664885 0.287023 0.090112 0.467137 0.012503 0.540331 0.000336 0.558746
82.864277 0.288130 0.090666 0.469503 0.012525 0.542084 0.000336 0.558843
100.000000 0.288871 0.091147 0.471596 0.012544 0.542925 0.000337 0.559001
