0.010000 1491453619.133684 514322525.058019 2909683577.062672 164784727.469943 4585607949.617500 79029528.567676 8032264753.610229
0.012068 1327134521.309618 476492854.856844 2475303425.422514 159978975.692874 3902354074.311029 78410922.815582 6745632432.375694
0.014563 1161316949.323738 441035044.351359 2131221797.601051 154522786.963982 3257630042.424106 77729685.124600 5635061353.115795
0.017575 1028289453.481887 410118065.541095 1814897599.906952 149911651.889320 2780274368.035913 76974201.462833 4678064526.193775
0.021210 903526807.881753 383485642.225292 1534975505.677917 145096611.134517 2364988413.940723 76131050.394175 3856999985.931696
0.025595 780358085.743979 363788111.004513 1302384500.799519 137812527.049966 2003366639.971445 75184857.668936 3157839844.924858
0.030888 681909559.890013 334268386.934739 1100918728.782707 131281288.632385 1655863243.328600 74118203.890925 2568502830.814600
0.037276 590439049.626609 305292733.070900 940778070.849696 123341061.261829 1388090021.978953 72911621.992154 2077223672.862590
0.044984 508801872.558792 273726258.278214 787997129.690737 118725727.039702 1132704975.841758 71543733.464477 1671652797.051759
0.054287 433808813.991502 246455874.384370 663316632.562911 113014951.301528 937804380.643961 69991585.354254 1364437725.654463
0.065513 367243354.850007 221854788.997336 552028567.074706 108912925.339522 775034294.545290 68231261.768896 1128474044.495080
0.079060 309970746.762588 201489097.303860 456401485.038271 101088595.095932 638915728.539960 66238850.227790 896801374.229755
0.095410 263016797.739366 174981602.368484 375098497.349535 96836712.333437 513025717.946467 63218782.826716 700595282.131391
0.115140 219749960.145501 152968617.622339 306741156.386843 91696984.762559 414237820.607997 58271069.514510 540826707.259813
0.138950 184219216.718550 130277940.033816 251416226.745188 83317577.545095 329539407.612780 53625285.485231 407564560.387185
0.167683 153099915.668963 111587157.695418 203019217.104990 75098463.040324 258910059.870613 49254906.827301 313195045.863123
0.202359 125836450.965776 94023254.292212 162480688.776727 67966154.085884 202328019.575704 45135048.459032 233391211.695359
0.244205 102934291.638374 79732291.998366 128668906.119362 61280572.801083 156135291.752674 41242430.430314 180971262.426679
0.294705 83262275.768231 66562529.373801 100851014.407029 53285983.223422 118417688.442468 37555392.885958 145289605.041091
0.355648 66649243.346063 55223335.075851 78488544.062624 45379450.575665 90364436.789914 34352927.737770 106400916.724446
0.429193 52424752.773738 44769106.198342 60267825.798206 38046974.438509 69908876.012469 31318446.846358 79340425.902651
0.517947 40659711.670334 35538818.606216 46332378.148757 31023917.835664 53872191.944375 27537777.145968 59932318.434267
0.625055 30814617.403265 27374776.101232 35596041.711469 24330022.523201 41519350.870643 23015991.375096 46885063.485906
0.754312 23286049.241865 20186269.553503 27404243.192262 18056349.601148 32159320.582294 16384399.935866 38326290.322715
0.910298 17485056.480007 14443853.924758 20962374.218391 12419475.940805 25679645.473805 11239378.846177 31846372.039426
1.098541 12795709.847557 10071966.953974 15974706.147671 8161229.623753 19768922.537613 7411584.462476 27081219.793294
1.325711 9068476.036283 6684529.800922 11818438.788850 5284448.867835 15217047.761218 4676706.102596 19883152.500843
1.599859 6164869.669776 4236267.726482 8566829.352725 3250220.343536 11005526.745347 2637231.848402 15375246.693487
1.930698 4032351.616864 2564879.205717 5995370.445738 1889774.316303 8435351.514846 1097014.838660 11934638.579704
2.329952 2513935.494757 1502398.705893 4096911.792330 909707.098976 5912105.512117 430238.516558 9057643.983894
2.811769 1503638.477520 826106.613863 2698216.992122 401623.951808 4460590.571531 171867.035882 6308922.818063
3.393222 887497.720876 461573.874183 1742786.545828 179188.652921 3089797.555891 69163.030114 4526607.704849
4.094915 499940.885401 233939.453186 1083620.607053 77827.635012 2058875.049720 27832.706313 3275806.550619
4.941713 277942.492255 111038.185868 656548.104514 33101.116842 1405234.744004 11200.485858 2194966.389809
5.963623 153183.505047 49519.240098 382703.858186 14304.654789 828483.848028 4507.318909 1359832.031982
7.196857 81225.953327 22553.184317 216415.625862 6014.801494 446661.666687 1813.843078 946291.117472
8.685114 41582.757107 10453.481737 117984.617408 2525.878699 266231.636206 729.929872 659154.224221
10.481131 21010.847128 4664.636481 64509.785198 1043.783942 161356.886173 293.739643 456011.862334
12.648552 10455.435508 2041.368137 34493.495574 447.149810 89914.407728 118.207216 225040.810047
15.264180 5182.396959 913.776656 18043.428057 194.129427 46831.518317 47.569152 97502.535510
18.420700 2591.565642 422.427066 9260.762359 79.771451 24676.461199 19.142861 45724.618860
22.229965 1288.198181 183.071199 4593.535637 34.288333 13020.485165 7.703503 24432.781073
26.826958 633.694801 79.924254 2269.625482 14.374571 6243.089101 3.100057 13464.959709
32.374575 300.295121 36.251979 1145.629834 6.047568 3149.467973 1.247530 7516.249172
39.069399 144.702239 16.486678 583.880368 2.471249 1671.975265 0.502033 4117.353866
47.148664 68.276716 7.150914 300.246119 1.009558 898.927007 0.202029 2255.460465
56.898660 32.635180 3.238550 159.015378 0.400185 478.987878 0.081301 1235.527010
68.664885 14.854816 1.428298 83.218681 0.160701 263.716084 0.032717 676.813899
82.864277 7.069073 0.636155 43.592522 0.066632 145.843742 0.013166 370.754383
100.000000 3.342060 0.276063 22.496627 0.027762 80.440619 0.005298 203.096911
