2271345439.748712 19.513380 0.691250 0.012972 1.862734 4.393089 27.062291
1095048427.283134 44.453309 0.546709 1.389543 12.618936 3.876721 27.349032
1809409161.981172 40.849520 0.958273 1.764519 6.572813 4.134766 31.444742
19026204012.682495 8.099540 0.680461 0.526260 2.089677 4.878160 44.371863
3863682577.567449 17.918313 0.576399 0.981246 2.479949 3.293144 31.547678
2045327830.520167 38.779923 0.402904 5.039060 2.805340 3.864124 32.205556
1638962826.612278 34.643846 0.968776 1.091296 4.669505 4.439170 28.848108
5616334282.143878 10.115568 0.616163 0.012853 4.632682 4.733249 30.968205
3373228815.974030 12.952258 0.649531 0.033171 8.105335 4.190703 27.697172
2340692871.104493 19.954755 0.502238 0.707640 2.446889 3.210225 27.508059
2027825010.222392 24.336170 0.410999 0.885886 1.790142 3.262941 27.777814
2699222092.210257 14.493265 0.772192 0.023795 2.472859 4.073353 26.454585
24669260792.189423 6.136827 0.007900 0.129865 2.955947 3.060381 45.990810
3713396445.463987 15.143930 0.319944 0.167436 8.361551 3.943502 29.759608
3868409602.029030 13.690605 0.088586 0.019827 1.300659 4.393448 29.395887
1196951085.763076 18.827505 0.448051 0.011779 6.954249 4.460083 21.640967
7451473742.682639 9.502133 0.042595 0.166333 12.933399 4.804815 33.562808
866373820.579258 31.294191 0.344183 0.136528 14.873535 4.104681 22.588811
16705450681.008648 8.233968 0.520636 0.053859 1.888807 3.275120 42.629379
4173774500.040370 29.036182 0.776127 2.867060 5.466910 3.497929 37.273947
2708693149.511827 16.000761 0.117416 1.810408 7.297951 3.116902 27.180542
4792947284.155260 13.035423 0.683086 0.077270 18.575517 3.810311 31.187231
35535138995.321915 5.422000 0.913687 0.128669 4.479616 4.177636 50.937998
14719419561.763988 16.988777 0.602471 3.971604 1.287360 3.081959 48.560657
4557269945.465331 19.448503 0.740179 1.432932 3.792760 4.108454 34.100827
1192041966.805827 24.520630 0.679672 0.088931 4.293779 4.612762 23.321671
1190089583.020956 49.672538 0.661902 1.490793 4.018619 3.184497 29.181268
86076522888.151260 4.272204 0.701065 0.053864 2.246612 3.233753 66.288885
6148289338.709392 10.969831 0.714765 0.089784 11.321463 3.789942 32.511401
903095838.874384 23.607979 0.413361 0.024951 3.995473 3.322372 21.023016
122927474073.411377 4.728222 0.117237 0.393794 1.033504 3.310081 75.581184
2618066971.961926 29.391932 0.354660 1.729615 1.012927 3.812748 32.027350
1222457579.865180 23.496445 0.752140 0.048970 19.138257 3.922383 23.223205
1374765628.445742 20.602617 0.025192 0.082034 12.251562 4.058069 23.246915
4180140652.949936 12.493709 0.525918 0.028096 3.321817 3.533022 29.487194
1003619132.111646 24.636707 0.580128 0.361056 13.718566 4.020677 22.052737
45876551074.193352 5.357352 0.715572 0.012488 2.039848 4.654388 55.366553
1723227651.627476 27.742936 0.244603 6.280022 5.805396 3.454219 27.369905
3782492536.787819 13.781614 0.293909 0.489312 1.974235 4.669316 29.225559
315387090355.474854 3.539399 0.046377 0.202649 1.740520 4.922908 100.285654
1497858648.474607 21.692184 0.148657 0.017254 3.189051 3.606368 24.277724
1909528596.245184 18.629759 0.771166 0.037384 9.866572 4.898202 25.212561
3231097375.603503 41.532650 0.591160 4.417757 1.567878 3.734189 38.357127
28048436350.588997 5.502336 0.758266 0.011183 3.308525 3.903927 47.179174
3992777401.088489 12.122831 0.390701 0.143119 15.073035 4.966513 28.828099
2618977595.551407 17.608741 0.001192 1.400655 1.201942 3.721282 27.580469
1921930012.233217 21.369978 0.435010 0.737660 2.142613 4.866378 26.267674
1876538358.331890 20.724422 0.197903 0.017863 2.895280 4.818567 25.830892
1569963346.915365 20.082425 0.637032 0.010360 1.849616 3.177026 24.122721
50702747188.634987 6.434056 0.448532 0.126855 1.467326 3.695053 58.942164
3913458902.208781 19.829271 0.527818 0.999443 6.377308 3.356952 32.590464
1163698150.709775 21.446245 0.642373 0.014403 3.119832 4.668192 22.245133
3962964133.942759 14.439239 0.127455 2.911276 2.698248 3.553355 30.038432
7268930937.880277 9.932888 0.422859 0.066406 2.541016 4.313147 33.611870
1076359463.995094 27.134215 0.026333 0.158016 3.458376 4.181295 23.238567
1913168224.086443 16.839840 0.479076 0.019621 14.645440 4.794574 24.539816
1105643514.379132 20.054942 0.844022 0.026178 19.230615 4.552978 21.453570
1869979803.003967 17.883074 0.404675 0.196935 11.377504 4.802618 24.755834
3691985018.407645 15.857690 0.066175 5.080513 18.315844 3.861013 30.064617
192366788803.830261 3.474800 0.835340 0.024267 1.702674 4.084993 84.917387
1143553244.093714 28.899911 0.077681 1.007283 18.852872 3.483221 24.174188
2570150971.126565 15.934929 0.794055 0.152019 3.662526 4.981434 26.679759
17110831606.571289 9.802899 0.280302 0.123963 1.187064 4.564344 44.582202
861090157.530925 49.605877 0.698177 0.691527 1.868767 3.268140 26.185691
3846518673.673188 13.268063 0.946950 0.048422 5.154819 4.922091 29.110175
4141786078.133860 12.066697 0.597195 0.031402 15.775657 3.579460 29.149687
3325361023.267181 16.443624 0.138591 0.039772 7.786769 3.585236 29.316847
1209543158.410320 45.929595 0.252821 2.623820 11.327610 4.359350 28.579408
3842262300.077114 11.222701 0.620943 0.034988 3.641984 3.510605 27.943803
6109474004.380423 10.340207 0.340118 0.089996 2.115722 3.641012 32.006902
2947800626.558377 14.818890 0.556267 0.053273 5.684539 4.452889 27.399896
2889003284.069822 19.705926 0.903638 0.542702 4.477928 4.033709 29.402737
6104655686.713662 15.929160 0.381687 1.167417 2.126740 4.430893 35.593798
1279131757.569286 47.771672 0.471190 2.312259 2.506761 3.480147 29.502342
3312838475.951933 14.134200 0.557657 0.161537 2.739935 3.886568 28.142342
2465721287.969779 14.815367 0.740039 0.023887 2.492758 4.032733 25.814918
2311371608.975048 18.755593 0.546085 0.428235 1.838999 3.212087 26.920190
2979071025.516430 24.593172 0.190918 8.125409 1.627319 3.696276 31.676546
3379826534.252472 13.960269 0.804012 0.104335 3.600468 3.195293 28.241498
6144931450.732668 10.692620 0.370507 0.193672 2.763160 3.787452 32.314232
1422280316.365772 22.661748 0.718916 0.185053 2.310441 4.766498 24.167469
2125535050.208159 30.540726 0.305926 5.991866 14.100140 3.202732 30.235205
2639298262.506765 15.659774 0.839342 0.078872 2.800991 4.274016 26.793018
29665756436.335400 6.347497 0.636486 0.075969 6.954654 3.201941 49.184645
3051637125.668026 16.823044 0.708528 0.021860 7.616697 4.269970 28.664708
8476856595.682224 8.842810 0.955848 0.017085 6.286403 3.097499 34.503510
2964279514.026704 33.755812 0.555808 2.191558 1.253335 3.143897 34.859214
956504694.335323 39.114440 0.278244 1.846909 3.113384 4.252008 25.067848
1096735998.974315 33.456144 0.673352 0.578517 1.842035 4.091350 24.954677
2615386366.951975 17.337849 0.499640 0.423537 19.576292 4.129770 27.451434
2511715413.078824 21.562485 0.134407 0.977765 13.529239 3.377994 28.793129
3403310086.800062 32.403979 0.609060 2.727081 4.163805 4.028279 36.033439
3490024376.299383 13.580342 0.812255 0.066606 10.330667 4.223607 28.346495
2162337322.018815 17.654929 0.853591 0.020357 18.504273 3.528826 25.892674
2677011957.452183 17.366524 0.501267 0.021698 5.399782 3.983782 27.677830
1328951090.137856 22.491225 0.302154 0.015210 11.724597 4.228535 23.574821
4214573972.445828 11.891000 0.603772 0.018210 4.280716 3.025934 29.216278
3494060476.511892 12.866096 0.831178 0.146051 14.056733 3.519121 27.977791
1183385922.766628 23.062114 0.823032 0.071995 17.616448 3.120477 22.847456
2758840767.921010 48.248775 0.545889 6.659547 14.613373 4.858827 38.244930
20548234223.919403 5.909780 0.911348 0.074326 9.834985 4.206961 43.007124
1099780333.251629 24.735607 0.319917 0.023725 18.978335 3.944412 22.762840
2247017287.391285 21.209858 0.641303 0.870174 3.729303 4.381833 27.612436
1830641109.018703 31.889638 0.540789 1.127013 5.955872 4.872275 29.157907
8758949178.124401 26.703070 0.558405 8.282634 4.631822 3.517510 46.515389
4114065422.757534 14.476773 0.954512 0.134833 10.963013 3.093705 30.435782
2582463221.978248 17.254938 0.772666 0.013961 1.849436 3.503587 27.300116
3804221239.569768 21.038412 0.588174 1.223316 1.321870 3.512775 32.833126
832866290.163067 34.559996 0.800361 0.236160 6.075715 3.389821 23.002992
1123533748.112084 24.959568 0.170020 1.630892 19.590049 3.965809 22.987279
28765053506.356060 6.480578 0.235176 0.070642 3.765183 3.545461 48.855009
4054852668.689939 46.768391 0.870803 4.509161 2.552624 3.669735 43.032135
2044655932.970514 33.359752 0.586478 2.477255 4.422034 4.016360 30.685146
1301580142.309685 24.023810 0.728295 0.460857 17.307823 3.642181 23.869761
43292591057.908638 4.894496 0.738937 0.016956 3.258737 3.587089 53.619103
32439865958.228466 6.984587 0.494989 0.016624 1.909120 4.546492 51.532248
1166452757.561897 45.588156 0.243284 5.272873 3.331993 3.848011 28.165852
3046238704.842068 17.218361 0.059089 4.608722 4.471620 4.752712 28.828619
8993876346.959440 10.284566 0.571981 0.027322 2.035125 4.376030 36.366040
3554873001.654649 20.147861 0.369425 2.400736 3.278511 4.331004 31.705789
1022096782.822958 27.148496 0.176632 0.537944 2.348560 3.710713 22.844959
12127451572.049181 9.337197 0.762451 0.017024 1.603670 3.850431 39.329972
6574698460.435105 13.716822 0.698088 0.073863 1.875717 3.174213 35.097619
3562839096.755256 37.292596 0.372035 8.526856 5.595116 4.875891 38.263123
13243693096.354807 7.214020 0.789962 0.023002 3.359192 4.822770 38.456521
1475663071.670271 20.896991 0.529164 0.029814 4.189260 3.719954 23.898999
813854559.660005 29.579247 0.579601 0.210693 17.943884 4.905854 21.738478
3215242398.946518 32.140397 0.342947 6.941887 4.827285 3.380184 35.266403
6467019462.018957 11.976617 0.320516 0.061986 1.157007 4.062657 33.756402
8421648233.948606 10.774461 0.194767 0.558083 6.618413 3.593761 35.956798
3147403960.418759 17.105299 0.656745 0.876657 11.279802 3.819674 29.092188
956416775.343377 32.268760 0.111231 1.333956 2.473941 4.062836 23.571274
2129367003.783768 17.219182 0.158018 0.037640 3.015357 4.322330 25.585368
1483375102.735412 19.810483 0.033621 0.018630 18.301008 3.109425 23.579664
5427832722.235064 29.532834 0.414014 7.892630 1.618278 3.475913 40.898884
3008865467.250760 11.654970 0.248177 0.280739 17.166284 3.914465 25.987403
1973430337.803880 45.264922 0.423262 8.061600 2.888778 4.655433 33.482149
11599601383.647768 9.907456 0.123958 1.426767 1.995288 4.940595 39.255765
132619897220.167480 3.845189 0.023476 0.221046 2.170947 4.821854 75.707158
958723047.140178 30.302653 0.288132 0.770487 9.321380 3.473855 23.131174
3769150473.478988 12.559449 0.022473 8.626576 16.500313 3.500983 28.523863
1520891061.410133 44.191106 0.600363 2.165954 5.395510 3.112349 30.454081
7580786999.464647 13.457019 0.352299 1.153513 4.071050 3.862044 36.626745
5814043794.857965 11.251986 0.703895 0.114812 5.273144 3.688957 32.100687
1238894406.635386 27.013785 0.397619 0.025070 15.414413 3.395688 24.320998
795302258.040633 33.517218 0.461757 0.661498 7.956739 3.018998 22.432588
60981374488.081078 4.796562 0.277157 0.126054 2.205673 4.661521 59.943844
58601783686.639320 5.398036 0.032184 0.028819 1.367231 3.218842 60.141381
1015668351.183381 36.774989 0.560190 0.757995 10.990361 3.243467 25.069392
5946837639.106893 12.562833 0.322426 0.028771 1.331778 4.436664 33.208647
5370701053.872358 11.406200 0.072047 0.063546 1.887120 4.805308 31.363252
8100307504.385167 11.804968 0.855834 0.532057 19.868025 4.382608 36.262090
3400429804.733779 16.161857 0.728591 0.031712 1.102342 3.454780 29.399603
26060747518.406654 7.753334 0.389751 0.043005 2.122532 4.957675 48.855806
1354316672.450029 20.503749 0.383517 0.502307 4.875019 4.336889 23.099363
1494889843.643898 43.223097 0.651603 2.542361 7.943645 3.342789 30.058572
1740243708.116453 24.662771 0.107674 6.514820 3.055821 3.899951 26.502059
13469954305.405325 7.653556 0.239560 0.097078 3.144718 4.043024 39.109892
3073558685.291904 12.020916 0.271427 0.716444 19.343509 3.170994 26.366606
1052022504.462500 33.421215 0.164754 1.230038 5.647339 4.134262 24.602696
1309298270.481106 48.189837 0.953138 1.564344 6.317467 3.604252 29.819460
1096961953.612801 25.664893 0.550419 0.278322 4.554437 4.593412 22.995747
1180009932.410126 22.361339 0.575038 0.017167 3.936971 4.967428 22.620787
1657509791.646048 30.416941 0.184487 4.546652 3.451845 4.063885 27.794584
11054329026.748373 10.848503 0.359573 0.633314 5.199895 4.596189 39.431621
2477579913.312509 13.135849 0.076780 0.097056 9.369500 3.938972 25.077269
1470874249.719297 25.037987 0.523134 0.910482 1.710105 3.385898 25.170450
3203831518.608472 14.243911 0.793873 0.012749 1.449818 3.447953 27.885312
4631377629.125571 46.460627 0.683952 6.427175 3.153589 4.604522 44.882877
4135084541.037560 14.595478 0.104496 3.721764 1.999430 4.738128 30.551790
6232757230.627109 12.137960 0.655128 0.076914 1.113575 3.391303 33.451471
1434719229.165229 38.261957 0.859734 0.959876 1.558643 3.503333 28.490858
28738716023.464111 6.128508 0.514328 0.033867 12.066250 4.903417 48.381277
1088455933.202284 28.600153 0.015851 0.320547 2.435828 3.450707 23.703405
4063287565.545415 11.876422 0.335833 0.140622 6.475619 3.014401 28.853945
5950293037.371698 11.831767 0.406777 0.046188 8.135587 3.686921 32.736622
2956022737.886806 19.462450 0.198705 3.345984 12.061692 3.052890 29.524789
938180674.546594 41.430062 0.203368 4.366080 9.885996 3.374117 25.378884
37898357719.437050 4.933380 0.325190 0.522544 3.274850 4.323435 51.347574
2408165851.159890 16.358697 0.176747 0.230745 5.183650 4.427557 26.290404
3372703900.649344 24.477820 0.421218 2.930069 1.656372 3.412929 32.968274
2550995383.478614 21.201133 0.863881 0.461423 5.959589 3.961047 28.801898
892270009.552514 45.522946 0.986677 0.722119 2.690074 3.851291 25.746948
1872891410.655360 26.076211 0.764781 0.958033 6.133695 3.292701 27.616319
1408636827.786655 23.306622 0.627820 0.081304 18.350138 4.356039 24.288860
1706138765.803091 18.931920 0.446614 0.013467 10.123775 3.535897 24.392668
1412665373.445166 21.384754 0.186592 0.064537 7.794723 3.523545 23.710570
2991394951.735307 17.074157 0.995526 0.351462 3.163965 3.373748 28.589210
3411488838.209379 12.944235 0.140580 1.579098 10.074859 3.093952 27.797230
4744223175.868206 10.270957 0.704816 0.011028 5.773901 4.679527 29.374639
11184942854.652622 8.465706 0.038380 0.849319 4.639678 3.054081 37.504218
893686044.480895 30.969892 0.957436 0.123741 6.158213 3.201073 22.749592
4594204649.587644 16.424612 0.316403 2.352162 2.121138 4.058258 32.641723
2249000597.830978 20.987234 0.434089 0.510343 9.455576 3.206805 27.537011
803156897.024380 49.731209 0.749638 1.013187 1.596635 3.028421 25.606514
90106368375.319305 6.632340 0.836186 1.544373 2.422550 4.780208 71.772029
4651426705.803467 11.037077 0.614532 0.042646 13.863058 3.462942 29.666232
3856997824.741301 12.807184 0.099747 0.744404 5.783333 4.860325 28.882038
1542603230.242877 22.215694 0.282647 0.031051 1.257544 3.939445 24.687181
7141309588.148245 10.294177 0.550130 0.051839 9.397998 4.036339 33.681991
19835581295.064278 7.689997 0.615043 0.037003 2.121602 4.180886 44.536017
1361681359.923656 35.751857 0.187372 9.088141 3.492996 3.985897 27.393783
3655717380.283316 13.292250 0.648581 0.094875 18.689500 4.089666 28.633695
2774115443.747797 16.059478 0.266210 0.237973 5.187888 4.721063 27.424346
19759093498.535885 6.135788 0.991101 0.046634 8.791829 4.192881 42.709962
1705032149.123114 24.215505 0.963415 0.570340 6.483637 4.291294 26.179306
5480842387.879884 18.868297 0.289713 2.493947 1.463674 3.163403 35.958014
6790010209.074160 12.506167 0.234711 0.125454 1.075575 3.494961 34.670949
4168354873.815932 10.384189 0.216075 0.147008 3.649565 3.835254 28.204217
1527382516.786695 32.473170 0.953352 0.778719 9.807028 4.174181 27.606585
202419102082.882721 4.597939 0.005879 0.839125 1.408079 3.457165 88.933479
645671549.912297 46.289033 0.352331 2.110220 5.184244 4.407106 23.244048
1924665836.695274 33.014999 0.216375 5.308259 3.661890 4.921641 29.974191
49242588784.451218 5.046861 0.547969 0.037110 1.998089 4.959305 56.206181
1785314927.085075 42.437434 0.489032 4.498227 2.455994 4.715373 31.698871
18142183345.252327 9.000093 0.468042 1.548388 4.975521 3.240507 44.629801
872088547.113702 28.789127 0.084509 1.117938 5.486677 4.858311 22.060057
1425899159.359130 28.904321 0.450973 1.192529 1.768457 4.704673 26.020549
2499214110.759307 15.503869 0.085385 0.014023 4.616870 4.096905 26.241017
2827734677.062826 14.692735 0.177268 0.111970 11.757001 4.813498 26.962921
759989617.005566 37.371703 0.030454 2.763676 2.454116 3.890782 22.877807
59084744068.152191 4.776358 0.070985 0.322181 4.718523 4.874380 59.282925
5919282272.759388 49.656091 0.786535 8.169571 3.689497 4.580307 49.806441
1381392028.422241 42.715115 0.261684 6.434668 5.414738 3.889975 29.163800
12590707488.594007 8.720046 0.882348 0.225176 2.584884 4.514505 39.252637
61688386765.098335 5.924962 0.598963 0.339523 1.346250 4.348850 62.067252
1608460580.683430 40.006890 0.518537 3.695033 4.341149 3.568989 30.029514
4305991983.462056 28.975914 0.513252 6.531069 4.110417 4.349986 37.639349
1027992733.696415 26.936372 0.294785 0.066822 7.476419 3.225477 22.834329
1100094479.450166 21.328504 0.851849 0.012481 12.886933 4.009286 21.797641
1989000170.059047 18.997650 0.554414 0.194181 1.262179 3.516578 25.697241
1583186921.966466 32.748891 0.265413 5.005107 2.129118 3.927173 28.013297
3289020211.647793 25.114124 0.309026 3.738680 19.597668 3.873588 32.944439
87485595290.334625 5.369997 0.058444 0.262208 1.052066 3.180875 68.682663
9491430533.989069 11.830021 0.191720 0.144781 10.599242 4.744687 38.248668
946373113.016892 36.965423 0.205004 4.177471 8.207895 4.714830 24.526521
2556580943.453808 24.649714 0.295872 5.679544 10.176979 4.944625 30.122727
1056143471.517034 25.020466 0.131021 0.864250 4.418189 4.716395 22.534569
2654147257.365641 15.457264 0.333703 0.051201 3.484148 3.505209 26.751230
2444568557.646125 12.382937 0.255257 0.222041 16.126205 3.204616 24.605221
4959388197.725342 40.713508 0.966283 3.378998 1.974731 3.948404 43.957999
3055028668.195615 15.911720 0.804484 0.606186 6.758712 4.200072 28.250929
91452247783.897690 5.569795 0.353534 0.841617 1.050296 3.900922 70.088891
6502351043.189929 9.448522 0.567508 0.128082 16.664718 3.307533 32.033299
26522399097.327412 8.381829 0.843965 0.327554 1.096390 4.551402 49.910430
2010346429.918369 26.176058 0.219253 2.137420 3.587578 4.285085 28.308645
1242856250.003533 34.312831 0.406706 2.139196 14.732476 3.844482 26.226557
62466892283.357239 6.063203 0.887208 0.104908 1.357571 3.485580 62.561237
37788319362.599419 5.349320 0.892338 0.149796 10.624261 4.639870 51.888821
4582965395.153440 13.279409 0.134896 7.236924 12.977489 3.590664 30.867193
5813222047.466694 10.915373 0.436029 0.011521 8.417918 3.220322 31.872982
146681800933.124023 3.835407 0.040100 0.202991 1.298082 3.121427 78.273968
1943028615.883494 17.868233 0.339017 0.056673 4.227962 4.809420 25.068360
13095932498.741346 8.894302 0.161785 1.200027 1.080889 3.070286 39.935497
24429127907.380909 40.413139 0.906115 7.194343 1.178898 4.932491 74.612780
4021640154.939443 28.592692 0.572130 4.142011 2.164245 3.580402 36.641511
3747563579.386702 13.866859 0.129362 0.332020 9.441329 3.057282 29.180893
780741555.837262 38.292864 0.282736 1.347652 7.588830 3.303557 23.266580
4297481376.129142 14.216451 0.037345 0.471756 8.587935 4.774565 30.738010
1625266406.422905 20.458624 0.534227 0.343688 1.764182 3.146960 24.531764
979363169.475991 31.202386 0.108981 0.768693 6.289687 4.711029 23.509356
1642655087.037826 20.942851 0.594791 0.201485 2.784294 4.899481 24.784045
5974082497.856483 11.775479 0.661288 0.022027 6.097790 4.422789 32.742861
3691430230.171992 16.298298 0.138126 0.490044 17.703681 4.486062 30.283322
16205016951.841961 8.175186 0.998035 0.026836 1.614385 3.874365 42.138676
17912041650.562298 8.340331 0.011889 0.771083 1.163793 3.010483 43.745259
3177100654.271699 16.626951 0.495659 0.612619 7.090320 3.176531 28.960624
62886304152.411682 5.210287 0.723944 0.012495 2.791304 4.495842 61.255410
5774225152.200018 11.999829 0.185983 0.132605 13.561026 3.717893 32.520322
2286951039.768673 32.511727 0.233727 7.709273 12.922756 3.252280 31.594485
2289648192.362476 17.850274 0.472905 0.506921 2.832010 3.090138 26.470926
2470784694.500141 20.699846 0.110896 3.863648 9.573484 4.636687 28.302055
713893731.864519 45.876290 0.913627 0.237297 6.840856 3.261558 23.963816
6120744006.102810 11.187066 0.976411 0.032942 2.566479 3.627078 32.611304
1713043761.297322 41.225968 0.322733 4.441992 1.196545 4.842653 30.969202
729370251.914166 36.385484 0.628710 0.490968 3.423625 4.658789 22.372924
2363196110.314771 17.159551 0.065528 0.151820 1.993265 3.438187 26.464605
1438653660.464410 42.039360 0.471346 3.105484 1.813680 4.192529 29.406575
2844095207.960317 26.838244 0.621761 2.005377 2.153615 3.815462 32.020301
3209575680.519356 15.304550 0.023034 0.043510 13.249901 4.304310 28.426198
44565418457.458252 4.709340 0.724600 0.015109 3.726999 3.482565 53.864810
1616632989.678360 49.682473 0.774110 1.429405 6.255118 3.074716 32.320446
3484826259.724473 42.669204 0.883717 3.388079 7.186275 3.701995 39.686696
2424555912.453719 22.590776 0.915273 0.918984 15.475638 3.993459 28.843573
3223133070.793734 14.945001 0.048785 1.304317 1.461961 4.212796 28.289936
2920741294.147361 20.268872 0.158774 4.968346 2.777879 4.698188 29.746334
1475419661.602830 23.139617 0.600596 0.246902 2.848495 4.928308 24.614732
15774886528.867811 9.141509 0.061909 0.755238 2.109404 3.385396 42.738564
2046920065.850098 41.230378 0.658145 2.743976 18.587096 3.493071 32.864173
195063373661.132050 3.249430 0.067894 0.010191 3.049524 3.731674 84.873536
1282448621.105368 22.647077 0.288416 0.016454 12.514636 4.259158 23.343570
4461769679.118793 10.247880 0.887770 0.318097 5.455396 4.895639 28.765152
797661550.898943 36.846111 0.879870 0.729309 3.523296 4.937513 23.143874
8031017092.310753 9.196018 0.537518 0.020229 1.813550 4.198580 34.169502
1038872158.466504 29.272694 0.150488 1.325454 8.820876 3.055010 23.505510
1544776629.127489 16.987843 0.885452 0.010572 10.101986 4.514200 22.905323
6468612447.187761 9.859683 0.617632 0.086612 1.602357 3.345732 32.277141
1547638788.243631 35.626735 0.532740 1.069839 1.068206 3.790839 28.555911
294959991422.636475 3.413413 0.131279 0.014990 2.991794 3.797900 97.779502
1916637751.747919 25.291479 0.168306 4.175676 3.577200 3.435100 27.575357
1008296246.659460 30.857320 0.489622 0.486380 8.278568 4.576289 23.656367
4914701431.025647 12.410924 0.762091 0.028831 19.008618 4.022345 31.071656
1861039278.275882 21.735150 0.392678 0.015214 11.679498 3.910080 26.114679
2100816338.677972 26.172867 0.284571 3.451289 15.005919 3.183898 28.726023
994571109.566842 27.744425 0.453515 0.322917 7.315294 3.828465 22.788276
1800572246.880984 17.437347 0.751614 0.046350 4.653591 4.642897 24.277318
17643645955.698162 9.162958 0.702728 0.831877 2.142877 4.996466 44.385810
6166196374.074692 11.901684 0.009490 0.100512 1.666101 4.854578 33.174643
1592568399.184304 28.184518 0.709111 0.960818 14.032466 4.213057 26.788969
12751391898.128117 7.571349 0.506166 0.030094 4.708603 3.175363 38.322055
1460305174.885672 32.731770 0.507236 1.012273 6.473564 4.676151 27.264431
1900354245.722804 18.294163 0.103623 0.741740 2.385697 3.588740 25.045577
1457528421.588929 20.113107 0.137284 0.029274 9.304910 3.489615 23.542730
2313270377.955602 23.417384 0.128958 8.355374 15.508802 3.790261 28.696042
1096934232.210250 32.584203 0.249056 0.434071 11.013692 3.835451 24.748966
9776164764.891439 11.594082 0.675320 1.086802 2.537596 4.522041 38.442465
1953212048.271157 18.778893 0.565643 0.102071 6.665320 3.399046 25.459790
11608730217.470203 39.157593 0.799770 5.936284 5.157826 4.553846 57.628666
8133901501.883151 11.567071 0.657886 0.581774 5.755424 4.480846 36.136646
4045054069.317218 20.583752 0.466365 2.318982 3.652213 4.996219 33.303026
1035228067.949432 25.025184 0.650292 0.050395 2.925330 3.774218 22.386082
10731716027.484421 8.052398 0.095283 0.038682 5.633372 3.825884 36.619172
2818238907.903309 15.708239 0.433667 0.019813 5.556740 3.910484 27.407709
6570719342.270779 48.891304 0.619506 9.283539 1.393662 4.726513 51.301721
3327502272.946682 21.707781 0.459724 1.599486 1.571722 3.472444 31.684539
4917679262.998450 12.488460 0.329993 0.020454 1.474702 4.867126 31.125187
7526690636.212484 9.903523 0.325230 0.068156 1.763908 4.662339 33.982260
1538138722.617357 30.735336 0.783881 0.574873 3.010173 3.602337 27.198669
2126495379.583701 19.049997 0.895526 0.191053 12.815241 3.731650 26.296446
4717763086.684597 11.803632 0.512447 0.034219 7.707887 3.806344 30.282097
977786549.365517 25.696314 0.666505 0.124494 13.669262 3.891460 22.139000
900825602.594636 25.399901 0.332748 0.416839 4.580091 3.860707 21.467327
2164637566.297835 19.352646 0.136812 0.664920 6.181159 3.896100 26.569831
1035420143.661866 28.622211 0.128167 1.601657 13.209780 3.952755 23.317511
2236591015.083177 20.527444 0.124141 2.938765 4.299588 3.467646 27.312730
5102968047.097895 49.373772 0.869552 5.090433 3.467668 4.380147 47.311822
826455896.707314 36.065077 0.176630 3.802141 8.983735 4.387545 23.258441
3984622525.716081 13.242673 0.201650 0.551824 6.234834 4.623330 29.440388
1381912303.906914 47.669385 0.379645 4.046768 6.263774 3.231997 30.250536
2103492113.093002 22.136450 0.132219 6.235303 2.756708 3.691595 27.347401
3762644308.305630 13.721988 0.688569 0.061105 17.088596 3.698569 29.142363
77019248229.959808 6.034320 0.057323 0.056648 1.391492 4.209487 67.032032
2318537575.916287 19.332628 0.706297 0.557787 11.292173 3.023998 27.177255
1154548905.990088 21.918078 0.001370 0.560957 6.136820 4.656967 22.326673
981363284.339280 24.992167 0.284546 0.111618 17.249469 4.373968 21.982213
7059288880.362239 10.508300 0.164508 0.012411 1.090100 3.014156 33.709348
3091450631.795800 13.783536 0.013093 6.568572 6.160087 4.058825 27.325801
1921013463.681811 18.375867 0.015427 4.255970 10.451248 3.799362 25.167023
5675897232.040792 10.582001 0.482044 0.083164 1.622399 3.255963 31.395438
14847030484.342077 9.110835 0.088387 2.373275 1.654577 3.474023 41.853695
5905672243.844476 10.700408 0.431108 0.010977 3.274337 4.116847 31.894596
1594938804.197587 18.723755 0.593354 0.352174 7.995906 3.415621 23.777388
2313975043.096421 38.639259 0.395798 4.963636 2.567227 4.131164 33.518456
7777178439.400497 43.289999 0.728575 7.860283 3.285078 3.986265 52.110800
1386682648.012526 22.470694 0.424739 0.822074 1.672357 4.512984 23.905003
6705786608.940619 12.970174 0.315638 2.402427 14.844654 4.534814 34.837910
1612402029.894426 22.286548 0.288787 0.218313 2.134078 3.586403 25.077260
22451257087.163532 6.205259 0.829413 0.065276 10.351740 4.374648 44.651219
1625266406.422905 20.458624 0.534227 0.343688 1.764182 3.146960 24.531764
8384608491.000873 49.273674 0.980873 6.536127 19.504294 4.438367 55.790430
1978817902.982601 16.674845 0.777359 0.058962 2.173560 4.471794 24.751551
631509809.037519 49.412340 0.823107 0.884490 4.222021 3.084194 23.583209
12313936052.558165 8.219126 0.120753 0.056479 5.172165 3.045684 38.494400
2043406531.677847 37.130451 0.359744 7.468890 8.080684 3.606086 31.746065
741025609.889412 45.919683 0.806634 0.767468 4.816058 3.177699 24.271277
966796766.648900 29.159431 0.503117 0.397688 13.060510 3.553533 22.921405
60739905899.196564 5.158164 0.627973 0.018930 2.171616 4.456961 60.463541
798190470.011052 34.906133 0.210003 0.191887 3.831696 4.355082 22.751338
1679436428.743848 19.427718 0.070031 1.150698 1.494831 3.997729 24.441094
990550965.150639 37.307540 0.248252 1.450647 16.611867 3.483104 24.976413
6236487918.819396 46.777315 0.767675 8.623435 5.693246 3.281538 49.675500
3935701078.385655 33.358456 0.540002 6.503516 2.282172 3.350627 38.170116
4063287565.545415 11.876422 0.335833 0.140622 6.475619 3.014401 28.853945
30980535905.135624 6.546397 0.726258 0.018104 1.481371 4.414408 50.166107
1714129339.927943 24.152764 0.074799 3.119135 9.449138 4.033789 26.205617
1190918390.357028 23.692776 0.142256 0.106102 2.033172 3.171355 23.078299
4580891146.907804 11.611788 0.026824 0.288283 3.050987 4.094977 29.869571
1175485479.103180 31.174876 0.326012 1.168927 3.118291 3.401975 24.977303
1093856189.199479 44.741533 0.961227 0.922220 10.111871 3.464472 27.397771
1902866274.961104 31.334443 0.206935 4.908721 8.559394 4.304396 29.374393
8281879517.897771 10.059626 0.153331 1.013655 5.428341 4.232449 35.204926
758064793.667770 43.500211 0.693418 0.774149 8.037437 4.337635 24.020614
1256400249.216222 24.893971 0.867657 0.023580 4.867310 4.541495 23.841140
2067286137.921614 45.204310 0.440763 6.201707 2.383093 3.285394 33.989608
2513607274.164532 15.681921 0.824028 0.030689 16.392806 3.295558 26.370606
829274940.263412 35.565540 0.205048 0.956768 8.838735 3.974349 23.181068
17585813085.569469 16.877563 0.554785 8.107860 3.958916 3.301441 51.436363
2387160146.899953 17.830726 0.261450 0.123417 7.777341 3.475519 26.833422
29541260351.204155 8.322276 0.336750 2.912460 2.688593 4.790065 51.661644
3077727641.222677 14.832567 0.116776 0.633236 2.066885 3.472244 27.803337
1813538433.874626 17.296887 0.054457 0.463974 1.965692 4.271370 24.281880
4824683904.986114 12.603961 0.698204 0.036431 2.685370 3.392883 30.997487
7607559483.684926 10.681068 0.037011 1.940268 1.978351 3.276636 34.689310
2697286785.985721 43.106718 0.938558 2.056763 5.753293 3.609761 36.561261
5550712748.081595 17.294619 0.669080 1.510650 5.443676 4.094903 35.253924
1127579373.488358 27.957787 0.631230 0.513423 4.630700 4.453358 23.817635
1320181405.896617 22.445934 0.513988 0.050712 6.394312 3.062819 23.509032
8997936719.463791 11.116262 0.254052 0.034125 1.324605 4.218696 37.025764
1878662374.528979 19.212139 0.283447 0.022628 2.307774 4.013148 25.292333
6174993086.221121 11.516129 0.735745 0.012173 2.951421 4.399431 32.931117
1300122896.283973 19.788892 0.150173 0.087901 5.567368 3.840122 22.558747
4776035764.172430 12.241449 0.360657 0.043328 4.443394 3.494937 30.673967
8213911335.974121 11.748457 0.136691 0.042188 5.543898 3.782394 36.389114
12970656387.894587 7.380818 0.911362 0.079774 4.410112 3.514946 38.354183
952542762.909982 30.618099 0.756024 0.015816 13.962647 4.267822 23.155831
15050004699.624338 8.220133 0.087684 4.428270 2.316292 3.880784 41.158055
9795484375.342123 10.841039 0.266995 3.240082 5.263137 4.341768 37.868101
3381589319.577518 16.542350 0.673792 0.181625 10.467871 3.633274 29.528563
808767887.146140 28.001355 0.547789 0.053023 11.397322 3.913650 21.330339
3589823262.816921 16.884444 0.800380 0.071487 1.092431 3.023409 30.289235
12594912681.676493 7.469242 0.021070 0.013332 8.572264 4.404308 38.065905
2193172653.409376 32.281199 0.271863 9.619535 3.234377 4.438242 31.086910
6856418994.647553 13.397178 0.468223 0.094426 3.942307 3.794511 35.381298
953873834.743167 38.755864 0.292463 1.496327 3.891491 4.857572 24.970046
1937133806.205536 44.073137 0.502350 3.755694 2.804309 4.263799 32.982346
1478847371.374445 24.508781 0.909558 0.344179 15.139381 4.161785 25.055775
1357403202.281326 47.907323 0.338099 7.227452 18.764767 4.279724 30.120835
29383953615.442894 9.771235 0.485059 1.799027 1.595219 4.194264 53.349679
4549875201.779549 23.707467 0.873094 1.262755 1.362722 4.928539 36.084643
4395827414.510733 13.091483 0.570255 0.014706 8.191082 4.359524 30.333259
3111900493.440493 14.067818 0.058909 0.012797 3.705069 4.296075 27.528356
7829952922.079204 9.072776 0.376295 0.687068 13.475263 4.097807 33.784768
2999309460.739713 48.887111 0.538373 7.978784 2.630751 3.543323 39.499252
2251721244.394352 34.029145 0.366001 5.944344 2.020366 3.610855 31.887989
1437121247.264336 20.890498 0.012590 0.145949 8.282286 4.235456 23.686986
1652194779.079654 27.526458 0.142776 5.486197 4.499302 3.650553 26.924117
1440002483.562912 21.934172 0.780811 0.112224 9.369004 3.281097 24.038094
6764317997.904235 10.710971 0.113661 0.018334 3.966209 4.448589 33.378511
3259577199.647831 12.039091 0.551136 0.018925 6.568326 3.456512 26.897925
1655512185.444720 19.829965 0.452289 0.046050 1.656742 4.016087 24.465384
1339284130.492955 28.105412 0.386149 1.406108 9.098828 3.022122 25.264287
4271897698.280890 12.760399 0.551713 0.116511 15.409197 4.562789 29.855660
2021869953.568306 17.606448 0.628184 0.041540 8.853466 3.877760 25.300358
1143482777.919910 47.589741 0.795827 1.373916 1.488601 3.122912 28.383957
2307323136.728081 19.400263 0.576485 0.234968 1.577395 3.351467 27.159993
1992439884.547024 20.567545 0.615781 0.568130 2.585762 3.330508 26.294993
953669024.104450 33.133481 0.431186 0.457926 2.332654 4.450645 23.745772
2407137735.695322 18.756073 0.253451 0.486207 7.022819 4.854328 27.287156
6524433061.272396 10.638358 0.017700 0.046174 16.193013 4.235512 32.927826
2253046191.042866 22.041678 0.737455 1.044350 11.088025 3.847778 27.945902
2324503450.747546 16.853777 0.911990 0.114989 7.975594 3.380723 26.191519
1817130500.424021 45.378828 0.523887 5.333455 5.048001 3.276311 32.601005
1997540538.799784 30.008339 0.428240 2.895214 11.595546 3.153934 29.454340
1400830320.384683 32.541099 0.330962 1.854385 6.277025 4.738940 26.839700
2100878805.279121 19.241808 0.656292 0.225801 1.488775 4.087740 26.263997
80653145605.931580 7.696648 0.344045 5.325490 1.382868 3.673179 71.095616
4763510733.176213 22.288706 0.373509 3.291106 1.316715 3.359785 35.984068
1243425035.228302 22.650299 0.865045 0.308639 3.180864 3.179931 23.105314
27011203260.161194 7.206366 0.276543 0.773715 1.276913 3.159828 48.759879
1156032433.102303 24.847277 0.138859 0.717844 11.528484 4.148642 23.175605
1978554142.444596 20.803635 0.460067 1.002332 2.175469 4.194479 26.319442
12344929530.558643 8.775331 0.915364 0.231409 3.338242 4.276409 39.046872
7148940558.088012 14.269183 0.356344 5.034754 4.295004 4.640061 36.455528
858381145.160116 31.657216 0.252089 0.030714 16.049726 4.391838 22.600566
2066528753.094565 18.505294 0.080290 0.013879 4.262932 3.679207 25.837293
3883970244.412080 14.328800 0.716413 0.104384 1.294291 3.953056 29.778702
2411501252.688046 15.196506 0.539987 0.142767 4.164404 3.485083 25.794444
2655400545.712994 14.216385 0.463925 0.030551 1.662962 3.653726 26.180659
2546198566.334491 16.757099 0.556037 0.102015 1.453328 3.691969 26.957136
3963432473.286098 16.076806 0.137634 0.543178 18.689441 4.510839 30.896548
1856702648.772403 19.112134 0.760191 0.317891 9.110864 3.596746 25.156603
1045050326.451741 28.001631 0.667478 0.029905 5.540096 4.741232 23.232904
15300437336.300526 8.011728 0.394411 0.115480 5.385135 3.130091 41.173416
1383988615.132485 33.879120 0.330102 3.014650 5.460395 4.814380 27.074318
31051448604.645290 5.688237 0.257899 0.015689 6.341502 3.723634 49.055373
5277331684.882516 11.993002 0.404458 0.133159 5.042366 3.525206 31.555056
2516551903.484006 20.188952 0.960210 0.370836 19.940606 3.362427 28.273766
3337131272.006014 15.286916 0.446748 0.438826 4.230423 3.845298 28.789187
8533275742.745107 8.949773 0.623558 0.023099 6.806708 4.827120 34.667302
2439453092.903356 18.745509 0.192337 0.056763 1.749216 3.376165 27.404423
1517797158.659966 19.512440 0.663424 0.168139 3.430170 4.041522 23.659316
2090639272.722481 21.646832 0.290925 1.404427 18.611936 4.105999 27.115319
4954094889.525465 12.399680 0.349906 0.023869 4.076805 4.935615 31.147573
1492580458.571297 23.113404 0.153872 0.964040 1.552056 4.489279 24.701577
3333099551.127858 17.235342 0.255887 1.074069 2.842365 4.731474 29.714494
1337109340.149963 32.298161 0.277117 1.585044 2.870163 4.812435 26.364164
4908831465.811495 12.928905 0.890786 0.033713 3.000660 4.192447 31.372722
11477270769.147432 8.440829 0.779102 0.020831 2.490704 3.873257 37.805409
1961823648.598162 33.180377 0.233717 3.023394 1.085700 4.251341 30.213507
7618513948.997920 9.710539 0.146389 0.281295 3.365039 4.213297 33.972220
2466082095.548058 22.006155 0.302210 1.950568 1.124466 3.643894 28.786844
18904050483.031487 8.338756 0.142552 0.102281 1.314499 3.567850 44.536657
9952918356.472849 11.010041 0.279317 1.430502 2.440843 3.884221 38.206423
2916566604.047378 15.187484 0.223852 0.646096 7.876945 3.648769 27.478109
1499041544.840420 23.543138 0.365736 0.822652 9.928861 3.116347 24.871549
1366005349.198540 31.071839 0.955600 0.522409 2.320384 3.902125 26.232613
44031576113.342529 7.201866 0.823219 0.024031 1.180239 3.968261 57.378918
2520652376.781948 36.772969 0.622312 4.129815 9.036877 4.938340 33.940884
3222163552.884940 15.000805 0.317143 0.036311 2.785417 3.141935 28.314563
2895006319.313505 28.297107 0.185981 9.972139 10.907053 4.488667 32.734352
1920657824.193620 18.122553 0.674174 0.316294 18.459855 3.530090 25.069119
722308197.529321 48.063101 0.623624 1.338036 5.249565 3.087092 24.434917
15047859901.748156 6.969754 0.531324 0.026512 1.574393 3.014499 39.875838
3223934088.416150 14.885243 0.209264 0.445076 6.719425 3.344632 28.262817
2008579388.920399 41.137379 0.572670 3.504633 12.297916 3.409681 32.633530
1928375213.890715 20.268237 0.135385 0.251866 10.567141 4.775146 25.901748
10400166218.118469 16.043500 0.388302 7.322675 2.574289 4.269221 42.591846
682614241.518595 40.806360 0.387897 0.290539 4.518171 4.399966 22.713148
6371353088.190842 9.831152 0.134534 1.883882 9.084917 3.787713 32.094011
4844136326.485872 12.012087 0.074103 0.966742 1.364756 3.142706 30.678613
2073642253.362344 15.835379 0.939586 0.062837 2.390154 3.683507 24.796185
4197596972.232756 13.312857 0.144559 0.023755 5.397407 4.174670 29.995422
8538282261.126090 8.071771 0.894920 0.010454 3.080930 3.945514 33.948185
2062638653.515673 47.590070 0.485490 4.706546 1.597566 3.394729 34.551888
1446142660.823549 28.089468 0.671226 0.392258 2.814511 4.260162 25.914594
1539845492.670257 19.951329 0.481697 0.397121 9.048908 4.290780 23.923042
1299683009.647275 30.494324 0.365558 1.396897 2.014458 4.314990 25.650579
15539975907.461054 21.717615 0.516021 8.961103 3.294702 3.920807 52.968165
1813122174.846948 19.280066 0.126354 0.458901 5.377557 3.463134 25.019470
12649092267.440004 9.306639 0.097437 0.137837 1.278432 3.211662 39.857870
2576338771.720424 14.677898 0.136640 0.051345 11.913347 3.375823 26.132133
67901173216.679916 4.998059 0.435386 0.010965 1.706344 4.210698 62.475880
7354633305.952536 10.365850 0.740699 0.046569 18.471371 4.147175 34.067413
1317380821.200144 21.397562 0.502656 0.011325 2.537249 4.243718 23.169016
3364982369.490108 17.656688 0.419479 1.289027 1.887432 3.727146 30.006030
2255243528.973679 14.622595 0.413507 0.022193 17.560787 4.421527 24.973603
1245535212.965855 35.422601 0.391675 1.456672 1.791430 3.883073 26.513067
2497589592.216636 16.235449 0.109312 1.011745 15.221745 3.800304 26.558112
10201345908.785978 11.313432 0.496706 0.141957 1.219107 3.104150 38.767004
2600595195.687925 13.239427 0.723193 0.015273 11.035740 4.726868 25.535565
11669879358.807579 10.373700 0.645367 0.066208 1.321751 3.175064 39.741901
758143249.483353 40.087687 0.160019 2.495567 8.291425 3.831521 23.385560
2339820984.133509 16.377255 0.785009 0.026354 16.912107 4.496581 26.047208
1162698195.016961 23.776944 0.944361 0.077869 2.841065 3.052695 22.918535
1417740103.650240 23.025806 0.039050 2.123444 3.847261 3.919894 24.254589
805984143.440451 47.141668 0.383715 1.488340 11.802162 4.264786 25.180471
13259450023.328205 9.088423 0.173542 0.070681 12.632731 4.866646 40.284242
1213989793.903922 27.429337 0.344628 0.508973 3.695356 3.852984 24.269356
2933535237.586373 15.774955 0.235383 0.312492 2.203547 3.108913 27.807645
999043536.921353 28.515256 0.277404 0.044647 2.033520 3.760875 23.014702
1720775933.368513 18.362449 0.546020 0.016851 7.898696 4.862432 24.255413
1326827578.384584 21.096475 0.196806 1.088706 7.636610 3.412797 23.129806
3562088744.418187 14.438325 0.059815 4.724686 12.646884 3.175052 28.988899
6177387130.575764 10.424185 0.103306 0.010135 4.079809 3.421044 32.183919
1130379488.791715 22.054344 0.529014 0.346747 5.788057 4.250460 22.209661
4441375354.431396 10.478011 0.453862 0.148125 12.296541 4.777794 28.865837
2557354182.692942 18.726327 0.500275 0.160590 10.621990 3.777977 27.831057
2160865158.195893 21.374957 0.346029 3.272870 11.139345 4.565872 27.315813
1686827456.326405 27.218555 0.240486 7.322783 7.596098 3.328697 27.018234
14107823604.412571 9.391241 0.100734 0.509602 2.936906 3.809753 41.415287
90936027280.894989 5.186532 0.109635 6.960529 2.109554 3.156170 69.223504
2555768813.202938 16.097502 0.496422 0.410345 8.447412 4.091741 26.701899
997312480.249880 24.944643 0.628858 0.045776 5.107034 3.787342 22.088101
2940459637.267164 20.215919 0.203062 2.725881 2.568814 3.413984 29.790975
978077534.762839 25.355564 0.053027 0.026197 2.925275 4.848368 22.052683
13983206565.592934 7.095754 0.057102 4.032202 3.303805 4.622667 39.039930
843431335.437793 27.189846 0.033180 0.899679 9.823530 3.164359 21.437654
1528183337.265568 22.418436 0.060414 1.030349 6.672153 4.952480 24.675174
12542548755.591919 8.292793 0.050060 0.019379 3.587601 4.143428 38.800911
1236878481.140215 36.769193 0.942181 0.741462 10.138102 3.010746 26.769905
2611646960.544010 17.616810 0.049350 3.105416 4.403694 3.870395 27.558167
100809496005.030579 5.773465 0.298285 0.965936 1.030707 3.921367 72.806588
2241090862.222793 13.646701 0.895339 0.565131 13.490985 4.140788 24.485561
1172909893.874181 21.550910 0.694461 0.163562 4.862234 4.692972 22.335018
2158213762.559028 16.922310 0.621078 0.427606 16.436365 3.703098 25.579485
2929642825.852421 14.167717 0.745441 0.099659 12.069827 4.396819 27.028869
3165185508.576613 16.335203 0.624993 0.072490 5.267567 4.861553 28.787312
14254673239.964123 11.618383 0.756740 0.753598 1.180110 3.034609 43.613737
5834425737.997199 12.973874 0.914183 0.221145 4.103113 4.401100 33.260766
4452922614.335991 17.865421 0.160062 9.619804 16.582757 3.108257 33.049315
2979985280.886633 18.602607 0.152873 1.873728 1.416373 4.067921 29.232790
1315093386.657069 18.617322 0.029336 3.222857 5.457216 4.460029 22.261094
1143605872.817408 25.125079 0.800204 0.037887 4.421863 4.769466 23.169075
60796370639.433701 5.559427 0.025895 4.974555 3.011429 4.057885 61.153338
2274234689.454214 17.930191 0.430177 0.043936 2.405910 3.772676 26.443838
1647080057.329458 20.791171 0.884128 0.118809 2.232147 4.797188 24.754708
2972155508.886212 14.823137 0.005177 0.562646 3.370100 3.620940 27.477192
2192306291.222154 18.615787 0.535592 0.023526 1.912134 3.230360 26.394783
3689953453.482281 13.223134 0.404611 1.143979 12.970168 3.610343 28.685432
3141176096.959024 12.563182 0.612621 0.025646 3.035942 3.035610 26.844555
1711736926.652604 15.556604 0.716684 0.017662 3.449944 4.365539 23.151565
1891890768.182069 16.705581 0.747329 0.020128 12.656275 3.886464 24.395772
3297361694.164187 13.644555 0.059658 0.107953 9.540561 4.958396 27.848077
3650312154.028508 13.233349 0.019124 3.796401 3.973052 4.230637 28.587847
1291695707.191760 30.143955 0.302655 0.672746 8.266447 3.630975 25.506162
9984854813.739759 10.889975 0.087033 0.045336 1.441003 3.288168 38.150221
2516551903.484006 20.188952 0.960210 0.370836 19.940606 3.362427 28.273766
786264475.778126 49.059601 0.341410 1.922712 14.268166 4.303505 25.309618
971166754.444149 37.372037 0.152641 3.242576 15.753270 3.510688 24.826244
3737740054.615927 14.526999 0.007848 4.792603 16.094708 3.991527 29.504253
1614001363.072154 18.822907 0.668282 0.106914 1.985382 4.515534 23.906882
2019196248.621906 21.150151 0.010992 0.064340 17.342814 3.640694 26.624222
1496174835.139154 18.763920 0.057697 3.000357 7.226241 3.142429 23.289991
6954036857.338127 10.009399 0.000922 0.020560 5.530887 3.753692 33.175829
2060121980.480586 42.911769 0.480813 4.851096 5.988189 3.375162 33.370321
10550027593.851435 17.324645 0.376303 9.688281 18.004123 4.315016 43.689878
737671176.153776 39.250123 0.132312 0.481708 2.470270 3.456397 23.014305
1306786115.368499 31.738528 0.371416 2.115053 3.492926 3.053860 26.020156
2035243738.306306 21.214776 0.219168 0.532145 18.479298 4.111641 26.717983
1460056013.784756 38.285260 0.776318 1.329566 5.162473 3.242085 28.663245
2923565177.825276 31.836168 0.352441 6.689488 5.591927 3.374263 34.064152
2808914042.632025 18.687839 0.361226 0.612971 3.982105 4.171501 28.698791
2465763129.992772 20.106128 0.830015 0.783564 6.348207 4.535294 28.049526
2747259321.762893 18.735385 0.320894 0.088243 13.579256 3.628686 28.507409
4660469861.783772 12.609421 0.547743 0.018271 10.129408 4.629800 30.644995
2674714894.232884 30.829329 0.307124 8.816136 3.761923 4.285509 32.738211
1995077244.914347 20.925660 0.602020 0.034777 9.939785 4.418891 26.436733
2003948890.016675 20.282122 0.124335 0.013342 2.675228 3.938460 26.240894
3285453706.985783 13.740234 0.942209 0.050211 9.406053 3.282802 27.863655
24461117620.459751 7.641723 0.833191 0.102079 1.402589 4.771232 47.700961
1035750548.223126 46.125266 0.533323 1.214232 1.183987 4.193407 27.177723
1450369355.089399 21.390796 0.010370 0.082989 1.516953 3.743602 23.921612
9033511733.204607 9.435536 0.389017 0.292199 3.171281 4.229302 35.732862
133866187449.824692 6.721926 0.142560 5.504726 1.310154 3.761669 82.089520
1239012724.280279 23.288515 0.715073 0.272313 3.095314 4.404587 23.266629
832193134.802375 35.435232 0.920961 0.239238 14.620608 4.458743 23.181001
1954064554.020764 48.347942 0.885402 2.161223 1.574697 3.444575 34.114878
1169750306.530808 24.289012 0.391592 0.290335 6.087017 4.260041 23.110121
27264351037.347366 9.096124 0.869623 0.717534 1.184862 4.650204 51.235368
890926105.284286 30.547655 0.068568 0.727463 7.337967 4.698866 22.629140
898351945.972703 30.655521 0.269829 0.912950 9.126158 4.608053 22.716751
4716824616.428210 13.828092 0.023121 6.962373 15.426062 3.372569 31.484040
790016547.563138 40.092777 0.190472 3.668412 6.908253 4.361676 23.709774
50877917479.619392 5.893061 0.661825 0.387890 2.087858 4.736387 58.156014
31496881014.033089 6.782166 0.284403 0.038055 1.210493 3.447823 50.758467
94477239271.118546 5.592792 0.991996 0.017717 2.035461 4.414836 70.897976
4875515737.674945 10.469385 0.349835 0.126305 9.644183 4.570660 29.771720
1451118584.864838 26.121023 0.681774 0.427659 1.570282 3.212085 25.377805
3016819441.957011 30.517295 0.956035 0.940691 15.856591 3.644635 33.970574
4815791558.635808 20.094371 0.445018 6.137109 5.267278 3.695412 35.055723
7016920899.954136 18.106766 0.318999 1.803324 1.034024 4.979664 38.601148
2804613847.669837 19.894122 0.630452 0.311452 1.464284 3.994727 29.191890
4676929306.443078 20.175805 0.383810 2.077742 1.963686 4.323668 34.755348
6763045281.801691 9.955706 0.337752 0.013057 3.119539 4.557480 32.830011
8795319026.028160 11.171596 0.060484 3.665327 1.289623 4.511805 36.788339
1923176067.359208 17.506620 0.289298 0.168722 2.606645 3.852347 24.843164
4359230566.028701 13.400564 0.258594 0.045622 1.059217 3.674965 30.425574
1474476554.601174 21.994402 0.432839 0.043882 11.095027 3.903314 24.247681
10663245912.666401 8.322769 0.888923 0.039072 5.625318 3.611169 36.784108
4154730863.366644 14.906151 0.599911 0.443259 19.129563 4.976862 30.767543
5241399474.881742 14.312930 0.863650 0.035851 1.150195 4.199868 32.898246
630371545.432673 48.190263 0.204871 0.871664 3.954205 4.255931 23.371526
3146783837.940817 40.432888 0.440880 8.880332 17.336990 4.456356 37.687922
2574010647.195948 18.807863 0.073360 7.506599 16.633955 3.132106 27.925115
9623383944.811190 9.693387 0.214940 2.448214 2.155350 3.618115 36.709186
729599378.380880 39.729349 0.178411 0.016707 6.802534 3.640843 23.020814
8088973878.175257 11.615822 0.667523 0.605200 5.871462 4.490916 36.105993
3813063584.004953 48.006828 0.570570 8.159053 2.623249 4.009105 42.529550
1050146297.317151 31.860498 0.087841 6.698365 4.489497 3.966442 24.220364
5435404164.585607 10.418431 0.457373 0.080460 1.766842 3.325875 30.836157
1196903691.184615 30.001578 0.227008 2.170456 18.978067 3.663098 24.829815
2781164955.702698 17.906876 0.652760 0.195659 1.303178 4.173950 28.268294
1795601486.423453 30.095442 0.175205 9.664782 7.321510 4.721592 28.451899
15852605702.039951 9.272658 0.477156 0.883330 1.899589 4.989507 42.939153
1266301490.443528 21.127575 0.553381 0.065539 10.713395 3.621770 22.782248
1714007344.049462 19.325928 0.406850 0.390498 11.032692 4.097303 24.571378
1420665444.760524 21.895762 0.711959 0.263147 4.608587 3.110478 23.917860
911907608.752227 44.705496 0.476706 1.397325 5.946607 3.320919 25.778797
59591993952.029106 5.913529 0.260239 0.145958 2.351952 4.740494 61.336989
97053554918.357224 5.601823 0.069888 8.780149 2.789725 4.338365 71.554349
2350357494.605778 37.084947 0.304592 9.336303 16.826598 4.553077 33.248957
4581539518.273488 12.763954 0.386703 0.041637 4.557896 3.669711 30.562344
3224777381.048724 14.983539 0.081018 1.263250 16.528213 3.885507 28.313722
16040290162.204815 10.796201 0.606871 2.548944 6.893573 3.698694 44.591715
1725938402.174500 19.833077 0.547754 0.785183 3.957140 4.985402 24.808600
3975076987.872002 13.369138 0.202429 0.046353 1.808728 3.516847 29.486857
3174529326.152114 14.796799 0.037391 0.110614 9.273661 4.215683 28.074233
72040653886.660645 4.838127 0.020132 0.034302 3.128144 3.725051 63.440637
2158001175.466345 18.922231 0.939251 0.134418 2.526005 4.838594 26.376046
2281576711.977536 31.725508 0.519241 2.322890 9.048882 3.969405 31.327872
1460332991.490429 24.101626 0.962547 0.196924 3.407263 3.201631 24.827007
2230199421.136523 14.561206 0.396457 0.013391 10.344652 4.883881 24.853807
1416495185.818249 22.539691 0.037319 0.144221 5.643268 3.093080 24.096638
10117971393.084314 9.174452 0.666496 0.012231 1.854673 4.055508 36.886034
2323564805.513285 18.930247 0.535740 0.028300 1.173945 3.943453 27.037222
1209787579.380568 22.869691 0.109328 0.319137 2.404476 3.520857 22.959680
54416122704.518974 5.220484 0.642419 0.174500 1.844720 3.321958 58.387999
5728572871.594694 37.320778 0.775897 6.370155 2.305212 4.213689 44.836974
13440939327.128176 8.094180 0.480684 0.034973 2.145224 3.015707 39.513256
3585461583.856673 15.592672 0.680386 0.133578 12.353012 4.615487 29.640230
16552764184.265841 9.338119 0.006646 3.222197 1.205367 4.102547 43.628122
1556578267.892411 17.992350 0.054485 0.047508 5.313419 3.900604 23.326516
80220346293.813705 4.970151 0.258636 2.010521 2.440741 3.106435 65.995503
6358028970.921416 10.552253 0.341708 0.486330 3.199129 4.056178 32.584947
1531248799.819093 23.863620 0.276096 0.125863 19.131525 4.901270 25.148577
6935704665.305532 9.251006 0.109763 0.429787 3.332216 4.047467 32.581107
2600674234.818152 17.614381 0.041312 0.451381 5.702972 4.931207 27.518479
1368015145.318554 43.512481 0.925991 1.285481 1.761124 3.505339 29.247322
1414245460.923155 24.567419 0.380454 0.329971 13.877257 4.272656 24.703039
9090555963.132048 9.386485 0.055324 0.201334 4.460268 4.527309 35.767617
2281788980.615625 22.073503 0.114009 0.048779 18.664329 4.357040 28.075993
1706346442.075764 24.494771 0.993233 0.020921 1.429503 3.992294 26.275356
20884993545.591099 7.673300 0.630094 0.015511 2.024552 3.990424 45.288927
42592133930.431099 5.269621 0.532940 0.061697 1.427006 4.609137 53.882180
7509480481.473794 12.566543 0.184385 0.129925 6.989138 3.676755 35.896919
1819050784.360180 17.272161 0.374331 0.441989 15.900923 4.614985 24.296996
3023755453.167774 19.277478 0.590226 1.148694 6.487478 3.723285 29.668911
4300050153.304890 14.214642 0.037042 0.471924 8.588488 4.777487 30.743132
133809539835.074081 3.622188 0.602168 0.014427 2.041773 4.873825 75.508462
2464385730.445529 16.523729 0.735614 0.052753 16.343842 3.134612 26.564820
817378567.420142 43.297090 0.706141 0.752275 7.772295 4.346956 24.593384
1885734885.823994 16.919333 0.510623 0.011228 10.213715 4.421236 24.453058
827893773.451958 31.515302 0.447634 0.533440 3.216515 3.676976 22.298367
13810969303.574499 9.136185 0.041918 0.310294 5.297711 4.088482 40.880735
3528953486.031713 12.970110 0.769911 0.108875 1.498548 3.119849 28.126582
2555678657.885007 16.303187 0.894713 0.083332 7.138979 3.303400 26.792231
38529546153.009659 5.506655 0.998508 0.148905 2.987370 4.507103 52.452183
3573492649.007758 13.070680 0.126366 0.179945 6.169327 4.946203 28.298594
3486446233.887849 15.487084 0.153788 1.897949 5.160950 3.320747 29.312306
6319982594.599854 9.356592 0.876262 0.053914 13.482012 4.370689 31.664050
14729369417.943176 7.625377 0.170179 0.233111 3.648837 3.166035 40.264038
2984104165.772216 14.622121 0.669529 0.045791 4.871308 3.340832 27.416862
8255712093.323047 11.911241 0.399253 0.797240 3.954170 3.782234 36.570894
2219609641.486742 20.825005 0.134162 0.329801 14.372472 4.982020 27.355656
1672452838.425691 19.233810 0.812405 0.219454 13.497906 4.130179 24.338538
1016373664.312813 37.873020 0.173386 4.314626 2.804944 3.062845 25.314259
4359762597.495334 14.207467 0.753836 0.732008 4.796388 4.123730 30.880793
3230392132.280029 15.431035 0.166033 0.057618 8.537445 4.588879 28.549151
1680588534.562218 37.221060 0.283211 7.230020 14.291780 4.944800 29.766878
5358696419.507362 10.319211 0.253170 0.363745 5.698119 4.930291 30.624061
1416997380.436241 29.395394 0.224722 4.481018 12.145777 3.820633 26.101547
4297435722.318388 40.759032 0.586469 7.618457 10.486035 4.368600 41.923459
4594321571.070031 18.023622 0.368104 2.918665 1.957488 3.535400 33.476574
16387146105.428478 11.116899 0.350382 0.547638 1.034287 3.862379 45.216467
2425449444.525424 23.632680 0.420536 0.423124 12.949545 3.191832 29.231320
4763846738.028066 14.213335 0.832365 0.741826 7.130712 3.217069 31.810169
6158455653.562583 11.656578 0.411509 0.045868 8.518152 3.713422 32.996418
4969124894.249866 14.379686 0.158639 0.023219 1.228488 3.140766 32.357061
21391469004.022884 8.677952 0.536263 0.083552 1.083194 3.530557 46.791063
960871886.151738 32.018251 0.363604 0.080584 1.883840 4.204079 23.550080
3393208075.921367 35.946536 0.695394 4.526785 3.594028 3.289947 37.203674
20900628509.352612 8.612376 0.306332 0.053977 1.409830 3.332053 46.357625
5037958289.935036 11.985747 0.908418 0.029689 3.717157 4.481260 31.066035
2977736614.146251 20.093660 0.588806 0.615390 1.366818 4.901353 29.864880
1667754846.475904 29.268185 0.405016 1.290520 12.282550 4.618218 27.521518
1519231774.529735 24.787316 0.859608 0.499602 1.831648 3.013240 25.367022
1766203312.629722 22.212028 0.443158 0.964634 14.102571 3.677090 25.825346
10665235091.995129 8.619498 0.410312 0.065931 6.140664 3.907457 37.050919
4665871632.489264 22.796475 0.470061 2.871737 1.718287 3.188931 35.972134
4472820257.111626 13.256650 0.132509 7.935235 12.980643 3.578677 30.604785
172086139648.473480 4.344400 0.156570 1.757667 1.505715 4.568359 83.670390
1581151347.170851 35.395049 0.566976 1.399367 1.398968 3.858944 28.700608
2000077574.318959 44.595944 0.558823 2.915434 6.136595 4.289773 33.466309
2620883213.669533 15.327348 0.874050 0.066879 15.378363 4.216140 26.580002
8566720298.011163 9.708829 0.147656 0.078686 1.371144 4.103029 35.325523
6044739724.575317 11.917727 0.353686 0.687800 3.373923 3.502915 32.966029
1353607530.626988 22.994704 0.552069 0.032276 13.338433 4.471719 23.873744
2574097765.014534 31.382990 0.543685 2.153349 1.167146 4.110311 32.502600
3467151534.455360 22.868644 0.884075 1.170172 2.352620 4.668385 32.612286
7295717240.625050 10.212651 0.074979 0.033776 2.445618 3.415727 33.862376
14859078582.654797 8.392012 0.131586 0.113797 5.855821 3.513125 41.155220
1734654821.256704 20.524208 0.343322 0.058187 7.497874 3.332315 25.093106
1044415282.000736 27.545824 0.420949 0.330555 2.400683 3.266984 23.112056
7125890910.441639 16.661588 0.376567 4.521614 1.288976 3.978494 37.930381
19737481276.193409 7.228596 0.137699 0.076428 1.537332 3.446190 43.943423
5080240397.191163 27.178995 0.468197 6.808240 3.362041 3.191475 39.000429
9574568835.796761 8.098683 0.317790 0.150699 6.709483 3.416770 35.292914
834566838.880691 45.755681 0.392580 1.580319 8.969261 4.340796 25.222286
28134613258.459846 5.317455 0.938852 0.063232 2.411919 4.779085 46.988058
3324899077.916270 15.306359 0.042780 4.895480 9.038357 3.774950 28.763552
3609775524.016845 12.310820 0.728024 0.157051 2.742552 4.129412 27.979268
2955626550.341042 13.253153 0.461654 0.122190 4.910156 3.563957 26.655291
2064832756.170651 30.514440 0.311907 5.012947 3.551457 3.805886 29.936574
1359585276.238961 23.274507 0.747063 0.108361 1.749663 4.686223 23.993865
1326531896.848780 31.046301 0.444325 1.557165 7.889369 3.072704 25.970791
4765573499.167434 20.998629 0.760253 1.974281 1.912696 4.739962 35.374713
714708352.941735 40.121102 0.344463 0.885740 5.982875 3.237290 22.936389
2809005210.890590 13.858069 0.158887 0.130500 9.043543 4.904419 26.503093
1554317528.035910 27.439058 0.347852 1.261758 8.238217 3.439570 26.356032
22466349526.906380 6.757378 0.655815 0.164649 4.359152 3.061644 45.322485
4415749813.486175 11.570772 0.051891 0.649339 2.856839 3.967257 29.481480
138750588604.397095 4.096481 0.119604 0.016105 3.607366 3.782019 77.361172
4160223317.937145 11.611864 0.327781 0.242166 5.803669 4.747137 28.925789
2335163434.065856 17.449738 0.167509 0.107708 5.625120 4.149663 26.480151
1157971871.906359 43.963266 0.606850 1.507721 2.277185 4.736868 27.761024
2301157248.953557 45.695699 0.386660 7.860422 10.631946 4.918599 35.352748
5820471715.179027 18.408936 0.679763 2.236774 2.132708 4.171295 36.435441
2690516567.358969 33.941502 0.580315 3.201124 5.101666 4.593158 33.810015
3061294901.675072 14.826779 0.528502 0.118886 1.405227 3.261947 27.750954
1589719535.773685 21.843736 0.286795 0.431088 7.282553 4.533218 24.814144
97139187969.140579 6.981399 0.232440 4.431173 1.137003 3.783443 74.270241
906924062.923394 32.167354 0.782780 0.110793 17.849839 3.181591 23.134563
4048609765.733365 27.647297 0.543794 5.691714 6.495757 4.537461 36.347112
3570570437.050411 18.234296 0.211064 2.899081 1.875348 3.877423 30.877247
1311729955.714256 21.964462 0.256380 0.019421 13.475267 4.175228 23.311354
11732178382.762474 7.891292 0.124823 0.036233 8.413518 3.082863 37.573103
784845183.048634 28.210035 0.025010 0.014524 14.313435 4.838238 21.165980
10518045466.927851 10.977061 0.249150 3.548248 5.164323 4.329702 38.889193
19073451102.434898 8.380369 0.521240 0.015892 1.356736 4.905274 44.714469
3881589602.140090 49.664934 0.966610 3.589730 2.720763 3.729259 43.273805
1699325210.048128 23.032073 0.436884 0.572638 2.942146 4.990433 25.766486
1727243665.267796 21.290532 0.222343 0.647021 15.954775 3.706376 25.321804
5638477955.940671 9.140472 0.428833 0.010041 11.276559 4.985769 30.330156
25618526352.018211 7.275893 0.434041 0.027640 10.847213 4.354059 47.992809
812233071.895763 36.711141 0.456602 0.711601 7.127418 3.581219 23.256479
2913959841.427300 12.393307 0.713378 0.175695 15.715526 4.884870 26.094136
4513277496.493344 18.845386 0.204888 6.994311 3.350702 4.633126 33.692259
2491342783.957521 34.060322 0.617872 2.221792 1.664598 3.077774 32.990812
1080992809.755108 25.412352 0.333977 1.161069 3.278055 3.506986 22.815805
1460310183.152195 21.805408 0.981900 0.102330 3.386041 4.848239 24.109417
3722295348.010825 21.406471 0.208447 3.824001 12.407242 4.369553 32.758663
1980667002.858605 19.528761 0.998351 0.177163 17.139530 3.141727 25.860502
5361545143.850301 15.648971 0.413295 1.131541 3.795721 4.929813 33.926807
7683408603.006757 9.752740 0.765643 0.025679 1.743755 4.663109 34.100867
5399640306.472209 12.361666 0.467623 0.027624 4.510017 3.139681 32.030699
24713992943.696957 9.678156 0.728489 0.607311 1.323009 3.732149 50.253173
1526231959.491358 24.958694 0.624612 0.611774 3.503785 4.781802 25.458208
11769267902.834463 12.339881 0.687091 1.075402 1.513664 3.160289 41.512125
2475357584.852385 17.892470 0.479168 0.513063 1.708910 3.144732 27.185705
1913737450.689756 17.155309 0.590230 0.418507 5.142311 4.243915 24.665909
1132573233.680138 30.195124 0.129639 0.845104 16.050422 3.139845 24.425446
1951736045.080980 19.127370 0.685372 0.104509 7.645486 3.549396 25.584392
1758906276.652202 19.160084 0.573270 0.011671 2.921358 4.084456 24.724267
1566791880.724153 16.248278 0.046096 0.041931 5.658248 4.119112 22.739744
3127675252.545490 17.037732 0.164552 1.457884 2.188906 3.729164 29.000136
1691960154.565950 22.206035 0.543681 0.222028 1.234500 4.452520 25.456297
5650397660.816466 13.743475 0.642539 0.044117 1.240569 4.459929 33.385551
1320263547.670274 26.123417 0.081942 0.085288 15.300113 3.334792 24.591516
3241399490.629004 15.385848 0.028961 4.948408 14.872024 3.643966 28.559522
4095185748.799088 19.633139 0.229419 6.833095 11.417185 3.340280 32.994616
2890661849.964364 19.822990 0.179811 2.678843 2.441080 3.450780 29.457586
133809539835.074081 3.622188 0.602168 0.014427 2.041773 4.873825 75.508462
7593165785.559887 11.175657 0.603094 0.011915 2.741551 3.914509 35.032475
870843124.278557 44.889905 0.918753 0.397908 1.085180 3.766945 25.420595
4538069395.974589 32.768066 0.906123 2.558896 1.191641 3.128973 39.800697
3426462675.442684 39.173047 0.411344 9.982355 5.803034 4.974455 38.374969
1752660511.176744 16.745334 0.828825 0.021521 7.944020 4.335055 23.797245
9083490156.351828 46.397964 0.812498 9.666121 5.688852 4.378261 56.156406
12879607498.869469 7.769273 0.105225 0.662520 9.117832 3.350154 38.642178
5673450331.782951 10.998896 0.273392 0.056284 2.802748 3.032830 31.671348
676461744.558704 39.641466 0.830722 0.056278 13.578612 4.336923 22.431602
5127456259.704329 11.043788 0.043146 1.431072 4.652135 3.473616 30.649898
17828899354.810371 6.363718 0.759839 0.024938 2.159289 4.455273 41.524819
2141619123.751596 26.917304 0.530027 2.228665 2.440783 3.813098 29.157189
3440325717.996765 12.659841 0.845617 0.047894 18.661275 3.970029 27.723073
1167619903.615411 31.205813 0.968071 0.438592 1.882069 3.534978 24.929193
879649752.682664 32.010455 0.332918 0.253156 11.193363 3.939204 22.865144
1778787012.861750 27.708703 0.982510 0.980251 6.736099 4.797679 27.650522
1958530894.424818 16.797453 0.772542 0.016724 2.833991 3.944578 24.715435
759277745.628701 30.471610 0.255656 0.086808 8.508569 3.324188 21.437999
4380380256.242432 15.514919 0.163275 0.593546 2.571754 4.045136 31.644502
134768872536.213623 5.630335 0.211973 4.504116 1.463984 3.648067 79.891612
1329324352.371353 24.068871 0.693729 0.013526 3.433535 3.754116 24.051514
1074018181.401034 27.371118 0.776858 0.029880 1.830486 4.057305 23.283203
102489955709.059998 4.953627 0.042000 0.132750 1.633791 3.075892 71.578455
181345294792.940399 7.120981 0.269126 4.520849 1.287324 3.172667 91.782355
1770737280.377420 38.949393 0.308720 4.437822 9.143825 4.621241 30.738032
1263037526.022658 25.020266 0.674139 0.381076 8.799131 3.733833 23.919164
1491265687.006301 22.270930 0.561815 0.523831 4.232285 4.938841 24.427859
802229508.267032 31.343169 0.302297 0.090074 8.026498 3.605693 22.027752
88848180577.395645 5.396787 0.569021 0.022544 1.311741 3.610246 69.088281
2320220904.176885 16.822097 0.389352 0.020638 7.671792 4.204392 26.162129
1160740496.862645 23.151443 0.606387 0.142015 9.754524 4.753228 22.726546
647634560.841758 34.409000 0.832900 0.181921 12.659195 3.427815 21.123416
2250933941.671917 15.538988 0.362998 0.437759 16.223778 3.355586 25.356691
27882385948.695194 10.621778 0.440143 2.521988 1.361870 4.081282 53.415899
978738637.675406 44.099247 0.317516 2.219303 2.694351 3.593395 26.274578
44002557444.291229 6.422358 0.577998 0.023439 1.190066 3.213794 56.204704
2657068532.666708 13.435960 0.123913 0.397446 8.340868 4.030073 25.814106
3646456454.978049 40.313821 0.749288 2.338516 1.358117 3.505689 39.547452
4002883751.849889 12.460098 0.292282 0.047300 2.730378 3.086743 29.045252
979007574.637118 32.718072 0.186569 4.011851 3.428914 3.326854 23.859057
1935534403.029628 18.275397 0.893877 0.292633 8.240825 4.046242 25.192035
1238859571.375957 21.218391 0.011046 1.695402 1.763070 4.307364 22.644366
2804097091.331901 16.304649 0.144458 0.011356 5.049633 3.140206 27.634284
1734677293.459602 21.759481 0.748339 0.306286 7.406791 4.920533 25.517979
3999275770.249783 12.583200 0.761716 0.052226 16.934092 3.795091 29.106404
2801015519.319915 14.494264 0.224753 0.036607 2.678211 3.256733 26.783518
10126986470.296734 11.576028 0.570293 0.041219 1.234156 4.173298 38.882541
3791172476.011859 14.127648 0.931072 0.653420 16.576514 4.070550 29.432912
1518215636.651507 24.367252 0.165988 0.611935 3.987621 3.215245 25.232697
11592216666.432405 9.356989 0.484707 0.012131 9.012675 3.021178 38.760316
5812911879.997209 12.776062 0.200770 0.718421 1.476306 3.722493 33.093969
15800894356.849867 8.287500 0.055804 0.088336 1.226367 3.227122 41.900369
1318241042.676707 30.589927 0.313364 1.132935 6.748042 3.746553 25.797207
1369649174.299155 21.744825 0.045341 0.148235 8.119315 4.293503 23.580799
4933373764.181387 12.196649 0.837782 0.025573 4.710934 3.032852 30.979643
7089847031.319333 10.302736 0.118251 0.441442 4.507182 3.429613 33.607185
1318229016.766767 18.548995 0.845689 0.137444 5.271282 4.678349 22.256033
2675810836.495554 35.488175 0.568157 4.467632 2.217215 3.732139 34.230764
3742387423.476944 13.509364 0.331595 0.371117 2.618812 3.565817 28.975665
3282350407.149698 16.122159 0.149359 0.095411 2.572524 3.948279 29.036241
1426272088.132979 22.205791 0.485548 0.024254 12.076924 3.325898 24.047204
119600093782.552383 4.325874 0.091050 0.192886 1.562669 3.208320 74.076994
10139445380.285330 9.323075 0.155307 0.070793 1.334316 4.043287 37.039384
970856434.341619 32.794576 0.128802 1.752096 15.877341 3.802892 23.810182
1505316925.911627 26.021826 0.619232 0.772542 1.078749 3.725159 25.660453
1508140439.338826 33.959108 0.517905 1.465991 1.942569 4.898991 27.881675
4950647357.149197 18.657482 0.196080 1.947562 4.922130 3.504106 34.650414
71931008159.909668 5.557051 0.427750 0.011234 2.151117 4.654908 64.675240
2841717093.961053 14.252350 0.107468 1.001064 6.682145 3.685806 26.796523
38119839939.759460 7.027144 0.010783 3.013102 1.057657 3.719812 54.439893
2239803795.295667 24.038357 0.746564 0.046358 1.009895 3.338728 28.609192
1989783775.208894 18.057352 0.434481 0.018373 5.708240 4.478229 25.341142
9976776895.276695 8.989289 0.848445 0.358022 1.604456 4.529254 36.555131
6591851641.886439 12.633381 0.396470 0.019492 1.908769 4.437088 34.415518
2187211434.286071 16.078498 0.765998 0.018335 16.440616 4.830367 25.343226
19373568081.265900 8.187784 0.795364 0.015363 4.704315 4.904554 44.737161
23702170676.807434 7.506586 0.636581 0.016174 6.501629 4.929781 47.041301
1345909636.333824 22.286139 0.176538 0.354966 7.348340 4.668209 23.611593
9007215218.755524 10.170513 0.842682 0.189194 3.422809 3.441997 36.292928
777365938.327198 41.863301 0.523163 0.440601 1.903095 3.468227 23.918571
1381535007.027347 29.255646 0.387519 0.983903 18.075570 4.878985 25.843908
1921456109.805766 19.094366 0.226978 0.011475 1.727293 4.406553 25.439096
3725643474.260210 17.132280 0.896621 0.137974 4.551883 4.187649 30.787782
1777603803.430567 18.903188 0.040194 0.011609 4.128712 3.805257 24.718119
1391060778.975396 47.788226 0.754190 1.613876 1.452575 3.801556 30.342441
1333455203.062525 22.208079 0.571630 0.019985 15.271800 4.498814 23.514529
1229963318.605474 23.357551 0.407235 0.027990 1.842306 3.070768 23.230059
1504496099.037518 20.691865 0.197192 1.039824 14.933513 4.146233 23.985872
2801103604.003974 14.211876 0.289571 0.165791 6.609021 4.549529 26.648843
1682324120.862965 21.375123 0.208303 1.218579 6.418103 4.052570 25.129033
2309722734.340226 21.289180 0.523243 1.284434 1.644450 3.870691 27.896869
829298265.757271 33.083664 0.065697 0.202856 9.406788 3.878390 22.654313
2579984131.112356 19.266633 0.322729 0.059834 3.462715 3.582950 28.135622
4393441200.792852 12.816401 0.064357 1.461080 1.531655 4.467770 30.168707
1951738848.283244 34.991811 0.401282 2.780238 2.119938 4.424806 30.675023
3210074468.476624 28.646949 0.351452 7.754539 1.490168 4.799211 34.009245
12783679589.960587 8.728887 0.452098 0.063681 1.810501 3.035902 39.460467
4103721754.703101 44.135047 0.727568 6.084925 4.897599 3.375638 42.379534
2599466241.135351 16.412715 0.579938 0.022929 11.648433 4.555801 26.992722
1315294152.355096 30.284613 0.887472 0.459877 5.426520 4.431138 25.697679
1266865574.997361 29.520843 0.128325 0.494475 14.496100 3.271623 25.178216
1774574747.476712 21.526348 0.138315 0.049892 18.574030 3.076397 25.632242
1552343329.084167 19.317565 0.844013 0.056176 4.011065 3.426577 23.770325
4161549193.949705 23.893456 0.370382 5.056306 3.270853 4.405504 35.108339
2769673483.104514 17.875678 0.242803 3.582102 16.800483 4.171332 28.215781
1165723970.050670 24.157352 0.249416 0.895655 3.052930 4.274168 23.046389
4387461170.149928 27.127067 0.400967 7.529142 12.743539 3.913522 37.118740
1291695707.191760 30.143955 0.302655 0.672746 8.266447 3.630975 25.506162
4697785629.584492 11.512125 0.772547 0.022812 1.629595 3.946455 30.060046
4448359842.875482 12.572152 0.282586 0.238436 5.562179 4.914398 30.150972
10335606104.014782 10.102368 0.714833 0.010408 1.764181 4.075787 37.938799
1350545038.598777 32.951473 0.418446 1.467535 3.402660 4.887067 26.619589
956339594.632730 34.195624 0.077123 2.299807 17.854121 3.848122 24.006715
1322038523.383754 22.093945 0.721874 0.050438 18.276458 3.723944 23.412154
748174749.917700 37.864199 0.148414 1.643786 2.248743 4.089069 22.855062
1356842897.726725 21.433531 0.803264 0.144737 1.913569 4.877616 23.409413
8227469652.923483 8.645426 0.874044 0.163508 3.539811 4.320454 34.001690
2576242852.929533 14.621322 0.424451 0.025974 3.695309 3.136297 26.105733
1217937927.073078 30.821946 0.441697 0.801930 4.481232 4.725744 25.184794
1787458803.804021 18.931677 0.188239 0.920601 18.333276 4.302364 24.774124
4764362322.731301 14.367051 0.531956 0.056011 15.634462 3.782529 31.899164
46519884544.105675 5.295380 0.506652 0.025850 1.811823 4.927091 55.529385
5462240278.746065 14.769882 0.524883 2.882713 5.761830 4.236232 33.625341
1997086260.105469 21.664685 0.789375 0.072022 14.189535 4.494651 26.711037
9078818801.445204 7.910062 0.922720 0.175845 3.303829 4.311046 34.511471
1797629423.411364 21.951427 0.336003 0.518012 8.103197 4.418904 25.888765
2095770928.051871 19.263301 0.611235 0.421333 1.463077 3.015332 26.250911
4868610964.029899 10.790531 0.947189 0.011867 5.915578 4.163322 29.963964
6846033558.018742 10.697749 0.207782 0.016875 14.641037 3.280847 33.502888
1021820119.923801 38.727108 0.255139 1.868535 12.105815 3.280664 25.543235
3129924695.092505 18.871755 0.220781 2.393488 1.699624 4.036589 29.834133
26392643515.712612 10.952819 0.275582 8.162325 4.812957 4.950021 52.818858
4653577042.202739 12.971027 0.520810 0.145621 1.172322 3.862311 30.844062
4451252733.591120 15.031548 0.100007 9.317542 15.990739 3.030499 31.551485
5274927792.596087 12.654604 0.651170 0.108984 1.475322 3.776364 31.964622
12354058377.709282 9.417616 0.936985 0.012797 1.522387 3.835620 39.646692
1381527473.105948 46.936135 0.623983 1.780824 5.501893 3.298261 30.091270
7778657383.811897 20.533043 0.410416 5.588984 1.456180 3.948415 41.384550
2504376008.072008 15.125592 0.071848 0.036588 16.304223 3.557117 26.089502
1865782223.000227 20.843509 0.783129 0.050031 1.175921 3.201327 25.823731
6712895225.017520 45.983817 0.630590 6.377118 1.094366 4.903934 50.619763
1177222201.509100 23.205788 0.135075 0.207174 2.284306 3.286362 22.849334
6799698563.632201 11.600919 0.037266 0.103623 1.670399 4.796414 34.065311
1550876485.828854 17.890647 0.025266 3.148105 3.636760 4.389266 23.261704
1767244861.795794 17.917364 0.192601 0.197450 14.033495 4.009780 24.306709
998131204.953167 30.154766 0.269741 0.928984 4.782873 4.639285 23.408267
1164457095.355103 30.430013 0.345957 0.371302 6.723627 3.122685 24.711968
811057053.861028 36.909331 0.196732 0.790404 16.931658 4.174889 23.285556
1452056742.993616 23.934558 0.996293 0.177156 3.097986 3.128311 24.729039
957443799.415771 23.594110 0.194014 0.138218 6.408218 4.550660 21.432833
43858745106.910255 11.611844 0.329341 8.656352 1.767084 4.713019 63.425645
751731103.789758 33.554319 0.992670 0.085918 8.301320 3.684262 22.022922
1220773354.074447 22.790274 0.126130 0.188531 2.293944 3.336552 23.005538
999856960.066978 32.364307 0.107845 0.711997 6.336125 4.291071 23.945125
3182999293.799963 13.206857 0.677152 0.343617 2.696412 3.017030 27.298148
2614657515.606003 15.596028 0.983570 0.022763 6.805267 4.610618 26.680634
3510541810.690827 26.578768 0.323538 8.139710 16.722754 3.652473 34.247098
4045073981.853625 36.133194 0.576148 4.220902 1.261357 4.372845 39.513516
2259181533.433097 16.746622 0.479881 0.365411 10.051432 4.776203 25.899227
5211075522.560234 13.581756 0.464957 0.406458 12.729356 4.073186 32.399904
10354155957.104771 10.029727 0.961201 0.117858 1.672931 4.752327 37.900407
1406721006.693419 27.503795 0.270008 0.020978 9.530035 4.283627 25.512205
1493368339.884270 33.715221 0.380455 2.833172 2.776430 4.674593 27.726895
2636368274.689846 21.347276 0.054949 0.679010 3.199972 4.400254 29.177284
4129038213.087717 31.357067 0.603192 3.863197 5.529441 3.979426 38.037661
3867250485.863161 14.798334 0.304359 0.393418 4.882892 4.200494 29.984300
983723689.652909 30.121047 0.298215 0.833331 9.448257 4.665073 23.287004
1801365803.281577 20.394193 0.198467 0.705742 7.646889 4.801284 25.364782
3418461824.187327 12.695730 0.974369 0.079838 17.048869 3.206026 27.683464
841926033.396667 36.405042 0.171450 0.018846 8.501191 3.858642 23.473237
30314754062.710018 7.158432 0.473611 0.015795 1.917381 3.322004 50.609136
15256205923.778643 8.354085 0.225461 0.199119 3.438171 4.130086 41.480438
1635533746.378305 20.427218 0.100241 0.585787 5.264038 3.369211 24.572559
1758766273.116731 25.330717 0.900070 0.819377 3.894337 4.915577 26.808889
10815597273.384445 10.381191 0.055747 0.051291 1.264874 3.268651 38.753799
1045794369.608595 34.815599 0.232140 0.912923 3.984067 4.968976 24.874860
3637964161.347994 16.491384 0.607141 0.032883 1.327538 4.084734 30.231638
97053554918.357224 5.601823 0.069888 8.780149 2.789725 4.338365 71.554349
1156220329.102541 24.484195 0.447572 0.292781 4.280489 3.330328 23.075474
2932636891.655751 13.751924 0.565540 0.052203 17.001735 4.106909 26.834026
2965523416.504904 16.232439 0.735748 0.565842 7.601653 3.643654 28.121325
2124769289.659221 45.138572 0.650554 3.041195 2.486151 4.810014 34.285187
1965760298.444421 26.796420 0.224186 3.091711 3.079924 4.610039 28.297550
7160214455.898283 11.376277 0.036826 0.096893 1.626307 4.836348 34.497219
1939009712.061904 23.119659 0.862516 0.148565 1.837991 3.083621 26.955036
6206912160.226129 12.636129 0.911405 0.138007 10.018436 4.870577 33.733925
3490823698.401698 15.762206 0.359407 0.656807 2.892338 4.852702 29.461179
196355679794.131439 3.414904 0.133400 0.027006 2.835346 3.498106 85.380041
