99.181568 43.778424 -88.307102 164.471244 1046.673130 894.462129 1200.846779 6391216197731.853516 3284395064322.275391 11652947717324.333984 0.000056 0.000025 0.000086 1.191677 -203.611319 204.588964 161.424263 67.891246 253.693574
270.080803 64.668260 -47.403745 181.821053 621.734675 568.189319 719.830274 417315046831.922302 253904270327.904663 958794734295.218262 0.000054 0.000023 0.000085 -3.602928 -201.871929 207.453582 161.801172 68.605206 256.552019
459.632071 -168.755904 -314.205596 5.520405 765.690775 666.504493 915.518050 1339349610786.533447 658691172144.676758 3307985606755.509766 0.000056 0.000026 0.000085 2.494176 -208.005442 204.454050 161.069805 65.979834 251.937165
701.609746 -4.633156 -78.290117 63.717762 541.786926 512.908525 559.654225 172254689548.607086 140749339070.820190 208279532444.440399 0.000054 0.000024 0.000086 15.192526 -198.016679 212.310947 163.677446 69.167027 255.873593
995.447786 -11.157267 -101.105473 99.206135 547.040633 507.728089 584.147965 191623946825.629517 150935796395.111725 314247874499.638367 0.000055 0.000025 0.000086 -2.462966 -201.413941 197.088415 164.506176 70.764751 254.211891
1339.628448 -242.622767 -337.807930 -158.588903 552.382923 521.298553 584.363634 192559122007.991699 158940332767.336792 293541957541.919312 0.000055 0.000024 0.000086 6.521131 -198.467909 206.829419 160.402989 68.960542 252.474096
1781.671516 -59.946561 -177.388740 40.778699 580.601363 540.201811 656.897771 294924552839.983215 203709650514.464783 601414437070.356079 0.000054 0.000025 0.000085 7.600288 -195.493542 205.830022 160.809099 72.332746 258.006435
2514.829383 338.905053 203.363700 447.429756 573.224985 530.885718 638.584644 268367191036.033569 191728727869.511017 511887045260.787170 0.000055 0.000024 0.000086 -1.991073 -205.616506 206.060789 166.322728 71.374409 256.976109
3294.740118 331.127247 210.539022 412.793285 558.443995 533.027155 603.292334 209656322936.632141 170089111159.992126 362297505854.887878 0.000056 0.000025 0.000087 13.078439 -200.019076 208.913471 159.233047 68.307672 252.725851
3959.400964 100.184559 6.532952 191.806215 546.630655 500.554606 584.070225 198391269915.452209 146267323033.608307 309047803181.250427 0.000056 0.000025 0.000086 -12.396286 -212.750793 202.016454 159.891008 69.224907 254.049706
