0.010000 0.000000 0.000000 0.000000 0.000000 0.000000 0.000000 0.000000
0.010281 0.000000 0.000000 0.000000 0.000000 0.000000 0.000000 0.000000
0.010569 0.000000 0.000000 0.000000 0.000000 0.000000 0.000000 0.000000
0.010866 0.000000 0.000000 0.000000 0.000000 0.000000 0.000000 0.000000
0.011171 0.000000 0.000000 0.000000 0.000000 0.000000 0.000000 0.000000
0.011485 0.000000 0.000000 0.000000 0.000000 0.000000 0.000000 0.000000
0.011807 0.000000 0.000000 0.000000 0.000000 0.000000 0.000000 0.000000
0.012139 0.000000 0.000000 0.000000 0.000000 0.000000 0.000000 0.000000
0.012479 0.000000 0.000000 0.000000 0.000000 0.000000 0.000000 0.000000
0.012830 0.000000 0.000000 0.000000 0.000000 0.000000 0.000000 0.000000
0.013190 0.000000 0.000000 0.000000 0.000000 0.000000 0.000000 0.000000
0.013560 0.000000 0.000000 0.000000 0.000000 0.000000 0.000000 0.000000
0.013941 0.000000 0.000000 0.000000 0.000000 0.000000 0.000000 0.000000
0.014332 0.000000 0.000000 0.000000 0.000000 0.000000 0.000000 0.000000
0.014735 0.000000 0.000000 0.000000 0.000000 0.000000 0.000000 0.000000
0.015148 0.000000 0.000000 0.000000 0.000000 0.000000 0.000000 0.000000
0.015573 0.000000 0.000000 0.000000 0.000000 0.000000 0.000000 0.000000
0.016011 0.000000 0.000000 0.000000 0.000000 0.000000 0.000000 0.000000
0.016460 0.000000 0.000000 0.000000 0.000000 0.000000 0.000000 0.000000
0.016922 0.000000 0.000000 0.000000 0.000000 0.000000 0.000000 0.000000
0.017397 0.000000 0.000000 0.000000 0.000000 0.000000 0.000000 0.000000
0.017886 0.000000 0.000000 0.000000 0.000000 0.000000 0.000000 0.000000
0.018388 0.000000 0.000000 0.000000 0.000000 0.000000 0.000000 0.000000
0.018904 0.000000 0.000000 0.000000 0.000000 0.000000 0.000000 0.000000
0.019435 0.000000 0.000000 0.000000 0.000000 0.000000 0.000000 0.000000
0.019980 0.000000 0.000000 0.000000 0.000000 0.000000 0.000000 0.000000
0.020541 0.000000 0.000000 0.000000 0.000000 0.000000 0.000000 0.000000
0.021118 0.000000 0.000000 0.000000 0.000000 0.000000 0.000000 0.000000
0.021711 0.000000 0.000000 0.000000 0.000000 0.000000 0.000000 0.000000
0.022320 0.000000 0.000000 0.000000 0.000000 0.000000 0.000000 0.000000
0.022947 0.000000 0.000000 0.000000 0.000000 0.000000 0.000000 0.000000
0.023591 0.000000 0.000000 0.000000 0.000000 0.000000 0.000000 0.000000
0.024253 0.000000 0.000000 0.000000 0.000000 0.000000 0.000000 0.000000
0.024934 0.000000 0.000000 0.000000 0.000000 0.000000 0.000000 0.000000
0.025634 0.000000 0.000000 0.000000 0.000000 0.000000 0.000000 0.000000
0.026354 0.000000 0.000000 0.000000 0.000000 0.000000 0.000000 0.000000
0.027094 0.000000 0.000000 0.000000 0.000000 0.000000 0.000000 0.000000
0.027854 0.000000 0.000000 0.000000 0.000000 0.000000 0.000000 0.000000
0.028636 0.000000 0.000000 0.000000 0.000000 0.000000 0.000000 0.000000
0.029440 0.000000 0.000000 0.000000 0.000000 0.000000 0.000000 0.000000
0.030266 0.000000 0.000000 0.000000 0.000000 0.000000 0.000000 0.000000
0.031116 0.000000 0.000000 0.000000 0.000000 0.000000 0.000000 0.000000
0.031990 0.000000 0.000000 0.000000 0.000000 0.000000 0.000000 0.000000
0.032888 0.000000 0.000000 0.000000 0.000000 0.000000 0.000000 0.000000
0.033811 0.000000 0.000000 0.000000 0.000000 0.000000 0.000000 0.000000
0.034760 0.000000 0.000000 0.000000 0.000000 0.000000 0.000000 0.000000
0.035736 0.000000 0.000000 0.000000 0.000000 0.000000 0.000000 0.000000
0.036739 0.000000 0.000000 0.000000 0.000000 0.000000 0.000000 0.000000
0.037771 0.000000 0.000000 0.000000 0.000000 0.000000 0.000000 0.000000
0.038831 0.000000 0.000000 0.000000 0.000000 0.000000 0.000000 0.000000
0.039921 0.000000 0.000000 0.000000 0.000000 0.000000 0.000000 0.000000
0.041042 0.000000 0.000000 0.000000 0.000000 0.000000 0.000000 0.000000
0.042194 0.000000 0.000000 0.000000 0.000000 0.000000 0.000000 0.000000
0.043379 0.000000 0.000000 0.000000 0.000000 0.000000 0.000000 0.000000
0.044596 0.000000 0.000000 0.000000 0.000000 0.000000 0.000000 0.000000
0.045848 0.000000 0.000000 0.000000 0.000000 0.000000 0.000000 0.000000
0.047135 0.000000 0.000000 0.000000 0.000000 0.000000 0.000000 0.000000
0.048459 0.000000 0.000000 0.000000 0.000000 0.000000 0.000000 0.000000
0.049819 0.000000 0.000000 0.000000 0.000000 0.000000 0.000000 0.000000
0.051218 0.000000 0.000000 0.000000 0.000000 0.000000 0.000000 0.000000
0.052655 0.000000 0.000000 0.000000 0.000000 0.000000 0.000000 0.000000
0.054134 0.000000 0.000000 0.000000 0.000000 0.000000 0.000000 0.000000
0.055653 0.000000 0.000000 0.000000 0.000000 0.000000 0.000000 0.000000
0.057216 0.000000 0.000000 0.000000 0.000000 0.000000 0.000000 0.000000
0.058822 0.000000 0.000000 0.000000 0.000000 0.000000 0.000000 0.000000
0.060473 0.000000 0.000000 0.000000 0.000000 0.000000 0.000000 0.000000
0.062171 0.000000 0.000000 0.000000 0.000000 0.000000 0.000000 0.000000
0.063916 0.000000 0.000000 0.000000 0.000000 0.000000 0.000000 0.000000
0.065711 0.000000 0.000000 0.000000 0.000000 0.000000 0.000000 0.000000
0.067555 0.000000 0.000000 0.000000 0.000000 0.000000 0.000000 0.000000
0.069452 0.000000 0.000000 0.000000 0.000000 0.000000 0.000000 0.000000
0.071402 0.000000 0.000000 0.000000 0.000000 0.000000 0.000000 0.000000
0.073406 0.000000 0.000000 0.000000 0.000000 0.000000 0.000000 0.000000
0.075467 0.000000 0.000000 0.000000 0.000000 0.000000 0.000000 0.000000
0.077585 0.000000 0.000000 0.000000 0.000000 0.000000 0.000000 0.000000
0.079763 0.000000 0.000000 0.000000 0.000000 0.000000 0.000000 0.000000
0.082003 0.000000 0.000000 0.000000 0.000000 0.000000 0.000000 0.000000
0.084305 0.000000 0.000000 0.000000 0.000000 0.000000 0.000000 0.000000
0.086671 0.000000 0.000000 0.000000 0.000000 0.000000 0.000000 0.000000
0.089105 0.000000 0.000000 0.000000 0.000000 0.000000 0.000000 0.000000
0.091606 0.000000 0.000000 0.000000 0.000000 0.000000 0.000000 0.000000
0.094178 0.000000 0.000000 0.000000 0.000000 0.000000 0.000000 0.000000
0.096822 0.000000 0.000000 0.000000 0.000000 0.000000 0.000000 0.000000
0.099540 0.000000 0.000000 0.000000 0.000000 0.000000 0.000000 0.000000
0.102334 0.000000 0.000000 0.000000 0.000000 0.000000 0.000000 0.000000
0.105207 0.000000 0.000000 0.000000 0.000000 0.000000 0.000000 0.000000
0.108160 0.000000 0.000000 0.000000 0.000000 0.000000 0.000000 0.000000
0.111197 0.000000 0.000000 0.000000 0.000000 0.000000 0.000000 0.000000
0.114318 0.000000 0.000000 0.000000 0.000000 0.000000 0.000000 0.000000
0.117528 0.000000 0.000000 0.000000 0.000000 0.000000 0.000000 0.000000
0.120827 0.000000 0.000000 0.000000 0.000000 0.000000 0.000000 0.000000
0.124219 0.000000 0.000000 0.000000 0.000000 0.000000 0.000000 0.000000
0.127706 0.000000 0.000000 0.000000 0.000000 0.000000 0.000000 0.000000
0.131291 0.000000 0.000000 0.000000 0.000000 0.000000 0.000000 0.000000
0.134977 0.000000 0.000000 0.000000 0.000000 0.000000 0.000000 0.000000
0.138766 0.000000 0.000000 0.000000 0.000000 0.000000 0.000000 0.000000
0.142662 0.000000 0.000000 0.000000 0.000000 0.000000 0.000000 0.000000
0.146667 0.000000 0.000000 0.000000 0.000000 0.000000 0.000000 0.000000
0.150785 0.000000 0.000000 0.000000 0.000000 0.000000 0.000000 0.000000
0.155018 0.000000 0.000000 0.000000 0.000000 0.000000 0.000000 0.000000
0.159369 0.000000 0.000000 0.000000 0.000000 0.000000 0.000000 0.000000
0.163843 0.000000 0.000000 0.000000 0.000000 0.000000 0.000000 0.000000
0.168443 0.000000 0.000000 0.000000 0.000000 0.000000 0.000000 0.000000
0.173172 0.000000 0.000000 0.000000 0.000000 0.000000 0.000000 0.000000
0.178033 0.000000 0.000000 0.000000 0.000000 0.000000 0.000000 0.000000
0.183031 0.000000 0.000000 0.000000 0.000000 0.000000 0.000000 0.000000
0.188169 0.000000 0.000000 0.000000 0.000000 0.000000 0.000000 0.000000
0.193452 0.000000 0.000000 0.000000 0.000000 0.000000 0.000000 0.000000
0.198883 0.000000 0.000000 0.000000 0.000000 0.000000 0.000000 0.000000
0.204466 0.000000 0.000000 0.000000 0.000000 0.000000 0.000000 0.000000
0.210206 0.000000 0.000000 0.000000 0.000000 0.000000 0.000000 0.000000
0.216107 0.000000 0.000000 0.000000 0.000000 0.000000 0.000000 0.000000
0.222174 0.000000 0.000000 0.000000 0.000000 0.000000 0.000000 0.000000
0.228411 0.000000 0.000000 0.000000 0.000000 0.000000 0.000000 0.000000
0.234823 0.000000 0.000000 0.000000 0.000000 0.000000 0.000000 0.000000
0.241416 0.000000 0.000000 0.000000 0.000000 0.000000 0.000000 0.000000
0.248193 0.000000 0.000000 0.000000 0.000000 0.000000 0.000000 0.000000
0.255161 0.000000 0.000000 0.000000 0.000000 0.000000 0.000000 0.000000
0.262324 0.000000 0.000000 0.000000 0.000000 0.000000 0.000000 0.000000
0.269688 0.000000 0.000000 0.000000 0.000000 0.000000 0.000000 0.000000
0.277259 0.000000 0.000000 0.000000 0.000000 0.000000 0.000000 0.000000
0.285043 0.000000 0.000000 0.000000 0.000000 0.000000 0.000000 0.000000
0.293045 0.000000 0.000000 0.000000 0.000000 0.000000 0.000000 0.000000
0.301271 0.000000 0.000000 0.000000 0.000000 0.000000 0.000000 0.000000
0.309729 0.000000 0.000000 0.000000 0.000000 0.000000 0.000000 0.000000
0.318424 0.000000 0.000000 0.000000 0.000000 0.000000 0.000000 0.000000
0.327363 0.000000 0.000000 0.000000 0.000000 0.000000 0.000000 0.000000
0.336553 0.000000 0.000000 0.000000 0.000000 0.000000 0.000000 0.000000
0.346002 0.000000 0.000000 0.000000 0.000000 0.000000 0.000000 0.000000
0.355715 0.000000 0.000000 0.000000 0.000000 0.000000 0.000000 0.000000
0.365701 0.000000 0.000000 0.000000 0.000000 0.000000 0.000000 0.000000
0.375967 0.000000 0.000000 0.000000 0.000000 0.000000 0.000000 0.000000
0.386522 0.000000 0.000000 0.000000 0.000000 0.000000 0.000000 0.000000
0.397373 0.000000 0.000000 0.000000 0.000000 0.000000 0.000000 0.000000
0.408529 0.000000 0.000000 0.000000 0.000000 0.000000 0.000000 0.000000
0.419997 0.000000 0.000000 0.000000 0.000000 0.000000 0.000000 0.000000
0.431788 0.000000 0.000000 0.000000 0.000000 0.000000 0.000000 0.000000
0.443910 0.000000 0.000000 0.000000 0.000000 0.000000 0.000000 0.000000
0.456372 0.000000 0.000000 0.000000 0.000000 0.000000 0.000000 0.000000
0.469183 0.000000 0.000000 0.000000 0.000000 0.000000 0.000000 0.000000
0.482355 0.000000 0.000000 0.000000 0.000000 0.000000 0.000000 0.000000
0.495896 0.000000 0.000000 0.000000 0.000000 0.000000 0.000000 0.000000
0.509818 0.000000 0.000000 0.000000 0.000000 0.000000 0.000000 0.000000
0.524130 0.000000 0.000000 0.000000 0.000000 0.000000 0.000000 0.000000
0.538844 0.000000 0.000000 0.000000 0.000000 0.000000 0.000000 0.000000
0.553971 0.000000 0.000000 0.000000 0.000000 0.000000 0.000000 0.000000
0.569523 0.000000 0.000000 0.000000 0.000000 0.000000 0.000000 0.000000
0.585511 0.000000 0.000000 0.000000 0.000000 0.000000 0.000000 0.000000
0.601948 0.000000 0.000000 0.000000 0.000000 0.000000 0.000000 0.000000
0.618847 0.000000 0.000000 0.000000 0.000000 0.000000 0.000000 0.000000
0.636220 0.000000 0.000000 0.000000 0.000000 0.000000 0.000000 0.000000
0.654081 0.000000 0.000000 0.000000 0.000000 0.000000 0.000000 0.000000
0.672443 0.000000 0.000000 0.000000 0.000000 0.000000 0.000000 0.000000
0.691320 0.000000 0.000000 0.000000 0.000000 0.000000 0.000000 0.000000
0.710728 0.000000 0.000000 0.000000 0.000000 0.000000 0.000000 0.000000
0.730680 0.000000 0.000000 0.000000 0.000000 0.000000 0.000000 0.000000
0.751193 0.000000 0.000000 0.000000 0.000000 0.000000 0.000000 0.000000
0.772281 0.000000 0.000000 0.000000 0.000000 0.000000 0.000000 0.000000
0.793962 0.000000 0.000000 0.000000 0.000000 0.000000 0.000000 0.000000
0.816251 0.000000 0.000000 0.000000 0.000000 0.000000 0.000000 0.000000
0.839166 0.000000 0.000000 0.000000 0.000000 0.000000 0.000000 0.000000
0.862724 0.000000 0.000000 0.000000 0.000000 0.000000 0.000000 0.000000
0.886943 0.000000 0.000000 0.000000 0.000000 0.000000 0.000000 0.000000
0.911843 0.000000 0.000000 0.000000 0.000000 0.000000 0.000000 0.000000
0.937441 0.000000 0.000000 0.000000 0.000000 0.000000 0.000000 0.000000
0.963758 0.000000 0.000000 0.000000 0.000000 0.000000 0.000000 0.000000
0.990814 0.000000 0.000000 0.000000 0.000000 0.000000 0.000000 0.000000
1.018629 0.000000 0.000000 0.000000 0.000000 0.000000 0.000000 0.000000
1.047225 0.000000 0.000000 0.000000 0.000000 0.000000 0.000000 0.000000
1.076624 0.000000 0.000000 0.000000 0.000000 0.000000 0.000000 0.000000
1.106848 0.000000 0.000000 0.000000 0.000000 0.000000 0.000000 0.000000
1.137921 0.000000 0.000000 0.000000 0.000000 0.000000 0.000000 0.000000
1.169866 0.000000 0.000000 0.000000 0.000000 0.000000 0.000000 0.000000
1.202708 0.000000 0.000000 0.000000 0.000000 0.000000 0.000000 0.000000
1.236472 0.000000 0.000000 0.000000 0.000000 0.000000 0.000000 0.000000
1.271184 0.000000 0.000000 0.000000 0.000000 0.000000 0.000000 0.000000
1.306870 0.000000 0.000000 0.000000 0.000000 0.000000 0.000000 0.000000
1.343558 0.000000 0.000000 0.000000 0.000000 0.000000 0.000000 0.000000
1.381276 0.000000 0.000000 0.000000 0.000000 0.000000 0.000000 0.000000
1.420053 0.000000 0.000000 0.000000 0.000000 0.000000 0.000000 0.000000
1.459919 0.000000 0.000000 0.000000 0.000000 0.000000 0.000000 0.000000
1.500903 0.000000 0.000000 0.000000 0.000000 0.000000 0.000000 0.000000
1.543038 0.000000 0.000000 0.000000 0.000000 0.000000 0.000000 0.000000
1.586357 0.000000 0.000000 0.000000 0.000000 0.000000 0.000000 0.000000
1.630891 0.000000 0.000000 0.000000 0.000000 0.000000 0.000000 0.000000
1.676675 0.000000 0.000000 0.000000 0.000000 0.000000 0.000000 0.000000
1.723745 0.000000 0.000000 0.000000 0.000000 0.000000 0.000000 0.000000
1.772136 0.000000 0.000000 0.000000 0.000000 0.000000 0.000000 0.000000
1.821885 0.000000 0.000000 0.000000 0.000000 0.000000 0.000000 0.000000
1.873032 0.000000 0.000000 0.000000 0.000000 0.000000 0.000000 0.000000
1.925614 0.000000 0.000000 0.000000 0.000000 0.000000 0.000000 0.000000
1.979672 0.000000 0.000000 0.000000 0.000000 0.000000 0.000000 0.000000
2.035248 0.000000 0.000000 0.000000 0.000000 0.000000 0.000000 0.000000
2.092383 0.000000 0.000000 0.000000 0.000000 0.000000 0.000000 0.000000
2.151123 0.000000 0.000000 0.000000 0.000000 0.000000 0.000000 0.000000
2.211512 0.000000 0.000000 0.000000 0.000000 0.000000 0.000000 0.000000
2.273597 0.000000 0.000000 0.000000 0.000000 0.000000 0.000000 0.000000
2.337424 0.000000 0.000000 0.000000 0.000000 0.000000 0.000000 0.000000
2.403043 0.000000 0.000000 0.000000 0.000000 0.000000 0.000000 0.000000
2.470504 0.000000 0.000000 0.000000 0.000000 0.000000 0.000000 0.000000
2.539859 0.000000 0.000000 0.000000 0.000000 0.000000 0.000000 0.000000
2.611161 0.000000 0.000000 0.000000 0.000000 0.000000 0.000000 0.000000
2.684465 0.000000 0.000000 0.000000 0.000000 0.000000 0.000000 0.000000
2.759826 0.000000 0.000000 0.000000 0.000000 0.000000 0.000000 0.000000
2.837304 0.000000 0.000000 0.000000 0.000000 0.000000 0.000000 0.000000
2.916956 0.000000 0.000000 0.000000 0.000000 0.000000 0.000000 0.000000
2.998844 0.000000 0.000000 0.000000 0.000000 0.000000 0.000000 0.000000
3.083031 0.000000 0.000000 0.000000 0.000000 0.000000 0.000000 0.000000
3.169582 0.000000 0.000000 0.000000 0.000000 0.000000 0.000000 0.000000
3.258562 0.000000 0.000000 0.000000 0.000000 0.000000 0.000000 0.000000
3.350041 0.000000 0.000000 0.000000 0.000000 0.000000 0.000000 0.000000
3.444087 0.000000 0.000000 0.000000 0.000000 0.000000 0.000000 0.000000
3.540774 0.000000 0.000000 0.000000 0.000000 0.000000 0.000000 0.000000
3.640175 0.000000 0.000000 0.000000 0.000000 0.000000 0.000000 0.000000
3.742366 0.000000 0.000000 0.000000 0.000000 0.000000 0.000000 0.000000
3.847427 0.000000 0.000000 0.000000 0.000000 0.000000 0.000000 0.000000
3.955436 0.000000 0.000000 0.000000 0.000000 0.000000 0.000000 0.000000
4.066478 0.000000 0.000000 0.000000 0.000000 0.000000 0.000000 0.000000
4.180637 0.000000 0.000000 0.000000 0.000000 0.000000 0.000000 0.000000
4.298001 0.000000 0.000000 0.000000 0.000000 0.000000 0.000000 0.000000
4.418660 0.000000 0.000000 0.000000 0.000000 0.000000 0.000000 0.000000
4.542706 0.000000 0.000000 0.000000 0.000000 0.000000 0.000000 0.000000
4.670234 0.000000 0.000000 0.000000 0.000000 0.000000 0.000000 0.000000
4.801343 0.000000 0.000000 0.000000 0.000000 0.000000 0.000000 0.000000
4.936132 0.000000 0.000000 0.000000 0.000000 0.000000 0.000000 0.000000
5.074705 0.000000 0.000000 0.000000 0.000000 0.000000 0.000000 0.000000
5.217169 0.000000 0.000000 0.000000 0.000000 0.000000 0.000000 0.000000
5.363631 0.000000 0.000000 0.000000 0.000000 0.000000 0.000000 0.000000
5.514206 0.000000 0.000000 0.000000 0.000000 0.000000 0.000000 0.000000
5.669007 0.000000 0.000000 0.000000 0.000000 0.000000 0.000000 0.000000
5.828155 0.000000 0.000000 0.000000 0.000000 0.000000 0.000000 0.000000
5.991770 0.000000 0.000000 0.000000 0.000000 0.000000 0.000000 0.000000
6.159978 0.000000 0.000000 0.000000 0.000000 0.000000 0.000000 0.000000
6.332908 0.000000 0.000000 0.000000 0.000000 0.000000 0.000000 0.000000
6.510694 0.000000 0.000000 0.000000 0.000000 0.000000 0.000000 0.000000
6.693470 0.000000 0.000000 0.000000 0.000000 0.000000 0.000000 0.000000
6.881377 0.000000 0.000000 0.000000 0.000000 0.000000 0.000000 0.000000
7.074559 0.000000 0.000000 0.000000 0.000000 0.000000 0.000000 0.000000
7.273165 0.000000 0.000000 0.000000 0.000000 0.000000 0.000000 0.000000
7.477346 0.000000 0.000000 0.000000 0.000000 0.000000 0.000000 0.000000
7.687260 0.000000 0.000000 0.000000 0.000000 0.000000 0.000000 0.000000
7.903066 0.000000 0.000000 0.000000 0.000000 0.000000 0.000000 0.000000
8.124930 0.000000 0.000000 0.000000 0.000000 0.000000 0.000000 0.000000
8.353023 0.000000 0.000000 0.000000 0.000000 0.000000 0.000000 0.000000
8.587519 0.000000 0.000000 0.000000 0.000000 0.000000 0.000000 0.000000
8.828599 0.000000 0.000000 0.000000 0.000000 0.000000 0.000000 0.000000
9.076446 0.000000 0.000000 0.000000 0.000000 0.000000 0.000000 0.000000
9.331251 0.000000 0.000000 0.000000 0.000000 0.000000 0.000000 0.000000
9.593209 0.000000 0.000000 0.000000 0.000000 0.000000 0.000000 0.000000
9.862522 0.000000 0.000000 0.000000 0.000000 0.000000 0.000000 0.000000
10.139395 0.000000 0.000000 0.000000 0.000000 0.000000 0.000000 0.000000
10.424040 0.000000 0.000000 0.000000 0.000000 0.000000 0.000000 0.000000
10.716676 0.000000 0.000000 0.000000 0.000000 0.000000 0.000000 0.000000
11.017528 0.000000 0.000000 0.000000 0.000000 0.000000 0.000000 0.000000
11.326826 0.000000 0.000000 0.000000 0.000000 0.000000 0.000000 0.000000
11.644806 0.000000 0.000000 0.000000 0.000000 0.000000 0.000000 0.000000
11.971713 0.000000 0.000000 0.000000 0.000000 0.000000 0.000000 0.000000
12.307798 0.000000 0.000000 0.000000 0.000000 0.000000 0.000000 0.000000
12.653318 0.000000 0.000000 0.000000 0.000000 0.000000 0.000000 0.000000
13.008537 0.000000 0.000000 0.000000 0.000000 0.000000 0.000000 0.000000
13.373729 1229.429954 863.821115 1544.699826 459.804411 1929.227870 324.930720 2270.631203
13.749172 1227.618579 861.941009 1541.085399 459.800705 1920.259669 325.359321 2257.645775
14.135156 1225.007423 860.621568 1536.892093 459.768262 1911.299261 325.765278 2244.709590
14.531975 1222.667642 858.246951 1532.588468 459.726169 1902.136318 326.171717 2231.483081
14.939935 1221.070870 857.563136 1527.357263 459.658434 1892.958047 326.561261 2218.270617
15.359347 1219.113923 857.790864 1522.754266 459.578360 1884.829567 326.949431 2204.805174
15.790533 1217.364110 856.332845 1519.237104 459.475682 1879.898005 327.326116 2191.315844
16.233824 1215.567278 855.048487 1514.606206 459.358463 1874.818901 327.700414 2177.614090
16.689560 1213.725285 854.943004 1509.091738 459.221507 1865.398328 328.068137 2163.847826
17.158090 1211.789004 854.583281 1502.964407 459.068347 1855.448984 328.433286 2149.913177
17.639773 1210.099510 853.069725 1496.770464 458.898046 1845.401148 328.796151 2135.870408
18.134978 1207.906614 851.520056 1491.661277 458.710442 1835.245653 329.157005 2121.706849
18.644085 1205.192459 852.072252 1486.451075 458.507937 1824.961268 329.519185 2107.388520
19.167485 1201.314123 849.311624 1481.910406 458.287589 1814.600438 329.880538 2093.000794
19.705578 1200.924658 846.654619 1477.885457 458.054163 1804.078042 330.246132 2078.408413
20.258777 1196.481183 844.962937 1471.444132 457.802877 1793.513111 330.612528 2063.801934
20.827506 1192.755865 843.230252 1467.056619 457.539889 1782.751451 330.985422 2048.937584
21.412202 1188.844650 840.946047 1463.176018 457.259482 1771.983798 331.360981 2034.118540
22.013311 1185.963235 839.659915 1455.766464 456.968296 1760.981860 331.744720 2018.984926
22.631296 1182.839812 837.825154 1447.870723 456.660508 1750.013682 332.132992 2003.960235
23.266629 1180.962918 835.942198 1439.978332 456.342427 1738.771061 332.530672 1989.513080
23.919798 1176.913159 834.035142 1435.043841 456.008848 1727.605233 332.934527 1976.633327
24.591304 1173.865987 832.443477 1428.763494 455.665060 1716.122006 333.348697 1963.385685
25.281661 1168.100369 831.562544 1423.278033 455.307066 1704.761678 333.770241 1950.271308
25.991399 1163.613555 829.357714 1415.440403 454.938599 1693.038153 334.202844 1936.736318
26.721062 1160.953037 826.425706 1407.696373 454.342991 1681.487310 334.643369 1923.391451
27.471208 1158.584576 823.887077 1400.779310 453.583322 1669.528886 335.095657 1909.574729
28.242413 1154.631169 821.758357 1395.055814 452.826597 1657.787780 335.555655 1895.999455
29.035269 1150.314340 819.564491 1386.845805 452.047489 1645.634335 336.027879 1881.946249
29.850382 1146.885018 817.356661 1379.982507 451.499992 1633.669881 336.507347 1868.102722
30.688379 1141.098337 815.284247 1373.950018 451.096933 1621.326692 336.999149 1853.819071
31.549901 1137.203575 812.955879 1366.445955 450.683921 1609.141770 337.497255 1839.710215
32.435608 1133.192430 811.237648 1357.849555 450.259199 1597.055102 338.007502 1825.203006
33.346180 1129.155916 809.904582 1347.673142 449.824910 1584.581861 338.522894 1810.832652
34.282315 1124.894522 807.367308 1340.205292 449.053270 1571.994641 339.049807 1796.109936
35.244730 1119.775451 805.310879 1332.685342 448.129741 1562.006756 339.580777 1781.482678
36.234163 1113.738533 802.498067 1324.774933 447.189615 1548.903022 340.122173 1766.553432
37.251373 1107.682532 800.458327 1315.473507 446.234594 1535.856670 340.667040 1751.674828
38.297139 1101.634318 798.852002 1308.992118 445.298558 1522.600610 341.220893 1736.549270
39.372263 1096.529465 796.665783 1300.164985 444.345924 1510.383492 341.778471 1721.425807
40.477570 1091.708479 794.077844 1291.056283 443.383305 1499.065575 342.343564 1706.115221
41.613906 1086.772937 792.345868 1284.203429 442.418408 1485.957501 342.913057 1690.698331
42.782142 1082.156881 790.559159 1274.956472 441.447482 1472.751271 343.488526 1674.923042
43.983175 1077.699896 788.727363 1265.038938 440.472108 1459.778917 344.069229 1659.041597
45.217924 1072.463128 787.123328 1256.700745 439.495115 1447.843595 344.654159 1643.110127
46.487337 1067.541439 785.667308 1248.450107 438.511260 1435.756413 345.245335 1627.010539
47.792386 1060.663236 783.636749 1240.130871 437.530692 1423.642456 345.838808 1610.938776
49.134073 1053.985485 781.549657 1233.248847 436.540601 1412.648302 346.439724 1594.632646
50.513425 1049.729476 779.409587 1226.768409 435.559252 1401.785060 347.040864 1578.437780
51.931499 1042.705580 776.774066 1218.372047 434.565467 1390.371239 347.650826 1561.937971
53.389384 1036.044121 774.291009 1208.541279 433.586486 1378.883034 348.258840 1545.638562
54.888196 1028.822654 772.004331 1200.813459 432.591887 1367.119922 348.877225 1528.959264
56.429085 1022.695193 769.671851 1192.181321 431.883469 1355.466010 349.491452 1512.575194
58.013231 1016.911116 767.272832 1183.612730 431.231199 1343.488787 350.117747 1495.731938
59.641849 1009.641220 764.834351 1173.433419 430.577001 1331.682913 350.737708 1479.284434
61.316188 1003.032358 762.746699 1163.404808 429.905461 1318.307585 351.371547 1462.294157
63.037532 996.249277 760.308262 1153.518897 429.235625 1306.173138 351.996996 1445.805799
64.807198 990.289435 757.663987 1143.692169 428.361837 1295.184583 352.638205 1428.686898
66.626545 983.754436 754.685432 1135.979907 427.394277 1283.121911 353.269190 1412.181594
68.496967 977.142598 752.252079 1126.443679 426.397265 1270.601220 353.916716 1395.009363
70.419898 971.270271 749.491111 1115.994391 425.446051 1258.402991 354.554765 1378.456901
72.396811 963.763203 746.233063 1106.587344 424.469235 1246.038597 355.208384 1361.288313
74.429223 957.732773 739.708596 1096.160968 423.538223 1233.882362 355.854924 1344.679544
76.518692 951.544686 732.685465 1086.838086 422.588021 1221.340917 356.515497 1329.147700
78.666818 944.683077 729.363793 1076.608251 421.683462 1207.593289 357.171738 1315.211318
80.875249 937.337765 726.472236 1066.864902 420.767043 1192.500931 357.840654 1300.369085
83.145678 929.780926 723.574464 1057.334238 419.895902 1177.819027 358.508300 1283.944203
85.479845 922.512608 720.610415 1048.176441 419.021239 1162.858502 359.187565 1267.188110
87.879540 915.697235 717.640500 1037.126172 418.191252 1149.742177 359.868894 1250.772508
90.346602 908.412978 714.613608 1027.375255 417.367172 1138.611291 360.561223 1234.127880
92.882923 901.741338 711.580056 1017.858652 416.586889 1127.322453 361.259168 1217.748196
95.490446 894.001728 708.501347 1008.750695 415.823132 1115.234495 361.968090 1201.246874
98.171170 885.828973 705.413927 998.827827 415.101968 1103.212828 362.686324 1184.931044
100.927151 878.162390 702.295863 987.923424 414.409225 1091.134324 363.416288 1168.605744
103.760502 869.689267 699.165671 976.395019 413.757503 1078.394647 364.159312 1152.382950
106.673394 862.015326 696.022189 967.529672 413.147464 1067.035509 364.915790 1136.267117
109.668060 853.431851 690.193942 957.046319 412.576452 1054.043774 365.689023 1120.167714
112.746796 845.222710 686.840307 946.733740 412.061835 1040.991041 366.478618 1104.295343
115.911962 838.109884 683.768922 935.996309 411.585475 1027.824610 367.288489 1088.350766
119.165984 829.974943 680.521548 924.714013 411.249277 1014.030923 368.119035 1072.756187
122.511358 822.669942 677.345772 915.000653 410.947191 999.896487 368.973063 1060.586594
125.950646 815.302424 674.226586 904.865827 410.734252 988.772260 369.853721 1049.222621
129.486487 806.701561 671.066274 895.482731 410.552151 979.255780 370.760603 1037.620732
133.121590 798.928866 667.274675 886.316059 410.478535 966.495210 371.701939 1026.212621
136.858742 790.687572 663.098205 875.790521 410.477703 953.273649 372.671610 1014.514925
140.700809 783.367684 659.027882 865.003745 410.612573 940.066918 373.685662 1003.098587
144.650734 776.059170 655.447663 856.036104 410.771357 928.089019 374.320129 991.336406
148.711546 769.083631 651.793307 847.345807 410.876621 916.350458 374.493019 979.949052
152.886359 761.276686 648.227522 838.081440 411.150349 905.659486 374.676570 966.582305
157.178372 754.113219 644.660673 828.639938 411.909523 895.102706 374.969923 952.999698
161.590875 746.094608 640.888096 818.917214 412.461401 883.668647 375.271273 938.830946
166.127252 738.108085 637.491780 809.817525 413.051250 873.038110 376.127418 925.573348
170.790980 730.025883 632.367217 800.642027 413.658604 861.189187 377.459688 911.759730
175.585633 723.197888 629.340781 791.729132 414.467724 851.142991 378.888700 898.789719
180.514888 715.717463 625.251317 782.361122 415.313222 841.120037 379.926028 885.379321
185.582523 708.743421 620.673926 773.651060 416.360643 830.419042 380.791134 872.739904
190.792422 701.415261 615.804549 764.798367 417.464352 820.249391 381.697088 859.780063
196.148581 694.620100 611.267360 756.205377 418.768704 810.643140 382.739703 848.605751
201.655104 688.574042 607.662679 747.525728 420.150346 800.906245 383.838147 839.896221
207.316213 681.556295 604.450829 739.444121 421.729701 791.663760 385.076438 831.449636
213.136247 675.212458 601.523563 731.946199 423.408145 782.385334 386.387159 822.902971
219.119669 668.780782 598.317810 724.357271 425.279525 773.060113 387.839349 814.589724
225.271064 663.390089 596.221615 716.202820 426.934815 764.690751 389.381987 806.244782
231.595149 657.948323 593.601939 709.014410 428.401717 756.294078 391.065971 798.099408
238.096772 652.535028 591.399656 702.803712 430.201227 747.616559 392.859513 789.993997
244.780916 646.693624 587.278811 695.646953 431.937185 738.827595 394.792387 782.050692
251.652705 641.384801 583.707015 689.078634 433.819654 730.449175 396.854543 772.484227
258.717408 637.587700 580.079901 682.794979 435.854791 722.676757 399.052051 762.869452
265.980440 633.287425 576.085583 676.806100 438.059338 716.441338 401.398509 753.510524
273.447368 629.143645 572.432811 670.815790 440.408464 709.339538 403.874396 744.255342
281.123917 624.814729 569.268711 665.296920 443.675208 701.800307 406.517959 735.913304
289.015972 620.219851 567.814290 660.277141 447.133907 694.711390 409.283255 728.835288
297.129582 616.489093 566.236912 655.340816 450.800667 688.877404 412.232861 722.125797
305.470967 613.372019 564.109277 650.635378 454.593190 683.050199 415.295088 715.423151
314.046522 610.342117 563.274742 646.360687 458.599376 677.597198 418.554734 709.158437
322.862820 606.968993 561.861009 642.497843 462.717747 672.112608 421.917076 702.855649
331.926620 604.029827 560.103218 639.405717 467.046554 667.282835 425.484699 697.054466
341.244871 601.481376 557.659587 635.921471 471.475406 664.076929 429.100874 691.172505
350.824714 599.571322 556.391359 632.434219 476.100098 659.660644 432.856680 688.829495
360.673495 597.034787 554.873198 629.016112 480.815828 655.685598 436.695387 686.976342
370.798763 594.759508 554.850042 626.137443 485.698796 652.988106 440.728473 682.360305
381.208280 592.957296 554.223205 623.960873 490.668879 649.651316 444.838599 677.094095
391.910025 591.515605 554.079088 622.395333 495.761051 646.888927 449.121636 673.801672
402.912203 589.538778 554.124170 621.758675 500.942216 645.191136 453.482743 671.176414
414.223247 588.165825 554.715704 620.536310 504.279846 644.840166 457.976611 668.788119
425.851829 586.732698 554.680837 619.928963 506.884514 644.947446 462.553655 666.339235
437.806863 585.654122 554.123086 620.172239 510.205259 644.977191 467.216941 664.070786
450.097513 584.443237 554.056562 620.301307 515.373548 645.085387 471.963663 662.381449
462.733201 583.783141 554.173225 619.505450 518.166927 645.676593 476.749728 662.151497
475.723614 582.691202 554.684927 619.188568 522.113988 646.204757 481.611119 661.935807
489.078709 582.175738 554.857395 620.053688 526.108054 647.111096 486.467014 661.788023
502.808725 581.839519 555.975302 620.388243 528.705958 647.723170 491.380438 661.956115
516.924187 581.833814 556.232740 620.740236 530.072401 647.834950 496.248164 662.090940
531.435916 582.044152 557.407223 621.118626 531.470948 647.756243 501.145104 662.212763
546.355035 581.652342 558.751792 622.121468 531.869081 647.835547 505.963242 662.258089
561.692982 581.823169 559.203677 622.459559 533.519471 649.075309 510.771618 662.257493
577.461515 582.059028 560.125344 623.062233 534.067280 650.066194 515.477257 662.148302
593.672722 581.825105 561.533199 623.507260 535.994434 651.197586 520.124214 661.952016
610.339029 582.374985 561.868845 622.838215 538.425295 651.716835 524.655076 661.626476
627.473213 582.497484 562.325808 623.609813 540.704116 652.884300 526.352720 661.167441
645.088409 582.915747 562.538029 624.394143 541.763197 653.214022 527.255763 660.569293
663.198120 583.085636 562.852812 625.042188 542.007393 653.134238 529.205335 659.789797
681.816229 583.856347 562.974640 624.745750 543.687585 653.692141 528.589743 660.029971
700.957009 584.083278 563.270341 624.458002 544.660967 653.833054 529.330804 660.742451
720.635132 584.420334 563.791623 625.319971 544.095104 654.195806 530.063464 661.322194
740.865683 584.390670 563.795298 625.721942 545.044892 654.293353 530.751860 661.572864
761.664172 584.094545 564.088507 625.100163 544.968438 653.949854 531.428621 661.708872
783.046540 584.186556 563.893558 623.592784 545.532139 653.621764 532.029283 661.466713
805.029181 584.280482 563.552182 623.966053 545.265447 653.008743 532.620244 661.130481
827.628946 583.656395 563.278296 623.960442 545.962821 652.186563 533.107323 660.379990
850.863158 583.478593 562.935273 622.229346 545.512948 651.339605 533.224763 659.555182
874.749630 582.738859 562.430084 620.757238 544.589804 649.877998 531.862297 658.296046
899.306672 582.030328 562.031051 618.598225 544.997379 648.352504 530.130573 656.978447
924.553110 581.128909 561.191541 616.848759 544.561049 646.406446 528.422700 655.224532
950.508296 580.501374 559.999528 615.384109 544.659891 645.252182 526.661108 653.416471
977.192128 579.733302 558.882829 613.787890 543.521369 643.050250 524.937862 651.199261
1004.625062 578.807861 557.900667 612.340191 543.042666 640.773400 523.161726 648.906625
1032.828126 577.766605 556.696394 610.429347 542.176696 638.161685 521.432653 647.541680
1061.822941 576.700056 555.337422 608.466617 541.012543 635.671501 519.658065 647.473533
1091.631734 575.236042 553.947906 606.392796 539.681431 632.863799 517.939361 646.933635
1122.277356 573.889986 552.779528 604.158674 538.538375 629.928306 516.185578 646.298025
1153.783300 572.352248 551.314580 601.656171 536.927015 626.890771 514.494979 645.260457
1186.173716 570.539848 549.978737 599.342270 535.462139 623.811712 512.782884 644.089453
1219.473437 568.886398 548.419898 596.734637 534.091754 621.008939 511.138763 642.581835
1253.707987 567.432316 547.048801 594.559227 532.701923 618.321837 509.489569 640.913058
1288.903612 565.677585 545.554735 591.911778 530.970047 615.344563 507.910202 638.966265
1325.087292 563.865630 543.725096 589.037512 529.044980 611.362287 506.344468 636.841064
1362.286764 562.335259 541.966384 586.980905 526.771807 607.274027 504.793223 634.487767
1400.530545 560.423977 539.885460 584.405966 525.353664 603.395147 503.383028 631.948935
1439.847953 558.252069 538.210137 582.226908 523.551511 599.778178 501.984738 629.224242
1480.269127 555.983335 536.210993 579.530911 521.580846 597.010046 500.642151 626.317980
1521.825053 554.015155 534.770833 576.246738 519.338875 595.293787 499.358957 623.257558
1564.547589 552.190440 532.942062 573.987651 516.953680 593.825947 498.152624 620.027870
1608.469483 550.074569 530.603267 571.023963 515.389504 590.841872 496.998432 616.667135
1653.624407 548.043168 529.075382 568.968074 512.893813 590.039543 492.535777 613.158600
1700.046975 546.268759 526.961804 566.381673 510.896313 587.645309 487.781686 609.533574
1747.772774 544.180823 524.865565 563.705131 508.895379 586.109637 483.171757 605.790245
1796.838391 542.282875 522.885766 561.143418 506.347686 584.576973 480.421532 601.937044
1847.281437 540.682481 520.914995 559.380110 504.309932 583.132292 478.194781 598.002343
1899.140582 538.849879 519.083224 557.617452 501.767738 581.684972 475.931177 594.298281
1952.455581 537.577382 517.561187 555.577297 498.879276 580.165760 471.454216 592.993911
2007.267304 535.993032 515.481233 554.284186 495.754632 578.612986 466.881844 591.617809
2063.617768 534.362401 513.887807 553.594491 492.911139 577.469571 462.586088 590.007566
2121.550171 532.481226 512.034427 552.693082 490.314701 575.450343 458.168824 588.332557
2181.108924 530.893487 510.741742 551.668001 488.506309 572.963844 454.062440 586.431868
2242.339683 529.474652 509.321583 550.737779 484.518062 571.082494 449.809641 584.468962
2305.289387 527.731710 507.782332 550.202773 481.974491 569.813439 445.896850 581.250538
2370.006292 526.554354 506.484374 549.742580 479.022655 569.051993 441.838092 580.046350
2436.540009 525.337525 505.291428 549.378426 475.757027 567.630795 438.096507 578.922672
2504.941542 524.335058 504.030247 549.253403 472.777488 567.387152 434.240886 579.697666
2575.263327 523.990539 502.549439 548.626423 469.608675 566.332292 430.663250 580.624435
2647.559271 522.948396 500.981930 548.500219 466.376552 566.785716 427.009090 581.592641
2721.884795 522.510400 499.150227 548.512843 463.606725 566.999034 423.594149 582.702256
2798.296876 522.119422 497.443039 548.927998 460.381020 566.828829 420.137293 583.866213
2876.854090 521.465476 495.516316 549.159498 457.876505 568.030127 416.882549 584.861471
2957.616659 521.147127 494.255220 549.414629 456.357954 568.365469 413.617412 585.708197
3040.646493 520.784378 492.317014 549.850025 455.358240 568.306665 410.518811 586.682155
3126.007243 519.796834 491.042228 550.393840 452.996045 569.328737 407.437883 587.728784
3213.764344 519.791847 489.561467 550.634242 450.492091 569.479924 404.490317 588.893268
3303.985070 520.275038 487.932580 551.575864 448.343173 570.625214 401.585157 590.142206
3396.738582 520.315102 487.156827 552.934833 446.608713 572.076375 398.782592 591.498553
3492.095985 520.515973 486.359336 554.402998 444.471608 573.619763 396.043765 592.948584
3590.130377 521.188216 485.542874 555.893194 442.251048 574.380011 393.379807 594.498750
3690.916911 521.820462 484.375307 557.391259 441.155545 575.165425 390.798121 596.152344
3794.532847 522.358786 483.740969 558.981432 440.148014 577.561391 388.265903 597.896798
3901.057617 523.086246 482.993130 560.893182 438.420924 579.581660 385.831206 599.749744
4010.572881 523.984635 482.085596 562.883114 436.501860 581.743222 383.423208 601.685273
4123.162591 524.550046 480.918071 564.654122 434.686055 584.141767 381.125203 603.731608
4238.913057 525.941109 478.974788 566.529867 432.884751 586.621908 378.834030 605.856024
4357.913012 527.365481 477.759864 568.439718 431.674831 588.940151 376.663659 608.096446
4480.253680 528.831271 477.073348 570.479825 430.527133 591.837108 374.482295 610.614866
4606.028844 530.209312 476.495824 572.438496 429.470895 594.659190 372.429641 613.814141
4735.334923 531.295593 475.615852 574.733346 428.408947 597.527033 370.350393 617.089526
4868.271040 532.769704 475.351387 576.944100 427.224068 600.487228 368.405753 620.455817
5004.939103 534.461374 474.551012 579.259677 425.753534 603.828629 366.421156 623.899480
5145.443878 536.065736 474.141249 582.253253 424.290797 607.444855 364.576865 627.434683
5289.893076 538.191313 473.725077 585.070692 422.770545 611.141064 362.680858 631.048292
5438.397428 540.263548 473.399355 587.870425 421.380707 614.485304 360.927349 634.737930
5591.070777 542.103220 472.712235 590.844183 419.947057 617.349148 359.115687 638.508921
5748.030158 544.540779 472.472456 594.115000 418.640069 620.635372 357.451989 642.358203
5909.395895 546.930542 471.594605 597.871410 417.295375 624.493699 355.872017 646.487352
6075.291689 549.259551 470.827710 601.310097 416.054456 628.739424 354.401333 650.694514
6245.844712 551.214024 470.239450 604.603887 414.788254 633.163971 352.897785 654.989584
6421.185709 554.018684 469.720358 608.025616 413.610339 637.683233 351.486771 659.358258
6601.449093 556.497120 469.426843 611.603487 412.418350 642.296653 350.055134 663.816500
6786.773051 559.210791 469.052631 615.252982 411.295856 646.911860 348.697054 668.333408
6977.299650 562.362956 469.139386 618.831723 410.167821 651.315415 347.328172 672.935889
7173.174944 564.583863 469.269932 622.816102 409.098184 655.804843 346.020324 677.734689
7374.549090 566.849993 470.399293 626.860934 408.031899 660.385817 344.711530 682.528360
7581.576458 569.253915 471.018675 631.280867 407.008556 665.033351 343.448098 687.184926
7794.415750 571.927697 470.929803 635.126434 405.993735 669.652386 342.190395 692.079751
8013.230128 574.823005 470.369935 639.606840 405.012269 674.229076 340.967306 697.038035
8238.187331 577.686846 469.930210 643.844745 404.045582 678.881931 339.757301 702.072770
8469.459808 580.731777 470.083953 648.045078 403.104866 684.205113 338.573162 707.181861
8707.224849 583.316462 470.154732 652.551932 402.185633 689.195420 337.409670 712.369668
8951.664721 586.629514 470.260769 656.555820 401.280422 693.876277 336.259855 717.620803
9202.966809 590.200850 469.847938 661.251076 400.396870 699.365503 335.132889 722.929480
9461.323756 593.151282 469.417082 666.102176 399.521491 704.135545 334.012450 728.312162
9726.933615 595.736647 469.470199 670.443636 398.672900 709.564970 332.920911 733.752426
10000.000000 598.601709 469.958516 675.130827 397.826033 715.077810 331.828428 739.483412
