0.010000 0.000000 0.000000 0.000000 0.000000 0.000000 0.000000 0.000000
0.010281 0.000000 0.000000 0.000000 0.000000 0.000000 0.000000 0.000000
0.010569 0.000000 0.000000 0.000000 0.000000 0.000000 0.000000 0.000000
0.010866 0.000000 0.000000 0.000000 0.000000 0.000000 0.000000 0.000000
0.011171 0.000000 0.000000 0.000000 0.000000 0.000000 0.000000 0.000000
0.011485 0.000000 0.000000 0.000000 0.000000 0.000000 0.000000 0.000000
0.011807 0.000000 0.000000 0.000000 0.000000 0.000000 0.000000 0.000000
0.012139 0.000000 0.000000 0.000000 0.000000 0.000000 0.000000 0.000000
0.012479 0.000000 0.000000 0.000000 0.000000 0.000000 0.000000 0.000000
0.012830 0.000000 0.000000 0.000000 0.000000 0.000000 0.000000 0.000000
0.013190 0.000000 0.000000 0.000000 0.000000 0.000000 0.000000 0.000000
0.013560 0.000000 0.000000 0.000000 0.000000 0.000000 0.000000 0.000000
0.013941 0.000000 0.000000 0.000000 0.000000 0.000000 0.000000 0.000000
0.014332 0.000000 0.000000 0.000000 0.000000 0.000000 0.000000 0.000000
0.014735 0.000000 0.000000 0.000000 0.000000 0.000000 0.000000 0.000000
0.015148 0.000000 0.000000 0.000000 0.000000 0.000000 0.000000 0.000000
0.015573 0.000000 0.000000 0.000000 0.000000 0.000000 0.000000 0.000000
0.016011 0.000000 0.000000 0.000000 0.000000 0.000000 0.000000 0.000000
0.016460 0.000000 0.000000 0.000000 0.000000 0.000000 0.000000 0.000000
0.016922 0.000000 0.000000 0.000000 0.000000 0.000000 0.000000 0.000000
0.017397 0.000000 0.000000 0.000000 0.000000 0.000000 0.000000 0.000000
0.017886 0.000000 0.000000 0.000000 0.000000 0.000000 0.000000 0.000000
0.018388 0.000000 0.000000 0.000000 0.000000 0.000000 0.000000 0.000000
0.018904 0.000000 0.000000 0.000000 0.000000 0.000000 0.000000 0.000000
0.019435 0.000000 0.000000 0.000000 0.000000 0.000000 0.000000 0.000000
0.019980 0.000000 0.000000 0.000000 0.000000 0.000000 0.000000 0.000000
0.020541 0.000000 0.000000 0.000000 0.000000 0.000000 0.000000 0.000000
0.021118 0.000000 0.000000 0.000000 0.000000 0.000000 0.000000 0.000000
0.021711 0.000000 0.000000 0.000000 0.000000 0.000000 0.000000 0.000000
0.022320 0.000000 0.000000 0.000000 0.000000 0.000000 0.000000 0.000000
0.022947 0.000000 0.000000 0.000000 0.000000 0.000000 0.000000 0.000000
0.023591 0.000000 0.000000 0.000000 0.000000 0.000000 0.000000 0.000000
0.024253 0.000000 0.000000 0.000000 0.000000 0.000000 0.000000 0.000000
0.024934 0.000000 0.000000 0.000000 0.000000 0.000000 0.000000 0.000000
0.025634 0.000000 0.000000 0.000000 0.000000 0.000000 0.000000 0.000000
0.026354 0.000000 0.000000 0.000000 0.000000 0.000000 0.000000 0.000000
0.027094 0.000000 0.000000 0.000000 0.000000 0.000000 0.000000 0.000000
0.027854 0.000000 0.000000 0.000000 0.000000 0.000000 0.000000 0.000000
0.028636 0.000000 0.000000 0.000000 0.000000 0.000000 0.000000 0.000000
0.029440 0.000000 0.000000 0.000000 0.000000 0.000000 0.000000 0.000000
0.030266 0.000000 0.000000 0.000000 0.000000 0.000000 0.000000 0.000000
0.031116 0.000000 0.000000 0.000000 0.000000 0.000000 0.000000 0.000000
0.031990 0.000000 0.000000 0.000000 0.000000 0.000000 0.000000 0.000000
0.032888 0.000000 0.000000 0.000000 0.000000 0.000000 0.000000 0.000000
0.033811 0.000000 0.000000 0.000000 0.000000 0.000000 0.000000 0.000000
0.034760 0.000000 0.000000 0.000000 0.000000 0.000000 0.000000 0.000000
0.035736 0.000000 0.000000 0.000000 0.000000 0.000000 0.000000 0.000000
0.036739 0.000000 0.000000 0.000000 0.000000 0.000000 0.000000 0.000000
0.037771 0.000000 0.000000 0.000000 0.000000 0.000000 0.000000 0.000000
0.038831 0.000000 0.000000 0.000000 0.000000 0.000000 0.000000 0.000000
0.039921 0.000000 0.000000 0.000000 0.000000 0.000000 0.000000 0.000000
0.041042 0.000000 0.000000 0.000000 0.000000 0.000000 0.000000 0.000000
0.042194 0.000000 0.000000 0.000000 0.000000 0.000000 0.000000 0.000000
0.043379 0.000000 0.000000 0.000000 0.000000 0.000000 0.000000 0.000000
0.044596 0.000000 0.000000 0.000000 0.000000 0.000000 0.000000 0.000000
0.045848 0.000000 0.000000 0.000000 0.000000 0.000000 0.000000 0.000000
0.047135 0.000000 0.000000 0.000000 0.000000 0.000000 0.000000 0.000000
0.048459 0.000000 0.000000 0.000000 0.000000 0.000000 0.000000 0.000000
0.049819 0.000000 0.000000 0.000000 0.000000 0.000000 0.000000 0.000000
0.051218 0.000000 0.000000 0.000000 0.000000 0.000000 0.000000 0.000000
0.052655 0.000000 0.000000 0.000000 0.000000 0.000000 0.000000 0.000000
0.054134 0.000000 0.000000 0.000000 0.000000 0.000000 0.000000 0.000000
0.055653 0.000000 0.000000 0.000000 0.000000 0.000000 0.000000 0.000000
0.057216 0.000000 0.000000 0.000000 0.000000 0.000000 0.000000 0.000000
0.058822 0.000000 0.000000 0.000000 0.000000 0.000000 0.000000 0.000000
0.060473 0.000000 0.000000 0.000000 0.000000 0.000000 0.000000 0.000000
0.062171 0.000000 0.000000 0.000000 0.000000 0.000000 0.000000 0.000000
0.063916 0.000000 0.000000 0.000000 0.000000 0.000000 0.000000 0.000000
0.065711 0.000000 0.000000 0.000000 0.000000 0.000000 0.000000 0.000000
0.067555 0.000000 0.000000 0.000000 0.000000 0.000000 0.000000 0.000000
0.069452 0.000000 0.000000 0.000000 0.000000 0.000000 0.000000 0.000000
0.071402 0.000000 0.000000 0.000000 0.000000 0.000000 0.000000 0.000000
0.073406 0.000000 0.000000 0.000000 0.000000 0.000000 0.000000 0.000000
0.075467 0.000000 0.000000 0.000000 0.000000 0.000000 0.000000 0.000000
0.077585 0.000000 0.000000 0.000000 0.000000 0.000000 0.000000 0.000000
0.079763 0.000000 0.000000 0.000000 0.000000 0.000000 0.000000 0.000000
0.082003 0.000000 0.000000 0.000000 0.000000 0.000000 0.000000 0.000000
0.084305 0.000000 0.000000 0.000000 0.000000 0.000000 0.000000 0.000000
0.086671 0.000000 0.000000 0.000000 0.000000 0.000000 0.000000 0.000000
0.089105 0.000000 0.000000 0.000000 0.000000 0.000000 0.000000 0.000000
0.091606 0.000000 0.000000 0.000000 0.000000 0.000000 0.000000 0.000000
0.094178 0.000000 0.000000 0.000000 0.000000 0.000000 0.000000 0.000000
0.096822 0.000000 0.000000 0.000000 0.000000 0.000000 0.000000 0.000000
0.099540 0.000000 0.000000 0.000000 0.000000 0.000000 0.000000 0.000000
0.102334 0.000000 0.000000 0.000000 0.000000 0.000000 0.000000 0.000000
0.105207 0.000000 0.000000 0.000000 0.000000 0.000000 0.000000 0.000000
0.108160 0.000000 0.000000 0.000000 0.000000 0.000000 0.000000 0.000000
0.111197 0.000000 0.000000 0.000000 0.000000 0.000000 0.000000 0.000000
0.114318 0.000000 0.000000 0.000000 0.000000 0.000000 0.000000 0.000000
0.117528 0.000000 0.000000 0.000000 0.000000 0.000000 0.000000 0.000000
0.120827 0.000000 0.000000 0.000000 0.000000 0.000000 0.000000 0.000000
0.124219 0.000000 0.000000 0.000000 0.000000 0.000000 0.000000 0.000000
0.127706 0.000000 0.000000 0.000000 0.000000 0.000000 0.000000 0.000000
0.131291 0.000000 0.000000 0.000000 0.000000 0.000000 0.000000 0.000000
0.134977 0.000000 0.000000 0.000000 0.000000 0.000000 0.000000 0.000000
0.138766 0.000000 0.000000 0.000000 0.000000 0.000000 0.000000 0.000000
0.142662 0.000000 0.000000 0.000000 0.000000 0.000000 0.000000 0.000000
0.146667 0.000000 0.000000 0.000000 0.000000 0.000000 0.000000 0.000000
0.150785 0.000000 0.000000 0.000000 0.000000 0.000000 0.000000 0.000000
0.155018 0.000000 0.000000 0.000000 0.000000 0.000000 0.000000 0.000000
0.159369 0.000000 0.000000 0.000000 0.000000 0.000000 0.000000 0.000000
0.163843 0.000000 0.000000 0.000000 0.000000 0.000000 0.000000 0.000000
0.168443 0.000000 0.000000 0.000000 0.000000 0.000000 0.000000 0.000000
0.173172 0.000000 0.000000 0.000000 0.000000 0.000000 0.000000 0.000000
0.178033 0.000000 0.000000 0.000000 0.000000 0.000000 0.000000 0.000000
0.183031 0.000000 0.000000 0.000000 0.000000 0.000000 0.000000 0.000000
0.188169 0.000000 0.000000 0.000000 0.000000 0.000000 0.000000 0.000000
0.193452 0.000000 0.000000 0.000000 0.000000 0.000000 0.000000 0.000000
0.198883 0.000000 0.000000 0.000000 0.000000 0.000000 0.000000 0.000000
0.204466 0.000000 0.000000 0.000000 0.000000 0.000000 0.000000 0.000000
0.210206 0.000000 0.000000 0.000000 0.000000 0.000000 0.000000 0.000000
0.216107 0.000000 0.000000 0.000000 0.000000 0.000000 0.000000 0.000000
0.222174 0.000000 0.000000 0.000000 0.000000 0.000000 0.000000 0.000000
0.228411 0.000000 0.000000 0.000000 0.000000 0.000000 0.000000 0.000000
0.234823 0.000000 0.000000 0.000000 0.000000 0.000000 0.000000 0.000000
0.241416 0.000000 0.000000 0.000000 0.000000 0.000000 0.000000 0.000000
0.248193 0.000000 0.000000 0.000000 0.000000 0.000000 0.000000 0.000000
0.255161 0.000000 0.000000 0.000000 0.000000 0.000000 0.000000 0.000000
0.262324 0.000000 0.000000 0.000000 0.000000 0.000000 0.000000 0.000000
0.269688 0.000000 0.000000 0.000000 0.000000 0.000000 0.000000 0.000000
0.277259 0.000000 0.000000 0.000000 0.000000 0.000000 0.000000 0.000000
0.285043 0.000000 0.000000 0.000000 0.000000 0.000000 0.000000 0.000000
0.293045 0.000000 0.000000 0.000000 0.000000 0.000000 0.000000 0.000000
0.301271 0.000000 0.000000 0.000000 0.000000 0.000000 0.000000 0.000000
0.309729 0.000000 0.000000 0.000000 0.000000 0.000000 0.000000 0.000000
0.318424 0.000000 0.000000 0.000000 0.000000 0.000000 0.000000 0.000000
0.327363 0.000000 0.000000 0.000000 0.000000 0.000000 0.000000 0.000000
0.336553 0.000000 0.000000 0.000000 0.000000 0.000000 0.000000 0.000000
0.346002 0.000000 0.000000 0.000000 0.000000 0.000000 0.000000 0.000000
0.355715 0.000000 0.000000 0.000000 0.000000 0.000000 0.000000 0.000000
0.365701 0.000000 0.000000 0.000000 0.000000 0.000000 0.000000 0.000000
0.375967 0.000000 0.000000 0.000000 0.000000 0.000000 0.000000 0.000000
0.386522 0.000000 0.000000 0.000000 0.000000 0.000000 0.000000 0.000000
0.397373 0.000000 0.000000 0.000000 0.000000 0.000000 0.000000 0.000000
0.408529 0.000000 0.000000 0.000000 0.000000 0.000000 0.000000 0.000000
0.419997 0.000000 0.000000 0.000000 0.000000 0.000000 0.000000 0.000000
0.431788 0.000000 0.000000 0.000000 0.000000 0.000000 0.000000 0.000000
0.443910 0.000000 0.000000 0.000000 0.000000 0.000000 0.000000 0.000000
0.456372 0.000000 0.000000 0.000000 0.000000 0.000000 0.000000 0.000000
0.469183 0.000000 0.000000 0.000000 0.000000 0.000000 0.000000 0.000000
0.482355 0.000000 0.000000 0.000000 0.000000 0.000000 0.000000 0.000000
0.495896 0.000000 0.000000 0.000000 0.000000 0.000000 0.000000 0.000000
0.509818 0.000000 0.000000 0.000000 0.000000 0.000000 0.000000 0.000000
0.524130 0.000000 0.000000 0.000000 0.000000 0.000000 0.000000 0.000000
0.538844 0.000000 0.000000 0.000000 0.000000 0.000000 0.000000 0.000000
0.553971 0.000000 0.000000 0.000000 0.000000 0.000000 0.000000 0.000000
0.569523 0.000000 0.000000 0.000000 0.000000 0.000000 0.000000 0.000000
0.585511 0.000000 0.000000 0.000000 0.000000 0.000000 0.000000 0.000000
0.601948 0.000000 0.000000 0.000000 0.000000 0.000000 0.000000 0.000000
0.618847 0.000000 0.000000 0.000000 0.000000 0.000000 0.000000 0.000000
0.636220 0.000000 0.000000 0.000000 0.000000 0.000000 0.000000 0.000000
0.654081 0.000000 0.000000 0.000000 0.000000 0.000000 0.000000 0.000000
0.672443 0.000000 0.000000 0.000000 0.000000 0.000000 0.000000 0.000000
0.691320 0.000000 0.000000 0.000000 0.000000 0.000000 0.000000 0.000000
0.710728 0.000000 0.000000 0.000000 0.000000 0.000000 0.000000 0.000000
0.730680 0.000000 0.000000 0.000000 0.000000 0.000000 0.000000 0.000000
0.751193 0.000000 0.000000 0.000000 0.000000 0.000000 0.000000 0.000000
0.772281 0.000000 0.000000 0.000000 0.000000 0.000000 0.000000 0.000000
0.793962 0.000000 0.000000 0.000000 0.000000 0.000000 0.000000 0.000000
0.816251 0.000000 0.000000 0.000000 0.000000 0.000000 0.000000 0.000000
0.839166 0.000000 0.000000 0.000000 0.000000 0.000000 0.000000 0.000000
0.862724 0.000000 0.000000 0.000000 0.000000 0.000000 0.000000 0.000000
0.886943 0.000000 0.000000 0.000000 0.000000 0.000000 0.000000 0.000000
0.911843 0.000000 0.000000 0.000000 0.000000 0.000000 0.000000 0.000000
0.937441 0.000000 0.000000 0.000000 0.000000 0.000000 0.000000 0.000000
0.963758 0.000000 0.000000 0.000000 0.000000 0.000000 0.000000 0.000000
0.990814 0.000000 0.000000 0.000000 0.000000 0.000000 0.000000 0.000000
1.018629 0.000000 0.000000 0.000000 0.000000 0.000000 0.000000 0.000000
1.047225 0.000000 0.000000 0.000000 0.000000 0.000000 0.000000 0.000000
1.076624 0.000000 0.000000 0.000000 0.000000 0.000000 0.000000 0.000000
1.106848 0.000000 0.000000 0.000000 0.000000 0.000000 0.000000 0.000000
1.137921 0.000000 0.000000 0.000000 0.000000 0.000000 0.000000 0.000000
1.169866 0.000000 0.000000 0.000000 0.000000 0.000000 0.000000 0.000000
1.202708 0.000000 0.000000 0.000000 0.000000 0.000000 0.000000 0.000000
1.236472 0.000000 0.000000 0.000000 0.000000 0.000000 0.000000 0.000000
1.271184 0.000000 0.000000 0.000000 0.000000 0.000000 0.000000 0.000000
1.306870 0.000000 0.000000 0.000000 0.000000 0.000000 0.000000 0.000000
1.343558 0.000000 0.000000 0.000000 0.000000 0.000000 0.000000 0.000000
1.381276 0.000000 0.000000 0.000000 0.000000 0.000000 0.000000 0.000000
1.420053 0.000000 0.000000 0.000000 0.000000 0.000000 0.000000 0.000000
1.459919 0.000000 0.000000 0.000000 0.000000 0.000000 0.000000 0.000000
1.500903 0.000000 0.000000 0.000000 0.000000 0.000000 0.000000 0.000000
1.543038 0.000000 0.000000 0.000000 0.000000 0.000000 0.000000 0.000000
1.586357 0.000000 0.000000 0.000000 0.000000 0.000000 0.000000 0.000000
1.630891 0.000000 0.000000 0.000000 0.000000 0.000000 0.000000 0.000000
1.676675 0.000000 0.000000 0.000000 0.000000 0.000000 0.000000 0.000000
1.723745 0.000000 0.000000 0.000000 0.000000 0.000000 0.000000 0.000000
1.772136 0.000000 0.000000 0.000000 0.000000 0.000000 0.000000 0.000000
1.821885 0.000000 0.000000 0.000000 0.000000 0.000000 0.000000 0.000000
1.873032 0.000000 0.000000 0.000000 0.000000 0.000000 0.000000 0.000000
1.925614 0.000000 0.000000 0.000000 0.000000 0.000000 0.000000 0.000000
1.979672 0.000000 0.000000 0.000000 0.000000 0.000000 0.000000 0.000000
2.035248 0.000000 0.000000 0.000000 0.000000 0.000000 0.000000 0.000000
2.092383 0.000000 0.000000 0.000000 0.000000 0.000000 0.000000 0.000000
2.151123 0.000000 0.000000 0.000000 0.000000 0.000000 0.000000 0.000000
2.211512 0.000000 0.000000 0.000000 0.000000 0.000000 0.000000 0.000000
2.273597 0.000000 0.000000 0.000000 0.000000 0.000000 0.000000 0.000000
2.337424 0.000000 0.000000 0.000000 0.000000 0.000000 0.000000 0.000000
2.403043 0.000000 0.000000 0.000000 0.000000 0.000000 0.000000 0.000000
2.470504 0.000000 0.000000 0.000000 0.000000 0.000000 0.000000 0.000000
2.539859 0.000000 0.000000 0.000000 0.000000 0.000000 0.000000 0.000000
2.611161 0.000000 0.000000 0.000000 0.000000 0.000000 0.000000 0.000000
2.684465 0.000000 0.000000 0.000000 0.000000 0.000000 0.000000 0.000000
2.759826 0.000000 0.000000 0.000000 0.000000 0.000000 0.000000 0.000000
2.837304 0.000000 0.000000 0.000000 0.000000 0.000000 0.000000 0.000000
2.916956 0.000000 0.000000 0.000000 0.000000 0.000000 0.000000 0.000000
2.998844 0.000000 0.000000 0.000000 0.000000 0.000000 0.000000 0.000000
3.083031 0.000000 0.000000 0.000000 0.000000 0.000000 0.000000 0.000000
3.169582 0.000000 0.000000 0.000000 0.000000 0.000000 0.000000 0.000000
3.258562 0.000000 0.000000 0.000000 0.000000 0.000000 0.000000 0.000000
3.350041 0.000000 0.000000 0.000000 0.000000 0.000000 0.000000 0.000000
3.444087 0.000000 0.000000 0.000000 0.000000 0.000000 0.000000 0.000000
3.540774 0.000000 0.000000 0.000000 0.000000 0.000000 0.000000 0.000000
3.640175 0.000000 0.000000 0.000000 0.000000 0.000000 0.000000 0.000000
3.742366 0.000000 0.000000 0.000000 0.000000 0.000000 0.000000 0.000000
3.847427 0.000000 0.000000 0.000000 0.000000 0.000000 0.000000 0.000000
3.955436 0.000000 0.000000 0.000000 0.000000 0.000000 0.000000 0.000000
4.066478 0.000000 0.000000 0.000000 0.000000 0.000000 0.000000 0.000000
4.180637 0.000000 0.000000 0.000000 0.000000 0.000000 0.000000 0.000000
4.298001 0.000000 0.000000 0.000000 0.000000 0.000000 0.000000 0.000000
4.418660 0.000000 0.000000 0.000000 0.000000 0.000000 0.000000 0.000000
4.542706 0.000000 0.000000 0.000000 0.000000 0.000000 0.000000 0.000000
4.670234 0.000000 0.000000 0.000000 0.000000 0.000000 0.000000 0.000000
4.801343 0.000000 0.000000 0.000000 0.000000 0.000000 0.000000 0.000000
4.936132 0.000000 0.000000 0.000000 0.000000 0.000000 0.000000 0.000000
5.074705 0.000000 0.000000 0.000000 0.000000 0.000000 0.000000 0.000000
5.217169 0.000000 0.000000 0.000000 0.000000 0.000000 0.000000 0.000000
5.363631 0.000000 0.000000 0.000000 0.000000 0.000000 0.000000 0.000000
5.514206 0.000000 0.000000 0.000000 0.000000 0.000000 0.000000 0.000000
5.669007 0.000000 0.000000 0.000000 0.000000 0.000000 0.000000 0.000000
5.828155 0.000000 0.000000 0.000000 0.000000 0.000000 0.000000 0.000000
5.991770 0.000000 0.000000 0.000000 0.000000 0.000000 0.000000 0.000000
6.159978 0.000000 0.000000 0.000000 0.000000 0.000000 0.000000 0.000000
6.332908 0.000000 0.000000 0.000000 0.000000 0.000000 0.000000 0.000000
6.510694 0.000000 0.000000 0.000000 0.000000 0.000000 0.000000 0.000000
6.693470 0.000000 0.000000 0.000000 0.000000 0.000000 0.000000 0.000000
6.881377 0.000000 0.000000 0.000000 0.000000 0.000000 0.000000 0.000000
7.074559 0.000000 0.000000 0.000000 0.000000 0.000000 0.000000 0.000000
7.273165 0.000000 0.000000 0.000000 0.000000 0.000000 0.000000 0.000000
7.477346 0.000000 0.000000 0.000000 0.000000 0.000000 0.000000 0.000000
7.687260 0.000000 0.000000 0.000000 0.000000 0.000000 0.000000 0.000000
7.903066 0.000000 0.000000 0.000000 0.000000 0.000000 0.000000 0.000000
8.124930 0.000000 0.000000 0.000000 0.000000 0.000000 0.000000 0.000000
8.353023 0.000000 0.000000 0.000000 0.000000 0.000000 0.000000 0.000000
8.587519 0.000000 0.000000 0.000000 0.000000 0.000000 0.000000 0.000000
8.828599 0.000000 0.000000 0.000000 0.000000 0.000000 0.000000 0.000000
9.076446 0.000000 0.000000 0.000000 0.000000 0.000000 0.000000 0.000000
9.331251 0.000000 0.000000 0.000000 0.000000 0.000000 0.000000 0.000000
9.593209 0.000000 0.000000 0.000000 0.000000 0.000000 0.000000 0.000000
9.862522 0.000000 0.000000 0.000000 0.000000 0.000000 0.000000 0.000000
10.139395 0.000000 0.000000 0.000000 0.000000 0.000000 0.000000 0.000000
10.424040 0.000000 0.000000 0.000000 0.000000 0.000000 0.000000 0.000000
10.716676 0.000000 0.000000 0.000000 0.000000 0.000000 0.000000 0.000000
11.017528 0.000000 0.000000 0.000000 0.000000 0.000000 0.000000 0.000000
11.326826 0.000000 0.000000 0.000000 0.000000 0.000000 0.000000 0.000000
11.644806 0.000000 0.000000 0.000000 0.000000 0.000000 0.000000 0.000000
11.971713 0.000000 0.000000 0.000000 0.000000 0.000000 0.000000 0.000000
12.307798 0.000000 0.000000 0.000000 0.000000 0.000000 0.000000 0.000000
12.653318 0.000000 0.000000 0.000000 0.000000 0.000000 0.000000 0.000000
13.008537 0.000000 0.000000 0.000000 0.000000 0.000000 0.000000 0.000000
13.373729 99.569513 91.897652 108.286519 83.589845 118.806504 79.583429 128.468334
13.749172 99.551212 91.881136 108.265977 83.576815 118.780565 79.571348 128.438778
14.135156 99.531554 91.863395 108.243912 83.562817 118.752704 79.558369 128.407034
14.531975 99.511086 91.844924 108.220938 83.548243 118.723697 79.544857 128.373984
14.939935 99.489181 91.825154 108.196350 83.532643 118.692655 79.530393 128.338617
15.359347 99.466293 91.804498 108.170659 83.516344 118.660222 79.515280 128.301665
15.790533 99.441886 91.782470 108.143264 83.498961 118.625638 79.499163 128.262266
16.233824 99.416292 91.759372 108.114537 83.480733 118.589376 79.482262 128.220954
16.689560 99.389100 91.734830 108.084016 83.461365 118.550852 79.464303 128.177069
17.158090 99.360485 91.709004 108.051897 83.440983 118.510315 79.445403 128.130890
17.639773 99.330194 91.681666 108.017899 83.419405 118.467407 79.425395 128.082013
18.134978 99.298203 91.652793 107.981992 83.396615 118.422095 79.404262 128.030400
18.644085 99.264464 91.622341 107.944124 83.372578 118.374311 79.381973 127.975973
19.167485 99.228704 91.590066 107.903988 83.347099 118.323670 79.358346 127.918296
19.705578 99.191129 91.556152 107.861816 83.320325 118.270464 79.333518 127.857698
20.258777 99.151162 91.520078 107.816959 83.291844 118.213877 79.307106 127.793254
20.827506 99.109322 91.482313 107.769999 83.262026 118.154643 79.279454 127.725798
21.412202 99.065125 91.445849 107.719874 83.230194 118.091424 79.249932 127.653809
22.013311 99.019129 91.407940 107.667593 83.196990 118.025491 79.219139 127.578733
22.631296 98.969854 91.366091 107.611591 83.161416 117.954876 79.186146 127.498332
23.266629 98.918651 91.318166 107.553396 83.124449 117.881502 79.151861 127.414793
23.919798 98.863606 91.267130 107.490839 83.084701 117.802644 79.114995 127.325020
24.591304 98.806618 91.220170 107.426075 83.043550 117.721008 79.076827 127.232085
25.281661 98.745139 91.169502 107.356213 82.999148 117.632967 79.035641 127.131875
25.991399 98.681725 91.117239 107.284153 82.953348 117.542159 78.993158 127.028515
26.721062 98.613076 91.060653 107.206151 82.903756 117.443895 78.947155 126.916687
27.471208 98.542500 91.002478 107.125960 82.852773 117.342872 78.899861 126.801720
28.242413 98.465895 90.939322 107.038927 82.797419 117.233272 78.848509 126.677015
29.035269 98.387110 90.874368 106.949419 82.740491 117.120554 78.795696 126.548764
29.850382 98.301908 90.804111 106.852632 82.678910 116.998719 78.738562 126.410167
30.688379 98.213986 90.731610 106.752755 82.615361 116.872997 78.679601 126.267152
31.549901 98.119253 90.653477 106.645156 82.546870 116.737610 78.616050 126.113175
32.435608 98.021167 90.572575 106.533749 82.475952 116.597441 78.550245 125.953764
33.346180 97.915873 90.485710 106.414172 82.399802 116.447056 78.479579 125.782774
34.282315 97.806489 90.395466 106.289953 82.320687 116.290849 78.406160 125.605173
35.244730 97.689501 90.298929 106.157117 82.236048 116.123881 78.327607 125.415380
36.234163 97.567568 90.201772 106.018673 82.147822 115.949888 78.245722 125.217619
37.251373 97.435340 90.100282 105.871174 82.053785 115.764600 78.158434 125.007068
38.297139 97.293037 89.990999 105.716951 81.955441 115.570905 78.067145 124.786990
39.372263 97.139191 89.871861 105.553249 81.851005 115.365398 77.970191 124.553546
40.477570 96.980565 89.743993 105.381544 81.741433 115.153353 77.868463 124.308795
41.613906 96.818667 89.602697 105.199955 81.625502 114.935897 77.760820 124.050134
42.782142 96.657062 89.463589 105.008903 81.503487 114.707165 77.647518 123.778147
43.983175 96.477852 89.316957 104.807591 81.374861 114.466219 77.528065 123.491749
45.217924 96.279403 89.162168 104.571390 81.239069 114.212042 77.401944 123.189746
46.487337 96.080516 88.999597 104.313017 81.096438 113.945257 77.269459 122.872882
47.792386 95.870029 88.827476 104.039782 80.945412 113.663041 77.129157 122.537861
49.134073 95.649814 88.642741 103.777592 80.787349 113.367875 76.982304 122.187593
50.513425 95.415002 88.425343 103.509736 80.619505 113.054817 76.826338 121.816327
51.931499 95.169031 88.198702 103.230523 80.444460 112.728531 76.663667 121.429497
53.389384 94.907344 87.959747 102.933568 80.258077 112.381621 76.490425 121.018538
54.888196 94.635455 87.737793 102.625071 80.064370 112.021271 76.310363 120.591775
56.429085 94.345510 87.502334 102.296217 79.857591 111.616695 76.118101 120.137460
58.013231 94.045255 87.252674 101.955529 79.643410 111.193246 75.918946 119.667180
59.641849 93.724374 86.989160 101.577654 79.414236 110.741520 75.705787 119.165648
61.316188 93.393138 86.705467 101.187627 79.177632 110.275320 75.485709 118.648065
63.037532 93.038482 86.409995 100.775372 78.923927 109.777234 75.249639 118.095281
64.807198 92.668977 86.094167 100.369312 78.662813 109.264659 75.006674 117.526424
66.626545 92.278471 85.777932 99.933930 78.382305 108.716390 74.745550 116.918217
68.496967 91.875152 85.452819 99.486325 78.093923 108.152730 74.477096 116.292936
70.419898 91.434060 85.094102 99.007467 77.784754 107.551294 74.189157 115.626063
72.396811 90.975875 84.704560 98.490325 77.466353 106.932019 73.892614 114.939423
74.429223 90.504150 84.289172 97.948753 77.126412 106.274086 73.575856 114.210276
76.518692 90.017192 83.860082 97.409454 76.775416 105.625942 73.248779 113.457872
78.666818 89.500470 83.404203 96.837383 76.402208 104.954471 72.900829 112.662289
80.875249 88.965884 82.933722 96.239938 76.015949 104.259992 72.540676 111.839777
83.145678 88.410882 82.435356 95.571451 75.606903 103.527179 72.159080 110.973673
85.479845 87.835791 81.920968 94.797792 75.182653 102.767924 71.763241 110.076868
87.879540 87.222968 81.404624 94.005773 74.735147 101.969958 71.345485 109.136327
90.346602 86.582106 80.871594 93.313218 74.270155 101.043964 70.911314 108.161330
92.882923 85.910145 80.295962 92.564412 73.781553 100.070498 70.454859 107.142711
95.490446 85.201370 79.706869 91.723875 73.273099 99.060723 69.979722 106.086052
98.171170 84.482049 79.090625 90.841985 72.740385 98.009671 69.482039 104.986110
100.927151 83.737192 78.415689 89.969953 72.164670 96.974746 68.963369 103.844915
103.760502 82.946488 77.714881 89.119602 71.596842 95.842200 68.410106 102.660943
106.673394 82.128519 77.027097 88.234765 71.004627 94.716661 67.828154 101.433116
109.668060 81.264086 76.312180 87.273208 70.377493 93.564768 67.222950 100.163092
112.746796 80.385017 75.518048 86.204506 69.723642 92.380246 66.591896 98.847511
115.911962 79.473974 74.644118 85.100327 69.059435 91.176400 65.937581 97.490263
119.165984 78.519285 73.744446 83.991252 68.375239 89.929378 65.255609 96.086984
122.511358 77.543440 72.828159 82.814700 67.667494 88.687146 64.550362 94.642358
125.950646 76.522624 71.861749 81.598553 66.930194 87.346325 63.816104 93.152818
129.486487 75.477733 70.923647 80.365038 66.169249 85.968122 63.058484 91.621840
133.121590 74.390391 69.951493 79.123049 65.377872 84.602303 62.271135 90.049045
136.858742 73.261726 68.950951 77.846339 64.562599 83.198415 61.460172 88.434084
140.700809 72.095467 67.904131 76.579347 63.716842 81.756355 60.619613 86.782770
144.650734 70.908869 66.872866 75.229870 62.846671 80.269715 59.754914 85.087676
148.711546 69.696044 65.771888 73.873445 61.799725 78.720712 58.861835 83.364425
152.886359 68.445226 64.669957 72.393099 60.769336 77.081267 57.943681 81.594640
157.178372 67.159349 63.478142 70.926001 59.792717 75.553611 56.999693 79.807940
161.590875 65.838197 62.289725 69.435632 58.734254 73.983067 56.029203 77.971081
166.127252 64.493562 61.086670 67.982779 57.625849 72.363732 55.036878 76.130788
170.790980 63.124514 59.846590 66.469988 56.397778 70.710014 54.016755 74.239361
175.585633 61.748640 58.530561 64.878389 55.159816 69.082026 52.979046 72.353903
180.514888 60.324681 57.164458 63.335426 54.044518 67.367592 51.913118 70.415221
185.582523 58.900057 55.822276 61.822060 52.915349 65.558570 50.833929 68.470415
190.792422 57.437289 54.434315 60.254363 51.757359 63.752697 49.727194 66.482571
196.148581 55.936322 53.035526 58.682020 50.614635 61.883433 48.611393 64.517163
201.655104 54.437278 51.650525 57.124507 49.486329 60.052108 47.470009 62.516989
207.316213 52.913215 50.316053 55.477217 48.206818 58.365963 46.323404 60.544959
213.136247 51.405616 48.985256 53.863276 46.954628 56.585217 45.154632 58.549063
219.119669 49.896170 47.584619 52.236684 45.748158 54.818552 43.983903 56.584957
225.271064 48.396425 46.189440 50.591294 44.490020 53.100397 42.795991 54.610352
231.595149 46.896321 44.848174 48.959349 43.192558 51.335238 41.608584 52.668895
238.096772 45.387416 43.440391 47.377104 41.749792 49.495994 40.346816 50.751053
244.780916 43.887625 42.061433 45.768536 40.463125 47.680984 39.011462 48.874514
251.652705 42.398420 40.658469 44.226837 39.212442 45.960902 37.680283 47.019797
258.717408 40.922484 39.263419 42.694579 37.864403 44.219588 36.372854 45.193338
265.980440 39.472521 37.881888 41.151617 36.561423 42.584850 35.123847 43.450521
273.447368 38.014700 36.509413 39.620582 35.203402 40.969352 33.834272 41.790232
281.123917 36.596812 35.168746 38.132023 33.881904 39.423572 32.572203 40.170619
289.015972 35.183643 33.795214 36.610656 32.620228 37.936990 31.299806 38.558464
297.129582 33.814324 32.501529 35.192011 31.291370 36.496766 30.063787 37.038439
305.470967 32.437629 31.157040 33.731388 29.997176 34.985405 28.746283 35.522053
314.046522 31.143745 29.921401 32.358967 28.737129 33.510859 27.486047 34.105547
322.862820 29.821225 28.673332 30.955101 27.507861 32.056021 26.223393 32.747147
331.926620 28.602618 27.488077 29.668439 26.316496 30.738909 25.048316 31.443597
341.244871 27.351887 26.279470 28.382718 25.136432 29.468949 23.863018 30.166651
350.824714 26.202949 25.140497 27.181082 23.997918 28.257950 22.776305 28.958244
360.673495 25.016532 23.999270 25.952281 22.863834 26.956400 21.671664 27.719831
370.798763 23.939612 22.956243 24.810457 21.829578 25.827093 20.674456 26.576279
381.208280 22.810953 21.869714 23.647903 20.769030 24.608127 19.652082 25.403378
391.910025 21.809965 20.903724 22.597998 19.808496 23.530902 18.743612 24.336455
402.912203 20.779996 19.899242 21.535990 18.811137 22.422708 17.809639 23.239580
414.223247 19.849989 19.007127 20.573628 17.945859 21.435104 16.981355 22.245366
425.851829 18.911237 18.082616 19.609367 17.068026 20.446930 16.136109 21.229605
437.806863 18.060080 17.245077 18.747497 16.264542 19.570520 15.382442 20.306300
450.097513 17.196097 16.395099 17.860311 15.452963 18.679801 14.622003 19.372167
462.733201 16.408137 15.629905 17.073647 14.719883 17.873177 13.939323 18.519444
475.723614 15.625185 14.864316 16.265438 13.981079 17.053639 13.258674 17.665802
489.078709 14.912813 14.169358 15.518066 13.318902 16.303700 12.642672 16.882187
502.808725 14.210250 13.488626 14.801660 12.665103 15.566359 12.036024 16.106476
516.924187 13.564496 12.865465 14.122540 12.063703 14.883579 11.481932 15.389523
531.435916 12.935501 12.254169 13.469652 11.494524 14.214880 10.943025 14.688020
546.355035 12.344466 11.682706 12.850256 10.971419 13.590970 10.445803 14.034492
561.692982 11.772758 11.130445 12.256283 10.449240 12.987090 9.968180 13.402587
577.461515 11.238373 10.615505 11.720179 9.962582 12.415087 9.522686 12.808640
593.672722 10.727974 10.126040 11.203723 9.506278 11.867745 9.099911 12.241104
610.339029 10.250125 9.665719 10.708346 9.079945 11.354335 8.701047 11.702471
627.473213 9.800114 9.240175 10.233468 8.666538 10.872132 8.326886 11.193706
645.088409 9.367368 8.823237 9.791384 8.270015 10.393888 7.969703 10.705860
663.198120 8.964712 8.441376 9.388873 7.909198 9.961786 7.636023 10.250122
681.816229 8.577001 8.069095 8.999828 7.561388 9.539569 7.292694 9.807766
700.957009 8.219165 7.724295 8.632959 7.242353 9.146502 6.983417 9.394012
720.635132 7.868706 7.387623 8.277720 6.920363 8.761413 6.676257 8.994373
740.865683 7.549835 7.085868 7.943730 6.627217 8.408017 6.397900 8.633221
761.664172 7.231391 6.783000 7.617923 6.351575 8.067365 6.123057 8.270092
783.046540 6.945531 6.509665 7.317828 6.102902 7.759547 5.876075 7.944449
805.029181 6.658302 6.240703 7.020957 5.850772 7.443294 5.629378 7.622269
827.628946 6.401136 5.997001 6.751740 5.629005 7.153688 5.409232 7.332321
850.863158 6.141685 5.751007 6.475779 5.400910 6.865982 5.186901 7.041016
874.749630 5.909194 5.532378 6.228918 5.193035 6.611489 4.989573 6.776986
899.306672 5.671858 5.306491 5.977715 4.980908 6.345718 4.788216 6.507299
924.553110 5.460027 5.106108 5.752313 4.793245 6.111830 4.610192 6.263745
950.508296 5.242407 4.904343 5.523218 4.600314 5.876073 4.427170 6.013353
977.192128 5.047266 4.720897 5.318272 4.434318 5.657223 4.265175 5.786503
1004.625062 4.847194 4.535806 5.102571 4.265297 5.427305 4.099128 5.552597
1032.828126 4.664984 4.361869 4.912672 4.112206 5.218115 3.949457 5.338842
1061.822941 4.480193 4.192571 4.717023 3.957543 5.007796 3.797418 5.121414
1091.631734 4.309437 4.038609 4.534286 3.809181 4.810600 3.658149 4.920146
1122.277356 4.137113 3.880400 4.352850 3.661514 4.611456 3.517872 4.717018
1153.783300 3.977360 3.734684 4.181864 3.521440 4.426496 3.387471 4.526812
1186.173716 3.816662 3.587180 4.008488 3.383509 4.241451 3.257096 4.336238
1219.473437 3.664611 3.446206 3.850546 3.258326 4.065098 3.134292 4.155973
1253.707987 3.513559 3.309193 3.690176 3.128707 3.889384 3.012316 3.976611
1288.903612 3.370574 3.178050 3.543417 3.005982 3.724491 2.896081 3.805443
1325.087292 3.229366 3.048286 3.391737 2.883587 3.563340 2.781321 3.636309
1362.286764 3.092681 2.924286 3.248452 2.765551 3.409020 2.670855 3.473642
1400.530545 2.958834 2.801736 3.103539 2.651262 3.257989 2.562417 3.313087
1439.847953 2.829659 2.685132 2.965577 2.540920 3.110349 2.457120 3.157939
1480.269127 2.702152 2.569415 2.832451 2.432170 2.963303 2.354362 3.009079
1521.825053 2.580325 2.456604 2.703624 2.324259 2.824570 2.253816 2.863823
1564.547589 2.460747 2.346720 2.574911 2.220878 2.689019 2.156313 2.723453
1608.469483 2.343863 2.238884 2.449015 2.120773 2.553705 2.060253 2.585670
1653.624407 2.231803 2.132641 2.327485 2.021711 2.425946 1.967757 2.455694
1700.046975 2.119366 2.028677 2.210181 1.923377 2.296621 1.876049 2.332545
1747.772774 2.013273 1.931429 2.099320 1.831294 2.180351 1.788454 2.215504
1796.838391 1.908093 1.829396 1.988871 1.739858 2.061907 1.701064 2.098992
1847.281437 1.808659 1.735445 1.880991 1.651046 1.953991 1.618363 1.989283
1899.140582 1.709616 1.641751 1.777557 1.563330 1.848270 1.535333 1.879503
1952.455581 1.617890 1.553256 1.681906 1.479724 1.748522 1.457583 1.777499
2007.267304 1.524050 1.464914 1.582107 1.397295 1.651109 1.377600 1.674549
2063.617768 1.438131 1.382055 1.491996 1.318087 1.559016 1.296371 1.581038
2121.550171 1.351163 1.299798 1.401760 1.237834 1.467656 1.210882 1.489331
2181.108924 1.272758 1.225440 1.319483 1.167236 1.383032 1.134641 1.405864
2242.339683 1.191739 1.149339 1.236954 1.095350 1.295417 1.056834 1.321577
2305.289387 1.119664 1.080518 1.161147 1.030335 1.218198 0.988783 1.246258
2370.006292 1.045746 1.010180 1.085478 0.965115 1.138565 0.918821 1.168742
2436.540009 0.980267 0.946706 1.016583 0.903981 1.070348 0.857433 1.098333
2504.941542 0.913379 0.882001 0.947787 0.843904 0.999894 0.794868 1.026487
2575.263327 0.853533 0.823775 0.886419 0.788418 0.935306 0.739701 0.961914
2647.559271 0.793334 0.765667 0.824239 0.731313 0.869512 0.684172 0.896731
2721.884795 0.739356 0.714156 0.768427 0.681055 0.811347 0.634917 0.837906
2798.296876 0.685585 0.661924 0.713182 0.629338 0.755521 0.586000 0.779691
2876.854090 0.637052 0.614600 0.663921 0.583734 0.703518 0.542306 0.727152
2957.616659 0.589444 0.568007 0.615648 0.538503 0.651862 0.499529 0.675369
3040.646493 0.546258 0.525879 0.571767 0.497130 0.604933 0.461011 0.628013
3126.007243 0.504287 0.485444 0.528863 0.457551 0.560360 0.423869 0.581974
3213.764344 0.466076 0.448400 0.489076 0.421371 0.519185 0.390122 0.539582
3303.985070 0.429325 0.412682 0.451071 0.387265 0.479714 0.358094 0.498967
3396.738582 0.395419 0.380176 0.416447 0.355944 0.443245 0.328702 0.461274
3492.095985 0.363714 0.349302 0.383686 0.326562 0.408865 0.301264 0.425714
3590.130377 0.334328 0.320304 0.352457 0.299003 0.376698 0.275811 0.392419
3690.916911 0.307085 0.293776 0.324098 0.273909 0.346873 0.252452 0.361514
3794.532847 0.281405 0.268911 0.296935 0.250185 0.318741 0.230531 0.332293
3901.057617 0.258024 0.246369 0.272832 0.228780 0.293077 0.210761 0.305622
4010.572881 0.235786 0.224930 0.249820 0.208440 0.268558 0.191979 0.280133
4123.162591 0.215898 0.205852 0.229221 0.190411 0.246577 0.175339 0.257270
4238.913057 0.196813 0.187281 0.209042 0.173059 0.225333 0.159326 0.235169
4357.913012 0.180081 0.171172 0.191501 0.157953 0.206624 0.145393 0.215695
4480.253680 0.163680 0.155518 0.174333 0.143219 0.188322 0.131804 0.196640
4606.028844 0.149652 0.142107 0.159585 0.130624 0.172492 0.120193 0.180151
4735.334923 0.135751 0.128791 0.144781 0.118169 0.156732 0.108712 0.163812
4868.271040 0.123992 0.117570 0.132224 0.107675 0.143313 0.099080 0.149928
5004.939103 0.112188 0.106302 0.119883 0.097138 0.129878 0.089419 0.135988
5145.443878 0.102403 0.096954 0.109495 0.088465 0.118757 0.081460 0.124360
5289.893076 0.092437 0.087427 0.098926 0.079641 0.107456 0.073363 0.112524
5438.397428 0.084334 0.079778 0.090325 0.072509 0.098201 0.066812 0.102831
5591.070777 0.075994 0.071791 0.081491 0.065177 0.088686 0.060077 0.092867
5748.030158 0.069276 0.065408 0.074341 0.059302 0.080969 0.054675 0.084782
5909.395895 0.062396 0.058887 0.067049 0.053293 0.073035 0.049150 0.076505
6075.291689 0.056768 0.053519 0.061071 0.048403 0.066509 0.044651 0.069702
6245.844712 0.051107 0.048150 0.055052 0.043506 0.059951 0.040134 0.062865
6421.185709 0.046400 0.043703 0.050058 0.039458 0.054491 0.036396 0.057165
6601.449093 0.041788 0.039320 0.045109 0.035469 0.049133 0.032713 0.051538
6786.773051 0.037872 0.035627 0.040904 0.032114 0.044603 0.029616 0.046777
6977.299650 0.034084 0.032051 0.036850 0.028869 0.040211 0.026621 0.042162
7173.174944 0.030842 0.028986 0.033371 0.026096 0.036437 0.024061 0.038197
7374.549090 0.027761 0.026072 0.030062 0.023462 0.032844 0.021631 0.034424
7581.576458 0.025084 0.023538 0.027176 0.021174 0.029708 0.019520 0.031132
7794.415750 0.022582 0.021176 0.024471 0.019042 0.026778 0.017553 0.028056
8013.230128 0.020367 0.019092 0.022088 0.017158 0.024180 0.015815 0.025330
8238.187331 0.018338 0.017185 0.019900 0.015435 0.021793 0.014226 0.022829
8469.459808 0.016513 0.015471 0.017935 0.013887 0.019638 0.012798 0.020576
8707.224849 0.014872 0.013929 0.016163 0.012496 0.017704 0.011516 0.018548
8951.664721 0.013371 0.012521 0.014542 0.011227 0.015934 0.010345 0.016691
9202.966809 0.012046 0.011277 0.013109 0.010107 0.014369 0.009313 0.015049
9461.323756 0.010814 0.010122 0.011776 0.009067 0.012912 0.008354 0.013521
9726.933615 0.009748 0.009121 0.010619 0.008167 0.011647 0.007524 0.012194
10000.000000 0.008739 0.008175 0.009523 0.007316 0.010449 0.006741 0.010940
