0.010000 298128.199675 3.668276 121104150.871242 0.044992 1093452534.508519 0.001269 1853880856.809872
0.010281 318934.129223 4.053696 126882922.651610 0.049749 1139905071.536916 0.001418 1933551477.101077
0.010569 341191.797536 4.479611 132937368.849343 0.055290 1188330228.925795 0.001584 2016644231.099903
0.010866 363946.110044 4.950274 139280635.325120 0.061577 1238811717.398517 0.001769 2103305988.586210
0.011171 385088.417310 5.470389 146154896.769395 0.068580 1291436797.306083 0.001976 2193689911.972900
0.011485 410679.688104 6.045149 153381065.140629 0.076378 1346296423.834095 0.002207 2287955726.877378
0.011807 439097.009678 6.722916 160743049.345751 0.085064 1403485411.909926 0.002465 2386270005.469110
0.012139 469480.324645 7.426929 168196643.846525 0.094736 1463102588.919094 0.002753 2488806453.615987
0.012479 501965.610345 8.204663 175995772.224944 0.105509 1525250975.006199 0.003076 2595746219.353850
0.012830 536698.244629 9.063837 184224394.653351 0.117507 1590037952.714542 0.003435 2707278210.138041
0.013190 573833.655898 10.012978 193014027.814868 0.130870 1657575451.818635 0.003837 2823599425.846586
0.013560 613538.018716 11.061509 202222885.362460 0.145751 1727980148.830990 0.004286 2944915299.191572
0.013941 655988.994561 12.291803 211870951.220831 0.162325 1801373657.155783 0.004788 3071440063.334271
0.014332 701376.526471 13.714883 221979161.326881 0.180784 1877882745.108150 0.005348 3203397120.628317
0.014735 749903.687042 15.257039 232569448.405299 0.201341 1958103521.545491 0.005974 3341019437.448925
0.015148 801787.586417 16.860397 244267970.493227 0.224237 2042382996.534431 0.006673 3484549953.973878
0.015573 857260.340494 18.632247 256855062.767346 0.249736 2130287106.602474 0.007453 3634242004.325713
0.016011 916570.108451 20.590293 270090429.122156 0.277431 2221971529.308676 0.008325 3790359764.292877
0.016460 979982.200806 22.754101 284007430.563004 0.307093 2317598614.578891 0.009299 3953178714.672338
0.016922 1041337.180975 25.145293 298641142.312853 0.339926 2417337668.969621 0.010387 4122986118.415606
0.017397 1105790.230179 27.787761 313997732.818109 0.376269 2521365250.824468 0.011602 4300081526.540432
0.017886 1174232.044324 30.707910 328041855.950389 0.416498 2629865482.462450 0.012960 4484777300.629506
0.018388 1246909.431151 33.934918 342714024.509247 0.461027 2743030370.591959 0.014476 4677399158.890331
0.018904 1324084.457817 37.501030 358042317.314498 0.510317 2861060143.411234 0.016170 4878286742.730525
0.019435 1406035.405866 41.441876 374056066.291527 0.564876 2984163601.260660 0.018062 5087794215.774975
0.019980 1493057.763679 45.796834 390785918.134128 0.625268 3112558481.535974 0.020175 5306290874.302653
0.020541 1585465.301714 50.609417 408263882.688288 0.692116 3246471840.188969 0.022535 5534161795.508756
0.021118 1683591.197656 55.927708 426523404.276755 0.766110 3386140447.699836 0.025171 5771808510.207099
0.021711 1787789.229537 61.804846 446558481.956753 0.848015 3531811202.777175 0.028116 6019649696.498009
0.022320 1898435.064180 68.531088 467856343.111520 0.938675 3683741564.637660 0.031406 6278121917.239405
0.022947 2022628.297258 76.107473 490169385.074189 1.039027 3844847447.140299 0.035080 6547680372.116363
0.023591 2164349.656095 84.521316 513545952.244318 1.150107 4013869679.232578 0.039184 6828799695.546247
0.024253 2315997.570672 93.865166 538036687.905961 1.273061 4190313271.889835 0.043769 7121974778.344376
0.024934 2478266.968276 103.953532 563694642.810175 1.409159 4374503421.133900 0.048890 7427721628.195728
0.025634 2651901.389733 114.822675 591276287.325379 1.559805 4566779525.970920 0.054609 7746578268.536415
0.026354 2837696.386716 126.828199 620522757.034783 1.726555 4767495803.088067 0.060998 8079105669.331955
0.027094 3036503.156583 140.088904 652277315.499589 1.911129 4977021931.938192 0.068135 8425888722.727456
0.027854 3229588.066449 154.736007 683424266.921875 2.118379 5195743723.259002 0.076106 8787537255.421616
0.028636 3428807.405225 170.914443 717225616.522971 2.361879 5424063820.249357 0.085010 9164687085.624683
0.029440 3657179.174656 188.784297 752697608.550718 2.633368 5662402428.583491 0.094956 9558001124.182981
0.030266 3911493.686633 208.522386 789922726.131354 2.936064 5911198075.659019 0.106066 9968170523.152771
0.031116 4183483.843072 230.324010 828987517.225062 3.273553 6170908406.472236 0.118475 10395915867.312384
0.031990 4474377.262601 254.404880 869982794.962354 3.649836 6442011009.569974 0.132336 10841988423.888977
0.032888 4785486.734890 281.444590 913003847.137455 4.069370 6725004279.869157 0.147818 11307171436.252193
0.033811 5118216.122511 311.544259 958150656.382208 4.537128 7020408319.769826 0.165112 11792281475.121038
0.034760 5474066.669782 344.108621 1005528130.063254 5.058653 7328765876.600765 0.184429 12298169848.817759
0.035736 5854643.745313 380.729393 1055246342.695276 5.640125 7650643321.302810 0.206007 12825724069.306454
0.036739 6182702.228945 425.119644 1107420789.390087 6.288434 7986631668.314590 0.230108 13375869378.282846
0.037771 6539716.147316 472.174216 1162172652.119782 7.011263 8337347639.073674 0.257030 13949570338.295198
0.038831 7012638.149971 523.651042 1219629078.327816 7.817179 8703434770.532030 0.287101 14547832491.317324
0.039921 7370613.478464 580.738885 1279923474.417086 8.715731 9085564571.552303 0.320690 15171704086.443964
0.041042 7746839.812377 642.820412 1343195811.566284 9.669995 9484437727.746538 0.358209 15822277872.963987
0.042194 8252925.621757 714.260079 1409592948.899539 10.709412 9900785357.056734 0.400117 16500692978.179005
0.043379 8690422.527487 792.123448 1479268970.174006 11.860539 10335370319.801208 0.446928 17208136854.744560
0.044596 9192051.867585 878.473167 1552385538.079655 13.135378 10788988582.486605 0.499216 17945847309.586880
0.045848 9807961.626837 974.233922 1629112265.941206 14.547222 11262470641.938400 0.557622 18715114624.059681
0.047135 10465103.639333 1080.431121 1709627106.757536 16.110792 11756683005.223671 0.622860 19517283749.044628
0.048459 11166234.672418 1198.201857 1794116761.229849 17.842389 12272529737.462280 0.695731 20353756604.199398
0.049819 11914295.468217 1328.807072 1882777106.842291 19.760068 12810954069.339178 0.777127 21225994460.000965
0.051218 12712422.986333 1473.645036 1970457644.921531 21.883820 13372940077.174252 0.868046 22135520426.012741
0.052655 13563963.462371 1634.266299 2060790912.481730 24.235784 13959514430.132797 0.969602 23083922037.399246
0.054134 14472486.326315 1812.390265 2158477107.932684 26.840479 14571748211.289635 1.083039 24072853947.654808
0.055653 15275171.064189 2009.923571 2268197191.696688 29.725053 15210758817.412697 1.209748 25104040735.644230
0.057216 16041235.964965 2228.980470 2383485203.112948 32.919575 15877711935.047169 1.351280 26179279819.681431
0.058822 16845708.771650 2470.791861 2504622943.391493 36.562044 16573823600.364981 1.509371 27300444500.177856
0.060473 17690573.714289 2729.194533 2631906415.979129 40.786209 17300362345.844719 1.685958 28469487116.464390
0.062171 18577834.537332 3014.617826 2765646537.297784 45.498404 18058651435.826763 1.883203 29688442342.134903
0.063916 19509534.384990 3329.886703 2905880440.501551 50.755010 18850071192.866863 2.103525 30959430606.699184
0.065711 20487924.848437 3678.121400 3052298711.764118 56.618937 19676061425.176521 2.349623 32284661658.180717
0.067555 21601623.230731 4062.768278 3207444199.124732 63.160337 20538123949.220226 2.624512 33666438273.373772
0.069452 23004361.643441 4487.633903 3370456406.481479 70.457485 21437825221.141415 2.931562 35107160113.056412
0.071402 24498138.844992 4956.922679 3541732682.596373 78.597699 22376799074.951363 3.274533 36609327736.812355
0.073406 26088858.544070 5475.278408 3721690323.333728 87.678373 23356749572.327324 3.657630 38175546778.846542
0.075467 27782806.837993 6047.830205 3910767563.209641 97.808161 24379453971.781948 4.085546 39808532288.571548
0.077585 29559718.857007 6680.243191 4109424615.405984 109.108275 25446765818.072716 4.563524 41511113249.547340
0.079763 31381688.581827 7378.774490 4318144762.617863 121.713920 26560618159.133591 5.097422 43286237278.921631
0.082003 33315891.942384 8150.335064 4537435501.143103 135.775926 27723026893.939827 5.693781 45136975511.245308
0.084305 35369236.431069 9002.558020 4767829740.703698 151.462545 28936094256.330990 6.359909 47066527681.910767
0.086671 37549054.102096 9943.874023 5009887062.456925 168.961476 30202012441.143948 7.103968 49078227407.713051
0.089105 39863127.640710 10983.594613 5264195038.689878 188.482108 31523067378.205833 7.935075 51175547683.023582
0.091606 42319717.959113 12132.004189 5531370615.768677 210.257988 32901642656.211655 8.863414 53362106587.257080
0.094178 45111025.412957 13400.461612 5812061564.932034 234.549679 34419488508.537163 9.900361 55641673223.045464
0.096822 48385228.519701 14801.512418 6106948002.449091 261.647836 36029536112.145332 11.058620 58018173885.867973
0.099540 51896696.971027 16349.012714 6416743984.060594 291.876674 37714541510.307228 12.352384 60495698475.875549
0.102334 55492860.578562 18182.921266 6742199175.492332 325.597914 39477967478.668991 13.797506 63078507162.401283
0.105207 59094155.509965 20068.571457 7084100603.941224 363.215008 41323434717.687744 15.411693 65771037307.830795
0.108160 62928966.165699 22056.507482 7443274493.755485 405.178060 43254728901.782745 17.214724 68577910662.868065
0.111197 67012415.665581 24334.576759 7820588189.721575 451.989139 45275808028.846062 19.228691 71503940837.874557
0.114318 71360604.793070 26878.458448 8198973259.783282 503.909603 47390810087.158401 21.478271 74554141067.733978
0.117528 75990675.024594 29688.199372 8589566956.298869 561.289605 49604061048.725372 23.991027 77733732273.399597
0.120827 80920875.620589 32791.574470 8998708067.791250 625.203004 51920083202.679893 26.797750 81048151435.252975
0.124219 86170635.016013 36219.259063 9427272696.509712 696.393641 54343603843.860031 29.932827 84503060286.282349
0.127706 91760636.801048 40005.131546 9876177973.088943 775.690034 56879564328.141365 33.434674 88104354338.912308
0.131291 97712900.561346 44186.607641 10346383951.067820 864.015020 59533129510.346657 37.346196 91858172252.613693
0.134977 104050867.917083 48805.009502 10838895586.282696 962.396486 62309697579.119827 41.715321 95770905560.385132
0.138766 110799494.082940 53905.973322 11354764805.509090 1071.979332 65214910302.987923 46.595581 99849208758.571716
0.142662 117985345.265124 59539.899397 11895092668.021463 1194.038779 68254663705.777328 52.046773 104100009780.094147
0.146667 125636702.347891 65941.920842 12482306610.677019 1329.995213 71435119184.225006 58.135687 108530520855.837357
0.150785 133783671.158983 73589.670768 13109885207.930645 1472.889120 74505453524.052078 64.936927 113148249784.110016
0.155018 143202139.032209 82123.527842 13768831202.089041 1625.018457 77697219710.925247 72.533826 117961011616.175522
0.159369 154228304.372868 91469.426652 14460697669.342323 1792.852208 81024801122.923325 81.019462 122976940775.037125
0.163843 166101459.259585 100820.020182 15184801229.226685 1978.010417 84493911069.486115 90.497804 128204503618.988037
0.168443 176817739.104270 111125.198160 15916638838.014013 2182.280095 88055561177.507278 101.084983 133652511462.363007
0.173172 187517642.995338 122482.240801 16707887763.648739 2407.632410 91751815982.006638 112.910716 139330134074.280762
0.178033 198864409.878007 134998.319289 17494526794.278442 2656.241642 95624089838.453018 126.119892 145246913660.849457
0.183031 210897089.219514 148791.498444 18318065831.581692 2930.506089 99908348664.496368 140.874349 151412779354.253265
0.188169 226079693.311353 163991.840626 19180225396.659340 3233.071109 104179383478.964600 157.354861 157838062216.555237
0.193452 242415362.464456 180742.621068 20082805441.538330 3566.854549 108631515551.296143 175.763346 164533510778.550171
0.198883 259928270.579460 199201.665804 21027688955.217503 3944.822151 113272317161.200623 196.325339 171510307126.479584
0.204466 278702937.524613 219542.824511 22016845730.371548 4401.066361 118109669607.670715 219.292764 178780083553.188293
0.210206 298829918.737005 242683.382264 23052336294.535950 4910.077033 123151775277.576324 244.947007 186354939788.351562
0.216107 320406232.902372 270043.512325 24136316015.966866 5477.956829 128407170147.266159 273.602379 194247460824.904724
0.222174 343535819.602806 300485.870945 25297625674.010956 6111.513905 133884736727.868561 305.609949 202470735357.167511
0.228411 368330028.992699 334357.343916 26538988223.944374 6818.343903 139593717469.966644 341.361858 211038374846.575470
0.234823 394908145.713961 372043.807851 27840937108.529110 7606.920869 145543728639.299683 381.296116 219964533232.021362
0.241416 420589715.111972 412254.302795 29167267398.398182 8486.698745 152041826371.913422 425.901970 229263927296.650696
0.248193 447252616.037567 455417.812526 30453221658.879425 9468.224889 158997533107.274048 475.725894 238951857716.524750
0.255161 475601846.743658 503097.940512 31795579039.758713 10563.266363 166266297451.873962 531.378290 249044230794.498718
0.262324 509016822.181136 555766.944353 33284906575.096767 11784.951072 173861827556.746887 593.540954 259557580907.287201
0.269688 547417168.760381 613946.412007 34847277871.476608 13147.924889 181798403736.995911 662.975440 270509093671.843842
0.277259 585959675.969465 678212.408018 36482577004.379974 14668.527657 190090900294.121490 740.532376 281916629853.149902
0.285043 622933117.262787 743002.453290 38194177026.720230 16364.988640 198754808019.799042 827.161892 293798750023.418457
0.293045 670809458.897511 813226.271630 39985604649.039139 18200.098219 207724562335.155762 923.925257 306174739992.664185
0.301271 722351043.899092 890069.620578 41860547061.025864 20307.234599 216704127911.126862 1032.007873 319064637019.411743
0.309729 777836933.403223 974154.294847 43822859042.650467 22658.321095 226546537924.193451 1152.733795 332489256818.458435
0.318424 837567271.084731 1066160.225721 45876570376.477394 25281.599309 236786275169.033081 1287.581955 346470221380.464905
0.327363 901864858.330973 1172530.333699 48025893571.356598 28208.581022 246920120147.555939 1438.204276 361029987610.323059
0.336553 971076845.234174 1297850.501127 50275231910.680969 31474.425280 257481770083.708130 1606.445879 376191876802.484375
0.346002 1045576545.703914 1440358.854815 52629187837.707748 35118.361546 268488864334.761383 1794.367730 391980104958.261414
0.355715 1120769563.556448 1598490.844618 55092571689.596748 39184.160659 279959739690.498413 2004.271833 408419813959.399902
0.365701 1201297072.699933 1773955.928993 57670410793.496094 43720.660442 291913455830.070740 2238.729457 425537103603.390442
0.375967 1287482056.930134 1946629.765834 60367958939.885315 48782.352175 304369821555.617615 2500.612604 443359064509.976257
0.386522 1367861828.329224 2129366.118385 63190706244.009346 54430.035142 317349421816.726929 2793.129196 461913811903.275757
0.397373 1453241540.044881 2348581.622709 66144389411.817780 60731.546811 330873645538.348999 3119.862357 481230520275.237366
0.408529 1543930528.262600 2593516.777690 69235002425.321899 67762.577313 344964714259.360474 3484.814293 501339458932.429871
0.419997 1657084831.557586 2863971.394881 72468807659.839767 75607.578717 359645711598.064148 3892.455303 522272028427.221069
0.431788 1787068539.746669 3162600.928468 75994432850.396942 84360.779125 374940613547.584717 4347.778518 544060797873.149719
0.443910 1927184249.146233 3492336.690582 79718340785.916306 94127.313920 390874319612.471802 4856.361073 566739543139.960815
0.456372 2072782269.678514 3856414.446266 83622879680.741745 105024.489026 407472684792.567383 5424.432356 590343285922.625732
0.469183 2208205088.829331 4246940.769447 87656632563.144760 116440.190950 424762552419.557922 6058.950307 614908333678.587402
0.482355 2353456530.504836 4698790.010199 91384362003.496658 128378.236829 442771787847.717468 6767.686653 640472320418.114014
0.495896 2508175468.040161 5174854.615206 95268833502.767288 141537.682133 461529313004.449219 7559.322014 667074248338.430542
0.509818 2672970809.146523 5733377.405351 99702792571.964661 156043.151917 481065141797.234009 8443.552234 694754530279.232788
0.524130 2848489858.039703 6322719.932564 104511944319.675537 172031.942581 501410416376.480408 9431.207065 723555032984.872192
0.538844 3041289691.568847 6908937.273839 109555027687.317856 189655.304341 522597444249.469116 10534.382802 753519121142.078247
0.553971 3263347427.162454 7549232.873168 114837748587.730042 209079.852719 544659736239.757690 11766.590365 784691702171.223267
0.569523 3501528319.441932 8248562.159134 120371210290.753235 230489.121939 567632045280.465942 13142.920693 817119271733.490845
0.585511 3768816727.544187 9043715.520694 126269510627.166199 254085.274379 591550406031.020142 14680.229571 850849959919.062378
0.601948 4041018865.229609 9986938.939666 132471885044.871033 280090.981622 616452175302.252441 16397.343911 885933578074.417847
0.618847 4324841709.391332 10941139.821155 138973858776.596893 308751.494184 642376073268.324341 18315.292275 922421666219.694946
0.636220 4572836731.404460 11995978.484186 145789512681.362457 340336.918697 669362225447.994141 20457.562321 960367541005.696899
0.654081 4811119301.569372 13250500.811134 152933559433.554962 375144.723125 697452205424.807373 22850.388308 999826344149.312988
0.672443 5115094543.824244 14636024.219604 160421369589.326416 413502.492664 726689078278.179199 25523.072224 1040855091286.948975
0.691320 5437100515.767432 16166201.743752 168268998555.280823 455770.961160 757117444692.300903 28508.342481 1083512721168.670410
0.710728 5831569629.882061 17902799.641781 176493214475.532654 502347.345319 788783485700.303101 31842.754556 1127860145122.704346
0.730680 6226397656.819231 19866954.057942 185111527055.211639 553669.011662 821735008023.250366 35567.138403 1173960296698.007568
0.751193 6705863201.286166 21765096.014575 194142217335.493744 610217.509080 856021489953.577881 39727.098221 1221878181398.086182
0.772281 7107391504.114464 24059386.238512 203604368435.301117 672523.003060 891694127727.287842 44373.570534 1271680926402.116943
0.793962 7531821642.495076 26396051.147500 212840100750.184326 741528.228059 928805882325.999756 49563.447765 1323437830166.886475
0.816251 7981466433.671228 28952612.956821 222256071413.908447 827355.240219 967411526641.502319 55360.274364 1377220411790.815430
0.839166 8521294248.494198 31756609.241271 232075458875.940552 923104.089532 1007567692929.868042 61835.024496 1433102460015.592773
0.862724 9136630056.565548 34744756.489266 242991300334.271973 1029919.994250 1049332920474.712036 69066.970664 1491160081727.798340
0.886943 9841699336.422455 38204915.549387 254506355540.125092 1149080.098120 1092767703372.576904 77144.653620 1551471749817.971680
0.911843 10600460655.617941 41904229.633448 266292955742.014343 1282008.629634 1137934538346.926514 86166.966055 1614118350239.822021
0.937441 11416927453.848253 46205586.465835 278909918008.385925 1430293.797625 1184897972485.932861 96244.362317 1679183228105.828857
0.963758 12213583411.222015 50997097.449354 292108954647.284485 1595706.621218 1233724650795.464844 107500.210179 1746752232642.401367
0.990814 12992705015.376049 55720758.242310 305915743467.586060 1780221.914753 1284483363446.308350 120072.300145 1816913760817.159912
1.018629 13820784687.425669 60752412.522392 320357008061.954224 1986041.673134 1337245092589.201416 134114.531110 1889758799441.760254
1.047225 14700830945.262356 66513302.944395 335460554014.969177 2215621.131009 1392083058597.712646 149798.793373 1965380965538.573242
1.076624 15671249351.387888 73142122.395096 351255305892.585632 2471697.800108 1449072765594.557617 167317.071244 2043876544751.800537
1.106848 16705300326.022778 80681377.892559 367771344992.175293 2757323.823434 1508292046102.318848 186883.791753 2125344527568.014404
1.137921 17839040955.130814 88169262.888339 385039947828.513489 3075902.023367 1569821104653.449951 208738.447269 2209886643102.937988
1.169866 18949300051.944771 96748716.747616 403093625327.184387 3431226.063310 1633742560179.562744 233148.525040 2297607390194.517090
1.202708 20263223906.063793 107127033.270128 421966162691.947083 3827525.189843 1700141486994.500977 260412.778714 2388614065535.287598
1.236472 21480350739.047554 118946863.880191 441692659908.548157 4269514.075044 1769105454169.605225 290864.882320 2483016788560.055176
1.271184 22804654181.713768 131624674.217712 462309572841.803345 4762448.337137 1840724563092.605225 324877.510723 2580928522796.923340
1.306870 24369313844.854107 145369671.851608 483854754878.245544 5312186.382792 1915091482986.606445 362866.896996 2682465093373.773438
1.343558 26039440981.893703 160105689.820516 506015663584.070557 5925258.286644 1992301484158.312500 405297.922320 2787745200363.402832
1.381276 27821964556.029057 176390898.586371 528737875434.969849 6608942.504117 2072118580026.926270 452689.800204 2896890427638.421875
1.420053 29592914678.350418 194439433.312261 552444914876.930298 7371351.302817 2153484244082.321533 505622.424608 3010025246893.822754
1.459919 31458076689.303024 214316388.331932 577176913395.407349 8221525.897300 2237838729278.895996 564743.459569 3127277016486.309082
1.500903 33708058985.995396 236204629.405892 604174961024.922485 9169542.382002 2325278360306.911621 630776.257035 3248775974730.105957
1.543038 36116457448.439865 260305010.012833 632797631386.923828 10226629.679874 2415901699602.670898 704528.699262 3374655227274.904297
1.586357 38694167625.123405 286838102.876949 660713841504.741455 11405300.860248 2509809542463.974121 786903.073380 3505050728188.652344
1.630891 41324087102.710823 316046093.499557 689824693742.447144 12719499.330509 2607104907605.404785 878907.100225 3640101254355.962891
1.676675 44127687102.932564 348194850.286345 720178671092.648315 14127798.420370 2707893022859.804688 981666.249480 3779948372795.402832
1.723745 47233714777.884605 383576187.109076 751826037164.596069 15675412.423573 2812281305726.556152 1096437.494157 3924736400497.450195
1.772136 50717523748.531212 422510335.486354 784818888386.988037 17392502.346239 2921553253347.789551 1224624.670024 4074612356374.432617
1.821885 53890056700.144386 465348645.020766 819211206790.693726 19297619.301043 3043728162138.037109 1367795.628667 4229725904915.630859
1.873032 57256549268.061134 512476532.294693 855058913296.749634 21411343.935534 3167741869595.054688 1527701.392845 4390229291135.313477
1.925614 60828459620.091187 564316700.113952 892419921431.528931 23756508.310745 3288570447730.334473 1706297.548172 4556277266403.638672
1.979672 65274221232.396095 621332650.804413 932248223570.001831 26358442.021075 3409556973129.317383 1905768.131395 4728027004751.240234
2.035248 69304991494.299057 684032519.220269 977172756638.684692 29189677.391185 3534403836447.837891 2128552.307312 4905638009242.066406
2.092383 73535233318.612015 752973253.224496 1024144818526.352173 32255008.319422 3663198948016.486328 2377374.159057 5089272008015.333008
2.151123 78014433821.447449 828765171.659071 1073249164104.527832 35642174.069155 3796030161967.835449 2655275.954530 5279092839605.335938
2.211512 82756455076.127625 912076932.247650 1124573447964.052490 39384954.456581 3932985138182.516602 2965655.295909 5475266327159.050781
2.273597 87775865427.186569 1003640944.475290 1178208281145.260986 43520673.250235 4079302548717.244629 3312306.602851 5677960141184.049805
2.337424 94420090741.645935 1109178384.891023 1234247285885.080322 48090569.790520 4230971050850.934082 3699467.436344 5887343650475.005859
2.403043 100802653410.907944 1214810018.379428 1283097386673.284424 53140209.472859 4387684055542.192871 4131870.227422 6103587760887.995117
2.470504 108759287611.854355 1336254381.263315 1333505996635.568848 58719937.255134 4549572765955.364258 4614800.039625 6326864741650.892578
2.539859 115399902694.053055 1473504908.502068 1385746782876.271484 64885378.641291 4716769587823.866211 5154159.070864 6557348038925.519531
2.611161 122298286087.185577 1627225462.696164 1439876818534.230713 71697993.052424 4889407995878.681641 5756538.676546 6795212076364.384766
2.684465 129595571112.099854 1781599418.260859 1499965334120.718262 79225685.354436 5067622390461.005859 6429299.795852 7040632042437.125000
2.759826 138219290103.589050 1958464574.230733 1569844019617.845215 87543481.065356 5251547944123.949219 7180662.753021 7293783664336.854492
2.837304 147748839769.117096 2147351166.145516 1642761354034.809814 96734272.516733 5441320438050.761719 8019807.534503 7554842968315.013672
2.916956 156008019115.380096 2354025033.089750 1718834169334.517334 106814207.568878 5637076088148.133789 8956985.754931 7823986026336.571289
2.998844 163526412361.486176 2563257301.934032 1798182742629.793945 117855917.171469 5838951360700.689453 10003645.679002 8101388688992.000000
3.083031 172872661656.208130 2790973006.820393 1880930827232.347900 130038513.923349 6047082777506.650391 11172571.815039 8387226304653.825195
3.169582 183064289457.640686 3038791582.922580 1963804838942.272949 143479803.372125 6261606710450.314453 12478040.782864 8681673424916.559570
3.258562 193833328257.776794 3308472788.384871 2040307848629.201416 158309744.099681 6482659165506.304688 13935995.344651 8984903496417.345703
3.350041 206213851064.284729 3609476361.097618 2119487314514.163818 174671699.767271 6710375556211.282227 15564238.720681 9297088539193.943359
3.444087 219909637999.670593 3926875004.521963 2201418049046.453125 192723819.900423 6944890466683.274414 17382651.542948 9618398811800.494141
3.540774 234473825901.261749 4308719711.504195 2286175832412.347656 212640562.590151 7186337404315.392578 19413434.088823 9949002463467.171875
3.640175 249540273472.597443 4747571304.417132 2373837356395.249512 234614373.709131 7434848542321.547852 21681376.732574 10289065173662.238281
3.742366 264318755285.036743 5220810643.707373 2464480163747.386230 258857538.604299 7690554452361.646484 24214161.902237 10638749779483.085938
3.847427 279934725557.514526 5762500025.552132 2558182583025.604004 285604223.993770 7953583827529.854492 27042701.197344 10998215891383.123047
3.955436 296432510855.809875 6347828062.474909 2655023658861.319824 315112729.438926 8224063196045.845703 30201511.773510 11367619497813.761719
4.066478 314162221874.764160 6961269099.182961 2755083077655.179199 347667970.006308 8502116626046.808594 33729136.545508 11747112559443.505859
4.180637 332261381154.945129 7644379358.196898 2861405712521.869629 383584213.484531 8787865421938.507812 37668613.307860 12136842593694.187500
4.298001 352313207554.896423 8343667261.925649 2978666116222.947266 423208098.478355 9081427812826.179688 42067998.473229 12536952250417.679688
4.418660 372605617517.444824 9133286075.993536 3100350380972.657227 466921961.814348 9382918633607.878906 46980951.749860 12963004556680.039062
4.542706 393427747307.942871 9867499762.302113 3226600355691.381836 515147506.912063 9692448999377.765625 52467388.873111 13418518140752.195312
4.670234 416693554833.118469 10659490728.766012 3357560830717.874023 568349848.047870 10010125973850.394531 58594210.270303 13886820318167.705078
4.801343 440791235693.365356 11545071079.594902 3493582624502.803711 627041968.475856 10336052232581.369141 65436114.496985 14368095600082.244141
4.936132 466207554387.507385 12500608548.255217 3637847467382.277832 691789634.984590 10670325721825.322266 73076506.281667 14862521995340.417969
5.074705 493008647350.231384 13761342404.905611 3787278578294.818848 763216814.977787 11013039313933.169922 81608510.176058 15370270497481.775391
5.217169 521263502648.308533 15184051811.896477 3942012543939.761719 842011647.501838 11364280460255.078125 91136102.051370 15891504569207.000000
5.363631 554367804866.421387 16750105636.353399 4102186754143.609375 928933024.239650 11724130842574.714844 101775372.145627 16426379625872.320312
5.514206 586420565894.420410 18473483708.796707 4267939235366.957520 1024817842.638659 12092666024159.417969 113655934.897671 16975042519650.464844
5.669007 617426722556.748291 20369473435.213760 4434191600479.659180 1130588999.231596 12469955101565.503906 126922502.626517 17537631026057.480469
5.828155 650305066612.292480 21939208538.337162 4613380284555.377930 1247264198.185921 12856060358392.179688 141736642.036183 18114273334601.351562
5.991770 686969550621.709229 23735189584.750820 4798660558516.583984 1375965657.646325 13251036922224.478516 158278734.757068 18705087545354.707031
6.159978 724163815212.285400 26245207655.261379 4989504641586.915039 1517930804.836629 13654932426050.804688 176750165.575141 19310181173295.531250
6.332908 759859671047.408569 28542513374.088318 5185228432760.185547 1674524059.506422 14069328458392.535156 197375764.740916 19929650662289.562500
6.510694 799172255241.677734 30779446384.544956 5387361637752.047852 1847249815.867202 14513051573065.794922 220406533.776266 20563580910610.679688
6.693470 849620094820.532837 33029441855.640778 5596041378897.039062 2037766743.650626 14967117816355.593750 246122687.646971 21212044809907.617188
6.881377 889740315242.048218 35678851886.669518 5786632811953.531250 2247903541.302104 15431585143041.593750 274837049.907867 21875102799526.589844
7.074559 931692450144.365479 39069970891.392036 5991297770947.266602 2479676287.034633 15906502586475.857422 306898841.682198 22552802438091.734375
7.273165 977979757508.841064 42719184255.247612 6186917952286.346680 2735307548.535638 16395308109159.748047 342697910.076130 23245177994224.472656
7.477346 1046668611795.517334 46843451282.938423 6387905142010.840820 3017247427.094292 16887837244454.679688 382669446.820371 23952250058252.996094
7.687260 1093831217457.444458 51039929602.237389 6594886999008.907227 3328196730.565180 17394304802376.142578 427299253.858034 24674025176720.421875
7.903066 1142955374538.707520 55407779464.688995 6827162487799.323242 3671132487.237089 17911322522098.070312 477129619.114904 25410495511447.625000
8.124930 1215755200851.017090 60135037356.162964 7083377843955.409180 4049336034.258898 18438889791694.949219 532765872.930780 26161638524841.011719
8.353023 1279490047885.783447 66203748354.987213 7347717897072.805664 4466423937.486712 18976995165310.476562 594883703.811539 26927416693061.449219
8.587519 1351444460576.088623 72731205868.428177 7620353395095.882812 4926382023.572315 19525616103078.839844 664237321.161471 27707777248582.273438
8.828599 1418658611499.601562 78010567443.772858 7842121522650.463867 5433602833.023658 20084718731905.144531 741668562.799097 28502651953569.605469
9.076446 1503235514625.242188 85986907506.305893 8122349313942.848633 5992926833.417938 20635935114779.250000 828117056.189812 29311956905408.949219
9.331251 1576964279355.705566 95784580591.017456 8424731570004.457031 6609687763.242002 21122290102689.738281 924631555.008520 30135592375587.968750
9.593209 1671534526500.381104 105731170497.974060 8735946051299.563477 7289762513.791798 21613747698751.066406 1032382586.475171 30973442683018.140625
9.862522 1770882037544.649902 117320004405.093628 9056127081468.531250 8039625994.813050 22119548307112.843750 1152676560.499245 31825376102746.339844
10.139395 1865503070798.806641 127386663910.568222 9385405323457.570312 8866411472.498989 22689680648918.492188 1286971509.033327 32691244810865.671875
10.424040 1958231052022.611816 142089576204.168945 9663159855834.265625 9777976914.092127 23267626096569.328125 1436894643.264795 33570884866289.261719
10.716676 2051125624494.970459 156570124371.075653 9932640297401.503906 10782977924.519672 23853231198382.316406 1604261937.848355 34464116229895.953125
11.017528 2146852342704.122314 171446456645.270233 10207562488642.675781 11890947915.656151 24446333554582.054688 1791099975.248248 35370742821403.695312
11.326826 2253318317595.219727 181617351040.335938 10532759838156.386719 13112386207.253847 25046761992482.304688 1999670310.063733 36290552614162.007812
11.644806 2380545334644.962402 193368770204.629730 10893166954270.050781 14458854825.168550 25654336762174.402344 2232496642.698622 37223317767896.062500
11.971713 2529021693336.510742 203098920983.209808 11262644670697.937500 15943084831.954842 26268869752112.035156 2492395125.074185 38168794799268.523438
12.307798 2658003874554.411133 218713559746.663879 11605133096677.630859 17579093102.873329 26890164723899.804688 2782508157.661155 39126724789963.484375
12.653318 2808279129825.323242 236772151622.906189 11939105630743.832031 19382310540.616428 27518017565514.902344 3106342078.307633 40096833631832.382812
13.008537 2972272775887.231934 254034034093.483459 12318910908263.974609 21369722816.126968 28152216562118.304688 3467809188.790862 41078832308483.484375
13.373729 3142470361458.065430 273628472731.495209 12700476206965.949219 23560024815.974583 28792542683543.289062 3871274616.025857 42072417212537.468750
13.749172 3318820444568.817383 300775834166.663086 13093867266733.001953 25973790083.808758 29438769887486.910156 4304670538.212042 43077270497619.539062
14.135156 3527227658214.137207 330986949231.187683 13494649168678.566406 28633656657.383446 30090665437374.207031 4764469520.528172 44093060464012.906250
14.531975 3693025071015.779297 355492802678.424377 13858821894408.044922 31564530822.195389 30747990233812.917969 5318590212.794585 45119441976753.546875
14.939935 3883920022758.165527 380914238256.155823 14290305700796.890625 34793810436.803802 31410499158515.218750 5937047641.139446 46156056914818.429688
15.359347 4073054907092.392090 408134039512.330139 14682292486204.484375 38351629622.557655 32077941429523.042969 6627295329.566862 47202534649928.375000
15.790533 4289428348615.787598 437277422370.868896 15120001833376.019531 42271126764.858940 32753046337790.945312 7386882675.754321 48237075326167.117188
16.233824 4539465684218.846680 469482656961.172302 15488343661062.705078 46588737931.078896 33451753892777.378906 8112161438.578077 49205023124129.867188
16.689560 4754767012748.661133 505328807764.982544 15902515446655.960938 51344517984.817215 34155365326808.242188 8906877866.379129 50177589715777.132812
17.158090 4984288143165.873047 541342869046.267578 16324193712909.085938 56582491858.052765 34863564491032.945312 9777466111.380812 51154286890947.164062
17.639773 5249624308395.402344 578154051852.037842 16801677220546.160156 62351038637.919991 35576028049707.148438 10730931314.525028 52134618207880.125000
18.134978 5565452925184.292969 617081537618.089966 17284497959016.199219 68703311330.110649 36292426015565.195312 11774897370.691927 53118079786554.695312
18.644085 5789286008892.555664 660690800343.482788 17808453098760.441406 75697695379.292267 37012422307194.335938 12917658361.023775 54104161123260.515625
19.167485 6042668356672.696289 707595080712.920776 18237860476213.226562 83398309253.415634 37735675326883.226562 14168233897.054810 55092345923876.562500
19.705578 6335522409441.778320 758490521907.244263 18655448476836.492188 91875550640.284027 38461838557353.703125 15536428633.473469 56082112953271.875000
20.258777 6624605259851.724609 811795198062.435303 19079168479823.691406 101206692051.995224 39190561175725.507812 17032896218.532406 57072936898198.953125
20.827506 6966632334467.010742 866886771306.650024 19554258539248.644531 111476529892.106644 39921488683019.125000 18669207963.310310 58064289241028.078125
21.412202 7378755115043.700195 928188893158.896484 20083466239478.480469 121256461422.929230 40654263547463.625000 20457926523.096241 59055639141655.937500
22.013311 7655440927537.689453 973737286346.952393 20628168584902.667969 131235092335.248657 41388525859852.281250 22412684896.010933 60046454324929.000000
22.631296 8007444109672.392578 1029585254208.270020 21241947384562.960938 141990679317.906586 42123913999173.960938 24548271055.457886 61036201970939.710938
23.266629 8342747543512.813477 1115882431163.071289 21917498663074.695312 153579854716.836914 42860638391575.140625 26880718543.940151 62024349605587.320312
23.919798 8672842664740.947266 1198720690235.554443 22608786022554.566406 166059933301.441193 43596616767061.343750 29427403366.035980 63010365988843.460938
24.591304 8994956855116.876953 1295544852344.689941 23256415244568.628906 179255440658.756012 44333205693649.437500 32207147527.646507 63993721998223.500000
25.281661 9336523563717.740234 1356135622196.640869 23848186740229.574219 193054220249.700562 45063015107328.148438 35240329576.824219 64973891505039.742188
25.991399 9728303168656.515625 1456858756252.478516 24425545989671.734375 207483852475.543335 45701602424563.921875 38549002508.244514 65950352241097.132812
26.721062 10234716860135.109375 1558773577791.929443 24989181973619.351562 222573178658.398834 46337561686345.882812 42157019398.436180 66922586653591.328125
27.471208 10664495106303.621094 1648675254601.161865 25600137580775.910156 238411813989.331085 47142138872298.507812 46090167141.856133 67890082746075.851562
28.242413 11009336413125.363281 1748111184768.677246 26197014430303.324219 256749937077.819427 48004128222438.750000 50376308658.433403 68852334903483.156250
29.035269 11451041547673.787109 1840101504371.865479 26800031287107.390625 274279996156.645569 48815965744125.242188 55045533940.846313 69808844699308.125000
29.850382 11916988145365.523438 1929535241815.593750 27408995367819.707031 292620380857.566345 49654203762191.406250 60130320304.093895 70759121683198.156250
30.688379 12360990797018.205078 2011585406323.232666 28023708517456.507812 311808548419.649963 50492827339733.195312 65665702190.298737 71702684147330.500000
31.549901 12849037668888.853516 2102482169250.491455 28760049721519.097656 331883687539.940308 51181316283514.195312 71689450867.588867 72639059870103.640625
32.435608 13330115387028.464844 2256459735040.284180 29426941054367.792969 352886798409.961121 51862784660364.578125 78242264342.627350 73567786835816.671875
33.346180 13853183754270.980469 2419460765736.066406 30136245135816.800781 374860776451.913696 52539554368689.695312 85367967781.244095 74488413929163.781250
34.282315 14272954050547.644531 2539902005708.653809 30889406109307.976562 397850499925.565613 53211340070962.062500 93113724699.787827 75400501603521.656250
35.244730 14853176645271.650391 2648709554971.558594 31629711786575.078125 421902921584.760986 53877866806043.656250 101530259150.473007 76303622522165.281250
36.234163 15328814817827.140625 2834302173464.664551 32355808844231.195312 447067164570.754700 54754066641176.742188 110672089076.120255 77197362171699.250000
37.251373 15928956767648.890625 3061158910525.832520 33062798488265.886719 473394622738.193848 55640999025967.437500 120597770952.290207 78081319447146.640625
38.297139 16464199885371.113281 3303279287008.675781 33786646112047.261719 500939065618.677551 56528025029073.265625 131370155766.761749 78955107208288.125000
39.372263 16958687017933.494141 3519142210512.183105 34568049405089.632812 526758710528.940735 57327298165617.765625 143056656306.394348 79818352806992.875000
40.477570 17488495486968.589844 3645643068782.807617 35414773664584.875000 553189379003.299805 58017646483156.226562 155729525628.376160 80670698585428.765625
41.613906 17906433963282.507812 3774253360417.777832 36232658046654.421875 583148610076.912476 58702799366423.375000 169466146485.298157 81511802345177.218750
42.782142 18463370543891.769531 3904857596802.983398 36924629817193.976562 615412578452.539917 59382602043996.804688 184349331350.022186 82341337787418.546875
43.983175 19012628034819.398438 4037332667767.750488 37725909822888.671875 649151591003.479370 60312521877189.203125 200467632545.343964 83158994924477.609375
45.217924 19827452576745.929688 4171548423664.912109 38616116003846.320312 684433083802.500000 61387489972834.757812 217915661823.520813 83964480463149.921875
46.487337 20418384088390.722656 4354589635285.710449 39517231609333.398438 720751514472.527466 62128278653479.304688 236794418560.121948 84757518160338.250000
47.792386 21009180744669.589844 4759006950255.388672 40413882174495.898438 756585126346.747925 62864350568429.570312 257211625523.882538 85537849151646.625000
49.134073 21741629078163.148438 5173821550364.208008 41286511669451.515625 794087642930.686646 63773193637853.992188 279282070957.525696 86305232253674.140625
50.513425 22399128571727.496094 5397306584510.029297 42170298124303.375000 833336791329.833252 64820854120262.500000 303127955452.451477 87059444240850.765625
51.931499 23181506003548.117188 5613963185321.454102 42999056582244.476562 874413918690.343872 65870117507362.328125 328879241821.126465 87800280097738.234375
53.389384 23849007316664.429688 5857083421693.428711 43673890016520.781250 920338160798.118408 66812210499233.023438 356674005863.737427 88527553247800.703125
54.888196 24515550641037.074219 6188664305289.994141 44359049829387.984375 971708214308.698608 67739036197943.257812 386658785588.874817 89241095759714.312500
56.429085 25142941064287.648438 6496331385633.864258 45180590242939.117188 1018873072057.911011 68782593264395.250000 418960854767.740784 89940758532348.125000
58.013231 25779903030532.437500 6805772932520.144531 46182820978993.171875 1068232657685.830078 69717986191603.859375 453107048075.090576 90626411459596.125000
59.641849 26743067164929.859375 7090237298051.418945 47014946856620.539062 1119889098723.233398 70785722569648.093750 488934514298.359009 91297943576283.296875
61.316188 27452433510817.121094 7426080498997.253906 47622407402842.609375 1173949275013.320312 71927509210608.687500 526526035099.104797 91955263186400.406250
63.037532 28115863607403.183594 7775521339899.289062 48543175510259.132812 1230525039851.608398 73071131605583.703125 565968468100.270996 92598297974943.515625
64.807198 28725954235475.144531 8211176108441.042969 49083626075187.265625 1289733451416.194336 73882336744226.093750 602233284010.796387 93226995104649.125000
66.626545 29506767481482.500000 8765556225338.737305 49603226373766.335938 1359611882357.491699 74840547698988.625000 638157298047.473755 93841321298917.390625
68.496967 30304772084953.000000 9303613984225.169922 50339109070637.484375 1438199204424.020508 75538193653342.015625 675899866280.125854 94441262912212.578125
70.419898 31104967658280.707031 9638554393568.226562 51344589415440.656250 1520314549751.423096 76453840815429.343750 715553048002.578613 95026825989210.812500
72.396811 31961304012433.207031 9978400283352.718750 52198598252878.406250 1602960544011.834229 77385895647636.531250 757213562756.676514 95598036313942.828125
74.429223 32791054496659.609375 10383506206706.910156 53069791171389.421875 1681848276567.746826 78030793838113.562500 800983026244.484863 96154939450142.265625
76.518692 33689665163584.644531 10944634952887.392578 53853503024470.070312 1764342598649.646973 78788430466528.281250 846968198182.914307 96697600773965.000000
78.666818 34513897199095.292969 11395366566180.710938 54777216244213.171875 1850608396325.204346 79626245044261.375000 895281242705.286499 97226105500190.453125
80.875249 35312150921658.632812 11935979965115.562500 55748842701843.390625 1943154388129.641846 80658629767835.968750 946040001945.027588 97740558702949.140625
83.145678 36292667598596.742188 12487358064822.054688 56776142887649.265625 2047501563140.936523 81422291458524.843750 1000298385062.514648 98241085331944.531250
85.479845 37209739547500.031250 12959276839752.394531 57760449989035.921875 2156562344529.176514 82238517353050.015625 1060043441262.310547 98727830225050.968750
87.879540 38208923310218.195312 13445507885107.730469 58961689446434.257812 2270549656938.211426 82717255824236.609375 1122746618867.223389 99200958118070.796875
90.346602 39204636793504.117188 13946485260933.171875 60053068386293.218750 2389686043316.942871 83184945416411.953125 1188554381581.604248 99660653652324.281250
92.882923 40190311796684.875000 14462656191371.218750 60958839579113.023438 2514204099400.670898 83641553653564.031250 1257620444880.008057 100107121380626.578125
95.490446 41161876623651.429688 15017865215573.232422 61835482201046.093750 2644346927819.030273 84087054880306.265625 1330106135059.790771 100540585772070.437500
98.171170 42306664855931.796875 15603686379673.019531 62867340679799.250000 2775092743464.225586 84706445147798.843750 1406180766071.243408 100961291215890.609375
100.927151 43093638156705.640625 16170858599967.699219 63887815689744.562500 2909033003561.466797 85427983737209.875000 1486022035005.488037 101369502024526.890625
103.760502 44156190073490.179688 16755244593121.580078 64691073050143.554688 3049164641799.453125 86141306976567.250000 1569816437163.949463 101765502435830.890625
106.673394 45108547857138.335938 17381412808701.349609 65531002828696.062500 3195773854152.828125 86897087695786.171875 1657759701678.907715 102229180147446.984375
109.668060 46115536725072.359375 18000981573292.937500 66709896282536.835938 3349160065982.971680 88018824415609.000000 1750057248702.660400 103268983538003.703125
112.746796 47213156683187.570312 18649226074618.796875 67775861003283.671875 3509636543565.399414 89137590151529.796875 1846924669233.242188 104300342388583.640625
115.911962 48260486160794.250000 19309109940012.308594 68657543914948.812500 3677531033884.890625 90253184885586.093750 1948588228697.420166 105323055586347.656250
119.165984 49183203391358.695312 19989021047295.609375 69741878416547.257812 3848589496421.287109 91365420884748.593750 2055285395467.378662 106336931637256.015625
122.511358 50137381637530.312500 20723455172333.828125 70806527168536.718750 4027446268032.836914 92474123084962.984375 2167265395545.457764 107341788703306.421875
125.950646 51330700339702.000000 21486023447021.050781 71885517600000.875000 4214510406249.853516 93241741381960.640625 2284789794712.709961 108337454633260.906250
129.486487 52508582123875.695312 22234520498703.792969 72520082902606.156250 4410158530117.756836 93931752221237.625000 2408133109500.985840 109323766987596.000000
133.121590 53774572482785.632812 23003427354662.531250 73293759782579.078125 4614784540949.541992 94550888590464.359375 2537583448415.798340 110528343399781.906250
136.858742 54790090541084.914062 23807957499328.804688 74366271229390.578125 4828800415373.160156 95628285581346.203125 2673443184907.598633 111731758455995.937500
140.700809 55773950052711.632812 24765023878587.484375 75439351081630.312500 5052637034770.298828 96457914489096.359375 2816029663663.510254 112928578982007.062500
144.650734 56513738713069.390625 25645335841042.726562 76492630891561.281250 5286745052776.287109 97166208136151.265625 2965675941869.224121 114118613109461.984375
148.711546 57845268854611.000000 26551294077105.906250 77691329609844.546875 5531595802587.951172 97987175127673.890625 3122731567172.652832 115301679877527.046875
152.886359 59113294969097.257812 27457902571422.492188 78940748263368.093750 5787682245905.750977 99153968606732.812500 3287563394166.324707 116477609386167.078125
157.178372 60092736617582.257812 28385983106079.667969 80144669953234.171875 6061132120230.720703 100536458329134.437500 3460556441295.839355 117646242947583.656250
161.590875 61389414658829.101562 29342227024044.226562 81041933585449.921875 6352532887084.351562 101651565668532.125000 3642114790195.932129 118807433236592.437500
166.127252 62490206254800.171875 30327488966836.593750 82230228714297.171875 6657149677478.910156 102431049958532.171875 3832662529554.753906 119961044440711.281250
170.790980 63441622151621.320312 31081754363569.769531 83372150398870.093750 6975581883379.380859 103547011753011.640625 4032644745711.279297 121106952410716.171875
175.585633 64510462662982.664062 32100877927707.980469 84439540883261.687500 7308456081230.718750 104665602558958.484375 4242528562299.434082 122245044812404.390625
180.514888 65565953564799.312500 33169348808959.859375 85762912239218.453125 7656427264867.261719 105787173924287.875000 4462804231367.607422 123375221280282.437500
185.582523 66679219240160.031250 34148862170093.265625 87076254978357.031250 8020180134338.611328 106912096687910.906250 4693986278521.985352 124497393573867.656250
190.792422 67761199710803.507812 35279154508199.945312 88299061855056.921875 8400430443188.478516 108040760112178.875000 4936614704768.878906 125611485737263.859375
196.148581 68756370966749.328125 36443750818942.687500 89499593897157.218750 8797926406836.978516 109173570880894.796875 5191256247862.985352 126717434262629.562500
201.655104 69871212619552.570312 37582145823059.976562 90636652424369.359375 9213450174838.031250 110491135015381.750000 5458505706108.120117 127815188258118.265625
207.316213 70895992166376.546875 38718736521605.406250 91811941629492.000000 9647819369908.517578 111453341300879.468750 5738987327702.412109 128904709620817.500000
213.136247 71981785061804.562500 39985719753742.140625 92922574133076.953125 10101888696757.996094 112601190430121.968750 6033356268873.506836 129985973215161.562500
219.119669 73239473816937.109375 41255681198901.601562 94110984920741.515625 10576551623884.033203 113821278649991.312500 6342300124209.353516 131058967057223.703125
225.271064 74604978414784.984375 42545314803428.945312 95015184931338.703125 11072742141642.927734 115020627632072.859375 6666540532759.487305 132123692505228.296875
231.595149 75776557652900.437500 43928826055962.617188 96260857823052.531250 11591436600054.736328 116229581343606.000000 7006834863658.068359 132799589004782.640625
238.096772 76906444840552.390625 45354296196835.125000 97656711580875.890625 12133655629959.437500 117715239544575.843750 7363977985206.464844 133094955098914.312500
244.780916 78105456558593.187500 46822997747905.218750 98991459821963.562500 12700466151303.730469 118571199269951.875000 7738804121547.087891 134050509107294.937500
251.652705 79308995457425.546875 48336241823852.921875 100068997409833.093750 13292983472510.728516 119823083401155.765625 8132188801265.750977 135120031916096.875000
258.717408 80237729082773.578125 49788013228854.343750 101346453798391.125000 13912373485063.257812 120869107174073.078125 8545050902474.021484 136182813948844.765625
265.980440 81540455651110.796875 50546809466772.664062 102627793464272.531250 14559854957618.773438 122037803135053.015625 8978354799148.351562 137239074424743.156250
273.447368 82854988130316.281250 51855700500868.945312 103925050860242.875000 15236701934170.794922 123256446416567.937500 9433112613739.968750 138289054650530.843750
281.123917 83951597569805.281250 52893016383181.468750 105301855303621.796875 15944246240974.613281 124504638948581.218750 9910386581316.531250 139333018253689.234375
289.015972 85139708044698.890625 54467364392229.375000 106509641813546.718750 16683880107171.041016 125725100381068.796875 10411291530758.357422 140549815983213.468750
297.129582 86484608456645.281250 56026341837666.406250 107620711554130.546875 17457058904264.070312 127099566015901.953125 10936997488804.425781 142191429592183.125000
305.470967 87664579841348.453125 57162094862499.539062 108844217991572.109375 18265304009843.781250 128585816569448.484375 11488732413031.292969 143304326878068.656250
314.046522 88986808381593.703125 58315159106443.703125 110090113829637.140625 19110205801188.382812 130486028127421.687500 12067785060148.060547 144275082497984.468750
322.862820 90568641829400.515625 60280148241098.593750 111698575363463.281250 19993426784636.656250 132471875210619.375000 12675507996307.681641 145238899801703.250000
331.926620 92008562310093.734375 61650462656206.539062 112999761646583.062500 20916704866887.820312 134469904874022.187500 13313320756465.812500 146195990349566.750000
341.244871 93639641065588.718750 62962326811924.929688 114398498872834.906250 21881856774666.707031 136366416345786.375000 13982713160167.544922 147328870529205.687500
350.824714 94955986330039.046875 64891141036654.898438 115913209123046.171875 22890781629481.835938 137024143937490.515625 14685248791506.263672 149527820329180.406250
360.673495 96658060850653.312500 66836608268608.992188 117262532098240.515625 23945464684511.335938 138656105669032.890625 15422568651383.916016 151683825234110.937500
370.798763 98318579357176.984375 68495069876458.554688 118733100030086.546875 25047981230969.121094 140592001312365.203125 16196394990603.164062 153798798004505.343750
381.208280 100205139312261.593750 69986498862411.375000 120332720970966.281250 26200500681638.871094 142535985467797.500000 17008535332745.673828 155874820653317.500000
391.910025 101698530393122.046875 71497258665753.906250 121711921457820.453125 27405290839609.492188 143552041161385.156250 17860886696232.257812 157914107876227.406250
402.912203 103783671603513.156250 73435128294718.218750 123760316317055.546875 28664722360612.878906 144889540234849.781250 18755440025427.675781 159918971395478.437500
414.223247 105482243349315.468750 75183057192494.218750 125542148181798.843750 29981273417743.390625 146743172909832.093750 19694284841139.734375 162032792875099.093750
425.851829 107342784754270.312500 77108243275173.734375 127385979501534.796875 31357534577739.355469 147759510688981.437500 20679614121376.457031 164053824890104.812500
437.806863 109251770619908.359375 79623968522510.093750 129183745249381.359375 32796213898419.636719 148901034716710.375000 21713729423760.546875 165793973652348.218750
450.097513 110764261684383.500000 81726202362907.765625 130732271206670.843750 34300142257306.945312 150923231600799.250000 22799046261567.304688 167641960871288.031250
462.733201 112423094585204.578125 84052858811873.750000 132605559669662.968750 35872278921922.492188 153013695651400.343750 23938099745943.140625 169710296779678.218750
475.723614 114581415522661.375000 85637819413207.734375 134502364163206.390625 37515717372711.968750 155174731493775.187500 25133550507483.371094 172242087079084.937500
489.078709 116653227511462.296875 87276292481401.328125 136691894812048.406250 39233691390062.421875 157408721554827.125000 26388190911002.558594 174721410951910.875000
502.808725 118586398602953.078125 89079808424735.125000 138840145853522.578125 41029581417384.984375 159718128689599.218750 27704951578012.101562 177149892998163.156250
516.924187 121005606311096.734375 91126907916468.031250 140626336162352.265625 42906921212785.945312 161124719739838.843750 29086908232141.992188 179529417929272.437500
531.435916 123485382120836.593750 93663257980185.593750 143099163412115.156250 44869404802413.117188 162942898320259.500000 30537288883495.207031 181582856352150.187500
546.355035 126040359158073.687500 95392186527043.843750 145547402172666.156250 46920893749161.625000 165029709548041.250000 32059481368717.839844 183596043840349.125000
561.692982 128493495989158.203125 97628340723106.796875 147693196594267.250000 49065424751039.140625 167122914267269.187500 33657041264395.167969 186396204186607.937500
577.461515 130917539571464.656250 100649078947474.093750 150006567206928.062500 51307217584143.765625 169904538950087.125000 35333700192259.640625 188602623868213.218750
593.672722 133307411298130.812500 103520967417611.453125 152104237569485.437500 53650683405882.203125 173744635591826.406250 37093374535608.976562 190772086728631.937500
610.339029 135760049013582.937500 106305263265404.375000 154867063595409.812500 56100433434769.179688 177122432641957.000000 38940174587296.304688 192907249489248.906250
627.473213 138716608631430.375000 109447442544991.781250 157754062080886.062500 58661288023883.593750 179294138422868.468750 40878414150658.085938 195010775050174.937500
645.088409 141619474618075.781250 112749969978502.812500 160733418361781.750000 61338286145838.296875 181343036123857.250000 42912620615807.773438 197085303057347.125000
663.198120 144726515263873.906250 116405310776087.000000 163752327604564.406250 64136695307924.375000 183486556122380.687500 45047545534830.164062 199133423365511.375000
681.816229 147928826169109.875000 119772405820637.296875 166588079935858.625000 67062021916943.328125 185801329059603.656250 47288175720580.632812 201157652603267.218750
700.957009 151125718162687.562500 122370859112482.250000 170155666261009.093750 70120022114117.898438 190106432351351.156250 49639744895010.921875 205830215852279.500000
720.635132 154072412178555.437500 125400834623499.000000 173456104269972.937500 73316713101404.140625 193256721573408.437500 52107745914232.468750 210745651132820.000000
740.865683 157392696908008.656250 128550105589421.921875 176779402106557.750000 76658384981490.984375 196895550752894.750000 54697943598872.070312 215764091590483.031250
761.664172 160855152247364.375000 131611040434442.375000 180686837643148.531250 80151613134782.343750 200850141558498.437500 57416388199688.070312 220887695745502.343750
783.046540 164470171515047.031250 135113331867736.703125 185183677996446.875000 83803271157721.234375 204928874695829.156250 60320372486799.156250 226118667350883.750000
805.029181 168112300655834.093750 138217943775431.437500 188853678030131.906250 87620544387908.078125 209766677509346.312500 63379362701402.414062 231459256340277.218750
827.628946 172154489323328.500000 141196658260403.968750 193647766237641.250000 91610944042631.109375 214681369935376.187500 66593205864357.640625 236911759795713.843750
850.863158 176554688811027.500000 144997610891913.031250 198751496140840.062500 95782321998626.171875 220037268460936.250000 69969740979365.242188 240909314892273.375000
874.749630 180558988770346.156250 149364852862280.218750 203717627235614.812500 100142886242151.937500 223960968137019.593750 73517203878082.640625 244547167410055.500000
899.306672 184702489747750.500000 153084913013326.812500 208802243127389.093750 104701217019776.140625 228530490353278.781250 77244247308444.875000 249957236127622.593750
924.553110 189127505375392.875000 156767069614288.468750 213698216185462.500000 109466283721657.156250 234412366657211.812500 81159962039902.546875 256006025691840.187500
950.508296 193643447201074.500000 160296928218527.000000 219055000435073.562500 114447462530538.187500 240510982396469.250000 85273899037052.671875 262188569405584.812500
977.192128 198796010376350.593750 164986551635225.625000 224807896619947.000000 119654554871187.406250 246766033570888.281250 89596092755751.203125 268507824913907.406250
1004.625062 203510041496415.031250 168406841721051.062500 230509244286495.406250 123728459080150.906250 253181532901784.687500 94137085618524.359375 274966815262926.437500
1032.828126 208964535425423.281250 173013454943645.625000 236050594853143.062500 128942313387951.390625 259473573312200.437500 98907953728981.796875 281568630346013.500000
1061.822941 214366075860113.343750 177501685179861.375000 242818618825993.281250 133746954509053.312500 266210355384219.687500 103920333887949.093750 288316428381953.937500
1091.631734 219704344078796.875000 183217638652356.531250 248722659457105.937500 138601674804882.296875 272853919240823.531250 109186451977221.078125 295213437425799.000000
1122.277356 225335627087624.593750 188228603548617.250000 255048108613408.343750 144282391333049.875000 280239121526235.437500 114719152780160.921875 302262956913122.062500
1153.783300 231147154011059.531250 193745492577513.718750 262610580155894.781250 150856228785919.500000 287545889182606.812500 120531931311886.281250 309468359238423.500000
1186.173716 237298809783649.812500 200113946572556.812500 270395562033630.406250 157877987686420.281250 295230955919187.312500 126638965735460.359375 316833091368439.687500
1219.473437 243440924266348.312500 206690666879765.500000 278360816863029.625000 165226490920560.187500 303417008036401.687500 133055151944371.953125 324360676491122.687500
1253.707987 249660656472450.093750 213819700602109.031250 285872736901700.500000 172916942920886.968750 311255335756716.687500 139796139895662.640625 332054715701088.937500
1288.903612 256057356971016.812500 219620955233171.625000 293688129931033.125000 179954896273050.875000 319921565159955.562500 146878371782314.000000 339918889722331.875000
1325.087292 262994384960336.312500 226283041247875.343750 302227147304119.937500 186288155001744.406250 328797721775351.000000 154319122138009.406250 347956960669031.375000
1362.286764 270644134600561.062500 234551657755699.437500 310606051184795.750000 193102171043155.375000 337321936153022.375000 162136539972085.843750 356172773845296.000000
1400.530545 278023901618634.718750 242374520261315.937500 320477189395221.250000 199857141851577.750000 346683892050542.312500 170349693037456.968750 364570259584707.562500
1439.847953 286469008135759.000000 250247385890004.000000 329791341172885.000000 205811888318951.000000 356304151719499.125000 178978614339472.062500 373153435130537.250000
1480.269127 295067706304110.875000 257897211322059.312500 339140740442934.312500 212298994195214.625000 366189841965345.937500 188044350999161.500000 381926406557541.937500
1521.825053 303640367875179.687500 267060000830548.312500 350239203004181.812500 221760435761867.812500 376265217473158.875000 197569015590045.093750 390893370736251.062500
1564.547589 313102882155765.375000 275754749204812.687500 361138763513628.750000 232372521806656.781250 386787010005820.250000 207575840073732.093750 400058617340697.312500
1608.469483 322802842230505.937500 284514504484545.625000 372364936015305.875000 241775781822732.218750 397513746433224.750000 218089232465855.031250 409426530900535.750000
1653.624407 332672014477160.500000 294853933509130.812500 383001188148542.187500 250627794474617.750000 408536442006852.812500 227356897536391.562500 419001592898544.312500
1700.046975 342687784281390.750000 305210593842193.875000 394281574806223.312500 261430307170421.312500 419858587087420.750000 235101946414712.437500 428967206614474.687500
1747.772774 353593003373107.500000 315900189588572.187500 406291503267427.500000 271251742224557.812500 431502598880359.312500 243260785943514.937500 441369440072511.937500
1796.838391 365047687978102.750000 327142759563288.312500 418809813216659.562500 281768864058667.750000 443463073788775.500000 251855523498119.406250 454122494903289.375000
1847.281437 376780259350554.125000 339139415793613.062500 431472239514884.375000 293363422256766.937500 455753547664378.250000 260909447572953.406250 467236294773862.500000
1899.140582 389267551682558.750000 350280075076360.250000 444618581804745.875000 305853418836588.625000 468383125439802.187500 270447090884578.781250 480721044061570.062500
1952.455581 401496641459761.937500 362233401095995.500000 458173321160422.625000 318898365890156.250000 482966393141341.187500 280494296846096.062500 494587235794477.375000
2007.267304 414495702438390.500000 374835500780376.875000 472020772368850.500000 329727872159147.750000 498540737491810.875000 291078289593036.625000 508845659816421.500000
2063.617768 429266377427448.125000 388006450084695.625000 488145451261299.812500 340968344638152.812500 513979307912102.250000 302227747750493.750000 523507411183026.312500
2121.550171 443028903401081.625000 401088021013004.750000 503221371088977.187500 355915550872238.875000 529024987430255.812500 313972882141372.000000 538583898795213.625000
2181.108924 457498868278580.625000 414830692538815.875000 517991231480918.625000 371164300539486.875000 545316336165107.187500 326345517646309.312500 556920133029084.937500
2242.339683 473298174240798.500000 429226534555249.375000 532638297480784.750000 384917342863739.187500 564416927549546.750000 338337105310629.437500 576890518690564.250000
2305.289387 489332503865495.000000 444961209146692.375000 548687921313232.562500 400067295344698.250000 583397966883589.125000 349607508575402.312500 597574947358837.500000
2370.006292 506709022096961.937500 460988537196098.875000 566605339749218.375000 415973707597675.625000 602452274444374.625000 361489529347853.750000 619707836483852.125000
2436.540009 524644114371484.000000 477335683270460.062500 584029375059337.125000 433074933135782.375000 622492103462729.625000 374016358629839.625000 642174044280604.375000
2504.941542 542735209956027.500000 494812264259370.875000 603365331092896.125000 450205434290044.375000 642201898740134.625000 387222988618557.875000 665454238477363.750000
2575.263327 562115678650478.750000 512963421451747.625000 622986839802151.000000 468618938683173.750000 664646543743167.500000 401146310453056.500000 689577911094563.250000
2647.559271 581051123640051.000000 532133254999523.125000 645388957512993.500000 488112859432370.250000 689229020971892.375000 416005131332479.812500 714575622695391.750000
2721.884795 601551046717578.750000 551274534322686.187500 666867626838879.375000 506891909951322.625000 714720334756620.375000 433236247657056.750000 740479041100787.125000
2798.296876 623483560719187.750000 570269616565435.500000 688607135224123.500000 526556527260705.250000 742520499221923.750000 451410694116551.812500 767320981507155.500000
2876.854090 644666736176667.250000 591140545789040.000000 711581255761181.750000 547148472180082.500000 768565116294178.375000 470580114012923.937500 795135448057599.750000
2957.616659 667031921488426.500000 613143955796462.125000 734490487725423.500000 566118790197111.375000 796989557727871.875000 490798977898678.125000 823957676919351.375000
3040.646493 691391433471703.500000 634404092061252.375000 759337929248391.375000 586108581349725.625000 828758124796788.375000 512124738356769.250000 853824180921952.750000
3126.007243 715720571239510.750000 655890931947139.375000 787426092669678.250000 605423205699787.875000 858935742673229.375000 534088012359901.062500 884772795812773.875000
3213.764344 743033826618697.125000 678957331621264.750000 814804488281633.500000 626009583156991.625000 889828980401036.500000 548859654210473.500000 916842728188418.875000
3303.985070 768013806008076.500000 703864365656970.875000 845574153905457.750000 650005279190674.375000 924081292765491.625000 565877119849616.750000 950074605162773.500000
3396.738582 793583088934142.625000 728328342648779.250000 877300758681972.875000 674781011953917.250000 957183319916796.625000 589495568993481.500000 984510525834605.125000
3492.095985 822896936530813.625000 753470533495833.875000 907278368707874.500000 699900764270849.250000 995197266402977.625000 614395734209184.750000 1020564793211119.750000
3590.130377 854987967601281.375000 778481285420743.125000 943716449829574.000000 724441873194232.875000 1034778657171092.500000 640647171125838.750000 1063964007317589.375000
3690.916911 887492534896201.000000 806156594231324.875000 979923013984303.375000 749586787173734.000000 1074702565418456.750000 666343908153955.500000 1109215440099527.750000
3794.532847 918205233964677.125000 835124334317321.125000 1015842691398167.875000 773257488456959.000000 1118564923846880.875000 683363882731397.000000 1156398141698568.250000
3901.057617 952318611198680.250000 864428689413072.125000 1054970884454586.000000 796154865835107.875000 1161574251603337.750000 700869636568832.500000 1205594536007487.250000
4010.572881 987006922473900.750000 894288792842450.750000 1099953492538987.500000 821138238057998.375000 1204702046306799.750000 718875034639349.500000 1256890564657275.750000
4123.162591 1022695100590869.625000 924050997967064.625000 1146164480100457.000000 846364298620559.500000 1250956658541477.500000 737394337646141.250000 1310375837149347.500000
4238.913057 1061793315117908.125000 957321229948307.875000 1194105446615956.250000 873069306191557.000000 1295866213050393.250000 756442213317325.875000 1366143787395202.500000
4357.913012 1101509028375175.750000 988708927256754.250000 1243943412122479.750000 894889352559783.375000 1349149511993596.250000 776033748023129.250000 1424526981717229.250000
4480.253680 1143340251765173.000000 1022786695997811.875000 1298047474285944.000000 917684919033924.000000 1405519229023603.750000 796184458724657.875000 1484921565133996.000000
4606.028844 1185473922138977.250000 1056718178432008.625000 1346249529168023.000000 940591408348228.875000 1466628687117174.000000 816910305263695.000000 1548403389771270.750000
4735.334923 1227282648150296.500000 1091595338802181.500000 1404419574122593.250000 970196763028121.500000 1528358543458824.000000 838227703003277.625000 1619983878253665.500000
4868.271040 1274596795653247.250000 1128519975203524.000000 1466515344880045.000000 994706242163944.250000 1597051332688117.750000 860153535829047.750000 1690924193489920.750000
5004.939103 1324162629976813.250000 1164488055997985.250000 1530144599365085.000000 1022951778009848.000000 1669285624956346.500000 882705169521700.625000 1764970198133180.500000
5145.443878 1376788181694159.000000 1203398625537395.750000 1596487478147973.500000 1052092916913847.250000 1746563304913804.000000 905900465511089.750000 1842258500321547.750000
5289.893076 1429333719122645.250000 1243275328152537.750000 1659455619316548.250000 1081213398035666.875000 1830063856400745.750000 929757795022904.500000 1922931072514193.500000
5438.397428 1484446539685311.750000 1284173814020227.500000 1726192803720985.000000 1109976810764028.000000 1916345254950506.750000 954296053629120.250000 2007136103804913.750000
5591.070777 1541424599164221.250000 1325030953297076.500000 1797992009741049.250000 1136026049384811.000000 2003496387974244.250000 980170898228521.500000 2095028272133675.250000
5748.030158 1601009837613380.500000 1367618040378085.000000 1874320120165179.250000 1164462503284420.500000 2091414664088256.750000 1005493652365660.125000 2190075675885078.250000
5909.395895 1667193481672841.500000 1412364345599158.250000 1953515271468460.500000 1193608607201207.000000 2189513443463395.250000 1029068827188825.125000 2290329411586564.500000
6075.291689 1737414325103901.000000 1459187040011337.750000 2037629252400024.000000 1223482070908291.500000 2291639346842594.000000 1051685591036227.125000 2397632288233743.500000
6245.844712 1806824836616869.750000 1509887356487699.250000 2122725653592104.500000 1254101046137581.000000 2399870656965164.000000 1074796875832429.875000 2509961682857204.500000
6421.185709 1873582182785909.250000 1555886851442556.000000 2203407710636568.000000 1286277270791401.000000 2508104488758354.500000 1098413494396212.125000 2627553058696669.000000
6601.449093 1950599946202110.000000 1604061519614972.250000 2301037498535495.000000 1322434968711724.750000 2634842009153040.500000 1122546495971218.875000 2750652909080179.000000
6786.773051 2025879060186643.500000 1655139104331283.000000 2396346093902253.000000 1354774903066805.000000 2760817922225849.500000 1148100602139720.250000 2879519274119833.500000
6977.299650 2101971538911058.500000 1710487386562916.000000 2498065443690808.500000 1391975937607246.750000 2890283551085343.500000 1174322628509750.250000 3014422281611673.500000
7173.174944 2186900117899300.250000 1766079835474346.000000 2604965269776503.500000 1427157854819993.500000 3017961262375918.000000 1201141178389784.500000 3155644713273688.000000
7374.549090 2277837304030240.000000 1824329341984964.750000 2716253600637698.000000 1462218203606085.250000 3155234666265316.000000 1228569822062033.750000 3303482597508689.500000
7581.576458 2371140167658774.000000 1883216086770681.000000 2832655430923929.000000 1498134031494825.500000 3317071625121694.000000 1256622438518353.500000 3466121138613700.500000
7794.415750 2465610520092114.500000 1939934994270852.000000 2967006468065014.000000 1534926212337166.500000 3478510990929932.500000 1285313222483054.750000 3641589405463320.500000
8013.230128 2571441983658701.000000 2006059553284543.000000 3095506605478901.000000 1572616129309955.500000 3640846253947324.000000 1314656691595497.000000 3823013029168388.500000
8238.187331 2675566379922092.500000 2064797797894170.750000 3239161279450957.500000 1611225687343574.250000 3811889509337079.500000 1344667693756058.750000 3999737171917838.500000
8469.459808 2779877416520794.500000 2126390154343430.500000 3375943536357493.500000 1650777325852825.750000 3985192124518437.000000 1375361414639231.250000 4184630374467300.500000
8707.224849 2896043865521694.000000 2187880684018519.750000 3525803404770413.500000 1691294031778445.750000 4174905705863634.500000 1406753385377616.500000 4378070250972789.000000
8951.664721 3014899712698300.500000 2258640423702903.500000 3678548345501742.500000 1732799352946855.000000 4369179032861541.000000 1438859490420748.500000 4580636806861364.000000
9202.966809 3139328926601163.000000 2328357940399450.500000 3832612737839017.000000 1775317411755862.000000 4573253297221711.000000 1471695975572672.500000 4816043060854081.000000
9461.323756 3264115043656288.000000 2402180461341659.500000 4000721002449426.000000 1818872919194319.750000 4799935020230859.000000 1505279456212382.750000 5069724159452418.000000
9726.933615 3395220209419786.000000 2474338787623633.000000 4176211967125036.500000 1863491189203857.250000 5031783242754260.000000 1539626925701266.000000 5336983400950010.000000
10000.000000 3548510217698259.000000 2553842797605315.500000 4356265197299904.500000 1909198153391029.750000 5266134386695324.000000 1574755763981793.250000 5618547548064306.000000
