0.010000 0.106167 -0.268622 0.285886 -0.452045 0.329794 -0.490225 0.333095
0.010281 0.106167 -0.268622 0.285886 -0.452045 0.329794 -0.490225 0.333095
0.010569 0.106167 -0.268622 0.285886 -0.452045 0.329794 -0.490225 0.333095
0.010866 0.106167 -0.268622 0.285886 -0.452045 0.329794 -0.490225 0.333095
0.011171 0.106167 -0.268622 0.285886 -0.452045 0.329794 -0.490225 0.333095
0.011485 0.106167 -0.268622 0.285886 -0.452045 0.329794 -0.490225 0.333095
0.011807 0.106167 -0.268622 0.285886 -0.452045 0.329794 -0.490225 0.333095
0.012139 0.106167 -0.268622 0.285886 -0.452045 0.329794 -0.490225 0.333095
0.012479 0.106167 -0.268622 0.285886 -0.452045 0.329794 -0.490225 0.333095
0.012830 0.106167 -0.268622 0.285886 -0.452045 0.329794 -0.490225 0.333095
0.013190 0.106167 -0.268622 0.285886 -0.452045 0.329794 -0.490225 0.333095
0.013560 0.106167 -0.268622 0.285886 -0.452045 0.329794 -0.490225 0.333095
0.013941 0.106167 -0.268622 0.285886 -0.452045 0.329794 -0.490225 0.333095
0.014332 0.106167 -0.268622 0.285886 -0.452045 0.329794 -0.490225 0.333095
0.014735 0.106167 -0.268622 0.285886 -0.452045 0.329794 -0.490225 0.333095
0.015148 0.106167 -0.268622 0.285886 -0.452045 0.329794 -0.490225 0.333095
0.015573 0.106167 -0.268622 0.285886 -0.452045 0.329794 -0.490225 0.333095
0.016011 0.106167 -0.268622 0.285886 -0.452045 0.329794 -0.490225 0.333095
0.016460 0.106167 -0.268622 0.285886 -0.452045 0.329794 -0.490225 0.333095
0.016922 0.106167 -0.268622 0.285886 -0.452045 0.329794 -0.490225 0.333095
0.017397 0.106167 -0.268622 0.285886 -0.452045 0.329794 -0.490225 0.333095
0.017886 0.106167 -0.268622 0.285886 -0.452045 0.329794 -0.490225 0.333095
0.018388 0.106167 -0.268622 0.285886 -0.452045 0.329794 -0.490225 0.333095
0.018904 0.106167 -0.268622 0.285886 -0.452045 0.329794 -0.490225 0.333095
0.019435 0.106167 -0.268622 0.285886 -0.452045 0.329794 -0.490225 0.333095
0.019980 0.106167 -0.268622 0.285886 -0.452045 0.329794 -0.490225 0.333095
0.020541 0.106167 -0.268622 0.285886 -0.452044 0.329794 -0.490225 0.333095
0.021118 0.106167 -0.268622 0.285886 -0.452044 0.329794 -0.490225 0.333095
0.021711 0.106167 -0.268622 0.285886 -0.452044 0.329794 -0.490225 0.333095
0.022320 0.106167 -0.268622 0.285886 -0.452044 0.329794 -0.490225 0.333095
0.022947 0.106167 -0.268622 0.285886 -0.452044 0.329794 -0.490225 0.333095
0.023591 0.106167 -0.268622 0.285886 -0.452044 0.329794 -0.490225 0.333095
0.024253 0.106167 -0.268622 0.285886 -0.452044 0.329794 -0.490225 0.333095
0.024934 0.106167 -0.268622 0.285886 -0.452044 0.329794 -0.490225 0.333095
0.025634 0.106167 -0.268622 0.285886 -0.452044 0.329794 -0.490225 0.333095
0.026354 0.106167 -0.268622 0.285886 -0.452044 0.329794 -0.490225 0.333095
0.027094 0.106167 -0.268622 0.285886 -0.452044 0.329794 -0.490225 0.333095
0.027854 0.106167 -0.268622 0.285886 -0.452044 0.329794 -0.490225 0.333095
0.028636 0.106167 -0.268622 0.285886 -0.452044 0.329794 -0.490225 0.333095
0.029440 0.106167 -0.268622 0.285886 -0.452044 0.329794 -0.490225 0.333095
0.030266 0.106167 -0.268622 0.285886 -0.452044 0.329794 -0.490225 0.333095
0.031116 0.106167 -0.268622 0.285886 -0.452044 0.329794 -0.490225 0.333095
0.031990 0.106167 -0.268622 0.285886 -0.452044 0.329794 -0.490225 0.333095
0.032888 0.106167 -0.268622 0.285886 -0.452043 0.329794 -0.490225 0.333095
0.033811 0.106167 -0.268622 0.285886 -0.452043 0.329794 -0.490225 0.333095
0.034760 0.106167 -0.268622 0.285886 -0.452043 0.329794 -0.490225 0.333095
0.035736 0.106167 -0.268622 0.285886 -0.452043 0.329794 -0.490225 0.333095
0.036739 0.106167 -0.268622 0.285886 -0.452043 0.329794 -0.490225 0.333095
0.037771 0.106167 -0.268622 0.285886 -0.452043 0.329794 -0.490225 0.333095
0.038831 0.106167 -0.268622 0.285886 -0.452043 0.329794 -0.490225 0.333095
0.039921 0.106167 -0.268622 0.285886 -0.452043 0.329794 -0.490225 0.333095
0.041042 0.106167 -0.268622 0.285886 -0.452043 0.329794 -0.490225 0.333095
0.042194 0.106167 -0.268622 0.285886 -0.452043 0.329794 -0.490225 0.333095
0.043379 0.106167 -0.268622 0.285886 -0.452043 0.329794 -0.490225 0.333095
0.044596 0.106167 -0.268622 0.285886 -0.452042 0.329794 -0.490225 0.333095
0.045848 0.106167 -0.268622 0.285886 -0.452042 0.329794 -0.490225 0.333095
0.047135 0.106167 -0.268622 0.285886 -0.452042 0.329794 -0.490225 0.333095
0.048459 0.106167 -0.268622 0.285886 -0.452042 0.329794 -0.490225 0.333095
0.049819 0.106167 -0.268622 0.285886 -0.452042 0.329794 -0.490225 0.333095
0.051218 0.106167 -0.268622 0.285886 -0.452042 0.329794 -0.490225 0.333095
0.052655 0.106167 -0.268622 0.285886 -0.452042 0.329794 -0.490225 0.333095
0.054134 0.106167 -0.268622 0.285886 -0.452042 0.329794 -0.490225 0.333095
0.055653 0.106167 -0.268622 0.285886 -0.452041 0.329794 -0.490225 0.333095
0.057216 0.106167 -0.268622 0.285886 -0.452041 0.329794 -0.490225 0.333095
0.058822 0.106167 -0.268622 0.285886 -0.452041 0.329794 -0.490225 0.333095
0.060473 0.106167 -0.268622 0.285886 -0.452041 0.329794 -0.490225 0.333095
0.062171 0.106167 -0.268622 0.285886 -0.452041 0.329794 -0.490225 0.333095
0.063916 0.106167 -0.268622 0.285886 -0.452041 0.329794 -0.490225 0.333095
0.065711 0.106167 -0.268622 0.285886 -0.452040 0.329794 -0.490225 0.333095
0.067555 0.106167 -0.268622 0.285886 -0.452040 0.329794 -0.490225 0.333095
0.069452 0.106167 -0.268622 0.285886 -0.452040 0.329794 -0.490225 0.333095
0.071402 0.106167 -0.268622 0.285886 -0.452040 0.329794 -0.490225 0.333095
0.073406 0.106167 -0.268622 0.285886 -0.452040 0.329794 -0.490225 0.333095
0.075467 0.106167 -0.268622 0.285886 -0.452039 0.329794 -0.490225 0.333095
0.077585 0.106167 -0.268622 0.285886 -0.452039 0.329794 -0.490225 0.333095
0.079763 0.106167 -0.268622 0.285886 -0.452039 0.329794 -0.490225 0.333095
0.082003 0.106167 -0.268622 0.285886 -0.452039 0.329794 -0.490225 0.333095
0.084305 0.106167 -0.268622 0.285886 -0.452039 0.329794 -0.490225 0.333095
0.086671 0.106167 -0.268622 0.285886 -0.452038 0.329794 -0.490225 0.333095
0.089105 0.106167 -0.268622 0.285886 -0.452038 0.329794 -0.490225 0.333095
0.091606 0.106167 -0.268622 0.285886 -0.452038 0.329794 -0.490225 0.333095
0.094178 0.106167 -0.268622 0.285886 -0.452038 0.329794 -0.490225 0.333095
0.096822 0.106167 -0.268622 0.285886 -0.452037 0.329794 -0.490225 0.333095
0.099540 0.106167 -0.268622 0.285886 -0.452037 0.329794 -0.490225 0.333095
0.102334 0.106167 -0.268622 0.285886 -0.452037 0.329794 -0.490225 0.333095
0.105207 0.106167 -0.268622 0.285886 -0.452036 0.329794 -0.490225 0.333095
0.108160 0.106167 -0.268622 0.285886 -0.452036 0.329794 -0.490225 0.333095
0.111197 0.106167 -0.268622 0.285886 -0.452036 0.329794 -0.490225 0.333095
0.114318 0.106167 -0.268622 0.285886 -0.452035 0.329794 -0.490225 0.333095
0.117528 0.106167 -0.268622 0.285886 -0.452035 0.329794 -0.490225 0.333095
0.120827 0.106167 -0.268622 0.285886 -0.452035 0.329794 -0.490225 0.333095
0.124219 0.106167 -0.268622 0.285886 -0.452034 0.329794 -0.490225 0.333095
0.127706 0.106167 -0.268622 0.285886 -0.452034 0.329794 -0.490225 0.333095
0.131291 0.106167 -0.268622 0.285886 -0.452034 0.329794 -0.490225 0.333095
0.134977 0.106167 -0.268622 0.285886 -0.452033 0.329794 -0.490225 0.333095
0.138766 0.106167 -0.268622 0.285886 -0.452033 0.329794 -0.490225 0.333095
0.142662 0.106167 -0.268622 0.285886 -0.452032 0.329794 -0.490225 0.333095
0.146667 0.106167 -0.268622 0.285886 -0.452032 0.329794 -0.490225 0.333095
0.150785 0.106167 -0.268622 0.285886 -0.452031 0.329794 -0.490225 0.333095
0.155018 0.106167 -0.268622 0.285886 -0.452031 0.329794 -0.490225 0.333095
0.159369 0.106167 -0.268622 0.285886 -0.452030 0.329794 -0.490225 0.333095
0.163843 0.106167 -0.268622 0.285886 -0.452030 0.329794 -0.490225 0.333095
0.168443 0.106167 -0.268622 0.285886 -0.452029 0.329794 -0.490225 0.333095
0.173172 0.106167 -0.268622 0.285886 -0.452029 0.329794 -0.490225 0.333095
0.178033 0.106167 -0.268622 0.285886 -0.452028 0.329794 -0.490225 0.333095
0.183031 0.106167 -0.268622 0.285886 -0.452028 0.329794 -0.490225 0.333095
0.188169 0.106167 -0.268622 0.285886 -0.452027 0.329794 -0.490225 0.333095
0.193452 0.106167 -0.268622 0.285886 -0.452026 0.329794 -0.490225 0.333095
0.198883 0.106167 -0.268622 0.285886 -0.452026 0.329794 -0.490225 0.333095
0.204466 0.106167 -0.268622 0.285886 -0.452025 0.329794 -0.490225 0.333095
0.210206 0.106167 -0.268622 0.285886 -0.452024 0.329794 -0.490225 0.333095
0.216107 0.106167 -0.268622 0.285886 -0.452024 0.329794 -0.490225 0.333095
0.222174 0.106167 -0.268622 0.285886 -0.452023 0.329794 -0.490225 0.333095
0.228411 0.106167 -0.268622 0.285886 -0.452022 0.329794 -0.490225 0.333095
0.234823 0.106167 -0.268622 0.285886 -0.452021 0.329794 -0.490225 0.333095
0.241416 0.106167 -0.268622 0.285886 -0.452021 0.329794 -0.490225 0.333095
0.248193 0.106167 -0.268622 0.285886 -0.452020 0.329794 -0.490225 0.333095
0.255161 0.106167 -0.268622 0.285886 -0.452019 0.329794 -0.490225 0.333095
0.262324 0.106167 -0.268622 0.285886 -0.452018 0.329794 -0.490225 0.333095
0.269688 0.106167 -0.268622 0.285886 -0.452017 0.329794 -0.490225 0.333095
0.277259 0.106167 -0.268622 0.285886 -0.452016 0.329794 -0.490225 0.333095
0.285043 0.106167 -0.268622 0.285886 -0.452015 0.329794 -0.490225 0.333095
0.293045 0.106167 -0.268622 0.285886 -0.452014 0.329794 -0.490225 0.333095
0.301271 0.106167 -0.268622 0.285886 -0.452013 0.329794 -0.490225 0.333095
0.309729 0.106167 -0.268622 0.285886 -0.452012 0.329794 -0.490225 0.333095
0.318424 0.106167 -0.268622 0.285886 -0.452011 0.329794 -0.490225 0.333095
0.327363 0.106167 -0.268622 0.285886 -0.452010 0.329794 -0.490225 0.333095
0.336553 0.106167 -0.268622 0.285886 -0.452009 0.329794 -0.490225 0.333095
0.346002 0.106167 -0.268622 0.285886 -0.452007 0.329794 -0.490225 0.333095
0.355715 0.106167 -0.268622 0.285886 -0.452006 0.329794 -0.490225 0.333095
0.365701 0.106167 -0.268622 0.285886 -0.452005 0.329794 -0.490225 0.333095
0.375967 0.106167 -0.268622 0.285886 -0.452003 0.329794 -0.490225 0.333095
0.386522 0.106167 -0.268622 0.285886 -0.452002 0.329794 -0.490225 0.333095
0.397373 0.106167 -0.268622 0.285886 -0.452000 0.329794 -0.490225 0.333095
0.408529 0.106167 -0.268622 0.285886 -0.451999 0.329794 -0.490225 0.333095
0.419997 0.106167 -0.268622 0.285886 -0.451997 0.329794 -0.490225 0.333095
0.431788 0.106167 -0.268622 0.285886 -0.451996 0.329794 -0.490225 0.333095
0.443910 0.106167 -0.268622 0.285886 -0.451994 0.329794 -0.490225 0.333095
0.456372 0.106167 -0.268622 0.285886 -0.451992 0.329794 -0.490225 0.333095
0.469183 0.106167 -0.268622 0.285886 -0.451991 0.329794 -0.490225 0.333095
0.482355 0.106167 -0.268622 0.285886 -0.451989 0.329794 -0.490225 0.333095
0.495896 0.106167 -0.268622 0.285886 -0.451987 0.329794 -0.490225 0.333095
0.509818 0.106167 -0.268622 0.285886 -0.451985 0.329794 -0.490225 0.333095
0.524130 0.106167 -0.268622 0.285886 -0.451983 0.329794 -0.490225 0.333095
0.538844 0.106167 -0.268622 0.285886 -0.451981 0.329794 -0.490225 0.333095
0.553971 0.106167 -0.268622 0.285886 -0.451979 0.329794 -0.490225 0.333095
0.569523 0.106167 -0.268622 0.285886 -0.451976 0.329794 -0.490225 0.333095
0.585511 0.106167 -0.268622 0.285886 -0.451974 0.329794 -0.490225 0.333095
0.601948 0.106167 -0.268622 0.285886 -0.451972 0.329794 -0.490225 0.333095
0.618847 0.106167 -0.268622 0.285886 -0.451969 0.329794 -0.490225 0.333095
0.636220 0.106167 -0.268622 0.285886 -0.451967 0.329794 -0.490225 0.333095
0.654081 0.106167 -0.268622 0.285886 -0.451964 0.329794 -0.490225 0.333095
0.672443 0.106167 -0.268622 0.285886 -0.451962 0.329793 -0.490225 0.333095
0.691320 0.106167 -0.268622 0.285886 -0.451959 0.329793 -0.490225 0.333095
0.710728 0.106167 -0.268622 0.285886 -0.451956 0.329793 -0.490225 0.333095
0.730680 0.106167 -0.268622 0.285886 -0.451953 0.329793 -0.490225 0.333095
0.751193 0.106167 -0.268622 0.285886 -0.451950 0.329793 -0.490225 0.333095
0.772281 0.106167 -0.268622 0.285886 -0.451947 0.329793 -0.490225 0.333095
0.793962 0.106167 -0.268622 0.285886 -0.451943 0.329793 -0.490225 0.333095
0.816251 0.106167 -0.268622 0.285886 -0.451940 0.329793 -0.490225 0.333095
0.839166 0.106167 -0.268622 0.285886 -0.451936 0.329793 -0.490225 0.333095
0.862724 0.106167 -0.268622 0.285886 -0.451933 0.329793 -0.490225 0.333095
0.886943 0.106167 -0.268622 0.285886 -0.451929 0.329793 -0.490225 0.333095
0.911843 0.106168 -0.268622 0.285886 -0.451925 0.329793 -0.490225 0.333095
0.937441 0.106168 -0.268622 0.285886 -0.451921 0.329793 -0.490225 0.333095
0.963758 0.106168 -0.268622 0.285886 -0.451917 0.329793 -0.490225 0.333095
0.990814 0.106168 -0.268622 0.285886 -0.451913 0.329793 -0.490225 0.333095
1.018629 0.106168 -0.268622 0.285886 -0.451908 0.329793 -0.490225 0.333095
1.047225 0.106168 -0.268622 0.285886 -0.451904 0.329793 -0.490225 0.333095
1.076624 0.106168 -0.268622 0.285886 -0.451899 0.329792 -0.490225 0.333095
1.106848 0.106168 -0.268622 0.285886 -0.451894 0.329792 -0.490225 0.333095
1.137921 0.106168 -0.268622 0.285886 -0.451889 0.329792 -0.490225 0.333095
1.169866 0.106168 -0.268622 0.285886 -0.451884 0.329792 -0.490225 0.333095
1.202708 0.106168 -0.268622 0.285886 -0.451879 0.329792 -0.490225 0.333095
1.236472 0.106168 -0.268622 0.285886 -0.451873 0.329792 -0.490225 0.333095
1.271184 0.106168 -0.268622 0.285886 -0.451867 0.329792 -0.490225 0.333095
1.306870 0.106168 -0.268622 0.285886 -0.451861 0.329792 -0.490225 0.333095
1.343558 0.106168 -0.268622 0.285886 -0.451855 0.329792 -0.490225 0.333095
1.381276 0.106168 -0.268622 0.285886 -0.451849 0.329792 -0.490225 0.333095
1.420053 0.106168 -0.268622 0.285886 -0.451842 0.329791 -0.490225 0.333095
1.459919 0.106168 -0.268622 0.285886 -0.451836 0.329791 -0.490225 0.333095
1.500903 0.106168 -0.268622 0.285886 -0.451829 0.329791 -0.490225 0.333095
1.543038 0.106168 -0.268622 0.285886 -0.451821 0.329791 -0.490225 0.333095
1.586357 0.106168 -0.268622 0.285886 -0.451814 0.329791 -0.490225 0.333094
1.630891 0.106169 -0.268622 0.285886 -0.451806 0.329791 -0.490225 0.333094
1.676675 0.106169 -0.268622 0.285886 -0.451798 0.329791 -0.490225 0.333094
1.723745 0.106169 -0.268622 0.285886 -0.451790 0.329790 -0.490225 0.333094
1.772136 0.106169 -0.268622 0.285886 -0.451782 0.329790 -0.490225 0.333094
1.821885 0.106169 -0.268622 0.285886 -0.451773 0.329790 -0.490225 0.333094
1.873032 0.106169 -0.268622 0.285886 -0.451764 0.329790 -0.490225 0.333094
1.925614 0.106169 -0.268622 0.285886 -0.451755 0.329790 -0.490225 0.333094
1.979672 0.106169 -0.268622 0.285886 -0.451745 0.329789 -0.490225 0.333094
2.035248 0.106169 -0.268622 0.285886 -0.451735 0.329789 -0.490225 0.333094
2.092383 0.106169 -0.268622 0.285886 -0.451725 0.329789 -0.490225 0.333094
2.151123 0.106170 -0.268622 0.285886 -0.451714 0.329789 -0.490225 0.333094
2.211512 0.106170 -0.268622 0.285886 -0.451703 0.329788 -0.490225 0.333094
2.273597 0.106170 -0.268622 0.285886 -0.451692 0.329788 -0.490225 0.333094
2.337424 0.106170 -0.268622 0.285886 -0.451680 0.329788 -0.490225 0.333094
2.403043 0.106170 -0.268622 0.285886 -0.451668 0.329787 -0.490225 0.333094
2.470504 0.106170 -0.268622 0.285886 -0.451655 0.329787 -0.490225 0.333094
2.539859 0.106170 -0.268622 0.285886 -0.451642 0.329787 -0.490225 0.333094
2.611161 0.106171 -0.268622 0.285886 -0.451629 0.329786 -0.490225 0.333094
2.684465 0.106171 -0.268622 0.285886 -0.451615 0.329786 -0.490225 0.333094
2.759826 0.106171 -0.268622 0.285886 -0.451601 0.329786 -0.490225 0.333094
2.837304 0.106171 -0.268622 0.285886 -0.451586 0.329785 -0.490225 0.333094
2.916956 0.106171 -0.268622 0.285886 -0.451571 0.329785 -0.490225 0.333094
2.998844 0.106172 -0.268622 0.285886 -0.451555 0.329784 -0.490225 0.333094
3.083031 0.106172 -0.268622 0.285886 -0.451539 0.329784 -0.490225 0.333094
3.169582 0.106172 -0.268622 0.285886 -0.451522 0.329784 -0.490225 0.333094
3.258562 0.106172 -0.268622 0.285884 -0.451505 0.329783 -0.490225 0.333094
3.350041 0.106173 -0.268622 0.285871 -0.451487 0.329783 -0.490225 0.333094
3.444087 0.106173 -0.268622 0.285858 -0.451468 0.329782 -0.490225 0.333094
3.540774 0.106173 -0.268622 0.285845 -0.451449 0.329781 -0.490225 0.333094
3.640175 0.106174 -0.268622 0.285831 -0.451429 0.329781 -0.490225 0.333094
3.742366 0.106174 -0.268622 0.285817 -0.451409 0.329780 -0.490225 0.333094
3.847427 0.106174 -0.268622 0.285802 -0.451388 0.329780 -0.490225 0.333093
3.955436 0.106175 -0.268622 0.285787 -0.451366 0.329779 -0.490225 0.333093
4.066478 0.106175 -0.268622 0.285771 -0.451343 0.329778 -0.490225 0.333093
4.180637 0.106175 -0.268622 0.285755 -0.451320 0.329777 -0.490225 0.333093
4.298001 0.106176 -0.268622 0.285738 -0.451296 0.329777 -0.490225 0.333093
4.418660 0.106176 -0.268622 0.285720 -0.451271 0.329776 -0.490225 0.333093
4.542706 0.106177 -0.268622 0.285702 -0.451246 0.329775 -0.490225 0.333093
4.670234 0.106177 -0.268622 0.285684 -0.451219 0.329774 -0.490225 0.333093
4.801343 0.106178 -0.268622 0.285665 -0.451192 0.329773 -0.490225 0.333093
4.936132 0.106178 -0.268622 0.285645 -0.451163 0.329772 -0.490225 0.333093
5.074705 0.106179 -0.268622 0.285625 -0.451134 0.329771 -0.490225 0.333092
5.217169 0.106179 -0.268622 0.285603 -0.451104 0.329770 -0.490224 0.333092
5.363631 0.106180 -0.268622 0.285582 -0.451073 0.329769 -0.490224 0.333092
5.514206 0.106181 -0.268622 0.285559 -0.451040 0.329768 -0.490224 0.333092
5.669007 0.106181 -0.268622 0.285536 -0.451007 0.329767 -0.490224 0.333092
5.828155 0.106182 -0.268622 0.285512 -0.450973 0.329765 -0.490224 0.333092
5.991770 0.106183 -0.268622 0.285487 -0.450937 0.329764 -0.490224 0.333091
6.159978 0.106184 -0.268622 0.285461 -0.450900 0.329763 -0.490224 0.333091
6.332908 0.106185 -0.268622 0.285435 -0.450862 0.329761 -0.490224 0.333091
6.510694 0.106186 -0.268622 0.285407 -0.450823 0.329771 -0.490224 0.333091
6.693470 0.106186 -0.268622 0.285379 -0.450783 0.329791 -0.490224 0.333090
6.881377 0.106187 -0.268622 0.285350 -0.450741 0.329811 -0.490224 0.333090
7.074559 0.106189 -0.268622 0.285320 -0.450698 0.329832 -0.490224 0.333090
7.273165 0.106190 -0.268622 0.285288 -0.450653 0.329853 -0.490224 0.333089
7.477346 0.106191 -0.268622 0.285274 -0.450607 0.329875 -0.490224 0.333089
7.687260 0.106192 -0.268622 0.285273 -0.450559 0.329881 -0.490224 0.333089
7.903066 0.106193 -0.268622 0.285273 -0.450510 0.329881 -0.490224 0.333088
8.124930 0.106195 -0.268622 0.285273 -0.450459 0.329846 -0.490224 0.333088
8.353023 0.106196 -0.268622 0.285273 -0.450407 0.329808 -0.490224 0.333087
8.587519 0.106198 -0.268622 0.285272 -0.450352 0.329769 -0.490224 0.333087
8.828599 0.106199 -0.268622 0.285272 -0.450296 0.329738 -0.490224 0.333086
9.076446 0.106201 -0.268622 0.285272 -0.450238 0.329735 -0.490224 0.333086
9.331251 0.106202 -0.268622 0.285272 -0.450179 0.329732 -0.490224 0.333085
9.593209 0.106204 -0.268622 0.285271 -0.450117 0.329729 -0.490224 0.333085
9.862522 0.106206 -0.268622 0.285271 -0.450053 0.329727 -0.490224 0.333084
10.139395 0.106208 -0.268622 0.285270 -0.449987 0.329723 -0.490224 0.333083
10.424040 0.106210 -0.268622 0.285270 -0.449919 0.329720 -0.490224 0.333083
10.716676 0.106212 -0.268622 0.285270 -0.449848 0.329717 -0.490224 0.333082
11.017528 0.106215 -0.268622 0.285269 -0.449776 0.329713 -0.490224 0.333081
11.326826 0.106217 -0.268622 0.285269 -0.449700 0.329709 -0.490223 0.333080
11.644806 0.106220 -0.268622 0.285268 -0.449623 0.329706 -0.490223 0.333079
11.971713 0.106222 -0.268622 0.285268 -0.449543 0.329701 -0.490223 0.333078
12.307798 0.106225 -0.268622 0.285267 -0.449460 0.329697 -0.490223 0.333077
12.653318 0.106228 -0.268622 0.285266 -0.449374 0.329735 -0.490223 0.333076
13.008537 0.106231 -0.268622 0.285266 -0.449286 0.329784 -0.490223 0.333074
13.373729 0.106235 -0.268622 0.285265 -0.449195 0.329835 -0.490223 0.333073
13.749172 0.106238 -0.268622 0.285264 -0.449100 0.329785 -0.490223 0.333071
14.135156 0.106242 -0.268622 0.285263 -0.449003 0.329691 -0.490223 0.333070
14.531975 0.106246 -0.268622 0.285262 -0.448902 0.329667 -0.490222 0.333068
14.939935 0.106250 -0.268622 0.285261 -0.448798 0.329661 -0.490222 0.333066
15.359347 0.106254 -0.268622 0.285260 -0.448691 0.329655 -0.490222 0.333064
15.790533 0.106258 -0.268622 0.285259 -0.448580 0.329649 -0.490222 0.333062
16.233824 0.106255 -0.268622 0.285258 -0.448465 0.329642 -0.490222 0.333060
16.689560 0.106214 -0.268623 0.285256 -0.448347 0.329635 -0.490221 0.333058
17.158090 0.106171 -0.268623 0.285255 -0.448273 0.329628 -0.490221 0.333055
17.639773 0.106127 -0.268623 0.285253 -0.448256 0.329620 -0.490221 0.333053
18.134978 0.106081 -0.268623 0.285252 -0.448237 0.329612 -0.490221 0.333050
18.644085 0.106033 -0.268623 0.285250 -0.448218 0.329604 -0.490220 0.333047
19.167485 0.105984 -0.268623 0.285248 -0.448197 0.329595 -0.490220 0.333043
19.705578 0.105934 -0.268623 0.285246 -0.448176 0.329586 -0.490220 0.333040
20.258777 0.105881 -0.268623 0.285244 -0.448154 0.329577 -0.490219 0.333036
20.827506 0.105827 -0.268623 0.285242 -0.448131 0.329567 -0.490219 0.333032
21.412202 0.105770 -0.268623 0.285239 -0.448106 0.329556 -0.490219 0.333028
22.013311 0.105712 -0.268623 0.285236 -0.448080 0.329545 -0.490218 0.333024
22.631296 0.105652 -0.268623 0.285234 -0.448054 0.329534 -0.490218 0.333019
23.266629 0.105618 -0.268623 0.285231 -0.448025 0.329522 -0.490217 0.333014
23.919798 0.105614 -0.268623 0.285227 -0.447996 0.329510 -0.490217 0.333008
24.591304 0.105610 -0.268623 0.285224 -0.447965 0.329497 -0.490216 0.333002
25.281661 0.105605 -0.268623 0.285220 -0.447933 0.329483 -0.490215 0.332996
25.991399 0.105600 -0.268623 0.285216 -0.447899 0.329469 -0.490215 0.332989
26.721062 0.105622 -0.268623 0.285212 -0.447863 0.329454 -0.490214 0.332982
27.471208 0.105590 -0.268624 0.285207 -0.447826 0.329438 -0.490213 0.332975
28.242413 0.105584 -0.268624 0.285202 -0.447787 0.329422 -0.490212 0.332966
29.035269 0.105491 -0.268624 0.285197 -0.447746 0.329405 -0.490211 0.332958
29.850382 0.105374 -0.268624 0.285191 -0.447703 0.329387 -0.490210 0.332948
30.688379 0.105254 -0.268624 0.285185 -0.447658 0.329368 -0.490209 0.332939
31.549901 0.105130 -0.268624 0.285178 -0.447611 0.329349 -0.490208 0.332928
32.435608 0.105002 -0.268624 0.285171 -0.447561 0.329328 -0.490207 0.332936
33.346180 0.104871 -0.268625 0.285164 -0.447509 0.329428 -0.490206 0.332952
34.282315 0.104809 -0.268625 0.285156 -0.447455 0.329550 -0.490204 0.332969
35.244730 0.104780 -0.268625 0.285147 -0.447398 0.329676 -0.490203 0.332991
36.234163 0.104750 -0.268625 0.285138 -0.447339 0.329804 -0.490201 0.333104
37.251373 0.104718 -0.268625 0.285128 -0.447276 0.329904 -0.490199 0.333220
38.297139 0.104685 -0.268626 0.285117 -0.447211 0.329905 -0.490197 0.333340
39.372263 0.104650 -0.268626 0.285106 -0.447142 0.329907 -0.490195 0.333463
40.477570 0.104613 -0.268626 0.285094 -0.447070 0.329909 -0.490193 0.333616
41.613906 0.104574 -0.268627 0.285081 -0.446995 0.329911 -0.490191 0.333774
42.782142 0.104533 -0.268627 0.285067 -0.446916 0.329880 -0.490188 0.333890
43.983175 0.104490 -0.268627 0.285052 -0.446841 0.329842 -0.490185 0.333993
45.217924 0.104445 -0.268628 0.285036 -0.446835 0.329803 -0.490183 0.334135
46.487337 0.104397 -0.268628 0.285018 -0.446828 0.329761 -0.490179 0.334281
47.792386 0.104357 -0.268629 0.285000 -0.446821 0.329718 -0.490176 0.334431
49.134073 0.104356 -0.268629 0.284980 -0.446814 0.329673 -0.490172 0.334585
50.513425 0.104356 -0.268630 0.284959 -0.446806 0.329625 -0.490169 0.334744
51.931499 0.104355 -0.268630 0.284936 -0.446797 0.329695 -0.490164 0.334907
53.389384 0.104354 -0.268631 0.284912 -0.446789 0.329881 -0.490160 0.335075
54.888196 0.104353 -0.268632 0.284886 -0.446779 0.329936 -0.490155 0.335248
56.429085 0.104163 -0.268633 0.284858 -0.446769 0.329940 -0.490150 0.335426
58.013231 0.103935 -0.268633 0.284828 -0.446759 0.329943 -0.490144 0.335608
59.641849 0.103842 -0.268634 0.284796 -0.446748 0.329947 -0.490138 0.335796
61.316188 0.103763 -0.268635 0.284601 -0.446736 0.329951 -0.490132 0.335989
63.037532 0.103680 -0.268636 0.284272 -0.446724 0.329956 -0.490125 0.336188
64.807198 0.103593 -0.268638 0.284267 -0.446711 0.329961 -0.490117 0.336392
66.626545 0.103502 -0.268639 0.284262 -0.446697 0.329966 -0.490110 0.336602
68.496967 0.103405 -0.268640 0.284256 -0.446683 0.329965 -0.490101 0.336818
70.419898 0.103304 -0.268642 0.284250 -0.446667 0.329920 -0.490092 0.337040
72.396811 0.103198 -0.268643 0.283827 -0.446651 0.329873 -0.490082 0.337268
74.429223 0.103034 -0.268654 0.283122 -0.446634 0.329821 -0.490071 0.337502
76.518692 0.102566 -0.268673 0.283060 -0.446616 0.329766 -0.490060 0.337743
78.666818 0.102493 -0.268693 0.282993 -0.446597 0.329706 -0.490047 0.337991
80.875249 0.102414 -0.268715 0.282923 -0.446577 0.329713 -0.490034 0.338246
83.145678 0.102330 -0.268738 0.283070 -0.446555 0.329745 -0.490020 0.338508
85.479845 0.102240 -0.268763 0.283258 -0.446533 0.329778 -0.490005 0.338777
87.879540 0.102143 -0.268789 0.283125 -0.446509 0.329813 -0.489988 0.339053
90.346602 0.101746 -0.268817 0.283003 -0.446484 0.329851 -0.489971 0.339337
92.882923 0.101191 -0.268847 0.282683 -0.446240 0.329891 -0.489952 0.339629
95.490446 0.100356 -0.268879 0.282413 -0.445670 0.329934 -0.489931 0.339929
98.171170 0.100009 -0.268913 0.282311 -0.444465 0.329937 -0.489909 0.340237
100.927151 0.099685 -0.268949 0.282203 -0.443579 0.329805 -0.489886 0.340554
103.760502 0.099672 -0.268987 0.282089 -0.443561 0.329846 -0.489861 0.340879
106.673394 0.099659 -0.269028 0.281376 -0.443542 0.329890 -0.489834 0.341213
109.668060 0.099644 -0.269072 0.280567 -0.443521 0.329936 -0.489804 0.341556
112.746796 0.099388 -0.269118 0.280456 -0.443290 0.329803 -0.489773 0.341909
115.911962 0.098932 -0.269168 0.280065 -0.442815 0.330038 -0.489739 0.342271
119.165984 0.098461 -0.269220 0.280031 -0.442326 0.330093 -0.489703 0.342643
122.511358 0.097975 -0.269276 0.279995 -0.441822 0.330153 -0.489664 0.343025
125.950646 0.097473 -0.269295 0.279955 -0.441303 0.330223 -0.489623 0.343417
129.486487 0.097321 -0.269239 0.279728 -0.440769 0.330244 -0.489578 0.343820
133.121590 0.097285 -0.269179 0.279689 -0.440218 0.330267 -0.489530 0.344234
136.858742 0.097246 -0.269070 0.279647 -0.439652 0.330291 -0.489478 0.344658
140.700809 0.097203 -0.268789 0.279573 -0.439070 0.330316 -0.489422 0.345094
144.650734 0.097157 -0.268770 0.279320 -0.438471 0.330343 -0.489362 0.345541
148.711546 0.097107 -0.268782 0.279219 -0.437854 0.330372 -0.489298 0.346001
152.886359 0.096389 -0.268795 0.279092 -0.437221 0.330402 -0.489229 0.346472
157.178372 0.095274 -0.268703 0.278470 -0.436709 0.330434 -0.489155 0.346956
161.590875 0.094907 -0.268601 0.277743 -0.436668 0.330469 -0.489075 0.347452
166.127252 0.094514 -0.268490 0.277067 -0.436623 0.330505 -0.488989 0.347961
170.790980 0.094094 -0.268372 0.276297 -0.436574 0.330572 -0.488897 0.348484
175.585633 0.093434 -0.268244 0.275675 -0.436522 0.330704 -0.488798 0.349020
180.514888 0.093476 -0.267055 0.275537 -0.436465 0.330844 -0.488692 0.349569
185.582523 0.092446 -0.265627 0.275532 -0.436403 0.330992 -0.488578 0.350133
190.792422 0.091751 -0.264538 0.275226 -0.436337 0.331150 -0.488455 0.350712
196.148581 0.089792 -0.264022 0.273892 -0.436265 0.331317 -0.488324 0.351305
201.655104 0.090886 -0.263816 0.273777 -0.436188 0.331455 -0.488182 0.351913
207.316213 0.090635 -0.264030 0.273509 -0.436104 0.331427 -0.488030 0.352536
213.136247 0.089990 -0.263328 0.272700 -0.436013 0.331397 -0.487771 0.353175
219.119669 0.089042 -0.262550 0.272894 -0.435915 0.331421 -0.487387 0.353830
225.271064 0.088048 -0.261361 0.271574 -0.435809 0.331509 -0.486981 0.354501
231.595149 0.087051 -0.260312 0.270740 -0.435695 0.331603 -0.486551 0.355189
238.096772 0.086525 -0.258580 0.270533 -0.435571 0.331753 -0.486097 0.355894
244.780916 0.086453 -0.257034 0.269484 -0.435474 0.332133 -0.485617 0.356616
251.652705 0.085544 -0.255571 0.268770 -0.435427 0.332222 -0.485110 0.357356
258.717408 0.084384 -0.254072 0.268795 -0.435136 0.332263 -0.484591 0.358113
265.980440 0.083134 -0.253263 0.269145 -0.434968 0.332252 -0.484543 0.358889
273.447368 0.081809 -0.253076 0.268717 -0.434785 0.332291 -0.484492 0.359684
281.123917 0.079993 -0.252880 0.268074 -0.434588 0.332401 -0.484437 0.360497
289.015972 0.079418 -0.252363 0.265542 -0.434374 0.332454 -0.484378 0.361329
297.129582 0.078643 -0.250722 0.264038 -0.434144 0.332510 -0.484314 0.362219
305.470967 0.077586 -0.249044 0.262452 -0.433068 0.332570 -0.484233 0.363181
314.046522 0.075729 -0.247811 0.262297 -0.432799 0.332635 -0.483788 0.364164
322.862820 0.074724 -0.245571 0.262220 -0.432507 0.332704 -0.483310 0.365169
331.926620 0.072911 -0.243776 0.260094 -0.432192 0.332777 -0.482797 0.366197
341.244871 0.071289 -0.241940 0.260059 -0.431852 0.332856 -0.482246 0.367248
350.824714 0.072045 -0.241197 0.258828 -0.431484 0.333030 -0.481655 0.368322
360.673495 0.072729 -0.241643 0.257858 -0.431087 0.334279 -0.481259 0.369420
370.798763 0.068626 -0.239033 0.257154 -0.430658 0.334580 -0.481213 0.370542
381.208280 0.067163 -0.239423 0.257647 -0.430194 0.334929 -0.481163 0.371687
391.910025 0.063220 -0.239488 0.255990 -0.429693 0.335225 -0.481109 0.372857
402.912203 0.059172 -0.240032 0.254905 -0.429152 0.336270 -0.481050 0.374052
414.223247 0.057946 -0.240602 0.254712 -0.428567 0.337475 -0.480987 0.375272
425.851829 0.055778 -0.239622 0.252971 -0.427058 0.338567 -0.480919 0.376517
437.806863 0.055024 -0.240910 0.252434 -0.425022 0.340842 -0.480846 0.377788
450.097513 0.055116 -0.240661 0.252684 -0.422945 0.344444 -0.480767 0.379085
462.733201 0.052896 -0.238575 0.250812 -0.421384 0.345908 -0.480681 0.380408
475.723614 0.051698 -0.239054 0.249112 -0.420628 0.349248 -0.480589 0.381757
489.078709 0.049212 -0.237334 0.248489 -0.420698 0.352139 -0.480490 0.383133
502.808725 0.048164 -0.238168 0.248775 -0.420773 0.356173 -0.480383 0.384941
516.924187 0.045656 -0.239053 0.246759 -0.420855 0.358305 -0.480267 0.389887
531.435916 0.043505 -0.238686 0.244707 -0.419693 0.359878 -0.480143 0.393912
546.355035 0.040034 -0.236855 0.242251 -0.417886 0.361506 -0.480008 0.399306
561.692982 0.038052 -0.235855 0.239590 -0.418067 0.363192 -0.479864 0.404857
577.461515 0.036934 -0.232878 0.236610 -0.416601 0.364934 -0.479708 0.410563
593.672722 0.034277 -0.230472 0.235264 -0.414183 0.366736 -0.479540 0.416256
610.339029 0.032269 -0.229295 0.234357 -0.413410 0.368597 -0.479359 0.421846
627.473213 0.032038 -0.226938 0.232217 -0.412115 0.370520 -0.479122 0.427536
645.088409 0.028990 -0.225926 0.229834 -0.409699 0.372503 -0.478700 0.433324
663.198120 0.030617 -0.224940 0.227544 -0.407356 0.374549 -0.478252 0.439205
681.816229 0.025393 -0.225388 0.224639 -0.405922 0.376658 -0.477777 0.445176
700.957009 0.021742 -0.223322 0.224528 -0.403445 0.378830 -0.477273 0.451235
720.635132 0.017337 -0.227871 0.224651 -0.402411 0.381066 -0.476740 0.457375
740.865683 0.014203 -0.229632 0.226229 -0.402875 0.385524 -0.476176 0.463594
761.664172 0.010610 -0.230698 0.225644 -0.405403 0.390358 -0.475581 0.469887
783.046540 0.006386 -0.229191 0.224021 -0.403860 0.392044 -0.474953 0.476248
805.029181 0.000707 -0.232619 0.223095 -0.400707 0.393757 -0.474855 0.482674
827.628946 -0.003639 -0.232178 0.225046 -0.399882 0.395498 -0.475372 0.489157
850.863158 -0.006211 -0.232806 0.226042 -0.396761 0.397265 -0.475782 0.495694
874.749630 -0.009989 -0.229368 0.226459 -0.393496 0.399059 -0.475325 0.502278
899.306672 -0.012963 -0.229600 0.230441 -0.393332 0.403028 -0.474837 0.508903
924.553110 -0.016731 -0.229106 0.234201 -0.393129 0.410193 -0.474314 0.515564
950.508296 -0.019587 -0.233161 0.231695 -0.392939 0.414290 -0.473756 0.522254
977.192128 -0.023424 -0.232930 0.229620 -0.389716 0.416221 -0.473160 0.528966
1004.625062 -0.026562 -0.231737 0.232333 -0.392527 0.418090 -0.472525 0.535696
1032.828126 -0.026768 -0.233916 0.234750 -0.392303 0.420519 -0.471848 0.542435
1061.822941 -0.032451 -0.238056 0.235922 -0.392069 0.426154 -0.471128 0.549178
1091.631734 -0.033451 -0.238585 0.236684 -0.391822 0.428618 -0.470363 0.555918
1122.277356 -0.037442 -0.241573 0.240181 -0.392473 0.430618 -0.469550 0.562649
1153.783300 -0.041944 -0.240776 0.242580 -0.393898 0.432639 -0.468688 0.569364
1186.173716 -0.041979 -0.242475 0.239449 -0.394179 0.435804 -0.467775 0.576057
1219.473437 -0.039511 -0.247914 0.240401 -0.394257 0.441182 -0.466809 0.582721
1253.707987 -0.039426 -0.250827 0.239769 -0.395062 0.444742 -0.465789 0.589351
1288.903612 -0.040612 -0.255416 0.246214 -0.397110 0.448373 -0.464714 0.595940
1325.087292 -0.043670 -0.256226 0.249156 -0.396856 0.450685 -0.465805 0.602483
1362.286764 -0.046532 -0.257255 0.253527 -0.396590 0.453016 -0.467785 0.608974
1400.530545 -0.048546 -0.259320 0.257111 -0.398616 0.455365 -0.469669 0.615406
1439.847953 -0.050163 -0.262384 0.259414 -0.398676 0.457733 -0.471460 0.621776
1480.269127 -0.052854 -0.263314 0.260496 -0.396962 0.460117 -0.473161 0.628077
1521.825053 -0.056005 -0.267429 0.262818 -0.397035 0.462679 -0.474774 0.634305
1564.547589 -0.056655 -0.270464 0.265889 -0.396404 0.466800 -0.476301 0.640456
1608.469483 -0.058494 -0.271151 0.266114 -0.400407 0.471437 -0.477747 0.646524
1653.624407 -0.060959 -0.275149 0.265783 -0.402644 0.475538 -0.479114 0.652507
1700.046975 -0.061497 -0.279610 0.270799 -0.406366 0.478007 -0.480406 0.658399
1747.772774 -0.059213 -0.286187 0.274080 -0.408813 0.481216 -0.481625 0.664198
1796.838391 -0.059781 -0.290497 0.276949 -0.411811 0.484815 -0.482775 0.669900
1847.281437 -0.057619 -0.292035 0.292559 -0.413001 0.488403 -0.483859 0.675503
1899.140582 -0.059266 -0.295746 0.305169 -0.415788 0.491978 -0.484879 0.681003
1952.455581 -0.059306 -0.297953 0.313644 -0.418461 0.498106 -0.485840 0.686398
2007.267304 -0.061253 -0.301466 0.315609 -0.422358 0.505774 -0.486743 0.691687
2063.617768 -0.065453 -0.305020 0.319216 -0.426036 0.509280 -0.487592 0.696867
2121.550171 -0.067569 -0.308147 0.322675 -0.426362 0.512758 -0.487936 0.701937
2181.108924 -0.069619 -0.310888 0.324148 -0.428392 0.516313 -0.488123 0.706896
2242.339683 -0.071430 -0.313926 0.325346 -0.429542 0.519723 -0.488302 0.711743
2305.289387 -0.071735 -0.316179 0.326520 -0.431900 0.525075 -0.488473 0.716477
2370.006292 -0.070629 -0.320167 0.327669 -0.432643 0.532551 -0.488636 0.721097
2436.540009 -0.073933 -0.322802 0.328790 -0.435378 0.537665 -0.488791 0.725603
2504.941542 -0.074914 -0.326276 0.329884 -0.437767 0.546286 -0.488938 0.729996
2575.263327 -0.075537 -0.327897 0.336269 -0.440000 0.554995 -0.489078 0.734274
2647.559271 -0.077374 -0.329387 0.343468 -0.442030 0.562446 -0.489212 0.738440
2721.884795 -0.079146 -0.331592 0.356559 -0.443754 0.569863 -0.489338 0.742493
2798.296876 -0.077538 -0.332266 0.367903 -0.445500 0.577236 -0.489459 0.746435
2876.854090 -0.078808 -0.333501 0.377293 -0.447318 0.584554 -0.489573 0.750265
2957.616659 -0.080002 -0.335904 0.380812 -0.449052 0.597809 -0.489681 0.753986
3040.646493 -0.081116 -0.337575 0.385618 -0.450705 0.611174 -0.489784 0.757598
3126.007243 -0.082261 -0.340780 0.388075 -0.452281 0.624322 -0.489882 0.761103
3213.764344 -0.085213 -0.341800 0.390191 -0.453783 0.637233 -0.489975 0.764502
3303.985070 -0.087000 -0.344710 0.391900 -0.455214 0.649004 -0.490063 0.767797
3396.738582 -0.087391 -0.345631 0.394539 -0.456577 0.660554 -0.490146 0.770989
3492.095985 -0.088105 -0.345678 0.397125 -0.456856 0.673673 -0.490225 0.774081
3590.130377 -0.089610 -0.347035 0.399658 -0.457616 0.684572 -0.490300 0.777074
3690.916911 -0.089729 -0.349598 0.402139 -0.458519 0.693474 -0.490370 0.779971
3794.532847 -0.091521 -0.350734 0.403727 -0.459359 0.706587 -0.490437 0.782772
3901.057617 -0.092157 -0.351285 0.404884 -0.460215 0.718652 -0.490501 0.785480
4010.572881 -0.092829 -0.355854 0.408889 -0.460870 0.727760 -0.490561 0.788098
4123.162591 -0.092119 -0.356916 0.410851 -0.461548 0.739354 -0.490617 0.790626
4238.913057 -0.093125 -0.358573 0.412624 -0.462179 0.750541 -0.490671 0.793069
4357.913012 -0.093255 -0.361098 0.414329 -0.462622 0.760116 -0.490722 0.795426
4480.253680 -0.093376 -0.362980 0.416424 -0.462963 0.765391 -0.490770 0.797702
4606.028844 -0.093487 -0.366353 0.417691 -0.463819 0.770659 -0.490816 0.801928
4735.334923 -0.093215 -0.367976 0.419669 -0.464292 0.772793 -0.491328 0.807550
4868.271040 -0.093523 -0.368492 0.423862 -0.464919 0.782257 -0.491830 0.812982
5004.939103 -0.093769 -0.368981 0.426782 -0.465988 0.790673 -0.492300 0.818225
5145.443878 -0.094191 -0.369444 0.429656 -0.466436 0.796715 -0.492740 0.824458
5289.893076 -0.094738 -0.370345 0.432110 -0.466711 0.805898 -0.493151 0.832823
5438.397428 -0.095436 -0.370865 0.435052 -0.466966 0.810099 -0.493535 0.840822
5591.070777 -0.095991 -0.372584 0.437869 -0.467204 0.812057 -0.493894 0.848465
5748.030158 -0.096649 -0.374072 0.440566 -0.467425 0.814838 -0.494231 0.855983
5909.395895 -0.096982 -0.374845 0.443146 -0.468417 0.818940 -0.494545 0.864486
6075.291689 -0.098101 -0.374781 0.444761 -0.469566 0.821578 -0.494838 0.870921
6245.844712 -0.098037 -0.376170 0.447096 -0.470668 0.824072 -0.495113 0.875952
6421.185709 -0.098489 -0.378042 0.449326 -0.471725 0.826429 -0.495370 0.883592
6601.449093 -0.098562 -0.379548 0.451758 -0.472737 0.829359 -0.495610 0.890758
6786.773051 -0.098970 -0.379813 0.453484 -0.473707 0.833295 -0.495834 0.897474
6977.299650 -0.099300 -0.380059 0.454541 -0.474280 0.837040 -0.496043 0.903765
7173.174944 -0.099464 -0.380426 0.455945 -0.474409 0.840601 -0.496239 0.909653
7374.549090 -0.099721 -0.381456 0.457705 -0.475533 0.843985 -0.496422 0.915161
7581.576458 -0.099959 -0.382440 0.459381 -0.476220 0.849517 -0.496594 0.920311
7794.415750 -0.100179 -0.383274 0.460977 -0.476981 0.855172 -0.496753 0.925122
8013.230128 -0.100558 -0.383309 0.462555 -0.477380 0.860584 -0.496903 0.929616
8238.187331 -0.100963 -0.384196 0.463999 -0.477642 0.865762 -0.497043 0.933810
8469.459808 -0.101351 -0.385058 0.465314 -0.477891 0.870713 -0.497173 0.937724
8707.224849 -0.101724 -0.385576 0.466620 -0.478127 0.875446 -0.497295 0.941374
8951.664721 -0.102081 -0.385701 0.467862 -0.478351 0.879969 -0.497409 0.944778
9202.966809 -0.102161 -0.385806 0.469099 -0.478563 0.884290 -0.497516 0.947873
9461.323756 -0.102181 -0.385909 0.470220 -0.478765 0.885608 -0.497615 0.950722
9726.933615 -0.102814 -0.386003 0.471284 -0.478955 0.886203 -0.497708 0.953383
10000.000000 -0.102735 -0.386091 0.472294 -0.479136 0.887476 -0.497795 0.955868
