0.010000 56523846202.070328 1058751.730650 16460797721798.835938 13798.873885 131507789046842.843750 403.614802 224211174393507.125000
0.010281 55617828309.750832 1076398.831452 15826386496434.074219 14143.121667 126234560446301.578125 414.903221 215204016091539.000000
0.010569 54726280342.639908 1096097.313968 15216421646342.453125 14495.956012 121172595281619.218750 426.506469 206558408121751.000000
0.010866 53599712512.479027 1125522.199730 14629961258476.015625 14857.592562 116313432063823.312500 438.434856 198259841578945.125000
0.011171 52380798353.009560 1155736.158728 14066099527014.154297 15228.249580 111648948143743.406250 450.696508 190294389797071.781250
0.011485 51189582301.601334 1176906.060970 13523965815196.966797 15608.152816 107171346211687.281250 463.301535 182648684932451.000000
0.011807 50025434800.727493 1196925.836962 13037554434865.228516 15997.531358 102895555606921.562500 476.259022 175309895476015.250000
0.012139 48887740699.039955 1217285.786142 12570733685830.640625 16396.623448 98858438574280.812500 489.578232 168265704869930.812500
0.012479 47775898767.716049 1237991.674137 12120615303757.501953 16706.179973 94979545928496.109375 503.270725 161504290753083.375000
0.012830 46689321470.830276 1259049.355527 11686601801299.193359 17018.438855 91252678614424.937500 517.345508 155014305150186.656250
0.013190 45627434616.910950 1280464.796424 11268117071333.144531 17336.525716 87671880397674.156250 531.814343 148784855412026.750000
0.013560 44589677039.370209 1302244.055160 10864605609838.175781 17660.548919 84231428415143.515625 546.687689 142805486033826.781250
0.013941 43575500351.037781 1324393.282612 10475531786134.744141 17990.618822 80925823952104.875000 561.976996 137066160990439.250000
0.014332 42584368644.072617 1346918.752435 10113625051406.683594 18326.847823 77749783749939.984375 577.693848 131557247013907.703125
0.014735 41651475315.884514 1369826.831101 9767974825589.541016 18669.350389 74698231487325.687500 593.850246 126269497378086.625000
0.015148 41017752486.071930 1393123.990406 9434126285079.628906 19018.243090 71766289734352.062500 610.458514 121194036372861.781250
0.015573 40393615406.781303 1416816.820521 9111676562596.722656 19373.644630 68949272111135.359375 627.530960 116322344479113.531250
0.016011 39778918391.250168 1440912.008639 8800236540331.916016 19735.675925 66242675848283.476562 645.081432 111646244024729.250000
0.016460 39173517963.060402 1465416.369141 8499430386923.351562 20104.460078 63642174567174.750000 663.122346 107157885463343.656250
0.016922 38577272809.908279 1493743.463821 8208895096642.203125 20480.122466 61143611372633.351562 681.667890 102849734252267.328125
0.017397 37990043767.413071 1526668.105392 7928280056618.776367 20862.790749 58742992219687.187500 700.731898 98714558178691.187500
0.017886 37271270609.107849 1560315.950148 7657246622783.894531 21252.594979 56436479533815.406250 720.329187 94745415238850.109375
0.018388 36416541254.510422 1594702.756177 7395467708273.403320 21649.667516 54220386079378.250000 740.474603 90935641991190.171875
0.018904 35685067887.678352 1627093.962373 7142627394723.591797 22054.143206 52091169072079.468750 761.183344 87278842392305.968750
0.019435 35124801933.208199 1653975.883772 6898420545003.167969 22466.159333 50045424514130.414062 782.471241 83768877031580.875000
0.019980 34573264928.144882 1681301.003448 6662552439008.180664 22885.855714 48079881766837.125000 804.354281 80399852877849.250000
0.020541 34030320084.143555 1709076.588780 6434738417189.769531 23313.374679 46191398319170.281250 826.849703 77166113368411.937500
0.021118 33495832749.848160 1737310.018901 6214703536639.131836 23748.861218 44376954772461.335938 849.973895 74062228916363.703125
0.021711 32969670372.370434 1766008.797272 6002182239478.160156 24315.103741 42633650016378.148438 873.744649 71082987828488.187500
0.022320 32451702469.353668 1795180.544088 5796918033093.753906 24949.278101 40958696593519.898438 898.180613 68223387528156.859375
0.022947 31440995601.833889 1824833.006188 5598663179972.169922 25599.986758 39349416249266.992188 923.299499 65478626195051.734375
0.023591 30560572721.665085 1854974.052008 5407178399649.569336 26267.668282 37803235655056.093750 949.121117 62844094688130.359375
0.024253 29962866366.681515 1885611.676885 5222232579316.508789 26952.763896 36317682291667.968750 975.664881 60315368826833.046875
0.024934 29186737189.906685 1918707.214445 5043602495048.999023 27655.730678 34890380509890.187500 1002.950680 57888201967136.546875
0.025634 28231657206.365421 1955700.902672 4871072543018.294922 28377.024273 33519047727251.773438 1030.999798 55558517871173.078125
0.026354 27434985883.400837 1987954.586501 4704434479449.259766 29117.133045 32201490787110.210938 1059.833163 53322403877767.703125
0.027094 26816860467.209064 2020738.690655 4543487168322.887695 29876.537171 30935602451595.410156 1089.472955 51176104332985.179688
0.027854 26333541640.505611 2069929.694856 4382818742192.681641 30655.753398 29719358040386.976562 1119.941534 49116014293888.125000
0.028636 25858855271.161282 2125016.355028 4218427447198.307129 31455.285544 28550812193544.347656 1151.262195 47138673480155.828125
0.029440 25075126429.186207 2168856.941921 4060197568263.105957 32275.674769 27428095763955.015625 1183.458556 45240760468939.843750
0.030266 24780506117.702259 2213598.216780 3918691369980.500488 33117.457045 26349412834288.136719 1216.555490 43419087121001.945312
0.031116 24485055653.471176 2256177.295604 3789746164174.607910 33933.405896 25313037845057.406250 1250.577950 41670593237861.859375
0.031990 24043377529.257339 2303524.624069 3665031328096.179199 34585.614800 24317312840684.761719 1285.551837 39992341421614.453125
0.032888 23609584569.905113 2353411.176807 3544408149261.881836 35250.311042 23360644821112.218750 1321.503714 38381512152252.882812
0.033811 23036432912.640675 2401942.054333 3427742463145.695801 35927.731387 22441503195852.746094 1358.460759 36835399057365.804688
0.034760 22263607387.017548 2451468.912718 3314904504208.807129 36618.117006 21558417340087.171875 1396.451486 35351404369274.867188
0.035736 21516683433.812134 2502011.955300 3205768761501.506348 37321.713487 20709974245204.378906 1435.504635 33927034567981.839844
0.036739 20794852632.261520 2553591.783932 3098980031057.069824 38038.770987 19894816261870.953125 1475.649815 32559896199491.218750
0.037771 20097197799.122684 2606229.405645 2997022838243.031738 38769.544241 19111638931342.398438 1516.917594 31247691860347.093750
0.038831 19422981250.646740 2659946.240146 2898405652029.971680 39514.292698 18359188901877.488281 1559.339256 29988216342490.328125
0.039921 18771371403.141975 2714764.127735 2803019144993.277344 40273.280547 17636261926298.066406 1602.947402 28779352933037.300781
0.041042 18211012123.487240 2770705.335962 2710757568013.866699 41046.776849 16941700938457.507812 1647.774887 27619069866351.007812
0.042194 17848006866.252930 2827792.568521 2621518633108.152344 41835.055584 16274394205194.728516 1693.855809 26505416912045.308594
0.043379 17492205964.486782 2886048.971643 2535203400162.470703 42638.395748 15633273550038.308594 1741.225318 25436522104983.023438
0.044596 17143466203.660629 2945498.143176 2451716167363.972168 43457.081433 15017312647306.492188 1789.919561 24410588605452.207031
0.045848 16801647213.796116 2994423.545295 2370964365207.273926 44565.004763 14425525381900.828125 1839.975341 23425891682115.386719
0.047135 16466611415.235287 3043963.830858 2292858454011.435547 45751.432352 13856964275084.242188 1891.430857 22480775821547.394531
0.048459 16138223960.876661 3094319.742065 2217311824719.735352 46969.442057 13310718969849.228516 1944.325143 21573651948076.593750
0.049819 15787057991.414099 3145504.528425 2144240703007.446045 48219.871759 12799263506203.617188 1998.698580 20702994759826.953125
0.051218 15424352936.684877 3197531.645019 2073564056505.662109 49503.593549 12330740145862.085938 2054.592356 19867340168593.921875
0.052655 15069952504.027245 3250414.757398 2005203505061.503662 50821.482038 11879271682665.136719 2112.049048 19065282843866.746094
0.054134 14723666425.842075 3304167.745039 1939083233920.990967 52174.453416 11444238256090.371094 2171.112397 18295473855253.371094
0.055653 14385308793.041431 3358804.701634 1875129909795.482910 53563.440872 11025042526924.962891 2231.827222 17556618408537.687500
0.057216 14054697955.466660 3414339.940154 1813272599620.250732 54989.405271 10621108859216.234375 2294.239744 16847473674457.105469
0.058822 13731656424.968651 3470787.994931 1753429871726.891113 56453.323451 10231882531721.925781 2358.397528 16166846702403.019531
0.060473 13416010778.971172 3528163.624777 1695537517439.387207 57956.212735 9856828978154.654297 2424.349145 15513592419945.886719
0.062171 13223576225.000071 3586481.816906 1639545668104.591309 59499.105912 9495433054922.589844 2492.144835 14886611710669.664062
0.063916 13053164537.221012 3645757.787723 1582241147637.287598 61083.065938 9147198335588.763672 2561.836229 14284849570597.154297
0.065711 12884861950.061855 3706006.988424 1525539849222.082764 62709.193311 8811646430841.597656 2633.476233 13707293338127.285156
0.067555 12670563393.490767 3767245.105534 1470861699204.115967 64378.602409 8488316333285.450195 2707.119334 13152970994556.421875
0.069452 12417482760.435886 3829488.066430 1418134590443.441162 66092.448402 8176763785885.041992 2782.821494 12620949533514.875000
0.071402 12169421085.758991 3892752.040575 1367288985228.676758 67851.915795 7876560673501.453125 2860.640311 12110333395289.765625
0.073406 11926278574.054522 3957053.442542 1318257823667.107422 69658.215035 7587294436462.539062 2940.634947 11620262964117.861328
0.075467 11687957412.421295 4022408.936937 1270976435430.178711 71512.592943 7308567505414.609375 3022.866242 11149913126080.156250
0.077585 11454361731.724377 4107178.267471 1225382454599.817139 73416.331266 7039996756782.399414 3107.396684 10698491884428.824219
0.079763 11225397567.157801 4174965.568286 1181415737566.612793 75370.741739 6759467579607.429688 3194.290539 10265239030574.927734
0.082003 11000972821.001215 4224970.407604 1141389250044.673096 77377.172502 6487527530439.564453 3283.613880 9849424868675.402344
0.084305 10780997225.165361 4294713.992607 1103295638748.584473 79437.007152 6226465598335.587891 3375.434605 9450348991016.677734
0.086671 10565382305.316137 4365598.828213 1066460735208.905151 81551.667885 5975611463761.125000 3469.822459 9067339102907.554688
0.089105 10354041344.579983 4437643.136183 1030843037415.568848 83648.662335 5730622348909.397461 3566.849312 8699749894333.021484
0.091606 10146889349.270617 4510865.407466 993458901528.749634 85747.495641 5495603059299.129883 3666.588773 8346961957276.469727
0.094178 9943843014.268114 4585284.406808 960428850454.174072 87898.929801 5277498914922.484375 3769.116753 8008380746177.800781
0.096822 9744820689.560011 4660919.175608 927417483256.457886 90104.279941 5069719953289.894531 3874.511196 7683435580253.417969
0.099540 9549742347.525406 4737789.033733 893708404198.166870 92364.893621 4865389636086.855469 3982.852119 7371578685849.855469
0.102334 9371283564.943712 4815913.584492 861218792816.625977 94682.152128 4669238086191.099609 4094.221923 7072284277162.249023
0.105207 9288784961.471771 4895312.715816 829904589312.779175 97057.470938 4480938725380.701172 4208.705274 6785047673886.749023
0.108160 9206912157.692812 4976006.604305 799723325344.495605 99492.300730 4300178006397.556152 4326.389148 6509384454223.744141
0.111197 8999344115.790478 5058015.717699 770634066549.674561 101988.128179 4126654893146.053711 4447.363006 6244829641978.205078
0.114318 8783273776.186054 5187064.085489 742597357156.847168 104249.278855 3960080361585.604980 4571.718773 5990936926144.373047
0.117528 8572364862.731003 5327317.448235 715575166567.531128 105850.087012 3800176920570.671875 4699.550902 5747277911899.359375
0.120827 8424119047.591258 5471307.373149 689530837889.599121 107474.982802 3646678151729.678711 4830.956609 5513441401603.642578
0.124219 8313235881.664022 5562577.746030 665670990908.186035 109124.306979 3502438722285.264648 4966.035689 5289032704681.725586
0.127706 8203723860.348803 5642538.233679 642707829094.419678 110798.404155 3371372510266.954590 5104.890805 5073672975160.747070
0.131291 8095564829.263578 5723581.332486 619621337784.773315 112497.622797 3245125706784.849121 5247.627407 4866998575845.465820
0.134977 7988740859.346667 5805718.820642 595397568820.706909 114222.315220 3123522121043.985840 5394.354052 4668660467935.829102
0.138766 7883234244.066612 5888962.475489 572784188083.136963 115972.837588 3006391997570.783203 5545.182121 4478323625206.791992
0.142662 7779027496.595755 5973324.066502 551908132614.552490 117749.549891 2893571781252.497559 5700.226199 4295666471630.365234
0.146667 7676103346.952724 6058815.347928 531787854749.245300 119552.815948 2784903890963.636719 5859.604100 4120380341624.052246
0.150785 7574444739.335123 6145448.051080 512396043762.296814 121383.003379 2680207901132.515625 6023.436923 3952168961911.773438
0.155018 7466449459.841580 6233233.876187 493706375459.107056 124401.512684 2572853478908.095215 6191.849077 3790747954203.761719
0.159369 7307099418.852280 6327104.784916 475693476547.473999 127727.402449 2475886905153.028320 6364.968476 3635844357812.300781
0.163843 7151094912.546053 6479360.137782 458332890288.462280 131142.182543 2381634441290.927246 6542.926605 3487196171431.845215
0.168443 6998365399.651991 6635229.781701 441601043392.354065 134648.227401 2285888037767.640137 6725.858641 3344551913323.596680
0.173172 6890394794.978624 6794796.866986 425475214115.669434 138247.974928 2193947363435.440918 6913.903534 3207670199109.189453
0.178033 6819954020.874593 6958146.314186 409933501500.185913 141943.927950 2105661773445.856445 7107.204033 3076319336546.510742
0.183031 6717715101.875859 7110644.110114 394954795729.920349 145738.655653 2020886579378.776611 7305.906938 2950276936533.878906
0.188169 6572049620.513850 7229098.718093 380518749558.127686 149634.795222 1939482813830.942871 7510.163137 2829329539746.998047
0.193452 6503173800.944847 7349489.092265 366605750761.709839 153635.056154 1861317004290.167969 7720.127737 2713272258243.620117
0.198883 6445133342.678213 7471845.156248 353196895597.050049 157742.217227 1786260955961.929932 7935.960101 2601908431454.170410
0.204466 6387492276.096714 7596197.217469 340273963208.777771 161959.134929 1714191543158.655273 8157.824149 2495049295974.587891
0.210206 6330245873.718235 7696663.685142 327819390967.743225 166288.737469 1644990508951.288574 8385.888223 2392513668612.983398
0.216107 6273389426.152395 7752870.538758 315816250693.871826 170734.036161 1578544272726.969727 8620.325512 2294127642151.733887
0.222174 6216918241.828323 7809338.679772 304248225744.500671 175006.636450 1514743745356.971436 8861.313918 2199724293317.664062
0.228411 6160827646.772983 7866063.758062 293099588924.521179 179419.214467 1453484151665.020996 9109.036383 2109143402470.912598
0.234823 6105112984.371492 7923041.179825 282579355772.161560 184235.772506 1394664859917.958252 9363.680868 2022231184539.321533
0.241416 6024333836.882088 7981043.197567 272830829086.896667 189181.582624 1338189218045.281006 9625.440639 1938840030759.882812
0.248193 5917385182.101999 8111497.448211 263413553389.535522 194260.111369 1283964396339.191650 9894.514304 1858828260765.101074
0.255161 5785835908.643595 8258232.823619 253572686363.741852 199474.915508 1231901236366.487305 10171.106056 1782059884636.730957
0.262324 5657142277.233283 8434716.268236 243301617256.770691 204829.650791 1181914105853.062988 10455.425690 1708404374492.269531
0.269688 5531242010.022654 8614845.550782 234203259460.540924 210328.067027 1133920759302.761963 10747.688948 1637736445247.159424
0.277259 5447499371.115708 8791422.282544 225703135898.142151 215974.016073 1087842204121.934814 11048.117488 1569935844167.877930
0.285043 5407195540.398490 8850534.791608 217777358646.255035 221771.454036 1043602572039.807129 11356.939197 1504887148874.449707
0.293045 5367027772.492888 8938908.215759 210124103577.134216 227724.441773 1001128995604.739014 11674.388303 1442479573443.124512
0.301271 5326993068.329823 9084550.042992 202734056965.986786 233837.147435 960351489564.184448 12000.705536 1382606782294.374023
0.309729 5250321682.706672 9232488.814563 195598223299.321198 240113.853729 921202836931.128906 12336.138330 1325166711547.527100
0.318424 5150016257.483809 9382757.306263 188707914407.438751 246558.954142 883618479553.019409 12680.941020 1270061397541.039551
0.327363 5051459629.874931 9535388.601013 182185287480.098663 253176.963661 847536413006.190308 13035.375033 1217196812238.217529
0.336553 4954620419.656032 9690416.083457 175927389739.336975 259972.514816 812897085641.853027 13399.708994 1166482705233.448730
0.346002 4859467822.286931 9833971.815797 169878892361.232697 266950.365321 779643301624.040283 13774.219108 1117832452101.237061
0.355715 4765971599.127282 9989241.751706 164032840415.499603 273674.635014 747720127797.386719 14159.189182 1071162908828.249512
0.365701 4705273412.918988 10165299.558410 158382510008.520294 277688.733849 717074804235.488647 14554.910972 1026394272087.732788
0.375967 4646658717.471949 10266152.632879 152921400612.645447 281756.752453 687656658325.049072 14961.684302 983449945119.782959
0.386522 4588662593.618195 10502685.124939 147643227650.018280 285879.199425 659417022244.730225 15379.817362 942256408993.914795
0.397373 4507556918.854609 10600911.134227 142541915322.698090 290056.578228 632309153704.296265 15809.626896 902743099036.899170
0.408529 4396774641.544581 10660575.308953 137611589680.525604 294289.386606 606288159817.618530 16251.438462 864842286219.227783
0.419997 4288158526.090064 10720186.627446 132846571919.310333 298578.115984 581310923981.836426 16705.586659 828488963301.064331
0.431788 4160112147.010255 10779730.139159 128220800813.665131 302923.250836 557336035647.628540 17172.415373 793620735546.248047
0.443910 4089141857.987391 10937054.361203 123248665990.907516 307325.268029 534323722864.189392 17652.278088 760177715821.775146
0.456372 4036740102.331515 11077947.655506 118463158141.625473 311784.636132 512235787489.677124 18145.538058 728102423906.641724
0.469183 3915843406.746680 11130885.754155 113857366855.994522 316301.814703 491035542961.753601 18652.568619 697339689840.090210
0.482355 3838724155.301558 11308247.639311 109735857067.308075 320877.253543 470687754527.793335 19173.753525 667836561148.959961
0.495896 3823037718.715806 11495456.000254 105806317670.168335 325511.391913 451158581836.135254 19709.487136 639542213796.547974
0.509818 3752992693.106545 11685612.622859 102012714302.028366 330204.657730 432415523796.355164 20260.174782 612407866705.561768
0.524130 3660172652.971949 11878756.987351 98350400448.407501 334957.466718 414427365618.264648 20826.233015 586386699709.685059
0.538844 3602577755.365633 12078999.363795 94814888399.227722 339770.221536 397164127943.687988 21408.089965 561433774798.300903
0.553971 3547286480.491409 12274194.504259 91401843823.637421 344643.310862 380597017988.035767 22006.185634 537505960520.276001
0.569523 3492686826.921129 12460931.755203 88107080529.991119 349577.108446 364698382612.789185 22620.972199 514561859421.463684
0.585511 3450990207.151223 12642192.856224 84926555404.688492 354571.972124 349441663252.095459 23252.914412 492561738393.491821
0.601948 3421582024.980306 12761528.330721 81856363523.672363 359628.242799 334801352620.232422 23902.489874 471467461817.032349
0.618847 3392206597.750049 12881920.744118 78892733430.766113 367719.037819 320752953130.070923 24570.189422 451242427387.779907
0.636220 3351817122.692289 12966999.064512 76032022577.098495 377583.549750 307272936954.068481 25256.517504 431851504517.031555
0.654081 3281712782.208702 13125903.174555 73270712916.143158 387707.731706 294338707663.667053 25961.992529 413260975204.041992
0.672443 3212906751.161985 13249506.420424 70605406649.018234 398098.142074 281928563384.331909 26687.147252 395438477280.311035
0.691320 3139741226.280367 13407778.687715 68032822114.943413 408761.489282 270021661406.204895 27432.529168 378352949931.554565
0.710728 3079639857.040015 13619484.590412 65498446466.098793 419704.634326 258597984193.297607 28198.700935 361974581404.906982
0.730680 3014534583.416598 13752153.477256 63004994563.345779 430934.593287 247542704602.091980 28986.240766 346274758814.658081
0.751193 2950185721.144161 13799565.368061 60602989764.114128 442458.539829 236831470532.127380 29795.742868 331226019961.595032
0.772281 2888878449.477083 13883900.633882 58289128887.558739 454283.807682 226563791945.419495 30627.817845 316802007085.600342
0.793962 2841280513.811577 14040849.873546 56060227879.863953 466417.893082 216721725847.451752 31483.093211 302977422473.712219
0.816251 2782682186.719889 14260520.364933 53993820373.331909 478868.457192 207288050509.877167 32362.213791 289727985849.362915
0.839166 2737232878.946000 14338048.287053 51895716408.748489 491643.328473 198246236493.354553 33265.842213 277030393471.202942
0.862724 2692343783.187410 14423532.190893 49876758703.341690 504750.505013 189580418832.487427 34194.659409 264862278873.104218
0.886943 2633689365.625792 14700098.206864 47934474665.972275 518198.156804 181537891478.324097 35149.365073 253202175179.329803
0.911843 2557753463.692851 14980960.273361 46086489488.209923 531994.627952 174194995909.751953 36130.678239 242029478931.849548
0.937441 2523052610.258605 15283319.649175 44306631515.633072 546148.438832 166544205955.671936 37139.337717 231324415369.052765
0.963758 2481660576.451895 15597258.094036 42592438601.213127 560668.288147 159210095765.358002 38176.102708 221068005097.711060
0.990814 2454604775.978189 15827837.266390 40941537395.597084 575563.054925 152182984695.560272 39241.753324 211242032102.339935
1.018629 2420848891.445549 16060561.568061 39351640143.848152 590841.800407 145450390071.923218 40337.091138 201829013038.269867
1.047225 2387399185.632910 16295394.409375 37820541597.478691 606513.769827 139000332504.034332 41462.939801 192812167757.056274
1.076624 2352504874.247679 16532296.150645 36506158161.023994 622588.394096 132821315596.509842 42620.145610 184175391014.752258
1.106848 2312328221.281066 16771224.002307 35235619048.512840 639075.291342 126902306476.174423 43809.578152 175903225315.711273
1.137921 2272641085.841766 17012131.924746 34005714094.833023 655984.268320 121232717102.545776 45032.130888 167980834846.341797
1.169866 2241586206.225617 17254970.528025 32815196799.018162 673325.321677 115802386330.145996 46288.721834 160393980455.236237
1.202708 2192192079.610886 17499686.971750 31662859162.203800 691108.639047 110601562692.434418 47580.294199 153128995637.671783
1.236472 2143720667.377539 17746224.865308 30531100446.961906 709344.599970 105620887878.359894 48907.817092 146172763484.330017
1.271184 2096154947.943160 17994524.168760 29214925914.590401 726775.369211 100809142718.636108 50272.286185 139512694555.570099
1.306870 2049478253.390543 18244521.094655 27952668767.373871 742120.655481 96084703375.414703 51674.724437 133136705644.256210
1.343558 2027215243.387004 18496148.011087 26742183053.340759 757787.612477 91563042936.481888 53116.182833 127033199391.542694
1.381276 1979745464.071939 18749333.346293 25581407586.264679 773782.866957 87236048189.169937 54597.741135 121191044721.492126
1.420053 1933156553.946345 19004001.495146 24561031071.424957 790113.176375 83151877654.617218 56120.508639 115599558061.788849
1.459919 1887433636.206491 19260072.727887 23673703691.203102 806785.431151 79329358077.869324 57685.624971 110248485319.105621
1.500903 1842562159.794097 19517463.101491 22815664479.711639 823806.657063 75670777609.122986 59294.260894 105127984578.932129
1.543038 1816345099.367004 19776084.374037 21985994091.711216 840154.399254 72169433282.653641 60947.619148 100228609500.955521
1.586357 1780704786.219412 20035843.922511 21183802139.394539 854389.747340 68818891435.694229 62646.935273 95541293382.162506
1.630891 1769169938.225098 20296644.664468 20408226267.955555 868864.730988 65612976864.527008 64393.478513 91057333861.012726
1.676675 1730525404.037774 20558384.983997 19648066880.783348 883583.295086 62545762416.450676 66188.552680 86768378237.102814
1.723745 1687935977.482454 20745485.519382 18795142118.835567 898549.442617 59611559000.222672 68033.497090 82666409381.726120
1.772136 1646222317.416940 21084254.814504 17976675989.401352 913767.237462 56804905998.277443 69929.687490 78743732215.784927
1.821885 1605367438.483479 21348157.829761 17191341432.899708 929240.803555 54120562064.693504 71878.537019 74992960732.407059
1.873032 1565354733.502021 21612547.320897 16437861795.985937 944974.325769 51553496293.533295 73881.497192 71407005542.566986
1.925614 1526167965.611700 21877298.078383 15715008906.790125 960972.050193 49098879742.782242 75940.058914 67979061922.861755
1.979672 1487791260.532302 22142280.032613 15021601223.367191 977238.285198 46752077299.727074 78055.753501 64702598345.443268
2.035248 1450209098.940709 22400931.506399 14356502052.594875 993777.400776 44508639874.174309 80230.153751 61741294471.862511
2.092383 1416349195.568142 22672392.780850 13718617836.860767 1010593.829808 42364296906.448425 82464.875019 58910433591.700478
2.151123 1390949194.293979 22736876.702492 13106896505.980005 1027692.067966 40314949177.651009 84761.576322 56196256421.149559
2.211512 1365773122.370105 22785238.274271 12557710212.550705 1044242.068458 38356661910.151451 87121.961486 53594387921.169312
2.273597 1340525471.295635 22832786.572402 12056270915.552158 1060360.842907 36485658146.764999 89547.780298 51100609503.013542
2.337424 1307202377.322798 22879491.862405 11572621912.623062 1076724.289526 34698312397.541100 92040.829696 48710853314.479614
2.403043 1274539937.087442 22925323.705401 11106189160.581800 1093335.898905 32991144543.523064 94602.954990 46421196739.211235
2.470504 1231283169.165977 22986070.647251 10656416730.628471 1110199.198407 31360813987.269276 97236.051102 44227857101.575012
2.539859 1209955351.379507 23014670.050396 10222766209.629257 1127317.751714 29804114040.329742 99942.063847 42127186569.891754
2.611161 1169125608.072603 23292202.356777 9804716120.902546 1144695.158283 28317966538.268295 102722.991225 40115667251.058044
2.684465 1126236476.898844 23622655.344011 9401761363.924709 1162335.052704 26899416674.188972 105580.884772 38189906469.828156
2.759826 1101860074.554173 23898350.924673 9013412672.394594 1180241.104099 25545628042.086834 108517.850897 36346632226.264359
2.837304 1074405361.953442 24124978.671487 8639196090.114372 1198417.015218 24253877881.691093 111536.052297 34582688825.077065
2.916956 1049388084.137462 24596647.622059 8278652464.164379 1216866.521578 23073156403.474342 114637.709366 32895032670.789223
2.998844 1026005122.303704 24794803.553948 7931336954.866490 1235593.390616 21947218650.925308 117825.101661 31280728222.860554
3.083031 1008461280.875895 25001995.680973 7596818562.048625 1254601.420416 20870320176.156509 121100.569377 29736944105.096943
3.169582 981499836.467387 25128208.323333 7267023604.673680 1273894.438599 19840556337.995705 124466.514877 28260949363.854324
3.258562 955690736.066337 25263179.967938 6916503261.739869 1293476.300972 18856090829.973236 127925.404230 26850109869.720779
3.350041 920640429.442227 25117995.738500 6581575000.688896 1313350.890057 17932369670.146255 131479.768809 25501884857.527607
3.444087 886492628.154771 24970657.700185 6261603534.519484 1333522.113485 17000052388.169909 135132.206894 24213823599.697071
3.540774 863964687.720722 24821147.495367 5955978003.573290 1353993.902179 16111674932.069019 138885.385327 22983562208.089344
3.640175 830238632.854501 24995840.927587 5664694032.283227 1374770.208484 15265352327.831829 142742.041193 21808820559.653595
3.742366 800743656.490103 25397610.328350 5385437801.222742 1395855.004014 14459275403.620380 146704.983540 20687399341.328251
3.847427 778870959.954812 25800226.547226 5130686586.083502 1417252.277397 13691707760.195705 150777.095121 19617177209.766846
3.955436 757446728.991903 26203424.216731 4912137429.576453 1438966.031677 12960982866.049696 154961.334186 18596108061.594559
4.066478 736464164.139195 26496714.814624 4701555779.136577 1461000.281744 12265501272.215843 159260.736299 17622218410.019218
4.180637 715916605.036851 26185752.062661 4480780281.330390 1483359.051217 11603727941.921404 163678.416179 16693604863.741608
4.298001 695797525.764957 25955626.771334 4265580275.475094 1506046.369374 10974189690.427504 168217.569604 15808431704.217979
4.418660 676100530.187263 26446523.861418 4074295877.595029 1529066.267641 10375472730.579420 172881.475309 14964928557.439608
4.542706 656819347.303222 26650526.445344 3890745086.733352 1552422.775797 9806220319.756496 177673.496958 14161388156.496838
4.670234 637947826.610895 26319854.060985 3714641545.254596 1576119.918061 9265130504.074076 182597.085122 13396164191.298008
4.801343 615869558.783933 25992773.750366 3545709097.405700 1600161.708569 8750953955.842913 187655.779299 12667669241.911489
4.936132 594952213.728376 25862843.730814 3362003131.305993 1624552.146778 8262491900.440479 192853.209966 11974372792.095356
5.074705 580224084.829354 26194940.325549 3207060414.450185 1649295.212304 7798594128.891088 198193.100670 11314799319.674631
5.217169 566439314.776753 26506143.599784 3058918636.482199 1674394.859519 7358157092.588012 203679.270137 10687526460.515877
5.363631 549527742.402269 26712414.265450 2916662558.280085 1699855.011610 6940122076.722713 209315.634429 10091183242.942596
5.514206 532991202.194787 26919092.731131 2770226882.784384 1725679.554274 6543473449.111644 215106.209115 9524448389.522221
5.669007 517403147.020332 27126132.318598 2634584004.788713 1751872.328903 6167236981.234235 221055.111485 8986048683.246254
5.828155 502809702.499529 27185043.250998 2507040536.027625 1778437.125251 5810478238.411029 227166.562786 8460779291.078901
5.991770 485577839.166796 27153238.292144 2371157019.125499 1805377.673555 5470959602.865418 233444.890484 7957979916.684104
6.159978 470487895.988009 27114651.418237 2237811296.458466 1832697.636165 5145155502.533168 239894.530558 7482100750.661912
6.332908 455746607.875952 27127115.156132 2126065125.586456 1860400.598443 4836725177.441452 246520.029817 7031863106.522503
6.510694 441348917.776787 27194730.792798 2019272410.807388 1888490.059076 4544866558.061305 253326.048233 6606041969.922203
6.693470 431420481.285003 27400228.123153 1915501760.003016 1916969.419660 4268808196.893297 260317.361309 6203463922.463345
6.881377 417054973.210396 27867674.064414 1812145480.612023 1945841.973594 4007808331.247325 267498.862456 5823005149.383869
7.074559 404942518.212898 28571681.747900 1718257077.536241 1975110.894126 3761153974.158539 274875.565390 5463589527.351534
7.273165 397517427.897928 28918632.989561 1631779406.796299 2004779.221625 3528160031.942891 282452.606546 5124186788.728067
7.477346 386938585.176023 29301591.894299 1536312696.852905 2034849.849858 3308168446.980575 290235.247506 4803810758.818056
7.687260 380822546.735535 28726230.906855 1451418799.702275 2065325.511451 3101726855.370112 298228.877426 4501517662.760300
7.903066 368131525.211668 27766458.292856 1372560424.973424 2096208.762271 2911758695.799680 306439.015487 4216404498.860544
8.124930 357802301.762379 27015862.819546 1293191263.986628 2127501.964703 2732255921.037661 314871.313333 3947607475.301782
8.353023 344694577.838271 27003040.201871 1220375086.484804 2159207.269896 2562717962.484614 323531.557518 3694300507.301590
8.587519 331600314.641032 26575365.319649 1156042633.852581 2191326.598744 2395873180.142953 332425.671944 3455693771.917222
8.828599 320400511.883342 26395806.605185 1091481375.816287 2223861.621560 2236493000.918558 341559.720293 3231032317.826106
9.076446 310806453.617430 26734981.789786 1036773475.272127 2256813.736495 2091923988.424095 350939.908441 3019594727.534333
9.331251 305010173.516253 27183294.123109 981784144.244807 2290184.046444 1949161053.929393 360572.586857 2820691829.586541
9.593209 294848899.417911 27192160.378602 934393556.449028 2323973.334476 1817118109.647779 370464.252979 2633665458.469432
9.862522 283145393.550149 27192507.651055 886557098.289975 2358182.037654 1699012780.912543 380621.553551 2457887260.015859
10.139395 276175035.375073 27625722.442357 840850126.817641 2392810.219200 1588065095.404254 391051.286935 2292757540.229162
10.424040 269354853.079090 27315156.888155 788103991.403401 2427857.538827 1493488975.731239 401760.405366 2137704155.555828
10.716676 260130244.785376 27112298.867551 742077490.681500 2463323.221207 1395832351.097953 410093.438146 1992181442.741020
11.017528 251920729.893722 26735051.037636 704326260.394763 2499206.022499 1306704378.824150 418790.107904 1855669186.503542
11.326826 246446409.957433 26361728.983091 666214107.042475 2535504.194741 1217470110.675805 430242.811409 1727671623.366550
11.644806 236744719.909894 26187124.603216 623974281.185197 2572215.448078 1133785527.616159 442000.827563 1607716480.075764
11.971713 229892534.651433 25814533.675151 589569043.247962 2609336.910669 1059375756.047100 454071.831420 1495354045.129655
12.307798 221919775.082822 25492874.529310 552329278.094251 2646865.086233 991339849.786375 463611.118654 1390156272.034630
12.653318 215531275.180373 25130921.140236 521023932.208875 2684795.808986 925804413.723784 468500.464945 1291715912.983546
13.008537 209181151.840719 24772668.983642 492842386.149319 2723124.196025 861368298.646449 473344.079338 1199645681.737308
13.373729 200445102.933137 24362878.594802 466047469.598349 2761844.596909 801033289.615599 478137.575586 1113577444.566842
13.749172 190879587.369686 23895842.270213 439848158.831428 2800950.540364 744566635.000545 482876.472927 1033161438.186785
14.135156 182141527.464211 23510021.252933 413619633.150204 2840434.678035 691746957.112381 487556.199296 958065513.681891
14.531975 173208550.528271 23169636.676317 390419763.008065 2880288.725118 642363794.960822 492172.094856 887974405.493415
14.939935 165070127.466427 22700448.498377 366932141.266357 2920503.397814 600692087.659727 496719.415846 822589024.594596
15.359347 157629516.565201 22285062.731698 344448738.510606 2961068.347448 562752206.257011 501193.338761 761625775.042701
15.790533 152021587.220116 21789299.108075 322965421.761511 3001972.091215 526986996.441390 505588.964848 704815893.149101
16.233824 145056371.616466 21469823.843159 303991593.813876 2990248.038526 493287471.223770 509901.324934 651904808.559376
16.689560 137932169.440493 21120599.263962 285806116.560371 2976393.247848 461549118.751979 514125.384571 602651526.581727
17.158090 132666429.455160 20800291.238007 268709562.762365 2961642.210969 431387538.199829 518256.049496 556828031.144876
17.639773 127750924.579209 19994327.418367 252587394.190461 2946008.164381 401817252.909876 522288.171412 514218707.805463
18.134978 122415147.940085 20186979.552892 237211964.853895 2929504.870590 372993067.252650 526216.554070 474619786.260558
18.644085 116074853.255480 19390710.031850 222915025.954373 2912146.572838 348934653.360288 530035.959654 437838801.852686
19.167485 109392296.370113 18730537.507100 208932212.234819 2893947.949854 326469282.091940 533741.115449 403694075.583563
19.705578 103764928.871436 17855463.746521 195258103.472926 2874924.070846 304332538.941491 537326.720795 372014212.178019
20.258777 98150487.778480 17021272.640066 182659999.474765 2855090.350952 280713400.518921 540787.454302 342637615.762104
20.827506 93079620.960489 16316180.182344 171960609.047298 2834462.507337 258944070.245301 544117.981321 315412022.738835
21.412202 88192151.386635 15671118.854144 160700533.057693 2811784.961556 240101118.358933 547312.961651 290194051.461973
22.013311 84232837.229512 15090887.302316 150158794.150361 2760898.829058 222904748.698056 550367.057471 266848768.322554
22.631296 79637265.798505 14427203.465690 141749220.211075 2659182.687469 207314274.308179 553274.941467 245249269.874971
23.266629 75765928.917819 14332088.500326 132739120.368868 2561213.939067 192484571.336055 556031.305158 225276280.639437
23.919798 71552065.937169 14565495.601918 124322950.793151 2466854.523604 177378996.019695 558630.867378 208977619.843270
24.591304 67166434.977842 14590983.867333 116386142.380704 2375971.467202 164054646.388669 561068.382911 194427246.652434
25.281661 64147996.624788 14712896.929847 108804470.708999 2288436.694966 152224927.608821 563338.651247 180813892.309476
25.991399 60615195.831931 13995352.042624 101731987.464581 2204126.850494 142068764.904834 565436.525447 168083266.768861
26.721062 57308578.043063 13301606.653766 95130955.200283 2122923.122040 131096890.081550 567356.921095 156183777.234063
27.471208 54507177.611352 12631353.503808 88748121.137521 2044711.075083 120402957.571132 569094.825304 145066424.165431
28.242413 51405627.782834 11984280.136980 82957238.111975 1969380.491060 111417973.616266 570645.305775 134684699.583297
29.035269 48800245.607347 11360068.888267 77439959.644631 1896825.212047 103647321.917204 572003.519875 124994487.686151
29.850382 46165848.714503 10758396.776733 72678091.618958 1826942.991153 97311454.763125 573164.723719 115953967.803884
30.688379 43386079.608667 10456612.387105 67643446.400541 1759635.348437 89787100.814972 574124.281239 107523519.705690
31.549901 40814356.041149 10310882.022670 63244281.723965 1698927.465100 83678438.395560 574877.673224 99665631.281111
32.435608 38486047.000538 9888348.473221 58819686.073241 1636272.642120 77890151.430102 575420.506319 92669720.134243
33.346180 36158328.840240 9697174.971449 54877583.282249 1667441.493185 72286866.932870 575748.521960 86176154.576272
34.282315 33992550.664490 9360468.231576 51044006.617310 1656562.984275 67584152.387511 575857.605255 80105767.766393
35.244730 31823049.388144 9028112.050955 47622450.624939 1594486.911722 62347131.320300 575743.793782 74226225.441880
36.234163 30056011.099024 8844272.033648 44301218.202238 1554993.161469 58073757.064559 575403.286315 68667397.152610
37.251373 28292137.592452 8748360.630635 41183644.428076 1497205.453826 54060252.412060 574832.451477 63839046.352595
38.297139 26418542.128593 8586841.537379 38476503.729257 1441565.292062 50090803.116273 574027.836312 59325707.188182
39.372263 24968845.380060 8346948.915111 35954463.982271 1387992.867623 46494470.415407 572986.174797 55108817.369956
40.477570 23426757.759342 8132839.027057 33475544.185894 1336411.337857 43144069.192762 571704.396294 51170757.961951
41.613906 22037520.430761 8252988.222442 31351872.859505 1286746.715789 40272604.449320 570179.633965 47494815.792332
42.782142 20488205.890594 8124751.559064 29425493.886589 1238927.763999 37153553.641175 568409.233169 44035131.154828
43.983175 19288779.548985 7837535.439240 27474899.971808 1192885.892440 34639043.025781 566390.759854 40791996.261372
45.217924 18015475.744393 7500804.701981 25697508.389629 1148555.060053 31948364.214272 564122.008991 37773768.837023
46.487337 16949384.947731 7130750.217143 23925541.295433 1105871.680045 29795730.283306 559439.303242 34966066.865672
47.792386 15804058.591851 6774592.779050 22301655.482265 1064774.528674 27599464.231103 557072.728192 32355327.168783
49.134073 14797366.477871 6477660.169777 20762123.461306 1025204.657441 25571422.069749 554422.798864 29928766.675041
50.513425 13815085.551309 6109548.481082 19250525.767163 987105.308527 23881981.971743 544869.951895 27674344.949457
51.931499 12891513.737312 5775912.973139 18031523.198871 950421.833387 22313901.476431 526269.607915 25788571.614676
53.389384 12062313.121740 5476878.707789 16844299.383122 915101.614362 20769817.813693 508304.227920 23851580.460705
54.888196 11280192.815170 5193326.235927 15766341.163657 881093.989207 19367887.499949 490952.136007 22051759.985528
56.429085 10531374.746984 4915007.004543 14730139.076013 848350.178420 18045123.987388 474192.396227 20380135.764313
58.013231 9823750.207542 4646451.725253 13858335.534073 816823.215277 16901795.694260 458004.787327 18828258.362997
59.641849 9098254.947204 4387255.353290 12869019.718465 786467.878463 15663035.091463 442369.778351 17450776.749197
61.316188 8492148.865528 4050560.017112 11994927.240715 757240.627207 14703773.251916 427268.505074 16374312.194649
63.037532 7917906.753899 3862371.042305 11139627.443393 729099.538832 13725819.868722 412682.747246 15341037.395680
64.807198 7399246.217386 3578144.298551 10354547.457190 702004.248617 12771948.533369 398594.906603 14351478.286073
66.626545 6875016.598049 3291339.084775 9664495.577437 675915.891904 11916173.740193 384987.985638 13448269.176198
68.496967 6393129.438250 3090132.191598 9073303.354633 650797.048348 11191145.202305 371845.567092 12756642.059117
70.419898 5985499.933806 2950721.507473 8389957.100784 626611.688247 10438527.707698 359151.794144 12080412.280602
72.396811 5623355.171358 2771602.492021 7814657.912203 603325.120857 9711833.548406 346891.351283 11380259.219758
74.429223 5246043.458232 2566410.937119 7260615.463367 580903.944635 9041882.140607 335049.445824 10543661.302807
76.518692 4867993.197194 2401530.893479 6772750.356294 559315.999329 8399975.442601 323611.790066 9949664.868473
78.666818 4527175.656827 2251446.620704 6306751.027509 538530.319848 7798299.105053 312564.584049 9407287.571537
80.875249 4225952.162073 2114123.725345 5840693.934951 518517.091848 7231483.477759 301894.498904 8878645.708910
83.145678 3917570.846058 1980689.229042 5442829.328864 499247.608962 6736961.473920 291588.660776 8364640.729912
85.479845 3645010.413067 1851425.691997 5044427.420992 480694.231634 6257356.263365 281634.635283 7861349.184754
87.879540 3395192.100729 1725957.448381 4675270.700984 462830.347463 5834447.454989 272020.412523 7341480.387762
90.346602 3154763.737464 1633283.208804 4322392.862483 445630.333038 5447355.174728 262734.392575 6854714.871088
92.882923 2922851.940764 1517070.444521 4019912.541907 429069.517184 5066072.033362 253765.371508 6443386.897803
95.490446 2715279.084518 1409662.375079 3744256.745012 413124.145569 4757917.182281 245102.527862 6040237.397854
98.171170 2537242.508567 1302669.482787 3469305.198921 397771.346640 4449050.368324 236735.409593 5628447.931279
100.927151 2363773.247670 1200771.147818 3232751.158642 382989.098809 4153894.094962 228653.921460 5235225.817888
103.760502 2195502.557856 1085550.215821 3000004.091835 368756.198871 3819574.756077 220848.312843 4860741.539039
106.673394 2050312.367297 1009592.284726 2783687.661616 355052.231587 3529252.078981 213309.165984 4611748.233384
109.668060 1911358.959800 957743.748619 2577509.514832 341857.540404 3249892.724686 206027.384620 4291608.313872
112.746796 1779204.273359 903302.364080 2388059.864638 329153.199260 3002738.600788 198994.183009 3986982.325021
115.911962 1653549.494010 857416.937713 2210148.311575 308588.835637 2804857.520097 192201.075331 3697799.050936
119.165984 1536599.871950 804625.280150 2057057.958917 297025.144348 2620903.971826 185639.865446 3423927.070030
122.511358 1427376.964219 763578.068371 1902893.554319 281927.739488 2437817.741888 179302.637008 3165176.305933
125.950646 1326844.422318 722202.050356 1765590.321020 271319.026026 2265173.154053 173181.743916 2995692.261317
129.486487 1229842.991929 680644.245380 1635565.132152 250472.150577 2102282.146277 167269.801081 2847715.586333
133.121590 1143731.874152 634862.536965 1512553.296532 240756.542522 1950722.439788 161559.675524 2703764.543856
136.858742 1066340.145647 600047.483787 1405069.224954 231877.671079 1809741.222605 156044.477764 2563887.183037
140.700809 993499.507475 568257.599858 1303552.791073 223251.915102 1678632.484507 150717.553509 2428128.793139
144.650734 930877.345228 523012.312321 1210855.658159 215026.940262 1573627.336256 145572.475625 2296531.329335
148.711546 865983.523763 494897.260620 1125005.508949 207104.987284 1462543.671381 140603.036383 2169132.808472
152.886359 806561.116638 466760.112469 1046934.243154 199474.892335 1361171.718713 135803.239969 2045966.682572
157.178372 751400.008121 431111.422707 968181.019289 190886.964562 1240296.561818 131167.295248 1927061.198962
161.590875 699855.490378 404976.247235 896764.003708 181682.637723 1149421.116066 126689.608780 1812438.757095
166.127252 651341.765998 379685.953870 827391.120953 173138.496290 1063324.326934 122364.778068 1702115.273056
170.790980 606380.661086 356741.445469 768173.743077 157612.993040 988012.440756 118187.585042 1596099.563613
175.585633 564352.266061 332374.411952 716808.394433 148580.095662 915731.048643 114152.989762 1494392.762219
180.514888 526376.809565 312305.123598 669256.114365 143268.386495 847644.024929 110256.124339 1396987.779736
185.582523 487377.400246 294475.975811 620442.296286 136445.066079 791686.889880 106492.287057 1303868.822664
190.792422 449758.306867 275292.812559 580251.754521 131489.627259 731195.223364 102856.936707 1215010.981348
196.148581 415993.053980 258239.047197 541522.380309 126714.161043 674186.987151 99345.687101 1130379.899979
201.655104 385973.956369 242654.776466 503837.909997 120291.881652 622926.629737 94700.924451 1049931.539144
207.316213 360374.343911 230600.003601 470090.983227 115784.687883 580164.147003 85841.346680 973612.040308
213.136247 334701.417553 218305.691181 438823.605079 111118.369615 536648.974753 82851.770819 901357.699787
219.119669 310654.569829 205209.270684 409005.651700 105509.774628 498118.193839 79966.312196 833095.057771
225.271064 288604.276675 190583.289174 383055.060528 101505.132154 458652.257094 73684.833320 768741.105529
231.595149 267556.641006 177086.926250 356260.004103 97652.486606 425053.639514 65682.968151 708203.611428
238.096772 249258.629583 165934.580744 331847.108392 92986.676070 396016.900697 60815.322490 651381.563696
244.780916 232750.229753 156014.758232 312082.454802 89081.565470 369375.591502 54085.110351 598165.725116
251.652705 218073.906429 144816.876878 291442.715086 85426.672774 345960.002767 47473.810557 548439.292215
258.717408 202575.540204 137046.693639 272788.973375 82392.393782 323883.955122 41594.894726 502078.648930
265.980440 188770.934168 128156.297634 257560.704066 79251.579834 303119.392653 36530.083796 458954.202499
273.447368 175900.354187 119364.970620 240946.910444 73919.140462 285059.293055 32400.523192 418931.287333
281.123917 163413.433774 111393.575469 227299.336765 71101.528423 268075.228858 28943.326872 381871.121093
289.015972 152469.600035 104273.980977 213937.239649 68391.316681 252613.233829 28094.679569 352586.637957
297.129582 142101.975020 98070.300463 201693.704923 65784.411405 237082.582207 27270.915454 329309.054347
305.470967 132532.665620 93164.914964 190976.124967 63063.686293 223689.073027 26471.304928 307389.987052
314.046522 122874.631717 88250.427515 179022.060090 60683.246809 211259.685686 25695.139781 286761.893609
322.862820 114736.194054 83910.664585 168188.822547 58110.154640 198532.795271 24941.732574 267360.057284
331.926620 107597.140667 78795.591740 157725.937127 55488.258241 187222.243382 24210.416019 249122.486180
341.244871 99874.051738 74189.971112 147191.024429 53265.138956 176699.284393 23500.542398 226594.537512
350.824714 93804.174681 69827.963581 139079.365717 50058.583262 166637.562382 22811.482982 205642.563842
360.673495 88012.528650 65599.518892 130829.832428 46977.173601 157210.168649 22142.627477 186400.966737
370.798763 83030.523319 62053.202472 123778.237091 44346.730638 148395.823484 21493.383484 170217.209497
381.208280 77870.727385 58176.622166 117497.491107 42525.717261 139925.250399 20863.175976 159933.011749
391.910025 72603.828100 54531.888665 111397.613315 39916.389559 132009.085460 20251.446781 150270.165529
402.912203 68121.926497 51198.120051 105280.196235 37776.832216 124559.552778 19657.654099 141191.129969
414.223247 63895.010077 48433.778582 100075.018691 36148.845662 117494.971837 19081.272013 132660.632346
425.851829 60294.362772 45872.596581 94385.305055 33757.403407 110979.178184 18521.790026 124645.531050
437.806863 56439.290085 43379.109398 89106.465624 32150.148442 105055.533664 17978.712610 117114.686822
450.097513 53549.071435 40730.727333 84036.168641 30388.974646 99440.016717 17451.558768 110038.841776
462.733201 50839.411001 38811.843124 79592.287722 29202.047186 94071.135741 16939.861604 102676.945212
475.723614 48097.255976 36871.993027 75575.299893 28152.870870 89049.287533 16443.167912 96582.738448
489.078709 45983.106649 34852.546815 72044.093737 27081.683698 84295.523252 15961.037777 90850.242446
502.808725 43891.696554 33238.890138 68677.880866 25962.009701 79632.112889 15493.044180 85457.988509
516.924187 41940.941407 31372.277732 65468.952075 25036.390749 75119.690303 15038.772623 80385.782178
531.435916 39927.396505 29676.576179 62359.253347 23546.893701 70965.802604 14597.820763 75614.627597
546.355035 38209.743532 28151.382571 59210.732899 22714.550617 66993.020441 14169.798052 71126.656379
561.692982 36505.618041 27044.307229 56342.621450 21747.631784 63281.941696 13754.325396 66905.060679
577.461515 34867.405826 25980.150061 53633.340836 20830.359954 59868.988479 13351.034813 62934.030254
593.672722 33293.961203 24909.078466 50887.651980 19879.723763 56577.788197 12959.569114 59198.693251
610.339029 31849.300449 23915.624318 48228.438686 19008.318313 53416.358026 12579.581581 55685.060506
627.473213 30459.240076 23011.086053 45971.493066 18286.124961 50482.296129 12210.735663 52379.973160
645.088409 29152.352289 22058.600202 43646.589868 17668.940261 47618.577540 11852.704676 49327.978940
663.198120 27872.229309 21113.295469 41477.761164 17072.586489 45002.006146 11505.171516 46680.500346
681.816229 26685.078434 20263.743030 39423.480113 16304.797955 42502.211896 11167.828375 44175.114395
700.957009 25565.303764 19493.933613 37262.023962 15723.369399 40222.907906 10840.376473 41804.194842
720.635132 24497.308496 18792.354605 35364.665807 15214.087686 38062.023057 10522.525789 39560.524751
740.865683 23432.793534 18078.225765 33706.162401 14734.222055 36032.343822 10213.994804 37437.274525
761.664172 22456.390654 17380.573383 31906.157174 14110.162420 34092.532408 9914.510257 35427.981117
783.046540 21515.984043 16708.858449 30322.890424 13481.627982 32318.895616 9623.806897 33526.528358
805.029181 20544.754399 16029.078579 28835.727809 12909.208973 30647.362454 9341.627249 31727.128341
827.628946 19708.517615 15408.879596 27386.718742 12442.004896 29062.013354 9067.721392 30024.303799
850.863158 18833.357512 14759.049511 25935.860424 12029.389728 27640.928860 8801.846728 28412.871437
874.749630 18017.005883 14184.333375 24460.032863 11555.156945 26281.935204 8543.767775 26887.926151
899.306672 17226.451878 13641.354492 23168.352604 11174.281602 24882.189846 8293.255956 25444.826100
924.553110 16480.891382 13141.020327 21863.198312 10807.416674 23586.483242 8050.089393 24095.462101
950.508296 15772.768928 12680.200053 20766.266826 10452.596357 22408.897707 7814.052718 22891.763814
977.192128 15119.440119 12190.947164 19663.418218 10109.425212 21345.218550 7584.936874 21780.155107
1004.625062 14469.955485 11741.987941 18604.186626 9786.739360 20251.865599 7362.538935 20762.491692
1032.828126 13834.770317 11309.562656 17671.197414 9491.691993 19214.516791 7146.661927 19793.071462
1061.822941 13244.654002 10848.959603 16854.704934 9146.044619 18274.797346 6937.114649 18875.474401
1091.631734 12670.391598 10433.644711 15948.818844 8845.769118 17368.055274 6733.711507 18000.416688
1122.277356 12125.652254 10027.966058 15185.470535 8555.352019 16522.991516 6536.272348 17170.733860
1153.783300 11596.730904 9643.360959 14423.843385 8268.785681 15763.000084 6344.622303 16370.122322
1186.173716 11079.127337 9274.733337 13725.040942 7961.609031 15019.297631 6158.591629 15611.211500
1219.473437 10574.727410 8908.911075 13077.535586 7665.843668 14334.514812 5978.015560 14887.483410
1253.707987 10114.610345 8549.380842 12414.151398 7405.150851 13700.050412 5802.734163 14197.306999
1288.903612 9690.282100 8228.778490 11775.377353 7137.523253 13074.244258 5632.592191 13539.126827
1325.087292 9262.734151 7918.656995 11241.560867 6876.856647 12461.867235 5467.438953 12911.459564
1362.286764 8861.141024 7608.513480 10674.351577 6623.501484 11893.686699 5307.128172 12312.890647
1400.530545 8481.264912 7311.206502 10149.642807 6380.354093 11352.820577 5151.517864 11742.071091
1439.847953 8088.860588 7035.003947 9697.921025 6108.219381 10837.494740 5000.470206 11197.714448
1480.269127 7732.203744 6752.171467 9233.264491 5893.883729 10345.560509 4853.851416 10678.593912
1521.825053 7401.663401 6473.006852 8806.869803 5666.049091 9876.047477 4711.531636 10183.539549
1564.547589 7068.289934 6202.110686 8358.075637 5452.453379 9424.918386 4573.384815 9711.435662
1608.469483 6765.782049 5941.210257 7941.201622 5282.863218 8999.728367 4388.830429 9261.218280
1653.624407 6467.392970 5692.347061 7578.927138 5068.970220 8589.696798 4180.511905 8831.872754
1700.046975 6172.638208 5459.318649 7210.502318 4867.319833 8193.615275 3982.081348 8422.431476
1747.772774 5912.249064 5220.905099 6926.269093 4670.230910 7828.972689 3793.069418 8047.891615
1796.838391 5660.604811 4977.578531 6615.935481 4499.818974 7473.600922 3613.029055 7722.544937
1847.281437 5418.860563 4756.688447 6330.696191 4324.828154 7160.543599 3456.862285 7410.350830
1899.140582 5193.625517 4554.801194 6049.049265 4163.218341 6848.433987 3353.982449 7110.777583
1952.455581 4968.374635 4349.538652 5775.302083 3968.763599 6538.294795 3254.164424 6823.314981
2007.267304 4751.837643 4159.683644 5511.413058 3779.245903 6254.612983 3157.317089 6547.473435
2063.617768 4544.460345 3983.334942 5257.024154 3587.526618 5983.572544 3039.551278 6282.783149
2121.550171 4340.389564 3812.936322 5029.908076 3405.533158 5708.096668 2877.128376 6030.620962
2181.108924 4154.313117 3649.669830 4823.864146 3233.303066 5455.639082 2723.384781 5792.979957
2242.339683 3969.995675 3479.824642 4631.555495 3073.441842 5234.578472 2577.856702 5554.184527
2305.289387 3801.604017 3331.135817 4441.796465 2913.097741 5022.683382 2440.105130 5326.787491
2370.006292 3648.920549 3186.048263 4268.120537 2757.344211 4831.161625 2309.714516 5111.445051
2436.540009 3491.470790 3040.129108 4093.556146 2602.312468 4645.541398 2186.291517 4917.811387
2504.941542 3336.436158 2898.264333 3934.722145 2476.150238 4457.961139 2069.463808 4735.052354
2575.263327 3189.459224 2765.794221 3784.999432 2334.227922 4287.688595 1958.878959 4551.368332
2647.559271 3056.148466 2631.133803 3622.786049 2214.291269 4122.295389 1850.532430 4372.018353
2721.884795 2927.098419 2507.679852 3485.272222 2085.292860 3967.228560 1742.133378 4199.735790
2798.296876 2810.195368 2389.129559 3348.935456 1968.850450 3818.351290 1655.791423 4034.242146
2876.854090 2692.830507 2274.910779 3223.087876 1865.203210 3675.266932 1558.484638 3875.269900
2957.616659 2580.367266 2167.975094 3094.733435 1767.012327 3536.186162 1466.896332 3722.562071
3040.646493 2471.899669 2066.766960 2965.543656 1669.653252 3404.982614 1380.690447 3580.636535
3126.007243 2364.523199 1965.692849 2852.608568 1574.922598 3283.451515 1299.550668 3445.167900
3213.764344 2270.572323 1867.868764 2734.558512 1485.566651 3166.165267 1223.179275 3316.720676
3303.985070 2176.494412 1777.380435 2618.182008 1401.319644 3051.414019 1151.296041 3195.352737
3396.738582 2084.397354 1688.783678 2515.940146 1325.036141 2939.829452 1083.637207 3078.425985
3492.095985 2002.990413 1603.902325 2414.002384 1248.857083 2826.950403 1019.954516 2965.777905
3590.130377 1914.207703 1529.728581 2317.247627 1176.751516 2717.099262 960.014301 2857.251928
3690.916911 1833.130635 1457.816338 2229.059838 1109.319829 2611.767822 903.596624 2752.697215
3794.532847 1757.656763 1387.234231 2140.241249 1046.380658 2510.761017 850.494475 2651.968447
3901.057617 1690.263968 1319.047737 2055.315602 986.768438 2422.889354 800.513009 2554.925622
4010.572881 1619.338068 1250.159618 1973.785093 930.278010 2333.629336 753.468830 2461.433861
4123.162591 1552.000002 1185.833214 1896.370792 877.021541 2239.289280 709.189322 2371.363221
4238.913057 1489.098764 1126.250797 1822.297288 826.813894 2165.845189 667.512012 2289.881234
4357.913012 1425.902389 1068.745348 1756.848759 779.480529 2087.521582 628.283974 2214.049902
4480.253680 1367.589405 1014.010347 1691.671732 734.856900 2017.510457 591.361272 2137.647259
4606.028844 1311.532788 962.015061 1627.460090 692.787880 1949.336634 556.608426 2058.206566
4735.334923 1260.449610 915.547537 1564.251395 655.772376 1876.764261 523.897919 1981.718102
4868.271040 1209.597686 871.074425 1503.597163 618.566001 1805.351706 493.109728 1908.072153
5004.939103 1161.168023 826.795351 1445.399158 583.470593 1736.636801 464.130884 1839.698454
5145.443878 1113.552702 784.274852 1388.977346 550.366384 1679.436824 436.855054 1776.430821
5289.893076 1069.145534 745.244863 1335.031049 519.140399 1626.030715 411.182158 1715.338977
5438.397428 1025.079918 708.157229 1283.179965 489.686074 1566.064255 387.017995 1656.348094
5591.070777 985.122555 672.883182 1233.717193 461.902891 1508.309300 364.273900 1599.385921
5748.030158 941.737826 638.698658 1186.165112 435.696034 1456.986075 342.866420 1544.382689
5909.395895 900.300953 605.476423 1139.399912 410.976069 1405.990143 322.717005 1494.504200
6075.291689 860.257669 574.765181 1095.598279 387.658634 1354.191109 303.751721 1449.004110
6245.844712 826.041293 546.344129 1053.921395 365.664153 1309.424742 285.900980 1404.889268
6421.185709 789.238472 519.250645 1014.474307 344.917568 1263.233331 269.099284 1362.117499
6601.449093 757.131705 493.648633 978.613965 325.518637 1217.163972 253.284981 1320.647914
6786.773051 728.022399 470.733717 943.599267 306.909289 1180.380085 238.400046 1280.440868
6977.299650 698.083374 447.307323 905.131189 289.477022 1137.155128 224.389863 1241.457923
7173.174944 667.438645 424.946858 870.563280 273.053044 1095.513048 211.203023 1203.661812
7374.549090 638.325829 402.555650 838.466320 257.499097 1055.395881 198.791141 1167.016401
7581.576458 611.477126 381.638846 808.643978 242.801467 1016.747785 187.108675 1128.954264
7794.415750 585.336164 363.135088 780.609658 228.942753 979.514965 176.112759 1091.568000
8013.230128 559.172753 345.193565 751.081394 215.875073 949.961117 165.763046 1055.419813
8238.187331 534.298683 327.931072 722.670102 203.553275 919.139943 156.021560 1023.249001
8469.459808 512.429920 310.767084 695.333528 191.934784 886.319164 146.852557 992.339185
8707.224849 488.775268 294.501462 669.031020 180.979459 854.752923 138.222394 962.363077
8951.664721 467.283492 279.556641 642.290045 170.649445 824.220794 130.099404 933.292474
9202.966809 447.614172 265.402152 617.918619 160.909052 794.779286 122.453782 905.100022
9461.323756 428.756065 252.245835 594.166646 151.724625 766.389441 115.257475 877.759193
9726.933615 410.389984 239.082005 572.959122 143.064430 739.615200 108.484077 851.244264
10000.000000 391.214782 227.287844 552.460493 134.898545 712.804833 102.108735 825.530284
