0.010000 0.000176 0.000088 0.000378 0.000052 0.000753 0.000037 0.000917
0.010281 0.000178 0.000090 0.000384 0.000054 0.000755 0.000038 0.000918
0.010569 0.000180 0.000091 0.000389 0.000056 0.000758 0.000040 0.000919
0.010866 0.000182 0.000094 0.000398 0.000057 0.000763 0.000041 0.000921
0.011171 0.000185 0.000095 0.000402 0.000059 0.000769 0.000043 0.000922
0.011485 0.000187 0.000096 0.000411 0.000060 0.000771 0.000044 0.000923
0.011807 0.000191 0.000098 0.000423 0.000062 0.000771 0.000046 0.000924
0.012139 0.000193 0.000099 0.000435 0.000064 0.000771 0.000047 0.000925
0.012479 0.000194 0.000100 0.000439 0.000065 0.000772 0.000049 0.000926
0.012830 0.000195 0.000101 0.000448 0.000067 0.000772 0.000051 0.000927
0.013190 0.000196 0.000102 0.000454 0.000069 0.000772 0.000052 0.000928
0.013560 0.000198 0.000103 0.000459 0.000071 0.000772 0.000054 0.000929
0.013941 0.000200 0.000104 0.000466 0.000073 0.000773 0.000055 0.000929
0.014332 0.000202 0.000104 0.000471 0.000075 0.000781 0.000057 0.000930
0.014735 0.000205 0.000105 0.000480 0.000076 0.000787 0.000058 0.000931
0.015148 0.000207 0.000106 0.000488 0.000077 0.000792 0.000060 0.000931
0.015573 0.000209 0.000106 0.000496 0.000078 0.000797 0.000062 0.000932
0.016011 0.000209 0.000107 0.000503 0.000080 0.000799 0.000063 0.000933
0.016460 0.000213 0.000108 0.000509 0.000081 0.000800 0.000064 0.000933
0.016922 0.000214 0.000108 0.000512 0.000083 0.000802 0.000066 0.000934
0.017397 0.000215 0.000109 0.000514 0.000084 0.000808 0.000067 0.000934
0.017886 0.000217 0.000110 0.000515 0.000085 0.000809 0.000069 0.000935
0.018388 0.000219 0.000111 0.000517 0.000086 0.000814 0.000070 0.000935
0.018904 0.000221 0.000112 0.000520 0.000087 0.000817 0.000071 0.000935
0.019435 0.000223 0.000112 0.000527 0.000089 0.000821 0.000073 0.000936
0.019980 0.000225 0.000113 0.000533 0.000090 0.000825 0.000074 0.000936
0.020541 0.000227 0.000113 0.000536 0.000091 0.000826 0.000075 0.000937
0.021118 0.000230 0.000114 0.000542 0.000092 0.000828 0.000076 0.000937
0.021711 0.000232 0.000115 0.000546 0.000093 0.000833 0.000077 0.000937
0.022320 0.000233 0.000115 0.000546 0.000093 0.000837 0.000078 0.000938
0.022947 0.000235 0.000115 0.000548 0.000094 0.000840 0.000079 0.000938
0.023591 0.000236 0.000116 0.000553 0.000094 0.000842 0.000080 0.000938
0.024253 0.000238 0.000116 0.000556 0.000095 0.000845 0.000081 0.000938
0.024934 0.000239 0.000117 0.000557 0.000096 0.000848 0.000082 0.000939
0.025634 0.000240 0.000117 0.000562 0.000097 0.000851 0.000083 0.000939
0.026354 0.000241 0.000117 0.000567 0.000097 0.000853 0.000084 0.000939
0.027094 0.000242 0.000117 0.000572 0.000098 0.000855 0.000085 0.000939
0.027854 0.000243 0.000118 0.000573 0.000098 0.000857 0.000086 0.000939
0.028636 0.000243 0.000118 0.000575 0.000098 0.000858 0.000087 0.000940
0.029440 0.000244 0.000119 0.000578 0.000098 0.000861 0.000088 0.000940
0.030266 0.000244 0.000119 0.000580 0.000099 0.000863 0.000088 0.000940
0.031116 0.000245 0.000120 0.000580 0.000099 0.000866 0.000089 0.000940
0.031990 0.000245 0.000120 0.000580 0.000099 0.000868 0.000090 0.000940
0.032888 0.000246 0.000120 0.000580 0.000099 0.000870 0.000090 0.000940
0.033811 0.000246 0.000121 0.000581 0.000100 0.000872 0.000091 0.000941
0.034760 0.000246 0.000121 0.000585 0.000100 0.000872 0.000091 0.000941
0.035736 0.000246 0.000121 0.000587 0.000101 0.000876 0.000092 0.000941
0.036739 0.000247 0.000121 0.000588 0.000101 0.000880 0.000093 0.000941
0.037771 0.000247 0.000122 0.000592 0.000101 0.000884 0.000093 0.000942
0.038831 0.000248 0.000122 0.000593 0.000101 0.000886 0.000094 0.000945
0.039921 0.000248 0.000122 0.000593 0.000101 0.000886 0.000094 0.000948
0.041042 0.000249 0.000122 0.000594 0.000102 0.000887 0.000095 0.000951
0.042194 0.000249 0.000122 0.000596 0.000102 0.000889 0.000095 0.000953
0.043379 0.000250 0.000122 0.000597 0.000102 0.000892 0.000095 0.000955
0.044596 0.000250 0.000123 0.000599 0.000102 0.000894 0.000096 0.000958
0.045848 0.000251 0.000123 0.000600 0.000102 0.000897 0.000096 0.000960
0.047135 0.000251 0.000123 0.000602 0.000102 0.000899 0.000096 0.000962
0.048459 0.000252 0.000123 0.000603 0.000102 0.000901 0.000096 0.000964
0.049819 0.000252 0.000123 0.000604 0.000103 0.000903 0.000097 0.000965
0.051218 0.000252 0.000123 0.000605 0.000103 0.000904 0.000097 0.000967
0.052655 0.000253 0.000123 0.000606 0.000103 0.000905 0.000097 0.000969
0.054134 0.000253 0.000124 0.000606 0.000103 0.000906 0.000098 0.000970
0.055653 0.000253 0.000124 0.000606 0.000103 0.000907 0.000098 0.000972
0.057216 0.000253 0.000124 0.000607 0.000103 0.000909 0.000098 0.000973
0.058822 0.000254 0.000124 0.000607 0.000103 0.000911 0.000098 0.000974
0.060473 0.000254 0.000124 0.000607 0.000103 0.000913 0.000099 0.000976
0.062171 0.000254 0.000124 0.000608 0.000103 0.000915 0.000099 0.000977
0.063916 0.000254 0.000124 0.000608 0.000103 0.000917 0.000099 0.000978
0.065711 0.000254 0.000124 0.000609 0.000103 0.000918 0.000099 0.000979
0.067555 0.000254 0.000124 0.000610 0.000103 0.000919 0.000099 0.000980
0.069452 0.000254 0.000124 0.000611 0.000103 0.000919 0.000099 0.000981
0.071402 0.000254 0.000125 0.000612 0.000103 0.000919 0.000099 0.000982
0.073406 0.000254 0.000125 0.000612 0.000103 0.000919 0.000099 0.000983
0.075467 0.000254 0.000125 0.000612 0.000103 0.000919 0.000099 0.000984
0.077585 0.000254 0.000125 0.000612 0.000103 0.000919 0.000099 0.000984
0.079763 0.000254 0.000125 0.000612 0.000103 0.000919 0.000099 0.000985
0.082003 0.000254 0.000125 0.000612 0.000103 0.000921 0.000099 0.000986
0.084305 0.000254 0.000125 0.000612 0.000103 0.000922 0.000099 0.000986
0.086671 0.000254 0.000125 0.000612 0.000103 0.000923 0.000099 0.000987
0.089105 0.000254 0.000125 0.000612 0.000103 0.000924 0.000099 0.000988
0.091606 0.000254 0.000125 0.000612 0.000104 0.000924 0.000099 0.000988
0.094178 0.000254 0.000125 0.000612 0.000104 0.000925 0.000100 0.000989
0.096822 0.000254 0.000125 0.000612 0.000104 0.000925 0.000100 0.000989
0.099540 0.000254 0.000125 0.000612 0.000104 0.000925 0.000100 0.000990
0.102334 0.000254 0.000125 0.000612 0.000104 0.000925 0.000100 0.000990
0.105207 0.000254 0.000125 0.000612 0.000104 0.000926 0.000100 0.000991
0.108160 0.000254 0.000125 0.000612 0.000104 0.000926 0.000100 0.000991
0.111197 0.000254 0.000125 0.000612 0.000104 0.000926 0.000100 0.000991
0.114318 0.000254 0.000125 0.000613 0.000104 0.000926 0.000100 0.000992
0.117528 0.000254 0.000125 0.000613 0.000104 0.000927 0.000100 0.000992
0.120827 0.000254 0.000125 0.000613 0.000104 0.000927 0.000100 0.000992
0.124219 0.000254 0.000125 0.000613 0.000104 0.000927 0.000100 0.000993
0.127706 0.000254 0.000125 0.000613 0.000104 0.000927 0.000100 0.000993
0.131291 0.000254 0.000125 0.000613 0.000104 0.000927 0.000100 0.000993
0.134977 0.000254 0.000125 0.000613 0.000104 0.000927 0.000100 0.000993
0.138766 0.000254 0.000125 0.000613 0.000104 0.000928 0.000100 0.000994
0.142662 0.000254 0.000125 0.000613 0.000104 0.000928 0.000100 0.000994
0.146667 0.000254 0.000125 0.000613 0.000104 0.000928 0.000100 0.000994
0.150785 0.000254 0.000126 0.000613 0.000104 0.000928 0.000100 0.000994
0.155018 0.000254 0.000126 0.000613 0.000104 0.000928 0.000100 0.000995
0.159369 0.000254 0.000126 0.000613 0.000104 0.000928 0.000100 0.000995
0.163843 0.000254 0.000126 0.000614 0.000104 0.000928 0.000100 0.000995
0.168443 0.000254 0.000126 0.000614 0.000104 0.000928 0.000100 0.000995
0.173172 0.000254 0.000126 0.000614 0.000104 0.000928 0.000100 0.000995
0.178033 0.000255 0.000126 0.000614 0.000104 0.000929 0.000100 0.000995
0.183031 0.000255 0.000126 0.000614 0.000104 0.000929 0.000100 0.000996
0.188169 0.000255 0.000126 0.000614 0.000104 0.000929 0.000100 0.000996
0.193452 0.000255 0.000126 0.000614 0.000104 0.000929 0.000100 0.000996
0.198883 0.000255 0.000126 0.000614 0.000104 0.000929 0.000100 0.000996
0.204466 0.000255 0.000126 0.000614 0.000104 0.000929 0.000100 0.000996
0.210206 0.000255 0.000126 0.000615 0.000104 0.000929 0.000100 0.000996
0.216107 0.000255 0.000126 0.000615 0.000104 0.000929 0.000100 0.000996
0.222174 0.000255 0.000126 0.000615 0.000104 0.000929 0.000100 0.000996
0.228411 0.000255 0.000126 0.000615 0.000104 0.000929 0.000100 0.000996
0.234823 0.000255 0.000126 0.000615 0.000104 0.000929 0.000100 0.000996
0.241416 0.000255 0.000126 0.000615 0.000104 0.000929 0.000100 0.000997
0.248193 0.000255 0.000126 0.000615 0.000104 0.000929 0.000100 0.000997
0.255161 0.000255 0.000126 0.000615 0.000104 0.000929 0.000100 0.000997
0.262324 0.000255 0.000126 0.000615 0.000104 0.000929 0.000100 0.000997
0.269688 0.000255 0.000126 0.000615 0.000104 0.000929 0.000100 0.000997
0.277259 0.000255 0.000126 0.000615 0.000104 0.000930 0.000100 0.000997
0.285043 0.000255 0.000126 0.000615 0.000104 0.000930 0.000100 0.000997
0.293045 0.000255 0.000126 0.000615 0.000104 0.000930 0.000100 0.000997
0.301271 0.000255 0.000126 0.000615 0.000104 0.000930 0.000100 0.000997
0.309729 0.000255 0.000126 0.000615 0.000104 0.000930 0.000100 0.000997
0.318424 0.000255 0.000126 0.000615 0.000104 0.000930 0.000100 0.000997
0.327363 0.000255 0.000126 0.000615 0.000104 0.000930 0.000100 0.000997
0.336553 0.000255 0.000126 0.000616 0.000104 0.000930 0.000100 0.000997
0.346002 0.000255 0.000126 0.000616 0.000104 0.000930 0.000100 0.000997
0.355715 0.000255 0.000126 0.000616 0.000104 0.000930 0.000100 0.000997
0.365701 0.000255 0.000126 0.000616 0.000104 0.000930 0.000100 0.000997
0.375967 0.000255 0.000126 0.000616 0.000104 0.000930 0.000100 0.000997
0.386522 0.000255 0.000126 0.000616 0.000104 0.000930 0.000100 0.000997
0.397373 0.000255 0.000126 0.000616 0.000104 0.000930 0.000100 0.000997
0.408529 0.000255 0.000126 0.000616 0.000104 0.000930 0.000100 0.000998
0.419997 0.000255 0.000126 0.000616 0.000104 0.000930 0.000100 0.000998
0.431788 0.000255 0.000126 0.000616 0.000104 0.000930 0.000100 0.000998
0.443910 0.000255 0.000126 0.000616 0.000104 0.000930 0.000100 0.000998
0.456372 0.000256 0.000126 0.000616 0.000104 0.000930 0.000100 0.000998
0.469183 0.000256 0.000126 0.000616 0.000104 0.000930 0.000100 0.000998
0.482355 0.000256 0.000126 0.000616 0.000104 0.000931 0.000100 0.000998
0.495896 0.000256 0.000126 0.000616 0.000104 0.000931 0.000100 0.000998
0.509818 0.000256 0.000126 0.000616 0.000104 0.000931 0.000100 0.000998
0.524130 0.000256 0.000126 0.000616 0.000104 0.000931 0.000100 0.000998
0.538844 0.000256 0.000126 0.000616 0.000104 0.000931 0.000100 0.000998
0.553971 0.000256 0.000126 0.000616 0.000104 0.000931 0.000100 0.000998
0.569523 0.000256 0.000126 0.000616 0.000104 0.000931 0.000100 0.000998
0.585511 0.000256 0.000126 0.000616 0.000104 0.000931 0.000100 0.000998
0.601948 0.000256 0.000126 0.000616 0.000104 0.000931 0.000100 0.000998
0.618847 0.000256 0.000126 0.000616 0.000104 0.000931 0.000100 0.000998
0.636220 0.000256 0.000126 0.000616 0.000104 0.000931 0.000100 0.000998
0.654081 0.000256 0.000126 0.000616 0.000104 0.000931 0.000100 0.000998
0.672443 0.000256 0.000126 0.000616 0.000104 0.000931 0.000100 0.000998
0.691320 0.000256 0.000126 0.000616 0.000104 0.000931 0.000100 0.000998
0.710728 0.000256 0.000126 0.000616 0.000104 0.000931 0.000100 0.000998
0.730680 0.000256 0.000126 0.000616 0.000104 0.000931 0.000100 0.000998
0.751193 0.000256 0.000126 0.000616 0.000104 0.000931 0.000100 0.000998
0.772281 0.000256 0.000126 0.000616 0.000104 0.000931 0.000100 0.000998
0.793962 0.000256 0.000126 0.000616 0.000104 0.000931 0.000100 0.000998
0.816251 0.000256 0.000126 0.000616 0.000104 0.000931 0.000100 0.000998
0.839166 0.000256 0.000126 0.000616 0.000104 0.000931 0.000100 0.000998
0.862724 0.000256 0.000126 0.000616 0.000104 0.000931 0.000100 0.000998
0.886943 0.000256 0.000126 0.000616 0.000104 0.000931 0.000100 0.000998
0.911843 0.000256 0.000126 0.000616 0.000104 0.000931 0.000100 0.000998
0.937441 0.000256 0.000126 0.000616 0.000104 0.000931 0.000100 0.000998
0.963758 0.000256 0.000126 0.000616 0.000104 0.000931 0.000100 0.000998
0.990814 0.000256 0.000126 0.000616 0.000104 0.000931 0.000100 0.000998
1.018629 0.000256 0.000126 0.000616 0.000104 0.000931 0.000100 0.000998
1.047225 0.000256 0.000126 0.000616 0.000104 0.000931 0.000100 0.000998
1.076624 0.000256 0.000126 0.000616 0.000104 0.000931 0.000100 0.000998
1.106848 0.000256 0.000126 0.000616 0.000104 0.000931 0.000100 0.000998
1.137921 0.000256 0.000126 0.000616 0.000104 0.000931 0.000100 0.000998
1.169866 0.000256 0.000126 0.000616 0.000104 0.000931 0.000100 0.000998
1.202708 0.000256 0.000126 0.000616 0.000104 0.000931 0.000100 0.000998
1.236472 0.000256 0.000126 0.000616 0.000104 0.000931 0.000100 0.000998
1.271184 0.000256 0.000126 0.000616 0.000104 0.000931 0.000100 0.000998
1.306870 0.000256 0.000126 0.000616 0.000104 0.000931 0.000100 0.000998
1.343558 0.000256 0.000126 0.000616 0.000104 0.000931 0.000100 0.000998
1.381276 0.000256 0.000126 0.000616 0.000104 0.000931 0.000100 0.000998
1.420053 0.000256 0.000126 0.000616 0.000104 0.000931 0.000100 0.000998
1.459919 0.000256 0.000126 0.000616 0.000104 0.000931 0.000100 0.000998
1.500903 0.000256 0.000126 0.000616 0.000104 0.000931 0.000100 0.000998
1.543038 0.000256 0.000126 0.000616 0.000104 0.000931 0.000100 0.000998
1.586357 0.000256 0.000126 0.000616 0.000104 0.000931 0.000100 0.000998
1.630891 0.000256 0.000126 0.000616 0.000104 0.000931 0.000100 0.000998
1.676675 0.000256 0.000126 0.000616 0.000104 0.000931 0.000100 0.000998
1.723745 0.000256 0.000126 0.000616 0.000104 0.000931 0.000100 0.000998
1.772136 0.000256 0.000126 0.000616 0.000104 0.000931 0.000100 0.000998
1.821885 0.000256 0.000126 0.000616 0.000104 0.000931 0.000100 0.000998
1.873032 0.000256 0.000126 0.000616 0.000104 0.000931 0.000100 0.000998
1.925614 0.000256 0.000126 0.000616 0.000104 0.000931 0.000100 0.000998
1.979672 0.000256 0.000126 0.000616 0.000104 0.000931 0.000100 0.000998
2.035248 0.000256 0.000126 0.000616 0.000104 0.000931 0.000100 0.000998
2.092383 0.000256 0.000126 0.000616 0.000104 0.000931 0.000100 0.000998
2.151123 0.000256 0.000126 0.000616 0.000104 0.000931 0.000100 0.000998
2.211512 0.000256 0.000126 0.000616 0.000104 0.000931 0.000100 0.000998
2.273597 0.000256 0.000126 0.000616 0.000104 0.000931 0.000100 0.000998
2.337424 0.000256 0.000126 0.000616 0.000104 0.000931 0.000100 0.000998
2.403043 0.000256 0.000126 0.000616 0.000104 0.000931 0.000100 0.000998
2.470504 0.000256 0.000126 0.000616 0.000104 0.000931 0.000100 0.000998
2.539859 0.000256 0.000126 0.000616 0.000104 0.000931 0.000100 0.000998
2.611161 0.000256 0.000126 0.000616 0.000104 0.000931 0.000100 0.000998
2.684465 0.000256 0.000126 0.000616 0.000104 0.000931 0.000100 0.000998
2.759826 0.000256 0.000126 0.000616 0.000104 0.000931 0.000100 0.000998
2.837304 0.000256 0.000126 0.000616 0.000104 0.000931 0.000100 0.000998
2.916956 0.000256 0.000126 0.000616 0.000104 0.000931 0.000100 0.000998
2.998844 0.000256 0.000126 0.000616 0.000104 0.000931 0.000100 0.000998
3.083031 0.000256 0.000126 0.000616 0.000104 0.000931 0.000100 0.000998
3.169582 0.000256 0.000126 0.000616 0.000104 0.000931 0.000100 0.000998
3.258562 0.000256 0.000126 0.000616 0.000104 0.000931 0.000100 0.000998
3.350041 0.000256 0.000126 0.000616 0.000104 0.000931 0.000100 0.000998
3.444087 0.000256 0.000126 0.000616 0.000104 0.000931 0.000100 0.000998
3.540774 0.000256 0.000126 0.000616 0.000104 0.000931 0.000100 0.000998
3.640175 0.000256 0.000126 0.000616 0.000104 0.000931 0.000100 0.000998
3.742366 0.000256 0.000126 0.000616 0.000104 0.000931 0.000100 0.000998
3.847427 0.000256 0.000126 0.000616 0.000104 0.000931 0.000100 0.000998
3.955436 0.000256 0.000126 0.000616 0.000104 0.000931 0.000100 0.000998
4.066478 0.000256 0.000126 0.000616 0.000104 0.000931 0.000100 0.000998
4.180637 0.000256 0.000126 0.000616 0.000104 0.000931 0.000100 0.000998
4.298001 0.000256 0.000126 0.000616 0.000104 0.000931 0.000100 0.000998
4.418660 0.000256 0.000126 0.000616 0.000104 0.000931 0.000100 0.000998
4.542706 0.000256 0.000126 0.000616 0.000104 0.000931 0.000100 0.000998
4.670234 0.000256 0.000126 0.000616 0.000104 0.000931 0.000100 0.000998
4.801343 0.000256 0.000126 0.000616 0.000104 0.000931 0.000100 0.000998
4.936132 0.000256 0.000126 0.000616 0.000104 0.000931 0.000100 0.000998
5.074705 0.000256 0.000126 0.000616 0.000104 0.000931 0.000100 0.000998
5.217169 0.000256 0.000126 0.000616 0.000104 0.000931 0.000100 0.000998
5.363631 0.000256 0.000126 0.000616 0.000104 0.000931 0.000100 0.000998
5.514206 0.000256 0.000126 0.000616 0.000104 0.000931 0.000100 0.000998
5.669007 0.000256 0.000126 0.000616 0.000104 0.000931 0.000100 0.000998
5.828155 0.000256 0.000126 0.000616 0.000104 0.000931 0.000100 0.000998
5.991770 0.000256 0.000126 0.000616 0.000104 0.000931 0.000100 0.000998
6.159978 0.000256 0.000126 0.000616 0.000104 0.000931 0.000100 0.000998
6.332908 0.000256 0.000126 0.000616 0.000104 0.000931 0.000100 0.000998
6.510694 0.000256 0.000126 0.000616 0.000104 0.000931 0.000100 0.000998
6.693470 0.000256 0.000126 0.000616 0.000104 0.000931 0.000100 0.000998
6.881377 0.000256 0.000126 0.000616 0.000104 0.000931 0.000100 0.000998
7.074559 0.000256 0.000126 0.000616 0.000104 0.000931 0.000100 0.000998
7.273165 0.000256 0.000126 0.000616 0.000104 0.000931 0.000100 0.000998
7.477346 0.000256 0.000126 0.000616 0.000104 0.000931 0.000100 0.000998
7.687260 0.000256 0.000126 0.000616 0.000104 0.000931 0.000100 0.000998
7.903066 0.000256 0.000126 0.000616 0.000104 0.000931 0.000100 0.000998
8.124930 0.000256 0.000126 0.000616 0.000104 0.000931 0.000100 0.000998
8.353023 0.000256 0.000126 0.000616 0.000104 0.000931 0.000100 0.000998
8.587519 0.000256 0.000126 0.000616 0.000104 0.000931 0.000100 0.000998
8.828599 0.000256 0.000126 0.000616 0.000104 0.000931 0.000100 0.000998
9.076446 0.000256 0.000126 0.000616 0.000104 0.000931 0.000100 0.000998
9.331251 0.000256 0.000126 0.000616 0.000104 0.000931 0.000100 0.000998
9.593209 0.000256 0.000126 0.000616 0.000104 0.000931 0.000100 0.000998
9.862522 0.000256 0.000126 0.000616 0.000104 0.000931 0.000100 0.000998
10.139395 0.000256 0.000126 0.000616 0.000104 0.000931 0.000100 0.000998
10.424040 0.000256 0.000126 0.000616 0.000104 0.000931 0.000100 0.000998
10.716676 0.000256 0.000126 0.000616 0.000104 0.000931 0.000100 0.000998
11.017528 0.000256 0.000126 0.000616 0.000104 0.000931 0.000100 0.000998
11.326826 0.000256 0.000126 0.000616 0.000104 0.000931 0.000100 0.000998
11.644806 0.000256 0.000126 0.000616 0.000104 0.000931 0.000100 0.000998
11.971713 0.000256 0.000126 0.000616 0.000104 0.000931 0.000100 0.000998
12.307798 0.000256 0.000126 0.000616 0.000104 0.000931 0.000100 0.000998
12.653318 0.000256 0.000126 0.000616 0.000104 0.000931 0.000100 0.000998
13.008537 0.000256 0.000126 0.000616 0.000104 0.000931 0.000100 0.000998
13.373729 0.000256 0.000126 0.000616 0.000104 0.000931 0.000100 0.000998
13.749172 0.000256 0.000126 0.000616 0.000104 0.000931 0.000100 0.000998
14.135156 0.000256 0.000126 0.000616 0.000104 0.000931 0.000100 0.000998
14.531975 0.000256 0.000126 0.000616 0.000104 0.000931 0.000100 0.000998
14.939935 0.000256 0.000126 0.000616 0.000104 0.000931 0.000100 0.000998
15.359347 0.000256 0.000126 0.000616 0.000104 0.000931 0.000100 0.000998
15.790533 0.000256 0.000126 0.000616 0.000104 0.000931 0.000100 0.000998
16.233824 0.000256 0.000126 0.000616 0.000104 0.000931 0.000100 0.000998
16.689560 0.000256 0.000126 0.000616 0.000104 0.000931 0.000100 0.000998
17.158090 0.000256 0.000126 0.000616 0.000104 0.000931 0.000100 0.000998
17.639773 0.000256 0.000126 0.000616 0.000104 0.000931 0.000100 0.000998
18.134978 0.000256 0.000126 0.000616 0.000104 0.000931 0.000100 0.000998
18.644085 0.000256 0.000126 0.000616 0.000104 0.000931 0.000100 0.000998
19.167485 0.000256 0.000126 0.000616 0.000104 0.000931 0.000100 0.000998
19.705578 0.000256 0.000126 0.000616 0.000104 0.000931 0.000100 0.000998
20.258777 0.000256 0.000126 0.000616 0.000104 0.000931 0.000100 0.000998
20.827506 0.000256 0.000126 0.000616 0.000104 0.000931 0.000100 0.000998
21.412202 0.000256 0.000126 0.000616 0.000104 0.000931 0.000100 0.000998
22.013311 0.000256 0.000126 0.000616 0.000104 0.000931 0.000100 0.000998
22.631296 0.000256 0.000126 0.000616 0.000104 0.000931 0.000100 0.000998
23.266629 0.000256 0.000126 0.000616 0.000104 0.000931 0.000100 0.000998
23.919798 0.000256 0.000126 0.000616 0.000104 0.000931 0.000100 0.000998
24.591304 0.000256 0.000126 0.000616 0.000104 0.000931 0.000100 0.000998
25.281661 0.000256 0.000126 0.000616 0.000104 0.000931 0.000100 0.000998
25.991399 0.000256 0.000126 0.000616 0.000104 0.000931 0.000100 0.000998
26.721062 0.000256 0.000126 0.000616 0.000104 0.000931 0.000100 0.000998
27.471208 0.000256 0.000126 0.000616 0.000104 0.000931 0.000100 0.000998
28.242413 0.000256 0.000126 0.000616 0.000104 0.000931 0.000100 0.000998
29.035269 0.000256 0.000126 0.000616 0.000104 0.000931 0.000100 0.000998
29.850382 0.000256 0.000126 0.000616 0.000104 0.000931 0.000100 0.000998
30.688379 0.000256 0.000126 0.000616 0.000104 0.000931 0.000100 0.000998
31.549901 0.000256 0.000126 0.000616 0.000104 0.000931 0.000100 0.000998
32.435608 0.000256 0.000126 0.000616 0.000104 0.000931 0.000100 0.000998
33.346180 0.000256 0.000126 0.000616 0.000104 0.000931 0.000100 0.000998
34.282315 0.000256 0.000126 0.000616 0.000104 0.000931 0.000100 0.000998
35.244730 0.000256 0.000126 0.000616 0.000104 0.000931 0.000100 0.000998
36.234163 0.000256 0.000126 0.000616 0.000104 0.000931 0.000100 0.000998
37.251373 0.000256 0.000126 0.000616 0.000104 0.000931 0.000100 0.000998
38.297139 0.000256 0.000126 0.000616 0.000104 0.000931 0.000100 0.000998
39.372263 0.000256 0.000126 0.000616 0.000104 0.000931 0.000100 0.000998
40.477570 0.000256 0.000126 0.000616 0.000104 0.000931 0.000100 0.000998
41.613906 0.000256 0.000126 0.000616 0.000104 0.000931 0.000100 0.000998
42.782142 0.000256 0.000126 0.000616 0.000104 0.000931 0.000100 0.000998
43.983175 0.000256 0.000126 0.000616 0.000104 0.000931 0.000100 0.000998
45.217924 0.000256 0.000126 0.000616 0.000104 0.000931 0.000100 0.000998
46.487337 0.000256 0.000126 0.000616 0.000104 0.000931 0.000100 0.000998
47.792386 0.000256 0.000126 0.000616 0.000104 0.000931 0.000100 0.000998
49.134073 0.000256 0.000126 0.000616 0.000104 0.000931 0.000100 0.000998
50.513425 0.000256 0.000126 0.000616 0.000104 0.000931 0.000100 0.000998
51.931499 0.000256 0.000126 0.000616 0.000104 0.000931 0.000100 0.000998
53.389384 0.000256 0.000126 0.000616 0.000104 0.000931 0.000100 0.000998
54.888196 0.000256 0.000126 0.000616 0.000104 0.000931 0.000100 0.000998
56.429085 0.000256 0.000126 0.000616 0.000104 0.000931 0.000100 0.000998
58.013231 0.000256 0.000126 0.000616 0.000104 0.000931 0.000100 0.000998
59.641849 0.000256 0.000126 0.000616 0.000104 0.000931 0.000100 0.000998
61.316188 0.000256 0.000126 0.000616 0.000104 0.000931 0.000100 0.000998
63.037532 0.000256 0.000126 0.000616 0.000104 0.000931 0.000100 0.000998
64.807198 0.000256 0.000126 0.000616 0.000104 0.000931 0.000100 0.000998
66.626545 0.000256 0.000126 0.000616 0.000104 0.000931 0.000100 0.000998
68.496967 0.000256 0.000126 0.000616 0.000104 0.000931 0.000100 0.000998
70.419898 0.000256 0.000126 0.000616 0.000104 0.000931 0.000100 0.000998
72.396811 0.000256 0.000126 0.000616 0.000104 0.000931 0.000100 0.000998
74.429223 0.000256 0.000126 0.000616 0.000104 0.000931 0.000100 0.000998
76.518692 0.000256 0.000126 0.000616 0.000104 0.000931 0.000100 0.000998
78.666818 0.000256 0.000126 0.000616 0.000104 0.000931 0.000100 0.000998
80.875249 0.000256 0.000126 0.000616 0.000104 0.000931 0.000100 0.000998
83.145678 0.000256 0.000126 0.000616 0.000104 0.000931 0.000100 0.000998
85.479845 0.000256 0.000126 0.000616 0.000104 0.000931 0.000100 0.000998
87.879540 0.000256 0.000126 0.000616 0.000104 0.000931 0.000100 0.000998
90.346602 0.000256 0.000126 0.000616 0.000104 0.000931 0.000100 0.000998
92.882923 0.000256 0.000126 0.000616 0.000104 0.000931 0.000100 0.000998
95.490446 0.000256 0.000126 0.000616 0.000104 0.000931 0.000100 0.000998
98.171170 0.000256 0.000126 0.000616 0.000104 0.000931 0.000100 0.000998
100.927151 0.000256 0.000126 0.000616 0.000104 0.000931 0.000100 0.000998
103.760502 0.000256 0.000126 0.000616 0.000104 0.000931 0.000100 0.000998
106.673394 0.000256 0.000126 0.000616 0.000104 0.000931 0.000100 0.000998
109.668060 0.000256 0.000126 0.000616 0.000104 0.000931 0.000100 0.000998
112.746796 0.000256 0.000126 0.000616 0.000104 0.000931 0.000100 0.000998
115.911962 0.000256 0.000126 0.000616 0.000104 0.000931 0.000100 0.000998
119.165984 0.000256 0.000126 0.000616 0.000104 0.000931 0.000100 0.000998
122.511358 0.000256 0.000126 0.000616 0.000104 0.000931 0.000100 0.000998
125.950646 0.000256 0.000126 0.000616 0.000104 0.000931 0.000100 0.000998
129.486487 0.000256 0.000126 0.000616 0.000104 0.000931 0.000100 0.000998
133.121590 0.000256 0.000126 0.000616 0.000104 0.000931 0.000100 0.000998
136.858742 0.000256 0.000126 0.000616 0.000104 0.000931 0.000100 0.000998
140.700809 0.000256 0.000126 0.000616 0.000104 0.000931 0.000100 0.000998
144.650734 0.000256 0.000126 0.000616 0.000104 0.000931 0.000100 0.000998
148.711546 0.000256 0.000126 0.000616 0.000104 0.000931 0.000100 0.000998
152.886359 0.000256 0.000126 0.000616 0.000104 0.000931 0.000100 0.000998
157.178372 0.000256 0.000126 0.000616 0.000104 0.000931 0.000100 0.000998
161.590875 0.000256 0.000126 0.000616 0.000104 0.000931 0.000100 0.000998
166.127252 0.000256 0.000126 0.000616 0.000104 0.000931 0.000100 0.000998
170.790980 0.000256 0.000126 0.000616 0.000104 0.000931 0.000100 0.000998
175.585633 0.000256 0.000126 0.000616 0.000104 0.000931 0.000100 0.000998
180.514888 0.000256 0.000126 0.000616 0.000104 0.000931 0.000100 0.000998
185.582523 0.000256 0.000126 0.000616 0.000104 0.000931 0.000100 0.000998
190.792422 0.000256 0.000126 0.000616 0.000104 0.000931 0.000100 0.000998
196.148581 0.000256 0.000126 0.000616 0.000104 0.000931 0.000100 0.000998
201.655104 0.000256 0.000126 0.000616 0.000104 0.000931 0.000100 0.000998
207.316213 0.000256 0.000126 0.000616 0.000104 0.000931 0.000100 0.000998
213.136247 0.000256 0.000126 0.000616 0.000104 0.000931 0.000100 0.000998
219.119669 0.000256 0.000126 0.000616 0.000104 0.000931 0.000100 0.000998
225.271064 0.000256 0.000126 0.000616 0.000104 0.000931 0.000100 0.000998
231.595149 0.000256 0.000126 0.000616 0.000104 0.000931 0.000100 0.000998
238.096772 0.000256 0.000126 0.000616 0.000104 0.000931 0.000100 0.000998
244.780916 0.000256 0.000126 0.000616 0.000104 0.000931 0.000100 0.000998
251.652705 0.000256 0.000126 0.000616 0.000104 0.000931 0.000100 0.000998
258.717408 0.000256 0.000126 0.000616 0.000104 0.000931 0.000100 0.000998
265.980440 0.000256 0.000126 0.000616 0.000104 0.000931 0.000100 0.000998
273.447368 0.000256 0.000126 0.000616 0.000104 0.000931 0.000100 0.000998
281.123917 0.000256 0.000126 0.000616 0.000104 0.000931 0.000100 0.000998
289.015972 0.000256 0.000126 0.000616 0.000104 0.000931 0.000100 0.000998
297.129582 0.000256 0.000126 0.000616 0.000104 0.000931 0.000100 0.000998
305.470967 0.000256 0.000126 0.000616 0.000104 0.000931 0.000100 0.000998
314.046522 0.000256 0.000126 0.000616 0.000104 0.000931 0.000100 0.000998
322.862820 0.000256 0.000126 0.000616 0.000104 0.000931 0.000100 0.000998
331.926620 0.000256 0.000126 0.000616 0.000104 0.000931 0.000100 0.000998
341.244871 0.000256 0.000126 0.000616 0.000104 0.000931 0.000100 0.000998
350.824714 0.000256 0.000126 0.000616 0.000104 0.000931 0.000100 0.000998
360.673495 0.000256 0.000126 0.000616 0.000104 0.000931 0.000100 0.000998
370.798763 0.000256 0.000126 0.000616 0.000104 0.000931 0.000100 0.000998
381.208280 0.000256 0.000126 0.000616 0.000104 0.000931 0.000100 0.000998
391.910025 0.000256 0.000126 0.000616 0.000104 0.000931 0.000100 0.000998
402.912203 0.000256 0.000126 0.000616 0.000104 0.000931 0.000100 0.000998
414.223247 0.000256 0.000126 0.000616 0.000104 0.000931 0.000100 0.000998
425.851829 0.000256 0.000126 0.000616 0.000104 0.000931 0.000100 0.000998
437.806863 0.000256 0.000126 0.000616 0.000104 0.000931 0.000100 0.000998
450.097513 0.000256 0.000126 0.000616 0.000104 0.000931 0.000100 0.000998
462.733201 0.000256 0.000126 0.000616 0.000104 0.000931 0.000100 0.000998
475.723614 0.000256 0.000126 0.000616 0.000104 0.000931 0.000100 0.000998
489.078709 0.000256 0.000126 0.000616 0.000104 0.000931 0.000100 0.000998
502.808725 0.000256 0.000126 0.000616 0.000104 0.000931 0.000100 0.000998
516.924187 0.000256 0.000126 0.000616 0.000104 0.000931 0.000100 0.000998
531.435916 0.000256 0.000126 0.000616 0.000104 0.000931 0.000100 0.000998
546.355035 0.000256 0.000126 0.000616 0.000104 0.000931 0.000100 0.000998
561.692982 0.000256 0.000126 0.000616 0.000104 0.000931 0.000100 0.000998
577.461515 0.000256 0.000126 0.000616 0.000104 0.000931 0.000100 0.000998
593.672722 0.000256 0.000126 0.000616 0.000104 0.000931 0.000100 0.000998
610.339029 0.000256 0.000126 0.000616 0.000104 0.000931 0.000100 0.000998
627.473213 0.000256 0.000126 0.000616 0.000104 0.000931 0.000100 0.000998
645.088409 0.000256 0.000126 0.000616 0.000104 0.000931 0.000100 0.000998
663.198120 0.000256 0.000126 0.000616 0.000104 0.000931 0.000100 0.000998
681.816229 0.000256 0.000126 0.000616 0.000104 0.000931 0.000100 0.000998
700.957009 0.000256 0.000126 0.000616 0.000104 0.000931 0.000100 0.000998
720.635132 0.000256 0.000126 0.000616 0.000104 0.000931 0.000100 0.000998
740.865683 0.000256 0.000126 0.000616 0.000104 0.000931 0.000100 0.000998
761.664172 0.000256 0.000126 0.000616 0.000104 0.000931 0.000100 0.000998
783.046540 0.000256 0.000126 0.000616 0.000104 0.000931 0.000100 0.000998
805.029181 0.000256 0.000126 0.000616 0.000104 0.000931 0.000100 0.000998
827.628946 0.000256 0.000126 0.000616 0.000104 0.000931 0.000100 0.000998
850.863158 0.000256 0.000126 0.000616 0.000104 0.000931 0.000100 0.000998
874.749630 0.000256 0.000126 0.000616 0.000104 0.000931 0.000100 0.000998
899.306672 0.000256 0.000126 0.000616 0.000104 0.000931 0.000100 0.000998
924.553110 0.000256 0.000126 0.000616 0.000104 0.000931 0.000100 0.000998
950.508296 0.000256 0.000126 0.000616 0.000104 0.000931 0.000100 0.000998
977.192128 0.000256 0.000126 0.000616 0.000104 0.000931 0.000100 0.000998
1004.625062 0.000256 0.000126 0.000616 0.000104 0.000931 0.000100 0.000998
1032.828126 0.000256 0.000126 0.000616 0.000104 0.000931 0.000100 0.000998
1061.822941 0.000256 0.000126 0.000616 0.000104 0.000931 0.000100 0.000998
1091.631734 0.000256 0.000126 0.000616 0.000104 0.000931 0.000100 0.000998
1122.277356 0.000256 0.000126 0.000616 0.000104 0.000931 0.000100 0.000998
1153.783300 0.000256 0.000126 0.000616 0.000104 0.000931 0.000100 0.000998
1186.173716 0.000256 0.000126 0.000616 0.000104 0.000931 0.000100 0.000998
1219.473437 0.000256 0.000126 0.000616 0.000104 0.000931 0.000100 0.000998
1253.707987 0.000256 0.000126 0.000616 0.000104 0.000931 0.000100 0.000998
1288.903612 0.000256 0.000126 0.000616 0.000104 0.000931 0.000100 0.000998
1325.087292 0.000256 0.000126 0.000616 0.000104 0.000931 0.000100 0.000998
1362.286764 0.000256 0.000126 0.000616 0.000104 0.000931 0.000100 0.000998
1400.530545 0.000256 0.000126 0.000616 0.000104 0.000931 0.000100 0.000998
1439.847953 0.000256 0.000126 0.000616 0.000104 0.000931 0.000100 0.000998
1480.269127 0.000256 0.000126 0.000616 0.000104 0.000931 0.000100 0.000998
1521.825053 0.000256 0.000126 0.000616 0.000104 0.000931 0.000100 0.000998
1564.547589 0.000256 0.000126 0.000616 0.000104 0.000931 0.000100 0.000998
1608.469483 0.000256 0.000126 0.000616 0.000104 0.000931 0.000100 0.000998
1653.624407 0.000256 0.000126 0.000616 0.000104 0.000931 0.000100 0.000998
1700.046975 0.000256 0.000126 0.000616 0.000104 0.000931 0.000100 0.000998
1747.772774 0.000256 0.000126 0.000616 0.000104 0.000931 0.000100 0.000998
1796.838391 0.000256 0.000126 0.000616 0.000104 0.000931 0.000100 0.000998
1847.281437 0.000256 0.000126 0.000616 0.000104 0.000931 0.000100 0.000998
1899.140582 0.000256 0.000126 0.000616 0.000104 0.000931 0.000100 0.000998
1952.455581 0.000256 0.000126 0.000616 0.000104 0.000931 0.000100 0.000998
2007.267304 0.000256 0.000126 0.000616 0.000104 0.000931 0.000100 0.000998
2063.617768 0.000256 0.000126 0.000616 0.000104 0.000931 0.000100 0.000998
2121.550171 0.000256 0.000126 0.000616 0.000104 0.000931 0.000100 0.000998
2181.108924 0.000256 0.000126 0.000616 0.000104 0.000931 0.000100 0.000998
2242.339683 0.000256 0.000126 0.000616 0.000104 0.000931 0.000100 0.000998
2305.289387 0.000256 0.000126 0.000616 0.000104 0.000931 0.000100 0.000998
2370.006292 0.000256 0.000126 0.000616 0.000104 0.000931 0.000100 0.000998
2436.540009 0.000256 0.000126 0.000616 0.000104 0.000931 0.000100 0.000998
2504.941542 0.000256 0.000126 0.000616 0.000104 0.000931 0.000100 0.000998
2575.263327 0.000256 0.000126 0.000616 0.000104 0.000931 0.000100 0.000998
2647.559271 0.000256 0.000126 0.000616 0.000104 0.000931 0.000100 0.000998
2721.884795 0.000256 0.000126 0.000616 0.000104 0.000931 0.000100 0.000998
2798.296876 0.000256 0.000126 0.000616 0.000104 0.000931 0.000100 0.000998
2876.854090 0.000256 0.000126 0.000616 0.000104 0.000931 0.000100 0.000998
2957.616659 0.000256 0.000126 0.000616 0.000104 0.000931 0.000100 0.000998
3040.646493 0.000256 0.000126 0.000616 0.000104 0.000931 0.000100 0.000998
3126.007243 0.000256 0.000126 0.000616 0.000104 0.000931 0.000100 0.000998
3213.764344 0.000256 0.000126 0.000616 0.000104 0.000931 0.000100 0.000998
3303.985070 0.000256 0.000126 0.000616 0.000104 0.000931 0.000100 0.000998
3396.738582 0.000256 0.000126 0.000616 0.000104 0.000931 0.000100 0.000998
3492.095985 0.000256 0.000126 0.000616 0.000104 0.000931 0.000100 0.000998
3590.130377 0.000256 0.000126 0.000616 0.000104 0.000931 0.000100 0.000998
3690.916911 0.000256 0.000126 0.000616 0.000104 0.000931 0.000100 0.000998
3794.532847 0.000256 0.000126 0.000616 0.000104 0.000931 0.000100 0.000998
3901.057617 0.000256 0.000126 0.000616 0.000104 0.000931 0.000100 0.000998
4010.572881 0.000256 0.000126 0.000616 0.000104 0.000931 0.000100 0.000998
4123.162591 0.000256 0.000126 0.000616 0.000104 0.000931 0.000100 0.000998
4238.913057 0.000256 0.000126 0.000616 0.000104 0.000931 0.000100 0.000998
4357.913012 0.000256 0.000126 0.000616 0.000104 0.000931 0.000100 0.000998
4480.253680 0.000256 0.000126 0.000616 0.000104 0.000931 0.000100 0.000998
4606.028844 0.000256 0.000126 0.000616 0.000104 0.000931 0.000100 0.000998
4735.334923 0.000256 0.000126 0.000616 0.000104 0.000931 0.000100 0.000998
4868.271040 0.000256 0.000126 0.000616 0.000104 0.000931 0.000100 0.000998
5004.939103 0.000256 0.000126 0.000616 0.000104 0.000931 0.000100 0.000998
5145.443878 0.000256 0.000126 0.000616 0.000104 0.000931 0.000100 0.000998
5289.893076 0.000256 0.000126 0.000616 0.000104 0.000931 0.000100 0.000998
5438.397428 0.000256 0.000126 0.000616 0.000104 0.000931 0.000100 0.000998
5591.070777 0.000256 0.000126 0.000616 0.000104 0.000931 0.000100 0.000998
5748.030158 0.000256 0.000126 0.000616 0.000104 0.000931 0.000100 0.000998
5909.395895 0.000256 0.000126 0.000616 0.000104 0.000931 0.000100 0.000998
6075.291689 0.000256 0.000126 0.000616 0.000104 0.000931 0.000100 0.000998
6245.844712 0.000256 0.000126 0.000616 0.000104 0.000931 0.000100 0.000998
6421.185709 0.000256 0.000126 0.000616 0.000104 0.000931 0.000100 0.000998
6601.449093 0.000256 0.000126 0.000616 0.000104 0.000931 0.000100 0.000998
6786.773051 0.000256 0.000126 0.000616 0.000104 0.000931 0.000100 0.000998
6977.299650 0.000256 0.000126 0.000616 0.000104 0.000931 0.000100 0.000998
7173.174944 0.000256 0.000126 0.000616 0.000104 0.000931 0.000100 0.000998
7374.549090 0.000256 0.000126 0.000616 0.000104 0.000931 0.000100 0.000998
7581.576458 0.000256 0.000126 0.000616 0.000104 0.000931 0.000100 0.000998
7794.415750 0.000256 0.000126 0.000616 0.000104 0.000931 0.000100 0.000998
8013.230128 0.000256 0.000126 0.000616 0.000104 0.000931 0.000100 0.000998
8238.187331 0.000256 0.000126 0.000616 0.000104 0.000931 0.000100 0.000998
8469.459808 0.000256 0.000126 0.000616 0.000104 0.000931 0.000100 0.000998
8707.224849 0.000256 0.000126 0.000616 0.000104 0.000931 0.000100 0.000998
8951.664721 0.000256 0.000126 0.000616 0.000104 0.000931 0.000100 0.000998
9202.966809 0.000256 0.000126 0.000616 0.000104 0.000931 0.000100 0.000998
9461.323756 0.000256 0.000126 0.000616 0.000104 0.000931 0.000100 0.000998
9726.933615 0.000256 0.000126 0.000616 0.000104 0.000931 0.000100 0.000998
10000.000000 0.000256 0.000126 0.000616 0.000104 0.000931 0.000100 0.000998
