2910586972805347840.000000 0.146720 0.112384 52.829493 10.820112 1.737613 38743.618142
2568025744395407872.000000 4.038791 0.815530 78.640151 15.180646 2.104491 20432.303326
26085465556496.050781 75.380737 -0.432308 1980.335661 86.122399 1.531115 943.454874
165964251960874.031250 37.669130 0.230812 190.696182 411.201604 1.685328 1381.215170
346523901301215040.000000 98.911907 1.346317 2553.709378 28.561780 2.145925 24637.363214
142205691595577.062500 79.059848 -0.472662 205.568166 216.015875 1.539082 1688.823646
9514803594198610.000000 0.687566 -0.232515 50.694889 63.404613 1.728328 3461.258751
144862717243932.593750 60.389895 1.088173 20.595783 294.436135 1.708879 1545.923270
132452759712946.234375 33.268147 -0.464149 669.110807 202.460528 1.768962 1231.300713
132996606092404.921875 51.005453 0.246169 105.499214 495.211512 1.274678 1418.204610
121167081560307.031250 27.034165 -0.063341 821.695133 217.179289 1.782958 1120.807382
123936445334911.640625 88.439358 -0.445122 400.404466 144.542759 1.519153 1679.314229
1053700354789667.375000 28.408179 1.179176 266.986024 12.647011 1.557655 2339.994141
2921219412448894976.000000 0.134837 0.112415 52.801568 10.813651 1.737924 40180.733327
99706050566193.296875 82.944242 -0.425322 285.530519 198.687562 1.340142 1526.258971
120711880051016.765625 29.967852 -0.098764 841.353307 221.884225 1.802222 1155.364288
168773847928887.906250 24.634514 1.784508 68.288602 482.302312 1.487175 1217.203123
65106656569920.164062 78.285500 -0.122187 162.011928 57.374114 1.997695 1297.073094
39113811701982.984375 57.443069 0.698051 39.728370 16.245329 1.945222 982.111025
185638669164110.656250 96.601230 0.215546 243.270795 528.737394 1.487451 1983.820580
35984218675455.164062 57.537478 1.009341 51.046888 17.962487 1.867006 955.724797
87214163560519.656250 79.561982 -0.442935 71.560344 135.362919 1.778503 1438.096132
101458660226157.046875 87.176924 -0.458603 267.612660 94.105447 1.803862 1562.833013
33461767211036.339844 80.392353 1.909540 151.727170 25.470826 1.389640 1048.859971
209010731761876.625000 45.999535 -0.129688 345.540242 491.094403 1.622522 1592.657784
135294791444704.390625 52.179647 0.300608 70.410627 481.881341 1.312755 1437.361924
159440154417237.468750 80.545253 -0.240478 169.565342 484.271155 1.351418 1766.153445
164167072971889.812500 95.320798 0.367829 12.972726 375.837593 1.575916 1894.970694
165225579642408.000000 76.582846 0.245476 12.542307 415.183402 1.505737 1755.439222
175880684480968.156250 74.675325 -0.484542 258.778408 193.906465 1.723776 1776.426430
121731653657218.609375 57.010810 -0.392911 48.487780 395.607405 1.365454 1430.185323
49249595655803.765625 59.198653 1.279406 214.996988 13.471933 1.432941 1071.560638
12576974660830938.000000 46.017125 1.163597 151.824406 10.261871 2.001310 6241.854800
159763003161570.312500 88.343638 1.162346 36.170248 427.973511 1.507913 1826.928240
6488215366327738.000000 28.555018 1.960709 55.246728 14.781963 2.023031 4295.741665
260278251060735.406250 29.788342 1.611411 49.757029 10.692876 1.677877 1489.840036
62144929622281.898438 95.791828 -0.315061 2219.270135 170.261481 1.395725 1373.261722
161599521069965.406250 48.818570 -0.476766 205.422921 126.557918 1.979054 1491.158083
127977684905581.343750 89.705782 1.892585 39.006441 252.793426 1.749629 1706.100834
173013965410142.437500 38.900685 0.069016 760.627906 745.634216 1.148385 1415.169906
50372510941883592.000000 39.983072 1.887550 423.033779 12.711209 1.393029 9463.642705
60655869243158.890625 98.929590 0.415502 17.694130 205.274395 1.407224 1378.274525
164836457095964.125000 64.826244 1.739736 34.834660 509.360098 1.333978 1654.140677
144879984656710.156250 95.834957 1.444788 15.339648 416.527456 1.405811 1821.203902
105960740228672.796875 77.201786 0.241215 21.730938 379.868907 1.295036 1518.158926
154479794396075.562500 48.570307 -0.219875 291.689061 259.294557 1.758308 1466.415626
99256918727346.187500 81.794729 -0.358576 273.196106 128.403979 1.686810 1516.370485
27416931226671.042969 55.983039 1.010565 44.603925 15.805365 1.813881 864.748503
137814940190071152.000000 9.143594 1.961198 466.429384 36.177771 1.425174 8802.736366
194141435404445.250000 37.851628 0.786187 17.241907 565.649753 1.392835 1457.608332
113486305201026.906250 51.313411 1.364298 67.781212 224.202191 1.756067 1347.899223
331329701980324.875000 28.771349 1.599211 44.823096 10.877511 1.726630 1597.438069
3906876048316698112.000000 5.049451 0.779810 94.341010 13.718508 2.146209 24153.383707
75712017327871.500000 69.115955 -0.357996 614.395498 83.161716 1.955458 1305.206059
167619628216800.187500 51.381514 0.584185 12.761366 412.003742 1.460348 1535.722759
243650948885425.968750 56.299057 -0.012204 14.041358 726.920088 1.350864 1794.637283
148580041373166.156250 98.206549 -0.210647 61.256288 193.470711 1.969984 1852.981347
168667542299728.000000 49.817843 0.817493 85.984413 472.410975 1.412960 1522.937922
122016079630474.750000 83.224939 -0.037543 906.935814 271.928819 1.632952 1634.502941
123208585349380.921875 68.985008 1.725034 33.720797 380.710530 1.363061 1534.199873
122828550136839.656250 46.422401 -0.490234 368.017420 156.651661 1.651222 1338.107869
97108048056149.500000 97.452847 -0.416602 347.611989 126.145690 1.512888 1603.557667
173670474395289.875000 62.055246 0.136078 210.648663 558.078245 1.312552 1657.807553
7419411686928383.000000 30.550301 1.917420 71.040995 14.748440 1.952611 4586.932514
97442597322331.000000 50.388213 0.770229 13.419685 462.423834 1.124629 1273.274648
123633531958658.015625 23.568240 -0.219201 41.577044 52.297237 2.085200 1082.962564
97100516760736.625000 86.811599 -0.374404 252.278954 116.477154 1.710675 1537.801594
113320029372207.921875 83.712643 -0.148177 401.826848 177.192568 1.823016 1598.055049
79197648737222.937500 94.131022 -0.252501 1522.723726 276.849189 1.155561 1479.442780
170180407916934.125000 79.686887 0.542597 24.382770 410.976082 1.511973 1798.063722
148797682407227.625000 72.488899 -0.266378 1134.597913 390.769328 1.263486 1662.554842
182673395501760.500000 42.285022 1.469543 22.857693 478.164843 1.617746 1480.868000
150913476356590.562500 49.872465 1.489677 28.060260 427.530580 1.472704 1468.051978
16277750990023.683594 14.865058 1.674896 140.729932 40.051503 1.268924 484.691144
184502781316318.718750 80.093885 -0.350299 32.347336 549.765084 1.310667 1850.513467
71827606614370.187500 60.510671 1.250765 259.831767 15.063101 1.470479 1224.426620
188293063527701.562500 77.585078 1.777449 72.453811 373.844799 1.705834 1842.094179
565170613698745024.000000 76.620196 1.462812 1854.897841 30.421766 2.131872 26454.228972
164684193714686.625000 88.567606 0.771139 13.612930 374.239857 1.658211 1847.182565
95198055071811.593750 80.054986 -0.167321 80.290591 158.965953 1.745480 1483.970761
216604365931318.781250 93.364591 0.217003 1956.860368 388.398974 1.757499 2062.825478
127437678038851.375000 42.726442 1.009959 18.942652 538.455952 1.118024 1317.879469
131190960023096.062500 38.608623 1.251093 92.564206 373.397532 1.435379 1287.322468
111232880277822.609375 65.799084 0.611339 35.350128 372.319459 1.344495 1458.442341
189414674600244.437500 55.670051 0.069852 132.630341 446.486615 1.595540 1643.822523
245329848313209.375000 90.873147 1.632366 209.539143 707.147913 1.367334 2129.308146
148280981843111.156250 84.717811 -0.495018 334.100059 163.519001 1.440481 1755.405944
151186242139934.031250 81.180695 1.226156 56.477187 485.675053 1.357874 1740.012908
220382461767800.093750 89.417962 -0.430424 24.062868 557.515785 1.369329 2042.593018
214497065837356.218750 63.773494 1.787533 27.171624 381.820313 1.800798 1795.638937
161082795362960.437500 49.120098 1.782659 37.600818 467.170428 1.415451 1492.653788
66018396402920.265625 79.134605 -0.250280 108.025059 65.400245 1.928817 1308.117006
27408989848036504.000000 29.291641 1.521097 654.654781 45.214737 1.981524 6998.957891
178316635133162.187500 98.777905 0.348513 281.807722 525.901026 1.408652 1973.327821
116842702920497.906250 39.281093 1.109433 107.197273 238.971421 1.760437 1245.533847
130997754408393.765625 88.858476 0.869057 18.514286 217.057688 1.782420 1713.538907
145279387710049.250000 83.382433 -0.478422 170.797409 271.480562 1.650624 1733.573424
14320797566240538.000000 40.872649 1.168656 154.947232 10.599732 1.974384 6267.658169
64675910053845.554688 71.087233 -0.210771 325.063993 78.604006 1.907998 1250.741218
152491465577693.937500 36.786333 -0.364123 24.626069 478.023624 1.482439 1332.553875
199071481042585.750000 58.489582 0.322324 727.962360 396.342882 1.929167 1699.871608
126268120720991.906250 83.480292 0.085487 83.712922 208.631750 1.843747 1655.089097
148862931055237.218750 93.221458 -0.406162 63.723603 318.321783 1.744115 1819.396993
110555143140198.578125 69.215731 -0.056780 2026.335559 206.972427 1.823311 1481.507376
464686680875663.187500 91.706248 1.225883 898.702330 56.842109 1.719916 2643.271361
130902753670572.921875 87.952133 0.598096 39.688153 347.547836 1.444198 1706.804791
215751479664260.187500 26.698270 -0.146457 248.338513 509.177243 1.660518 1353.340035
140421652680258.421875 61.477835 1.790044 16.789478 305.788836 1.692718 1539.441475
137946235260555.343750 78.015238 -0.182762 2695.909223 400.530000 1.359542 1663.890201
219104997863974.312500 75.675126 -0.058244 12.530182 447.468637 1.796508 1920.463437
162947941606240.281250 69.726020 1.969409 87.796471 384.888762 1.540143 1690.368425
230977966237773.937500 39.709171 0.160936 20.688651 655.221956 1.499115 1568.715381
185896039596043.343750 89.834527 -0.413837 25.954478 498.211988 1.368868 1933.191443
793577466602984.750000 68.277549 0.854138 2102.715751 73.893004 1.893014 2844.202667
113044530485623.890625 41.479425 -0.328626 803.255883 204.592724 1.668798 1253.997062
1230820883470219.000000 6.460189 0.572266 153.339812 47.710984 1.964260 1707.850283
114415071612010.781250 26.596798 -0.185014 45.435966 56.525653 2.069394 1094.164474
152307367725382.500000 84.241974 1.545583 41.231076 441.604832 1.360302 1767.576549
170691394832043.406250 65.462178 -0.412198 237.099978 491.122037 1.330491 1679.205532
850901520416383.000000 70.578113 0.809694 2639.755651 84.624606 1.908158 2945.193222
133460226790752.171875 40.377314 0.662520 21.968657 546.747558 1.138174 1313.717628
102447151334621.953125 69.887195 1.697318 13.550083 319.352683 1.372256 1449.275343
6127543025453125.000000 28.868384 1.996247 51.852845 14.173434 2.012443 4228.788547
150198221666503.750000 26.903427 -0.178105 93.445058 587.292985 1.203426 1202.223498
75733104439608.781250 80.609817 1.843790 185.923584 22.589199 1.443625 1378.421540
164684193714686.625000 88.567606 0.771139 13.612930 374.239857 1.658211 1847.182565
142028221793781.937500 86.694965 -0.065326 2679.758834 331.911105 1.690724 1744.782324
63225344779451.015625 95.139083 -0.314335 2056.377927 173.393264 1.395956 1377.748563
47268967186740.734375 96.849543 -0.343205 2734.504926 146.833806 1.404608 1258.569073
90550253980813.328125 28.460101 1.407456 36.518421 10.252305 1.688747 1033.195054
185964815294759.406250 94.560195 0.616480 12.824558 539.418587 1.349424 1969.643947
167932751622887.093750 18.788991 -0.419218 857.438498 413.578534 1.531883 1123.867705
130510407162642.265625 80.467071 0.060845 38.523744 186.395378 1.910677 1651.557306
156616659049146.562500 41.018690 -0.118064 47.742509 323.226590 1.736112 1392.844639
185896039596043.343750 89.834527 -0.413837 25.954478 498.211988 1.368868 1933.191443
199094935910910.781250 90.510728 -0.389378 28.081336 566.782053 1.354069 1983.267232
107727557464642.250000 58.228561 1.151503 246.959244 13.414283 1.550130 1383.100059
35323715341442508.000000 40.071687 1.895970 423.147242 12.232342 1.355809 8413.878592
94863846155772.078125 68.254216 -0.335317 191.625605 86.338536 1.939492 1400.916619
138936894875451.562500 75.273066 -0.046401 65.560581 341.344909 1.568048 1646.799412
134232832418647.265625 6.688355 -0.449653 989.785312 484.241564 1.398616 820.916807
163474341282975.718750 49.009804 1.681154 17.753129 336.445636 1.730777 1498.871022
1255061414082598.000000 6.474623 0.574057 156.332829 46.879269 1.962781 1719.650371
194263801621058.343750 60.821890 -0.379907 138.020600 585.508171 1.330658 1708.978702
146698658716044.812500 85.628473 -0.183563 1428.438180 387.211441 1.328329 1755.869206
229821890692911.437500 22.103000 -0.435339 205.865421 432.376640 1.934016 1306.799064
59457975438905655296.000000 22.850095 1.974227 376.358752 19.215276 1.992038 84079.576768
197307293121560.968750 73.119603 0.352083 39.791557 570.249529 1.402898 1832.120056
978314116118368.125000 29.319420 1.129956 230.934019 11.481008 1.591283 2305.095394
87169409527785.609375 81.500145 1.937109 188.763466 23.624458 1.431522 1450.260761
158426636844538.937500 79.027916 1.457055 54.799850 283.223641 1.835623 1750.486836
178512476200568.156250 91.767725 0.331444 35.755721 534.736645 1.373103 1921.984290
20861128093071.714844 16.798777 1.669507 151.302251 39.232796 1.291714 543.809276
144890906786225.250000 66.209547 -0.162022 394.314275 451.002099 1.335680 1596.253902
111128081352403.093750 31.425527 -0.204494 384.016906 399.982190 1.246830 1140.691979
33799238723609427968.000000 23.730786 1.967689 349.500258 19.264829 1.987248 70428.904990
183985014926624.625000 92.045602 -0.283795 85.757482 469.747116 1.415917 1943.552577
25901552325885128704.000000 58.056979 1.949065 1436.690956 30.655306 1.981244 85916.999272
81482753597174.359375 99.377772 -0.302399 2223.287695 280.437374 1.074876 1523.288671
81280371874143.031250 51.048287 0.626766 18.275936 372.175192 1.241930 1203.863358
17662652206230558.000000 29.461688 1.993913 81.373237 15.857453 1.974649 6056.161964
135576168858087.500000 79.918952 -0.488559 269.553289 150.581347 1.546979 1668.579418
83127457627600.203125 97.116751 -0.275463 1780.079587 286.349236 1.089993 1520.670400
174065274862450.031250 80.575207 0.135075 12.302219 442.331742 1.508208 1818.824970
152225525295603.656250 48.426432 1.477726 28.466089 414.813940 1.495371 1457.795007
167918323339501.593750 96.771472 1.198127 23.650222 336.504014 1.690656 1919.804517
147946371496750.156250 93.008095 1.247323 28.390004 409.140247 1.405209 1814.148437
185251844561356.125000 62.050643 1.722359 28.165815 571.712763 1.383222 1693.824697
221439923281622.562500 40.483243 0.676144 55.316817 642.548075 1.756425 1556.593334
173214785929672.093750 58.150353 1.682505 19.216750 251.134650 2.049771 1619.591641
162313918646905.531250 57.243568 0.922323 12.261869 459.028720 1.369856 1576.341592
149547434501365.093750 73.495952 0.700139 10.906609 283.347206 1.786046 1673.480645
12261918396625192.000000 46.880509 1.170648 154.294904 10.899707 2.016953 6227.801084
159197219366072.312500 38.287000 -0.216919 26.487279 458.925702 1.498029 1369.368727
95164568169781.000000 62.363108 0.326852 12.232816 373.831679 1.232664 1358.926628
2128070775889335.000000 8.244446 0.532618 167.685081 30.703488 1.941738 2145.505021
1899038035858186.500000 8.068909 0.557897 172.837286 31.911045 1.919673 2056.712714
152501738714882.718750 83.170227 1.240811 33.905695 364.008705 1.542949 1760.229475
177112567888065.843750 88.217172 0.930421 51.589844 413.415393 1.654416 1889.825159
159121236144567.312500 89.927213 -0.307723 65.945176 335.852438 1.694080 1836.210969
27782786484088442880.000000 22.863790 1.966153 303.284602 18.164833 1.979442 65256.219415
36086030015755.156250 57.621173 0.997675 51.188472 18.450854 1.863081 957.103114
4926470628964660.000000 29.373509 1.905532 62.379961 13.993832 1.925764 3953.259137
116116514020978.750000 91.293113 0.009433 875.038220 334.653432 1.425722 1662.176142
1711701196758448384.000000 13.445093 0.821687 1638.612890 26.163257 2.106404 22298.358016
175647863079814.343750 60.488267 1.743140 70.033750 516.609043 1.398005 1649.406344
998955491803048.375000 28.073313 1.166321 259.799588 12.710346 1.565649 2290.408396
158339805181916.781250 39.376756 1.632577 23.968753 441.948899 1.530662 1379.416262
103974690338914.765625 41.765331 -0.339827 230.620155 172.823061 1.693810 1222.273462
30730568435202.535156 81.152239 1.949075 145.312217 24.191084 1.367849 1022.941576
200838224599230.000000 91.915238 -0.392482 25.706752 579.924565 1.345910 2000.145126
152986234782073.875000 58.692196 0.257596 48.623921 619.898271 1.128759 1558.885780
142739162027408.875000 83.315559 -0.358702 16.485131 247.168628 1.855294 1722.914599
172136430401118.031250 29.366967 0.012161 132.455491 344.104617 1.759579 1292.322895
625497184602618.625000 7.700536 0.735011 160.764045 46.615580 1.860973 1407.407823
15730770763633.263672 14.969620 1.672703 140.177138 39.842982 1.266246 480.074474
176539714688331.218750 36.206879 0.155900 195.387980 461.174290 1.475042 1392.092757
199651879904605.968750 75.767140 0.648923 17.872242 568.639540 1.416053 1862.660196
127683107207907.421875 85.532217 1.568561 62.180701 433.409660 1.324893 1675.788000
2287158033040877824.000000 13.572295 0.824291 1827.556637 27.216349 2.154935 24618.245845
152663932970928.500000 92.183832 0.119904 28.623081 309.820769 1.717703 1827.329430
53231237682541432.000000 29.239548 1.576393 807.109978 51.317573 2.024265 8727.421857
131531968634306.812500 21.131714 -0.227388 22.650794 638.516908 1.105650 1070.990796
81704900319509.406250 93.984333 -0.252263 1517.983008 276.483838 1.155988 1494.047694
74106530143270.046875 95.304372 -0.308586 1595.301143 219.148683 1.240113 1453.557195
111846577416742.984375 78.406382 -0.123503 1725.716244 184.116957 1.811182 1554.302225
181207012952077.062500 91.712284 0.050802 1441.593652 400.937643 1.613317 1931.184132
207682413744683.187500 91.071690 0.089948 591.161792 578.158434 1.486967 2015.878148
187523317454221.968750 94.844282 0.303036 278.205950 539.793851 1.403747 1977.282398
157873026031607.375000 31.568845 -0.226968 313.355293 277.837298 1.753143 1284.147685
194953924058228.500000 87.880873 -0.234845 305.268408 483.116745 1.351150 1948.579327
8799270684571811840.000000 5.189249 0.645016 128.438260 12.451268 2.167963 31782.616899
32575298637093.121094 81.517773 1.961622 147.206512 23.835024 1.385354 1044.690822
181473054939250.062500 94.577450 0.409469 30.559309 559.016073 1.307521 1953.785737
198739447449168.937500 93.991399 1.114124 97.791497 461.445493 1.508110 2009.347082
24815751171020.402344 55.026344 1.051058 35.584767 14.270853 1.827306 831.571891
164343193922971.562500 82.538877 -0.482693 155.524489 337.290338 1.616944 1799.739846
160252637160935.156250 76.561603 0.259235 31.910878 492.419493 1.328077 1737.476629
178804695096461.781250 95.238785 0.126481 12.488688 475.104297 1.381992 1949.086165
152564872341300.656250 88.201624 0.770493 20.061891 293.069318 1.718989 1798.025142
172424722769009.218750 94.212001 0.609286 14.293744 516.435811 1.412652 1918.062328
195509554061360.687500 6.639930 -0.254019 220.121710 851.776131 1.355269 929.351306
191897061049440.656250 58.303868 -0.256223 537.791952 480.144962 1.312582 1677.363632
165621398610843.281250 38.047987 -0.279405 106.609334 310.840533 1.836356 1384.736045
185127757171755.343750 35.841647 0.219047 197.985907 417.620325 1.686637 1409.720108
119025480782569.546875 39.138607 1.148549 83.602685 240.026280 1.743203 1251.762235
162372717622039.906250 50.686949 0.848426 46.705567 419.704937 1.570426 1512.552123
184252588334320.000000 79.741766 -0.354209 32.203756 546.469497 1.312428 1846.771114
136438268811892.734375 82.002773 1.333783 28.848029 338.176251 1.571815 1687.556904
161606079756471.781250 70.492683 -0.158701 1274.306625 446.736862 1.311254 1692.212041
118661707208314.546875 52.245233 -0.251942 35.859868 343.079749 1.459084 1376.451785
97759946650177.953125 58.243187 0.535320 11.639050 371.438161 1.274554 1339.170392
162104878788170.906250 50.060076 0.266477 19.306356 394.018063 1.508304 1505.383712
182644328477252.843750 9.838685 0.236976 13.256231 895.929489 1.086967 982.401274
19783312994527344.000000 39.650024 1.840035 356.527335 11.379336 1.379485 6911.560126
10970963539971580.000000 39.376478 1.808012 291.070884 11.332599 1.420830 5665.599860
139172032068582.750000 97.905078 -0.471545 73.590455 267.652524 1.734806 1810.987122
118132992966705.812500 25.489416 -0.187081 44.406816 52.616907 2.109695 1091.808016
150055879601858.000000 88.093340 -0.331989 36.331180 433.594877 1.395681 1787.322738
154479794396075.562500 48.570307 -0.219875 291.689061 259.294557 1.758308 1466.415626
12368172776879.394531 69.237317 1.054879 40.401127 74.284912 1.470274 713.937586
152977369570296.250000 70.939232 1.312299 17.144488 449.585087 1.409991 1665.240040
2039480581199484.500000 27.422830 1.094141 247.688046 11.926003 1.630775 2884.884087
97761062746117.171875 49.937417 -0.315653 326.998501 273.102572 1.340752 1270.802109
212670207552673.406250 25.660397 0.116359 50.712645 789.152572 1.279779 1330.851781
93282729422687.296875 40.049931 -0.317922 898.914172 207.249724 1.634856 1162.780076
192214612987126.687500 55.866039 -0.219476 97.632515 596.171266 1.340656 1653.870001
163474341282975.718750 49.009804 1.681154 17.753129 336.445636 1.730777 1498.871022
168475434357267.812500 78.768284 0.215001 12.470936 410.809740 1.529905 1784.647376
33902701399956316.000000 28.276984 1.958153 101.847064 17.530761 2.005068 7431.970417
152130404242490.531250 66.897679 1.865234 57.633615 471.839368 1.384460 1628.284623
206740692126693.656250 62.978604 -0.254441 257.616295 579.043425 1.492775 1766.011927
100373677104389.312500 66.846743 -0.025061 2535.179369 182.867864 1.794931 1417.150149
144890906786225.250000 66.209547 -0.162022 394.314275 451.002099 1.335680 1596.253902
157168584508803.375000 91.182735 -0.129283 173.488906 286.403400 1.747471 1837.853831
263140366060914.968750 74.032934 0.367853 1129.573236 670.257380 1.782215 2025.544971
129028506015578.531250 53.114189 1.969052 26.613024 385.572249 1.430499 1423.372875
160777703957483.656250 28.881758 1.339614 57.926662 10.727748 1.664665 1256.775500
197579999620116.750000 47.967711 1.397220 17.850450 318.821894 1.978736 1585.118571
139587733291836.500000 11.700946 -0.241000 2253.196677 447.634746 1.632026 934.654670
169866845100752.093750 24.282637 -0.113365 729.807545 335.603319 1.783982 1214.619367
121656849659066.937500 61.163684 1.342585 67.837669 214.468660 1.808785 1464.964094
165780240137714.968750 69.063040 1.847185 27.805117 324.987405 1.757998 1694.409045
132543397288919.109375 38.679964 1.138466 48.896447 405.012421 1.440502 1292.504746
154236898008842.562500 27.121893 -0.318979 764.241616 282.672269 1.727031 1215.886515
178654976767211.093750 51.354557 -0.111591 769.969244 467.127071 1.495425 1568.432286
165771826695767.468750 91.641894 0.486881 14.040699 441.316349 1.451391 1874.195765
285282154598504.937500 29.460265 1.604390 50.033274 10.761140 1.682183 1530.842670
75591715505670.906250 11.354726 -0.417010 1613.330863 329.771191 1.417231 756.437467
127009779618297.734375 83.084182 1.830821 87.285713 247.673010 1.752882 1655.499397
97759946650177.953125 58.243187 0.535320 11.639050 371.438161 1.274554 1339.170392
125297063948604.109375 12.571150 -0.241178 2695.017674 441.563366 1.592139 917.360069
129042394666350.796875 43.941363 -0.431614 298.879178 157.617319 1.802798 1335.699181
220382461767800.093750 89.417962 -0.430424 24.062868 557.515785 1.369329 2042.593018
8422993071482309.000000 3.128210 1.527366 98.146847 49.034799 1.856965 2969.906389
153696794250525.687500 80.355439 1.884453 29.047226 385.261127 1.562248 1743.217641
143286135388459.406250 75.217635 -0.133005 34.009082 389.810360 1.419520 1663.372355
168173560345263.250000 27.316648 -0.379353 704.633238 352.171847 1.540499 1254.184290
202540832533468.906250 51.842748 1.709505 11.914639 380.454564 1.983544 1640.676730
25919198241052.871094 75.393161 -0.434282 2001.934342 85.627107 1.531555 941.501110
165697498559626.218750 72.272681 1.307997 18.542235 452.730024 1.419416 1721.437587
207713750647298.875000 58.819400 0.360805 18.565069 541.914811 1.645623 1727.464327
150578241813684.000000 76.682835 0.430936 55.022964 404.303013 1.487379 1702.741519
117066206817137.515625 83.128420 -0.448716 509.177330 114.798091 1.795461 1611.424541
131803830570343.937500 64.237639 0.988079 68.882830 391.055957 1.462607 1530.443629
3196609509653585408.000000 0.139639 0.131731 52.768333 10.784565 1.738840 40803.532507
171847183146430.781250 23.451543 0.392270 248.649047 434.758486 1.727150 1206.832626
1917313182183647.000000 7.972788 0.555928 172.500316 31.977472 1.920094 2058.390712
171687756640456.156250 92.760024 0.148348 16.407248 451.789167 1.388056 1904.573135
978314116118368.125000 29.319420 1.129956 230.934019 11.481008 1.591283 2305.095394
78315624842948.921875 76.251286 1.524262 234.682716 29.708704 1.540820 1366.596739
14169367232758770.000000 40.884448 1.111921 142.769819 10.357416 2.017778 6246.078193
1711701196758448384.000000 13.445093 0.821687 1638.612890 26.163257 2.106404 22298.358016
600011681808199552.000000 15.608195 0.841022 1148.939208 21.258602 2.030291 16338.059009
130540933501096.937500 76.187525 -0.491522 292.901720 148.650763 1.566118 1619.860092
123655462849157.703125 51.636713 1.511803 33.641341 241.095772 1.707164 1389.965687
154406428336618.593750 60.942515 -0.047987 333.724456 425.030649 1.509976 1584.134844
129474713559013.718750 75.090912 1.789547 41.972621 198.015917 1.847822 1607.151574
152780547120754.125000 94.019233 0.072431 12.605670 408.918458 1.425127 1840.897427
175310938269698.093750 38.042739 -0.257023 363.496571 419.188026 1.463625 1411.167186
93908765103252.468750 34.374636 -0.368236 1259.993780 210.648410 1.638508 1109.391548
57813377818254.953125 29.081762 1.352867 39.049188 10.287535 1.652607 895.602145
134295504878755.609375 64.240250 1.716784 27.473248 240.807892 1.809039 1540.049331
126395969713845.343750 52.669565 -0.246563 179.186346 293.700431 1.622053 1409.594343
65854519218475632.000000 29.965142 1.563796 831.290502 49.990476 2.044439 9440.288886
154144527875339.125000 86.380138 0.212493 179.249477 374.030249 1.626823 1790.704998
183860426685468.718750 66.060599 -0.228824 876.455074 469.051227 1.270088 1726.802277
166226122898203.531250 42.047224 -0.429694 84.720359 585.971027 1.230867 1432.359903
24371011819201.820312 54.861455 1.037681 36.587774 14.559005 1.823790 825.727589
141634270654814.187500 81.891166 0.347966 161.366063 374.228971 1.592441 1707.880774
150975384491510.000000 67.500005 1.568784 47.877163 257.828710 1.854216 1629.257146
155934495798526.843750 66.240255 1.403004 43.620671 401.164997 1.492498 1636.085643
2313500292869424.000000 24.960004 1.084439 288.401849 12.415366 1.605754 2924.495557
80816500894326.968750 67.645774 0.052860 11.856236 303.965365 1.323686 1323.881408
172878487628730.593750 52.393072 0.275952 42.478659 625.685259 1.218123 1561.903255
162405457769894.593750 92.450913 0.133466 16.767109 336.572485 1.732074 1867.353089
175067437068104.906250 44.703496 -0.294453 21.708410 562.276038 1.337932 1487.102979
527145070428939.875000 93.597444 1.198194 966.895965 57.380712 1.744651 2777.211256
36558457323043.140625 70.145674 -0.391469 2354.577073 132.579375 1.371657 1029.305002
157766474405175.843750 45.611789 0.751134 58.105628 453.259629 1.430794 1446.040021
165623853920288.718750 9.619394 0.039651 12.737070 970.180787 1.011642 946.189960
159352603743586.937500 83.640223 0.694723 12.615429 484.740432 1.348831 1789.813640
238334197711237.687500 45.042279 0.216545 23.937645 670.044735 1.481501 1652.303874
20339642059578974208.000000 5.200320 0.609896 132.588855 10.917070 2.218763 42035.959344
37687451735741.046875 70.384008 -0.374409 2160.183094 135.186871 1.375426 1041.035007
73739675362827.843750 65.542977 1.021749 44.133365 175.601321 1.632298 1269.952116
74566313346302.406250 43.587837 1.054906 69.735810 238.360599 1.499218 1109.562389
236085769564501.625000 91.386845 0.313405 1882.009169 406.271952 1.766815 2106.509858
244689183415316.843750 37.641146 0.275083 138.600997 704.477558 1.401780 1571.654813
21352211681767.339844 55.242359 1.030321 35.574542 14.763898 1.814999 791.989774
6488215366327738.000000 28.555018 1.960709 55.246728 14.781963 2.023031 4295.741665
69585375441173.859375 88.112599 1.967147 178.367945 21.920024 1.408156 1383.541457
41820305589430288384.000000 22.603583 1.986885 325.062713 18.437877 1.986321 74537.113864
166491371368144.218750 93.670764 -0.248471 91.416733 361.767058 1.564206 1891.847228
169659176696168.625000 27.067979 -0.182754 288.615040 315.673834 1.734314 1254.373292
147652789587575.593750 95.373210 0.301202 26.168947 316.779621 1.693300 1829.536427
127065857321973.812500 42.691204 1.009190 18.946697 531.232079 1.116722 1316.238588
153259913875630.468750 60.628503 0.769718 54.602900 443.066073 1.390516 1577.383325
123693376510123.781250 72.222055 -0.055634 90.762522 250.181037 1.700506 1561.207788
185846080120166.906250 14.672278 1.776567 132.783685 593.344617 1.457089 1087.715502
108285496460925.250000 76.861037 0.210555 16.647015 418.087383 1.252414 1526.779193
158552075119751.250000 43.697270 0.832833 60.249815 472.688511 1.395433 1427.977999
118317879483167.484375 26.731333 -0.141805 48.839054 60.568150 2.092085 1108.158751
142038268364036.000000 55.868961 1.579543 10.276271 441.955134 1.396085 1495.255699
182234160094860.062500 33.257067 -0.201134 390.659028 299.461939 1.843733 1369.329575
66532143201105.203125 76.196163 -0.348388 2403.698347 177.015667 1.421057 1293.967149
164738589386238.656250 60.552047 -0.289608 652.907829 353.899357 1.349125 1615.114690
151773192391461.843750 76.605465 1.921498 65.160852 434.649976 1.371260 1706.621763
164508504447303.250000 25.749823 1.495504 78.733648 461.535339 1.492981 1222.956381
148538485418394.937500 99.130722 0.304712 172.293182 355.332668 1.566009 1859.142111
139259387217012.515625 42.414470 1.690134 13.255866 235.288346 1.862932 1354.158887
172364280717945.031250 45.397821 -0.471186 46.221112 584.384217 1.259023 1487.002877
142887693650499.750000 54.786403 1.578289 88.479543 357.216973 1.555674 1488.244411
24507895462007.140625 55.041825 1.052656 35.453202 14.241782 1.829199 828.198409
70414850374390704.000000 8.736352 1.950633 446.422231 36.460978 1.397948 6970.151357
160607044119833.531250 89.121519 -0.096519 48.674092 383.657891 1.566260 1835.934970
147423910441916.312500 60.029661 0.121936 172.950454 533.927731 1.293876 1551.770121
7350007275572710.000000 3.099274 1.540361 97.844609 50.425109 1.859526 2836.332590
321170309437911.062500 29.382995 1.603304 42.394182 10.206509 1.728129 1591.225603
35083595316071411712.000000 59.181977 1.957172 1587.761604 31.620245 1.990849 95691.871163
199099383079978.843750 43.136084 -0.122146 423.780179 486.736089 1.515029 1534.027115
841705452545180.625000 63.087399 0.963294 1348.471376 57.252081 1.879771 2821.621576
191589597273881.500000 60.241927 -0.190570 65.002449 545.838474 1.377788 1695.475644
1160209492906244.500000 29.818644 1.134865 248.161857 11.261080 1.586168 2452.689594
157450457467918.500000 46.004931 -0.001130 48.777763 327.898514 1.715429 1449.209675
160579375617907.312500 69.950351 0.496751 48.048204 461.034644 1.387945 1684.038974
92912167240529.093750 90.797740 -0.336546 2730.886115 282.832074 1.091254 1540.100038
82704358875184.343750 96.906983 -0.276540 1314.883344 280.394074 1.120082 1516.892499
189226261418156.625000 48.639124 -0.220514 277.171054 468.065675 1.494938 1569.760855
127605209712072.125000 77.599279 0.235375 166.491793 340.056627 1.551228 1618.147585
164475902796101.062500 96.996045 0.021880 2587.398701 359.374696 1.675017 1908.202858
55198828179555.937500 98.698075 0.384641 16.961658 200.216610 1.409048 1334.496082
202667866258876.875000 84.645656 -0.204059 175.723217 549.103762 1.354831 1947.501884
292879113021340.375000 29.879296 1.592570 47.679501 10.689076 1.703280 1551.076904
135639279556554.968750 90.584659 -0.332233 103.164988 248.117560 1.755653 1745.625680
34243599520704696320.000000 21.290763 1.945478 277.134140 18.097239 2.043980 68533.766702
130584848621722.828125 97.937411 -0.124909 11.260380 237.352324 1.743451 1773.159670
36838262306770344.000000 27.901030 1.533740 851.977197 54.389834 1.992492 7609.324729
114855484232834.343750 28.107562 -0.198749 51.056575 57.614443 2.107132 1114.149732
86236916514637.515625 58.857554 1.130584 239.618932 12.495265 1.535903 1288.987652
29746517724582895616.000000 21.431417 1.946111 273.182740 18.344904 2.037869 65515.948224
155694470494989.937500 64.017466 1.277127 153.237581 502.813929 1.375483 1615.895660
9838293144757954.000000 0.681565 -0.219080 50.817065 62.673711 1.731630 3506.719101
15729963518315810.000000 40.321688 1.843692 365.941030 11.222294 1.354233 6438.209198
9514803594198610.000000 0.687566 -0.232515 50.694889 63.404613 1.728328 3461.258751
8318472391259500544.000000 5.196264 0.623758 128.645905 11.856633 2.187541 31198.894811
119095522362819.000000 39.096295 1.149868 83.588898 240.323473 1.743037 1251.567646
143662392095486.718750 60.542496 -0.159498 1374.528533 497.525899 1.196084 1542.987000
2168272628703754.500000 8.344375 0.530744 167.544862 30.484307 1.943349 2164.196201
152273344467324.843750 76.551138 1.493326 77.928140 294.349936 1.822216 1708.063928
141213262339514.718750 85.385010 -0.183089 10.667678 240.313067 1.823327 1731.932603
37768463519354.296875 57.698317 0.993940 53.071453 18.287803 1.869807 972.198874
115425575055432.468750 82.524076 1.090196 50.476840 301.278173 1.491285 1599.675737
151755136810522.031250 14.590657 -0.209808 1341.865321 420.706642 1.569828 1015.202339
3434963176402652160.000000 4.776252 0.742330 94.825851 13.654123 2.122780 22965.572362
260120242810145.781250 29.799415 1.609430 49.853488 10.746291 1.677623 1489.709968
98274338481466.796875 53.759108 1.563761 115.653378 11.459377 1.507251 1305.229162
154428517943392.468750 88.318856 0.151992 17.338207 294.024096 1.831448 1806.181256
130732471012655.625000 68.026455 -0.105456 64.729196 454.293807 1.367911 1557.151689
99329987256203.937500 66.861033 -0.087206 2923.544315 177.455670 1.810488 1412.326768
153930555494078.562500 49.401851 -0.107354 296.156348 253.048541 1.781135 1473.058882
126066803222943.828125 53.734282 1.455503 31.389536 244.491345 1.712324 1417.986201
163630122126094.718750 87.391001 0.437656 65.732501 434.521394 1.459989 1834.372177
1302436065785105.750000 6.476542 0.595682 155.820661 47.855355 1.955140 1741.109858
106193075139542.578125 94.596321 0.293076 103.869072 291.721640 1.494477 1634.317354
221618277446035.937500 95.920199 0.231296 2241.600460 416.030468 1.745348 2099.090981
35782928876011.835938 56.626789 0.758478 32.423943 15.353354 1.941650 948.731033
77590614282341.609375 84.523574 1.902320 186.798060 21.676265 1.418789 1413.386765
6197337754891241.000000 28.906886 1.993118 52.122599 14.222531 2.012331 4246.525771
152501738714882.718750 83.170227 1.240811 33.905695 364.008705 1.542949 1760.229475
127596269318335.250000 75.035171 0.940074 16.724695 414.519932 1.366387 1598.920524
131321280611297.453125 76.291425 -0.338567 92.523129 298.063662 1.636650 1623.866874
251554654082162.218750 96.782715 0.547245 1083.871303 504.095790 1.816945 2196.781079
219234734521064.562500 90.980282 0.394818 827.490955 524.627445 1.801477 2051.838395
66916146557970.093750 57.373090 1.287765 225.603972 13.726949 1.457459 1174.119722
108194271504435.156250 74.990731 -0.148880 680.782024 196.880200 1.749257 1513.065726
144199032211454.500000 76.804210 1.938456 54.195595 323.598145 1.656584 1679.291621
75835309460904.984375 91.285259 -0.192213 140.134105 61.388917 2.029367 1442.080008
189273265342893.843750 90.517633 0.183183 1543.109302 330.122556 1.761311 1950.156935
180539862899028.562500 50.777766 -0.172977 17.156052 557.933827 1.413276 1567.928859
2128070775889335.000000 8.244446 0.532618 167.685081 30.703488 1.941738 2145.505021
98032194514062.437500 78.057879 -0.425475 77.550635 140.942844 1.821160 1485.121825
139091807569163.796875 75.464636 -0.047787 71.377438 346.811546 1.563454 1648.896617
87304825002268.015625 50.347440 0.737959 14.783554 389.172023 1.175098 1227.156359
2229027817746293.250000 8.351021 0.541604 166.090607 30.177342 1.939407 2184.576799
154969243821855.937500 85.625781 1.263611 29.863774 345.006038 1.549609 1788.245105
92111902637676.546875 90.566476 0.228270 186.600573 282.103144 1.503226 1534.250862
103403824237097.531250 75.820800 -0.430070 81.674653 142.119789 1.791624 1496.225728
221618277446035.937500 95.920199 0.231296 2241.600460 416.030468 1.745348 2099.090981
135664867391006.984375 88.241127 -0.039333 14.917816 271.020279 1.662555 1729.299165
178417217602784.625000 87.123635 -0.039117 576.555432 391.006925 1.559513 1885.961672
121163628257866.906250 26.862707 -0.191313 47.650110 54.757578 2.103474 1118.634305
186034955193122.218750 66.846204 1.836641 102.090750 572.662986 1.337972 1740.762607
183277253957234.062500 33.298081 1.475927 40.556536 399.031220 1.696293 1372.471984
186681258021329.468750 94.527611 0.617418 12.844164 536.916435 1.348297 1971.923476
2160436829495119.000000 8.252758 0.530115 167.778278 30.544297 1.942784 2156.765400
141379076002612.343750 96.872058 0.227305 14.717860 343.692420 1.500404 1813.496739
154849414325505.812500 91.852428 -0.038431 299.402210 416.337598 1.407264 1833.616367
137914747525926.062500 76.289746 -0.456262 307.083450 184.680868 1.529690 1650.588804
122884462784333.390625 21.446247 -0.229670 43.336755 54.236403 2.065256 1051.446636
196364636686786.406250 59.762861 1.486882 50.297106 344.766167 1.874083 1704.739261
83213413896148288.000000 9.089831 1.952235 447.709645 35.996251 1.413859 7430.854632
491281285164401728.000000 78.440732 1.482654 1887.726700 30.818235 2.097965 25458.865392
196588182768455.218750 89.492193 -0.367392 30.548883 551.488763 1.386833 1966.853606
178131777790041.218750 68.634446 1.694231 118.449030 537.288712 1.378232 1731.697984
174309916473381.312500 77.052568 -0.386781 34.281919 334.166678 1.722569 1790.925877
93091419491572.031250 87.069559 0.289829 135.608895 294.470364 1.430782 1517.959205
155571226122771.687500 67.860200 -0.399392 40.851382 526.027538 1.372271 1648.695289
907286998661433472.000000 15.634741 0.891185 1309.980631 25.643149 2.088442 18761.039673
176277983590634.718750 72.668891 0.213051 43.447960 463.583413 1.466919 1760.719833
65498442118516.234375 60.080928 -0.046768 11.410461 302.302523 1.242011 1184.431010
69729877554909.773438 76.121053 -0.213133 93.172967 77.777298 1.897439 1313.914199
151549050718841.093750 88.802251 -0.108716 291.893043 435.386455 1.394235 1798.420670
96561566285520.406250 68.901666 -0.282643 409.677609 91.017968 1.993869 1413.900153
189142304365399.125000 91.230590 0.318253 18.841448 516.631879 1.509096 1955.244223
219031449342522.000000 82.713761 -0.429045 15.351888 548.649216 1.434500 1982.091786
153859946150203.375000 93.336840 0.711007 23.734600 291.201032 1.716286 1840.355908
17789371153000174.000000 0.600603 -0.190177 50.843556 52.234814 1.731120 4397.696462
197115860809157.875000 87.862783 -0.396315 33.496841 563.819513 1.358216 1955.610716
148465377028036.906250 68.223195 -0.255023 187.573548 382.957465 1.403941 1626.239641
1838958872587691.500000 8.307649 0.573181 167.994548 31.256206 1.918682 2046.733117
92568573602280.828125 94.881356 -0.372935 380.790780 141.561835 1.513668 1562.906772
170766620494395.156250 34.554218 -0.055249 1801.170041 749.211973 1.080817 1356.345852
1915905161926826.000000 7.955143 0.555715 172.381654 31.944176 1.920877 2056.986330
1532593109134281472.000000 4.787263 0.891425 95.357750 16.710989 2.099704 17554.031453
148897941085661.468750 38.497909 1.868439 22.375554 496.199792 1.372637 1341.563436
182606607959002.656250 46.992220 1.798102 47.059440 505.808686 1.380174 1533.437829
86617781340074.859375 58.745509 1.129776 239.398513 12.531308 1.536597 1290.035485
837822297104079.250000 69.147834 0.877563 2141.787131 90.119331 1.902949 2909.009314
98784918590846.375000 64.147075 0.239625 14.652453 338.200851 1.295724 1389.498944
180352313028859.687500 96.448304 -0.189085 21.570359 489.232806 1.427208 1963.676685
166581759269460.906250 65.866962 0.100091 13.044935 629.787453 1.198186 1669.207716
247173129145898.031250 30.351920 -0.119381 344.403732 654.868541 1.622909 1472.944214
106649722438071.562500 94.448296 0.530673 10.197566 263.559320 1.497307 1635.726859
167611254217410.093750 83.806182 0.111333 433.082500 429.400742 1.630001 1821.508177
165802839616753.875000 37.064565 0.203770 195.711602 409.608612 1.689020 1373.579463
114588323107082.062500 59.330243 1.486325 15.093966 217.290796 1.771476 1421.003442
52924155594678648.000000 29.127420 1.574592 809.878979 51.089707 2.021464 8700.289500
29882530275893.074219 74.648901 -0.398589 2469.526591 91.410919 1.628505 983.767621
173777325183900.562500 71.663614 0.476215 78.251637 452.031283 1.570980 1743.761383
224490701267129.625000 29.349409 1.611783 44.739631 10.467558 1.685508 1411.668351
170385152761996.000000 76.743203 0.953100 13.740305 294.492257 1.859925 1774.843153
118295666497187.562500 41.113246 0.989979 91.260392 247.128947 1.732889 1269.425360
189304520095403.812500 60.152886 -0.194783 65.434904 546.602791 1.374020 1687.845375
15921272871595634.000000 40.058721 1.842314 358.630783 11.227203 1.357211 6450.413019
20220854212065.472656 14.539785 1.630641 174.787034 48.910998 1.287921 518.059848
89392677136518.750000 66.578648 1.676631 10.796681 303.296306 1.338985 1361.547632
36069217646400.101562 57.493180 1.002149 51.797832 18.098227 1.867250 956.223713
145490864136490.937500 73.938828 -0.053297 44.631432 371.788534 1.464522 1661.737817
578669465148446720.000000 73.048527 1.502724 1796.920943 32.742708 2.129274 26216.043662
153941317116887.031250 96.271276 0.171697 15.964006 480.740141 1.366981 1861.477409
126417172071279.250000 48.262212 1.566557 14.556433 355.158925 1.443008 1368.697844
265716073835979.843750 23.861525 0.126182 1119.608781 462.202343 2.013033 1402.682881
97854272787182.812500 78.740783 -0.478156 89.118026 131.078730 1.817365 1488.833487
208554381680773.062500 31.351321 -0.124577 195.636154 429.265739 1.880400 1405.979700
35497151610254960.000000 27.814551 1.964201 97.387103 17.853424 2.029829 7508.713820
4017891201948484096.000000 4.997999 0.776269 94.254074 13.544434 2.145191 24345.495988
143729509889532.343750 70.680857 -0.283260 141.433875 369.615570 1.475143 1628.889953
58163351345904432.000000 29.486730 1.564653 789.604268 50.436479 2.038540 9012.446382
206111183280509.531250 89.176640 0.344037 21.512789 509.939970 1.515537 1995.567846
170084739306750.125000 81.367260 0.201294 183.934574 507.283307 1.335976 1811.172528
159394118398141.500000 83.013230 1.755505 110.917686 426.039500 1.429794 1785.149071
203313422759223.937500 49.467298 -0.205917 32.014463 561.460433 1.433578 1616.940612
81529845374941.281250 96.246576 -0.295951 1611.922295 233.780388 1.255012 1505.928675
167605230839715.343750 91.968749 1.879962 20.350102 273.668207 1.831677 1883.504716
138474067630826.906250 78.025848 -0.419075 193.462835 217.112906 1.564765 1666.090347
168769695272921.187500 81.150863 -0.457538 158.180780 331.383291 1.614957 1804.773989
221833981937363.937500 87.405249 0.122687 300.365266 578.259557 1.441033 2030.335884
125477221985535.953125 52.319035 1.517241 29.060729 240.475418 1.725655 1402.987284
179144713395479.187500 89.452985 -0.036399 585.807314 391.251905 1.561113 1906.567610
202023774054938.906250 74.422987 1.986209 23.065958 525.212839 1.460540 1858.181200
50614098882216.960938 87.585613 1.679340 12.547306 162.590846 1.484552 1241.570654
171586053928937.406250 14.268058 0.092783 12.375062 876.487387 1.040337 1051.561602
145803670907719.312500 89.486901 1.359888 40.583599 248.584681 1.854914 1780.327021
179521086929491.500000 75.553047 0.417600 61.472385 455.941152 1.454945 1796.022346
232899194665504.312500 86.847799 0.454100 610.989393 595.111936 1.795099 2058.800552
299701437162540.250000 29.593146 1.597430 47.828409 10.760591 1.704464 1558.378387
10590981502007398.000000 39.986575 1.801963 295.103026 11.523309 1.424578 5627.535973
184925880094705.437500 25.719712 1.670574 25.015725 415.070827 1.696837 1271.143756
224420928754266.625000 21.269053 1.918701 39.303003 691.220012 1.578721 1282.148844
181085760077601.968750 52.088619 0.578146 10.442587 541.352525 1.376974 1583.106291
154331292609489.312500 77.191067 1.694730 75.618364 379.081883 1.567499 1720.806893
259672397934963.718750 99.892562 0.479690 997.639071 569.628050 1.757768 2245.883253
206442322015170.062500 62.472586 1.896944 22.622170 626.105354 1.354345 1760.224815
233660363030064.125000 99.238544 1.850086 143.129788 717.131403 1.269692 2163.050688
232781791382367.187500 28.615455 1.605660 47.257201 10.664510 1.670455 1417.734219
207733434274910.156250 94.782224 0.128923 1446.836063 428.016334 1.736067 2045.420321
128112813148606.718750 55.032338 -0.316630 36.206596 409.264545 1.431982 1437.267726
4072248502791208448.000000 4.157486 0.754305 78.207316 13.801607 2.132880 23901.522005
177759734872336.781250 47.168472 -0.233139 28.843390 565.316836 1.391342 1521.652076
2910586972805347840.000000 0.146720 0.112384 52.829493 10.820112 1.737613 38743.618142
15921272871595634.000000 40.058721 1.842314 358.630783 11.227203 1.357211 6450.413019
98403241240540.453125 60.525451 -0.219515 2263.279107 337.119898 1.317875 1360.009986
37356433425059.687500 26.103527 1.548881 290.163328 56.935244 1.313786 749.181682
125282185836806.343750 40.009951 1.170421 24.215405 385.710928 1.446750 1282.484444
151937663001882.593750 94.388477 -0.341265 101.536532 429.282929 1.327046 1840.120208
192155802902821.656250 69.875689 1.409541 124.543055 491.227264 1.441817 1787.215684
162573786429637.031250 37.916873 0.572095 69.960053 412.911367 1.523606 1374.654103
195337241829643.812500 97.485291 0.961704 11.602650 388.653436 1.587784 2024.481437
143574599918649.875000 37.426391 0.111244 219.686837 371.399805 1.478669 1313.336247
177243900316959.375000 31.262808 0.011133 29.464792 512.387368 1.481035 1330.594774
86236916514637.515625 58.857554 1.130584 239.618932 12.495265 1.535903 1288.987652
25901552325885128704.000000 58.056979 1.949065 1436.690956 30.655306 1.981244 85916.999272
841986285015549.000000 27.438805 1.149606 254.190413 12.408146 1.551869 2148.492799
12261918396625192.000000 46.880509 1.170648 154.294904 10.899707 2.016953 6227.801084
115841483175495.531250 77.848155 -0.156244 666.299972 305.046511 1.432926 1568.597125
169223655406894.375000 23.225005 -0.117453 719.684182 336.816012 1.780698 1197.236735
89634886434341.296875 88.197787 -0.322743 2131.742947 269.942502 1.148722 1505.901130
152642788678949.968750 30.130108 0.862824 19.107165 520.903191 1.329263 1251.474122
136319450214299.437500 52.313268 0.237379 78.735221 469.183968 1.293510 1442.232036
119524139761084.218750 93.978946 -0.435774 322.213640 142.340557 1.516131 1695.995156
22506755454135288.000000 29.959019 1.547151 530.458393 40.344504 1.970179 6599.841949
137199967789425.171875 83.146645 -0.142869 1107.938339 359.016194 1.359673 1699.097247
144767266308057.437500 98.761362 0.318435 26.955612 353.573276 1.581093 1840.767363
97731150974937.796875 86.268994 -0.373252 254.190246 117.455598 1.703965 1537.651505
196891274252175.375000 51.603879 0.530093 325.519484 446.987265 1.953300 1622.737422
178485069564437.531250 46.152284 0.316195 39.243456 333.152365 1.814318 1512.678905
131427985584223.687500 29.679174 -0.252073 730.346676 257.449664 1.750020 1185.029895
18195274859718.605469 15.437918 1.715000 162.817409 38.202795 1.216358 508.017387
123860825061986.859375 91.717954 -0.182286 10.458311 250.481485 1.725426 1701.190911
58938638045927.164062 99.161402 0.412488 17.769411 200.694431 1.408024 1366.307990
234410394236356.468750 18.692105 1.985544 45.519100 737.362244 1.504459 1254.211110
197993822175786.875000 41.749008 0.553986 10.150150 483.738366 1.566337 1514.795355
126290059197889.593750 82.660224 0.169884 38.103530 177.908355 1.931505 1649.341708
131230369145128.921875 91.653478 -0.476186 91.631617 262.811636 1.703351 1733.841343
2128070775889335.000000 8.244446 0.532618 167.685081 30.703488 1.941738 2145.505021
161801384989991.593750 25.180791 -0.133873 1978.152783 454.162187 1.494104 1208.087447
228794696360760.343750 66.165409 1.957765 20.142552 466.827980 1.745132 1858.385111
129907580024046.953125 93.138856 1.405825 93.271218 355.842944 1.415475 1738.083395
144313544367679.562500 67.592614 -0.115798 2509.982234 377.777076 1.495492 1605.702809
138271358536082.890625 87.047602 0.236083 11.004082 458.887815 1.290370 1731.788555
412513917761409.250000 30.331788 1.500418 47.925632 10.663231 1.766881 1746.797337
112283121291093.718750 56.641266 1.536579 13.793501 208.180009 1.778462 1389.080325
303884072433852.062500 22.250489 0.366291 383.766683 846.541316 1.922611 1437.100189
170710844577303.281250 71.208008 1.130607 112.295515 567.879157 1.351207 1729.551073
145658964312131.125000 86.252898 0.036527 14.025090 304.867446 1.669388 1756.292489
57487416372580.671875 82.108729 -0.370123 2615.239300 153.790832 1.443638 1265.720833
137891327692687.718750 79.252988 -0.497023 196.804039 220.181048 1.532332 1673.023338
136733682552820.640625 96.426201 -0.494494 74.139319 239.352512 1.821023 1790.406839
22385478085341.269531 23.542249 1.693815 148.120619 34.695160 1.344333 612.466344
118713854499961.859375 78.403146 -0.438643 216.465094 193.376356 1.543808 1585.460119
180665282947280.031250 80.556689 -0.067010 90.585729 544.923169 1.317889 1841.377293
153050576123424.125000 67.509789 0.237382 28.923084 419.690497 1.422222 1636.771124
172539341655553.687500 59.530695 1.194931 26.415740 453.009499 1.609691 1630.608173
151275017724027.937500 78.786044 1.945546 49.447880 431.405794 1.361351 1721.858697
917944531326721280.000000 36.723463 1.758650 1260.814214 57.873768 2.250935 24227.174508
151509807230801.562500 63.034421 1.392627 136.759482 439.145287 1.410317 1592.693518
186941588332836.468750 29.533529 0.169672 1084.034288 381.514593 1.758923 1330.682488
246333521725355.937500 36.201035 -0.230913 463.851502 567.763126 1.556318 1555.509650
135294791444704.390625 52.179647 0.300608 70.410627 481.881341 1.312755 1437.361924
155686279696472.750000 87.142071 0.622931 10.369303 298.061164 1.772756 1802.341712
175880684480968.156250 74.675325 -0.484542 258.778408 193.906465 1.723776 1776.426430
103346281780095.046875 20.482777 -0.042270 464.610421 436.053119 1.270704 979.485951
185118156602450.812500 63.730300 0.134270 1555.452116 683.814159 1.274780 1709.198645
75970470911950.093750 86.090508 1.870388 219.929199 25.520113 1.404104 1412.770964
152307367725382.500000 84.241974 1.545583 41.231076 441.604832 1.360302 1767.576549
157157078738549.250000 67.511873 1.572841 50.725528 294.057270 1.799721 1651.298713
66241746160935.875000 93.139669 -0.110731 137.553691 54.472821 2.037012 1388.580546
135882677534652.203125 99.023259 0.336856 158.073010 351.304989 1.580436 1804.052912
126943250870811.484375 46.318914 0.546183 90.941902 347.106648 1.476027 1351.879224
198217825631200.937500 60.621106 -0.249496 73.370365 555.570054 1.377451 1718.529407
53231237682541432.000000 29.239548 1.576393 807.109978 51.317573 2.024265 8727.421857
92278548640469.062500 82.997897 -0.275471 2000.621598 245.958914 1.362135 1487.722413
124917728270897.656250 77.524571 -0.370372 140.180960 179.259168 1.726093 1606.156668
115369199300848.250000 60.016535 1.425035 37.794412 316.280315 1.479299 1429.887619
78247624686146.828125 76.284822 1.522201 235.192819 29.804182 1.540388 1366.414388
123188468462097.531250 56.844541 -0.179405 245.838323 311.659482 1.542750 1434.430031
24320865947609.382812 19.787689 1.689390 155.288714 39.129076 1.336184 598.832991
145923772451925.625000 48.038719 -0.260133 32.046672 483.682470 1.382375 1433.523505
961310519388145.750000 61.017071 0.970506 1404.770965 61.833521 1.897098 2915.470436
146228231887292.187500 67.620083 -0.010346 207.056293 422.363833 1.457259 1613.002432
2921219412448894976.000000 0.134837 0.112415 52.801568 10.813651 1.737924 40180.733327
126422881418645.921875 84.105895 -0.479124 370.067047 131.630019 1.550254 1660.203402
5990861628538738.000000 28.415304 1.963588 53.217851 14.415952 2.010936 4176.754109
210823221246182.750000 24.126788 -0.062348 2252.660583 415.839733 1.883592 1302.809246
63225344779451.015625 95.139083 -0.314335 2056.377927 173.393264 1.395956 1377.748563
111155168054101.312500 82.775852 -0.201889 625.651257 247.832998 1.485311 1581.423504
112916874438238.734375 84.460583 -0.378930 391.875705 131.930788 1.696511 1601.258256
156840296700761.093750 70.652637 1.273550 125.772412 426.975550 1.412349 1676.748487
1028446510185610.000000 29.492645 1.139554 234.426088 11.324067 1.584880 2348.084444
20720333894200107008.000000 55.190175 1.969299 1363.396706 31.834874 1.984257 78384.577951
186567902669822.906250 67.212470 -0.061528 26.135613 626.700835 1.291071 1745.758253
37356433425059.687500 26.103527 1.548881 290.163328 56.935244 1.313786 749.181682
196279984935430.531250 48.906059 0.163101 115.205162 611.714091 1.384062 1591.953398
137051301356077.265625 25.580849 -0.159563 65.727978 583.293041 1.185597 1148.462771
13181434188381492.000000 2.667941 1.583375 95.282904 47.732325 1.835870 3419.915161
55399423688967952.000000 39.433337 1.890104 429.375056 12.604584 1.391041 9724.560309
150134172979099.250000 67.933029 1.160161 102.163052 434.775073 1.409455 1629.872932
180592635997444.125000 89.859485 -0.423307 163.521161 511.370574 1.396387 1914.821923
135016079863881.656250 53.132409 0.765633 124.079814 393.805243 1.409202 1445.226550
11379705575382588.000000 39.261450 1.814481 295.044014 11.367231 1.416907 5729.649144
489765173974203.250000 91.324352 1.216327 925.675238 57.812088 1.725007 2685.934489
1287330304786182.250000 6.348486 0.596061 155.426992 47.876110 1.957707 1728.432996
198035519372824.187500 19.322361 0.893906 50.246829 546.953709 1.624202 1196.695921
41861890014593.375000 73.342150 -0.291368 1813.990909 131.443323 1.508372 1093.903444
143551361410090.281250 43.273922 -0.292492 119.712110 261.971705 1.795901 1377.007221
124053051001212.312500 49.980525 -0.177866 41.062230 383.865033 1.411886 1376.210203
124243812515260.562500 72.511846 -0.317250 148.478607 327.342546 1.469740 1565.731829
145372175024147.906250 57.950069 0.803752 46.038780 507.428217 1.242791 1525.886918
32459377328302.070312 69.100187 -0.408332 2246.280078 127.223119 1.342797 984.092841
114996839035814.578125 26.782215 -0.177652 49.044369 58.497356 2.112313 1098.324833
66720539062106.031250 29.250591 1.349885 41.340559 10.616145 1.663678 941.096667
88046058111328.687500 43.477121 -0.170808 466.803692 179.853049 1.649264 1171.770169
205586446709252.562500 88.895998 0.494913 14.127878 570.776911 1.390269 1991.607002
29606010185005.312500 74.259481 -0.427655 2605.090678 91.286695 1.626385 978.909074
207580657650202.343750 83.823149 -0.445120 15.241452 565.948034 1.452085 1956.247885
121021714597721.062500 85.881874 1.347005 12.697337 365.769223 1.374589 1648.538522
106649722438071.562500 94.448296 0.530673 10.197566 263.559320 1.497307 1635.726859
221039223916611.781250 92.506063 0.519507 11.917520 593.929340 1.389016 2069.870297
210036349891125.312500 78.667118 0.448027 56.138276 481.706963 1.525621 1919.874691
143756671824932.031250 39.351263 -0.460706 559.356419 210.820359 1.697486 1335.415675
162104878788170.906250 50.060076 0.266477 19.306356 394.018063 1.508304 1505.383712
89020657602483.140625 61.174004 0.651197 14.946366 377.018351 1.236157 1320.191972
204385637603435.750000 69.079142 1.467303 83.583718 342.264425 1.925879 1817.019895
14598535786308300.000000 40.720221 1.175043 155.209393 10.664088 1.972797 6300.210577
33177473499859013632.000000 21.332387 1.951453 277.625202 18.454096 2.040509 67853.153182
12261918396625192.000000 46.880509 1.170648 154.294904 10.899707 2.016953 6227.801084
66596457089486.070312 29.235635 1.349603 41.324148 10.597377 1.663939 940.364484
134652008849474.703125 87.992623 0.082122 192.018183 358.766154 1.461348 1723.232571
1921878523449200.250000 8.001706 0.551217 173.155749 31.673423 1.920486 2061.499401
179074851188011.875000 60.183281 -0.174899 65.703949 538.512554 1.371988 1657.167155
150814293625431.406250 43.710044 1.630896 44.355714 389.788645 1.552571 1404.495496
231497736117279.312500 64.242046 1.965802 22.531006 408.306973 1.827272 1846.576409
12944779666065964.000000 46.251851 1.157223 149.628608 10.219637 2.007531 6312.814891
253064232945273.125000 98.809348 0.447033 1220.392081 565.277901 1.744600 2217.835040
30091907897836.816406 15.828530 1.657776 154.515759 37.414046 1.314887 604.746979
139589911415110.671875 59.446783 1.367763 80.947066 397.984557 1.474363 1518.658986
13181434188381492.000000 2.667941 1.583375 95.282904 47.732325 1.835870 3419.915161
229737926760036.000000 71.058009 0.066053 21.346228 708.523086 1.269151 1908.100610
223660973431734.562500 25.804938 -0.267426 335.204216 520.373394 1.668544 1355.680894
15493953333687.525391 71.618973 0.992042 42.249130 78.670811 1.490486 778.839584
80846822176097.625000 12.248144 -0.438708 1678.707119 312.075816 1.433780 787.697195
247706575915258.750000 32.795340 -0.094794 348.245993 645.161959 1.628321 1510.173172
190171663645025.406250 26.349011 0.349034 22.598445 710.978261 1.343771 1292.431424
167502932163490.718750 72.610726 1.947301 107.282079 362.439515 1.699434 1730.515776
63754941201395.929688 95.046508 -0.314556 2003.107571 174.400207 1.397590 1381.096462
627126220558936192.000000 36.088892 1.742195 1082.453476 53.553249 2.224666 21218.643588
139041258293724.187500 51.582614 1.938160 30.485418 412.920197 1.385212 1444.863140
260380964329543.218750 29.734898 1.611848 49.726875 10.715016 1.677591 1489.207680
69037105383560.062500 76.589630 -0.213959 152.425495 58.629654 2.002978 1312.405050
145325841653088.562500 70.956954 1.811965 84.777245 431.491950 1.375692 1637.144224
208313547545741.375000 29.100480 -0.173912 218.558340 495.516371 1.721721 1373.296530
198508674462524.000000 91.604952 1.107874 110.499764 452.079804 1.520370 1989.945554
176295932294262.031250 56.058203 0.195974 129.882671 401.221881 1.630048 1608.781687
183611915047512.187500 63.706929 -0.393109 311.925357 404.422636 1.390712 1704.332838
126594263541377.656250 44.012081 1.048816 16.531003 442.494479 1.412245 1327.905048
1903270751661121.250000 8.107979 0.557381 172.645762 31.948924 1.920245 2060.222076
173339006555383.281250 35.494889 0.139294 201.225026 471.742852 1.489374 1374.853708
5532012246968938.000000 3.133508 1.557366 99.472705 52.936093 1.849386 2581.841437
9514803594198610.000000 0.687566 -0.232515 50.694889 63.404613 1.728328 3461.258751
188052507999825.812500 29.433969 1.202692 20.105050 513.773346 1.651376 1331.922309
69386385840602382336.000000 22.806111 1.983034 375.987081 19.243063 2.000019 88470.887586
11809736904317926.000000 46.086354 1.144344 150.544068 10.093882 1.998023 6115.320858
128725036233860.328125 42.570026 -0.445887 297.075021 150.623796 1.810158 1320.705475
1903270751661121.250000 8.107979 0.557381 172.645762 31.948924 1.920245 2060.222076
179120272193989.843750 97.555466 0.777196 23.228922 396.574483 1.633013 1967.346075
159341267263859.062500 71.177437 0.030393 61.921643 390.983176 1.548315 1690.013083
195484872255078.375000 81.377226 1.648509 90.342214 542.697342 1.450435 1897.265482
70941687872355.718750 12.258343 -0.401760 1879.871807 317.184701 1.394960 754.269388
1921516947684568.500000 7.971774 0.556139 172.431097 32.009617 1.920112 2059.842236
122070927880966.625000 21.262417 -0.242154 45.166375 54.689245 2.060619 1046.523754
4024848353178904576.000000 4.156659 0.755221 79.050551 13.851447 2.126224 23807.899784
25159133772784.148438 10.517996 1.734843 173.449837 49.939819 1.254533 515.014837
181106174949048.500000 50.022675 0.570339 10.577187 542.543496 1.384139 1561.649194
1006869592710886.750000 6.869520 0.637224 156.800463 46.852462 1.930708 1614.627167
172794097029532.750000 15.929338 -0.085225 16.311583 859.616204 1.099711 1084.754674
118764523762050.828125 73.927057 1.586815 26.137531 208.631596 1.793451 1552.941306
106568102351192.656250 39.019087 -0.362219 253.877135 166.664827 1.704767 1205.274510
122590878472676.046875 23.871334 -0.185687 530.631448 530.680780 1.189667 1083.991080
138681670661351.875000 75.398122 0.813978 14.065770 275.487480 1.734976 1646.759344
140027543338171.656250 50.564738 0.278780 66.798617 496.916865 1.283361 1438.543714
180290844227510.250000 87.905731 0.600325 63.798078 464.414528 1.504108 1898.641229
141701730296768.750000 9.788323 -0.140326 1679.063409 431.600100 1.570339 901.682898
32952312080381.140625 67.326982 -0.384440 1475.785785 100.494026 1.540157 980.074830
167939690205641.968750 79.199103 -0.051616 1414.548052 386.398921 1.540870 1786.222277
568848697871109.250000 94.759232 1.198402 997.394257 58.951492 1.763197 2861.372826
168200613353814.406250 95.361825 0.258687 109.350232 385.880936 1.553271 1910.663489
1073463680453758.000000 28.064273 1.171795 266.707343 12.917995 1.563921 2345.761499
1914756147834379.000000 8.094258 0.556175 172.616755 32.030293 1.918107 2063.660576
169298972646481.343750 31.951395 -0.034539 38.697706 547.828749 1.439503 1319.381439
24840880944909.566406 55.061590 1.050139 35.688283 14.306008 1.826900 832.034448
13073993370344874.000000 0.632534 -0.206422 50.911881 57.230420 1.730119 3920.517206
142636891250984.781250 84.619276 1.858527 72.087006 261.385541 1.798557 1732.121247
174990039666439.656250 91.069867 0.033482 1916.298006 334.290656 1.691628 1903.994413
47864174885644.875000 96.237810 -0.345286 2616.084675 147.962353 1.403685 1260.921387
21281975170284.539062 19.397208 1.732964 154.111738 39.076727 1.305143 569.567156
540193386795845440.000000 92.017144 1.412297 2188.465032 27.324376 2.114918 27827.228927
161580036213893.781250 82.688302 0.461127 46.433213 437.087499 1.445661 1790.755517
153028526181910.875000 52.486943 0.796695 84.590466 475.609057 1.405348 1500.589047
36513991922153456.000000 27.914058 1.533757 856.290777 54.145987 1.992398 7588.014697
196265776677197.593750 89.973389 0.321472 19.477113 494.943332 1.515688 1969.587277
186225915809119.781250 66.995632 1.182987 180.514305 518.212185 1.392785 1742.718935
143491521993732.437500 39.856608 0.772969 19.423395 538.154342 1.367436 1340.151587
935063304204525.250000 61.632552 0.958751 1429.129368 62.334797 1.898876 2898.746848
136658523887055.015625 76.321894 1.569254 32.522885 232.930538 1.791525 1645.808105
159580663987454.093750 84.948373 -0.315065 214.749192 354.556121 1.605777 1800.664973
9514803594198610.000000 0.687566 -0.232515 50.694889 63.404613 1.728328 3461.258751
169537856797299.750000 41.444277 -0.427992 37.999848 562.422655 1.370369 1434.987540
165137486315783.875000 76.367777 0.307925 88.891662 491.804148 1.389333 1753.375178
187793430180010.875000 29.290505 0.162928 1142.000021 378.102975 1.773782 1329.302963
214193559378545.593750 84.637128 -0.430636 13.306523 545.916489 1.500179 1983.669668
2211959828309974.750000 8.384855 0.535169 166.657775 30.077696 1.939921 2180.777340
14928017571864846.000000 0.602039 -0.201774 50.773489 55.122670 1.731080 4145.628631
36069478607399.945312 57.494436 1.002501 51.832806 18.102470 1.867143 956.233198
198840239312147.031250 77.195038 -0.405533 36.983793 566.502198 1.379648 1872.507249
189146062624860.937500 62.485701 0.649508 39.651716 465.659149 1.621585 1709.750086
202048046998308.406250 50.590606 -0.422642 11.073244 598.993086 1.371597 1625.842497
935431787366265.375000 29.958906 1.145476 215.685938 11.331408 1.591524 2286.122192
164831108527090.812500 64.773935 -0.253366 1001.489968 380.474750 1.327265 1653.657443
147888939290720.250000 81.757368 0.091415 1089.338255 390.304488 1.459552 1731.646848
158161876478485.937500 12.262912 -0.317025 611.796045 381.860276 1.656536 985.445249
244683436862743.625000 30.631458 -0.060782 320.570303 650.190086 1.617582 1472.174807
195451198826600.937500 50.639860 0.062104 79.633873 522.854695 1.546917 1608.480366
148481026298881.468750 93.788745 0.211518 932.588822 333.751862 1.639299 1821.841836
203039715193714.375000 62.339494 0.335844 25.925440 492.091885 1.642378 1749.205558
239819279847804.312500 96.299130 0.347002 1906.865886 424.057642 1.747086 2158.140601
187004691946701.968750 34.718135 0.490648 51.251907 572.694316 1.497298 1400.150643
63115472418065120.000000 9.522937 1.996299 488.943490 37.117484 1.346476 6844.827010
129936974183244.531250 98.179480 -0.144702 10.922485 234.137012 1.744217 1771.814321
39113811701982.984375 57.443069 0.698051 39.728370 16.245329 1.945222 982.111025
156474820982199.875000 48.098271 0.346268 26.065606 358.852714 1.753221 1467.882763
146370967189899.343750 42.716757 1.228769 83.644323 380.967210 1.584143 1380.052501
148463029544108.156250 78.019978 1.979625 51.699149 453.078808 1.376375 1705.179923
166165341312713.750000 69.159672 -0.176839 1433.015066 454.624628 1.304334 1696.552859
127338582873760.359375 27.163595 0.121671 29.614285 571.981380 1.178857 1141.177297
165462712333056.593750 26.261580 -0.085517 832.718236 378.082753 1.711559 1232.602434
12706729316806410240.000000 59.785927 1.901538 1426.989386 30.952348 1.994191 68449.872129
503960000839265344.000000 96.554620 1.314487 2427.387327 26.015482 2.183195 27669.547492
159442730118294.781250 85.648716 -0.101870 49.170056 364.639243 1.587139 1805.462936
94765472430269.218750 93.778460 -0.295532 341.753593 168.323693 1.506350 1568.506994
83086873671457.687500 15.126944 -0.362737 1831.888389 328.140302 1.414540 838.340068
3809530944039618560.000000 5.188986 0.746791 137.073993 14.626777 2.135478 24043.338843
83899722928366.031250 45.781214 -0.393454 247.260131 237.036571 1.347887 1173.000642
1915905161926826.000000 7.955143 0.555715 172.381654 31.944176 1.920877 2056.986330
2921219412448894976.000000 0.134837 0.112415 52.801568 10.813651 1.737924 40180.733327
132677479133779.734375 54.452270 -0.325356 220.753002 231.960421 1.721623 1448.889313
332389164262677.562500 28.819459 1.608807 45.045211 10.655807 1.714507 1599.961092
121696600919042.218750 57.767370 -0.310390 197.375646 259.172579 1.642070 1436.536514
194522509955293.843750 90.751344 1.138097 55.371430 471.455268 1.488063 1969.855915
168932871062218.375000 68.288940 0.167629 70.312157 503.575496 1.387539 1698.351417
142373554862721.562500 76.107832 -0.049229 41.393808 380.591776 1.462911 1666.775234
114592294083220.953125 81.760653 1.428938 13.692045 368.497260 1.376523 1590.518802
51393723400920.195312 58.264693 1.259465 215.546500 12.962077 1.438158 1080.954404
208138374472812.125000 19.401564 1.972680 87.015976 675.502353 1.401928 1218.107861
148058230387567.281250 90.909421 0.465859 13.330168 410.248343 1.376204 1799.679719
99330733103611.593750 21.061779 -0.053272 463.821459 427.698405 1.273609 974.368396
163154120526949.656250 47.033882 -0.038675 1045.843145 423.095282 1.607763 1477.367924
111567560396163.093750 35.076406 -0.394021 1087.629407 222.915535 1.605319 1182.564674
24046947625792.328125 54.399804 0.984566 39.899007 16.597072 1.816300 819.684415
119709171549136.593750 64.329466 -0.464900 108.189336 330.573832 1.440698 1482.858898
36095140723119.500000 56.514173 0.759583 32.481957 15.137607 1.942414 950.833307
30508747389167.359375 62.116900 -0.411334 1628.479995 102.469792 1.507401 928.787708
360040657013851200.000000 98.805012 1.339377 2584.728977 28.920433 2.148027 24943.796509
293223562805066.312500 28.661994 1.594321 43.006827 10.620626 1.724279 1531.892656
86236916514637.515625 58.857554 1.130584 239.618932 12.495265 1.535903 1288.987652
35083595316071411712.000000 59.181977 1.957172 1587.761604 31.620245 1.990849 95691.871163
150702538904424.812500 66.686330 0.196469 22.815870 562.758418 1.205727 1621.378753
161913857354156.500000 70.302335 1.870104 47.591794 487.321466 1.345119 1691.675215
116935558985611.875000 83.142729 -0.449186 509.005148 114.718242 1.795522 1610.924193
129198761800498.921875 71.004894 -0.397455 375.775583 203.520160 1.514462 1574.570428
133347661805685.625000 90.384327 0.020850 516.624736 349.453064 1.458302 1734.351068
143543630065516.593750 86.417925 -0.088877 1543.221599 270.125940 1.774285 1748.950958
18963529001264668672.000000 56.323164 1.953227 1391.360002 31.733205 1.988221 76634.452716
14928017571864846.000000 0.602039 -0.201774 50.773489 55.122670 1.731080 4145.628631
78581850387664400.000000 8.346730 1.920839 434.674691 35.626232 1.404206 7162.384130
84375411914266.531250 83.488883 -0.381248 323.704772 104.906944 1.731662 1447.031967
188384945167315.937500 39.087278 -0.074841 27.612167 528.665667 1.419690 1458.160600
164738217561321.437500 4.793152 -0.206906 243.940996 872.786346 1.164405 834.775364
3332273419377201664.000000 4.651206 0.749045 94.440768 13.520462 2.122240 22656.578532
132894690445182.593750 43.072240 1.143599 73.828811 255.434492 1.747493 1339.985202
176500402078514.531250 96.333254 -0.324132 66.805754 486.823758 1.355573 1948.750332
13831449767750662.000000 2.572477 1.608703 93.967223 47.542418 1.833164 3470.859911
131161478394747.890625 78.375540 0.729457 12.368836 255.635198 1.776080 1638.837258
278855016256684800.000000 33.547208 1.730403 997.982642 56.599577 2.188334 15822.840415
10588638739157.492188 70.114058 1.079969 40.473916 65.615417 1.487158 680.914587
190636159105348.468750 17.523918 -0.046972 718.828277 606.816170 1.464765 1150.057314
201074385477984.937500 7.668338 -0.390129 714.127486 331.766271 1.951041 963.337720
293297908490343.500000 29.862616 1.591781 47.726144 10.697983 1.703445 1551.547372
191588978690741.343750 64.061906 1.631935 87.187847 568.191092 1.412221 1732.011038
132275282725904.875000 99.557235 -0.434576 116.156128 266.870402 1.622086 1791.453644
117599570496676.843750 91.787154 -0.193773 15.500113 249.010349 1.680485 1672.484698
155426319577526.531250 80.055369 1.838342 54.875829 425.074143 1.376606 1747.396987
176037781305857.687500 37.022848 -0.250309 369.145323 420.324522 1.461250 1400.772330
92556093882097.968750 70.868903 -0.305978 490.689602 96.088793 1.980510 1407.940848
142931138488223.593750 71.748055 -0.134468 462.723607 186.964427 1.892262 1634.476386
69386385840602382336.000000 22.806111 1.983034 375.987081 19.243063 2.000019 88470.887586
168968897412170.937500 53.444831 1.947221 60.379214 424.328158 1.464660 1560.542640
11397740610388332.000000 39.255811 1.815146 294.835129 11.353519 1.416801 5732.406616
22840506338650.085938 55.057389 1.071216 35.572446 14.651466 1.811221 809.051621
92835412966662.593750 64.716489 0.252071 12.285504 370.555869 1.271474 1365.220351
560777851227573.750000 95.053565 1.193659 1031.215059 61.530085 1.752469 2850.983605
565170613698745024.000000 76.620196 1.462812 1854.897841 30.421766 2.131872 26454.228972
69105923127743.015625 98.453593 -0.272430 1646.106968 213.907898 1.336154 1436.988798
2921219412448894976.000000 0.134837 0.112415 52.801568 10.813651 1.737924 40180.733327
321170309437911.062500 29.382995 1.603304 42.394182 10.206509 1.728129 1591.225603
169671127791492.750000 89.766948 -0.374493 74.075951 500.438938 1.315201 1874.718791
49051292837410792.000000 35.967774 1.813946 375.248008 12.947514 1.452091 9064.587288
144648490123434.750000 77.783773 0.270347 36.844674 452.700897 1.342593 1688.626116
174988058907980.062500 95.826144 0.066523 18.986502 461.895958 1.389772 1939.444706
190714941915558.062500 88.643023 0.273209 62.415919 500.582338 1.493396 1940.382622
112916874438238.734375 84.460583 -0.378930 391.875705 131.930788 1.696511 1601.258256
115384198275499.359375 93.507639 0.079604 864.155706 337.880766 1.401671 1673.130654
216836574115585.718750 55.650760 -0.186216 76.116763 565.210994 1.563215 1719.397993
122066275093743.265625 68.290327 1.379849 45.674530 336.987190 1.470329 1524.021735
153596266698367.625000 78.526750 -0.499521 24.815111 354.781171 1.647457 1728.590143
111434718384564.937500 71.729338 -0.183332 844.350067 189.883921 1.764140 1504.191905
172793879831995.875000 78.120778 -0.474554 25.532710 365.600603 1.637914 1794.484855
157469587468755.031250 41.110935 1.474308 65.834089 408.257295 1.594499 1396.395559
89525873966231.812500 72.141303 -0.498382 115.723477 97.282819 1.781579 1401.167192
144973696228173.968750 60.412961 1.092513 20.531905 294.186304 1.709934 1546.522037
102413246625380.093750 86.284456 -0.443339 258.438351 96.256097 1.803440 1561.925379
170567801101538.187500 28.969909 -0.308842 418.400696 324.741689 1.718638 1282.987221
1340664324952058.500000 29.119229 1.130344 258.068991 11.663153 1.594608 2554.963759
161542336436153.343750 83.487589 0.107169 240.866057 448.724622 1.493151 1796.797764
200732070173406.625000 85.227499 0.078826 254.783918 572.190928 1.458603 1946.062139
135022802524265.406250 66.346768 0.003719 11.538312 333.763415 1.522113 1560.288361
68291181400206.835938 58.728928 1.110605 224.783053 12.422363 1.521415 1191.640598
147647742807527.093750 48.067905 1.584623 28.164933 221.918728 1.973250 1439.439825
12903147711337940.000000 46.169317 1.160971 148.934934 10.237244 2.007603 6302.285849
127056579368890.875000 92.354084 1.274339 71.841015 362.362782 1.399694 1719.994995
185772929032217.906250 63.540028 0.194319 1146.998271 652.150474 1.316942 1709.432837
115598041403917.562500 70.584064 -0.374258 344.594806 207.165899 1.450590 1514.085523
132016268355040.515625 78.767237 0.540239 26.903033 307.116416 1.588051 1645.308407
3196609509653585408.000000 0.139639 0.131731 52.768333 10.784565 1.738840 40803.532507
130596599109116.750000 73.081361 1.638359 88.582696 411.118803 1.409414 1596.380998
333613336937120.750000 28.459294 1.609626 43.605404 10.732776 1.725955 1595.743625
157761875325591.906250 78.372066 -0.405944 244.942072 180.699539 1.669341 1742.853544
29376826814549.300781 11.498035 1.695324 195.665951 56.038418 1.263996 553.648875
58492424132869920.000000 29.314209 1.572392 796.033936 50.320382 2.034964 9013.058112
165573455201565.281250 72.191273 1.318341 18.005645 452.863009 1.417138 1720.323519
104502500440678.156250 13.480724 -0.228509 1233.397158 316.059386 1.535306 878.606522
137608370094129.031250 20.862955 -0.302064 867.389531 371.105692 1.420927 1083.252120
103365276106060.875000 63.770454 0.450692 21.025369 370.813801 1.323939 1407.763116
123316587183451.546875 78.288886 -0.366593 66.569221 181.677700 1.874967 1604.857606
1903270751661121.250000 8.107979 0.557381 172.645762 31.948924 1.920245 2060.222076
118743469522299.718750 70.332963 -0.372561 343.216602 209.866260 1.444890 1525.780694
151773192391461.843750 76.605465 1.921498 65.160852 434.649976 1.371260 1706.621763
56421899143613.468750 63.707321 1.140537 46.160822 176.149740 1.477570 1150.105342
27822195382848.554688 54.921547 0.964806 45.964977 17.125746 1.831414 863.319869
146494347817823.906250 28.167403 0.729969 24.127185 454.333698 1.396879 1209.064440
193148754977107.375000 56.107479 -0.155087 81.370277 534.788110 1.565153 1658.992035
174625044793237.687500 71.300885 1.185232 200.955912 477.049441 1.425946 1743.470795
149339388787108.312500 22.450102 -0.187937 588.854296 423.643808 1.404282 1137.029774
37356433425059.687500 26.103527 1.548881 290.163328 56.935244 1.313786 749.181682
139761017125032.609375 89.298237 -0.166537 12.541941 277.440683 1.690362 1754.048223
145990271013874.968750 94.845453 0.192685 16.434559 423.142004 1.388160 1818.975537
196027205187235.406250 55.628805 -0.264119 651.073920 462.522336 1.349301 1662.311482
33675255335663.031250 19.452993 1.587257 250.959145 55.699362 1.306247 664.245285
129787241761873.953125 71.736338 1.976833 26.857523 200.792930 1.881146 1582.663866
79417749991570.671875 84.632519 1.962774 171.944448 20.727500 1.415562 1425.053776
159664012129296.500000 69.554471 -0.035890 64.879263 407.572267 1.514512 1677.482811
166397757164989.812500 79.884000 -0.443404 33.332259 334.174725 1.743264 1786.215298
220518744742884.343750 25.946334 1.872775 41.785820 683.743933 1.645325 1351.523005
83379633303799024.000000 9.164733 1.949374 446.736049 35.918778 1.414106 7448.794037
179574451760555.281250 70.591597 0.501121 49.842311 440.773396 1.611959 1753.603537
172144325748947.375000 78.392647 -0.255140 232.793783 325.864414 1.594798 1794.451458
190215644019227.156250 58.126413 -0.496787 173.412257 486.723545 1.573351 1670.697308
156958142902511.187500 38.121512 0.820970 51.166607 493.782585 1.412933 1361.008326
17702981407668038.000000 0.599000 -0.191228 50.863780 52.101464 1.730953 4393.384242
64675910053845.554688 71.087233 -0.210771 325.063993 78.604006 1.907998 1250.741218
199449132430423.000000 29.347407 1.863202 37.084458 536.083929 1.542182 1357.067534
125958968716698.906250 35.761130 1.179408 53.583605 408.420732 1.445188 1239.003708
148428299302326.312500 58.320576 -0.310838 326.008521 446.574780 1.269798 1539.877487
153390303871095.968750 70.698349 -0.496419 141.443356 315.654133 1.717270 1664.741857
62818654556070872.000000 9.441891 1.996641 488.350470 36.959806 1.347480 6821.424592
24320865947609.382812 19.787689 1.689390 155.288714 39.129076 1.336184 598.832991
148956348255069.968750 88.769482 1.093604 11.385153 394.110520 1.468324 1787.867826
158815737904340.000000 66.616852 -0.163960 390.657178 450.600730 1.359855 1649.366434
78360961520505.453125 41.246376 -0.225810 320.373084 344.928052 1.152449 1107.756274
135357347815548.375000 62.059208 1.366766 11.690157 325.392318 1.651098 1525.676099
278855016256684800.000000 33.547208 1.730403 997.982642 56.599577 2.188334 15822.840415
14279137723252790.000000 40.754452 1.171548 153.378276 10.563747 1.971392 6255.643716
129929028225491.343750 29.633276 -0.272173 790.860825 251.919315 1.756562 1179.942292
108631458755428.312500 75.288068 -0.007623 22.413169 444.588436 1.238053 1517.227574
230014694952564000.000000 36.436932 1.581319 1107.011593 45.868803 2.083146 15235.463804
141170777371775.593750 80.968198 -0.057635 473.596996 347.349915 1.465418 1699.116792
190493609564645.031250 74.808738 1.867467 77.779287 382.664345 1.753973 1825.475170
159106084375397.781250 66.632113 1.156123 113.201799 308.510008 1.805971 1650.503144
241433178733078.750000 91.385654 1.530659 179.884666 657.576359 1.392064 2122.285613
168096312559535.750000 70.565747 1.028758 109.943037 534.777487 1.331152 1715.194203
136038420757255.125000 72.977681 1.759060 65.335740 318.922146 1.557452 1617.441533
147330186113231.218750 54.741297 -0.010615 2061.515757 312.287341 1.708019 1503.088223
150121940292108.968750 57.530443 1.365829 178.963616 14.169599 1.582039 1538.480434
134772526437949.265625 68.814073 -0.255138 20.033939 375.641357 1.434603 1579.394079
134379410052814.640625 83.710650 -0.477041 93.403129 285.021430 1.697724 1691.466412
75554492849898.687500 79.320705 -0.170939 175.593897 109.561313 1.798886 1369.436859
92036004341797.296875 97.912347 -0.100483 1557.192675 317.712019 1.309029 1577.837825
145725807970022.187500 58.603868 -0.452707 46.933628 408.485221 1.433078 1533.029264
240545042695727.125000 75.749999 0.306482 1159.668241 618.805007 1.716345 1981.860624
152928618953098.875000 82.985044 1.535160 49.985090 439.380000 1.413811 1760.464009
167160607484989.562500 48.577183 0.950967 29.157561 432.458126 1.598849 1505.561419
189527851193918.218750 90.937973 0.146023 12.248257 508.636438 1.325657 1954.300534
61963041864595.765625 85.717278 -0.137922 111.905793 76.308008 1.835363 1317.921263
89868446578876.156250 50.633059 -0.444566 537.880484 206.714222 1.280328 1241.420824
77011394526180.015625 99.377552 0.420622 15.368932 231.288907 1.438164 1494.898222
266323690329102.218750 73.923912 0.365823 1104.318436 662.039680 1.773498 2032.619992
84807115836445.671875 66.342215 -0.109432 180.692675 111.418000 1.890086 1336.193973
78452421306213.781250 58.549054 -0.093467 11.607892 318.861292 1.277797 1246.714919
121791599396039.703125 76.553723 0.093984 270.788781 306.319107 1.573788 1585.527619
66126817988797.554688 87.257276 -0.234511 146.054066 50.283656 2.027820 1355.458175
105137060961377.562500 67.860465 -0.447609 246.451433 82.158964 1.960273 1446.826686
125765305813282.562500 52.773485 -0.221317 243.492493 287.613273 1.624141 1408.188339
139535118053915.812500 40.200129 -0.492149 507.666383 197.230445 1.684719 1331.441842
936710250992165.750000 61.685718 0.957688 1437.441873 62.520957 1.899158 2901.314357
262621663069460.312500 24.529339 0.086466 1126.391081 382.118417 2.136397 1408.700078
144890906786225.250000 66.209547 -0.162022 394.314275 451.002099 1.335680 1596.253902
230014694952564000.000000 36.436932 1.581319 1107.011593 45.868803 2.083146 15235.463804
33751416255527.105469 70.603260 -0.392815 2260.637556 132.171212 1.338513 1004.552151
119118649736166.515625 85.737090 -0.226696 16.692209 444.757311 1.257347 1638.857579
150282478514356.843750 28.276620 1.622279 62.492593 525.671621 1.375900 1220.844279
114044043251409.812500 51.117361 1.588648 20.080890 206.793247 1.737557 1348.356576
159455907977285.687500 50.208856 1.739770 37.428040 475.607069 1.422438 1498.638091
122665477878530.921875 66.467179 -0.338545 323.456704 243.833530 1.468752 1512.116357
171065106136531.875000 72.276645 1.849345 21.183390 352.651496 1.718456 1739.862183
100811590242468.531250 96.424340 0.087902 367.612495 139.398992 1.894069 1617.435606
208639231980768.125000 90.995939 0.089199 1354.813744 566.789269 1.493245 2018.361909
16253080588242565120.000000 58.872968 1.929996 1415.616918 31.031408 1.982996 73909.810398
199996348468425.000000 23.561371 1.787095 53.629342 595.270310 1.537331 1271.173175
155510424792929.750000 36.659856 -0.416553 511.536958 229.850997 1.724782 1339.805215
44525944255721652224.000000 22.234321 1.988125 320.060422 18.385120 1.991831 75746.686598
167118968794641.593750 42.757119 -0.377588 39.879547 504.203607 1.382032 1442.849563
70163782098438.906250 9.519559 -0.473214 1717.653901 306.472927 1.475853 709.013848
172223214266156.500000 69.345702 0.103139 19.201096 605.827689 1.217318 1718.545056
51945274897543.945312 23.193342 1.556342 335.075429 60.869891 1.313326 807.298823
234757599257868.968750 43.634649 0.901606 35.437726 679.207815 1.480421 1626.790010
121000273716897.906250 46.914335 0.828963 20.888450 519.809506 1.107879 1336.129982
120162535491227.765625 91.692576 -0.032607 213.865598 286.241356 1.571634 1683.919309
162648946100549.750000 68.866417 0.420980 46.953614 479.213114 1.414263 1681.988597
231263873638480.593750 91.837157 0.393107 1138.072404 458.764731 1.792156 2095.793190
570830398115303.875000 95.218291 1.205723 1030.209560 60.914227 1.754051 2869.721986
123746360139571.250000 45.715814 0.053926 150.536886 502.036591 1.232264 1334.593025
10810782334183640.000000 45.503081 1.175559 142.389668 10.240060 1.991303 5912.660885
145279387710049.250000 83.382433 -0.478422 170.797409 271.480562 1.650624 1733.573424
349185777365672448.000000 39.378361 1.696545 1177.582450 55.777735 2.210023 17955.186134
151234340209192.031250 68.079061 1.578265 43.717032 256.314011 1.874975 1635.074665
26953389658546.566406 55.860260 0.996538 44.931181 15.294536 1.816990 859.201429
147125262059838.812500 57.843616 0.008265 2383.718883 310.204078 1.716674 1531.028081
158072445629988.031250 78.653433 -0.133267 1673.103487 327.658757 1.594646 1746.223686
122628868373833.328125 51.110296 -0.025616 211.154919 432.147334 1.306898 1381.310023
171195969799525.187500 96.272993 0.157248 123.170561 390.292553 1.561461 1928.590538
153941317116887.031250 96.271276 0.171697 15.964006 480.740141 1.366981 1861.477409
2365378677955653.000000 25.027308 1.088278 291.273582 12.176391 1.606595 2948.564664
132189422883917.312500 75.735023 0.781282 14.569768 272.025172 1.751110 1623.215113
181831399390726.500000 67.462471 -0.237166 63.821774 475.506448 1.479978 1733.109291
211158114422166.156250 44.178387 1.718318 24.343382 639.656751 1.340321 1576.790438
86156130798377.343750 67.322683 -0.106095 177.990575 113.119757 1.892836 1350.152918
112113203982530.937500 38.955521 -0.181648 334.616567 415.657353 1.242550 1225.177835
184243680680308.343750 59.736972 -0.243041 486.527162 467.930598 1.337258 1668.666157
817475415499001728.000000 16.082738 0.898787 1275.079657 25.410950 2.081737 18256.619944
164343193922971.562500 82.538877 -0.482693 155.524489 337.290338 1.616944 1799.739846
1302436065785105.750000 6.476542 0.595682 155.820661 47.855355 1.955140 1741.109858
148685033988135.093750 37.785139 1.122801 50.331128 466.521569 1.398972 1332.837034
147077647347637.250000 82.501722 -0.196447 428.250742 323.920026 1.509718 1734.088992
21352211681767.339844 55.242359 1.030321 35.574542 14.763898 1.814999 791.989774
110521949035834.296875 95.555678 -0.272932 1747.630831 304.518295 1.202035 1662.308060
16253080588242565120.000000 58.872968 1.929996 1415.616918 31.031408 1.982996 73909.810398
1914756147834379.000000 8.094258 0.556175 172.616755 32.030293 1.918107 2063.660576
139172032068582.750000 97.905078 -0.471545 73.590455 267.652524 1.734806 1810.987122
125169893115505.312500 23.688149 -0.216748 42.377692 53.376998 2.080793 1089.058941
140771105182514.875000 78.514070 -0.470188 209.493898 215.914096 1.533976 1678.976725
