0.010000 0.001520 0.000312 0.006502 0.000049 0.035176 0.000002 0.220977
0.012068 0.001842 0.000390 0.007724 0.000062 0.040316 0.000003 0.230819
0.014563 0.002254 0.000486 0.009182 0.000079 0.047458 0.000004 0.240140
0.017575 0.002742 0.000611 0.010735 0.000099 0.058743 0.000005 0.251581
0.021210 0.003329 0.000755 0.012718 0.000122 0.072009 0.000006 0.270675
0.025595 0.004055 0.000940 0.015142 0.000151 0.078757 0.000008 0.289370
0.030888 0.004854 0.001143 0.018075 0.000186 0.086007 0.000011 0.307443
0.037276 0.005902 0.001435 0.021096 0.000232 0.103355 0.000013 0.324706
0.044984 0.007104 0.001792 0.024878 0.000290 0.118917 0.000017 0.341004
0.054287 0.008658 0.002237 0.029377 0.000363 0.130956 0.000022 0.356222
0.065513 0.010449 0.002782 0.033733 0.000453 0.143418 0.000028 0.370289
0.079060 0.012487 0.003434 0.039684 0.000565 0.156198 0.000035 0.383167
0.095410 0.014955 0.004185 0.046634 0.000705 0.169156 0.000045 0.394856
0.115140 0.017911 0.005081 0.053500 0.000849 0.182148 0.000057 0.405383
0.138950 0.021339 0.006162 0.061190 0.001045 0.196960 0.000072 0.412639
0.167683 0.025167 0.007714 0.071453 0.001301 0.215145 0.000091 0.415538
0.202359 0.029656 0.009153 0.081724 0.001618 0.229905 0.000114 0.417923
0.244205 0.034727 0.010913 0.093595 0.002008 0.256477 0.000143 0.423194
0.294705 0.040852 0.013114 0.106408 0.002487 0.272798 0.000179 0.435603
0.355648 0.047543 0.015758 0.120071 0.002883 0.289194 0.000221 0.449881
0.429193 0.054355 0.018873 0.134901 0.003540 0.307205 0.000272 0.462834
0.517947 0.063290 0.022203 0.151586 0.004022 0.322404 0.000332 0.474498
0.625055 0.073385 0.025468 0.169032 0.005032 0.338133 0.000400 0.484934
0.754312 0.084672 0.029379 0.188270 0.005756 0.352867 0.000478 0.494214
0.910298 0.096613 0.033538 0.209241 0.006514 0.370069 0.000563 0.502423
1.098541 0.110082 0.037082 0.228972 0.007448 0.385383 0.000654 0.509651
1.325711 0.123742 0.041260 0.247841 0.008556 0.396175 0.000748 0.515990
1.599859 0.137338 0.045740 0.264099 0.009250 0.414297 0.000844 0.521528
1.930698 0.148613 0.049317 0.282187 0.009908 0.424415 0.000937 0.526351
2.329952 0.161568 0.053343 0.299513 0.010727 0.430682 0.001027 0.530541
2.811769 0.172382 0.057857 0.315998 0.011279 0.434362 0.001109 0.534171
3.393222 0.184777 0.061018 0.331913 0.011648 0.441778 0.001183 0.537310
4.094915 0.194007 0.064152 0.345133 0.012171 0.452986 0.001249 0.540020
4.941713 0.204050 0.067721 0.360757 0.012657 0.463606 0.001305 0.542355
5.963623 0.213106 0.068816 0.375406 0.013103 0.471266 0.001353 0.544365
7.196857 0.221096 0.071270 0.387954 0.013509 0.478745 0.001393 0.546093
8.685114 0.228616 0.072083 0.399731 0.013877 0.489392 0.001426 0.547578
10.481131 0.236042 0.074359 0.408577 0.014207 0.498493 0.001453 0.548851
12.648552 0.241891 0.076527 0.416613 0.014501 0.504591 0.001475 0.549943
15.264180 0.246965 0.078336 0.425390 0.014762 0.509791 0.001492 0.550879
18.420700 0.250469 0.079236 0.431024 0.014993 0.514308 0.001506 0.551681
22.229965 0.252503 0.079288 0.435579 0.015195 0.518094 0.001517 0.552368
26.826958 0.255393 0.079329 0.440076 0.015373 0.521221 0.001526 0.552955
32.374575 0.258109 0.080445 0.442340 0.015528 0.523337 0.001533 0.553457
39.069399 0.259765 0.081114 0.445125 0.015662 0.525407 0.001538 0.553959
47.148664 0.261079 0.082082 0.447837 0.015779 0.529056 0.001543 0.554890
56.898660 0.262368 0.082240 0.450094 0.015827 0.532208 0.001546 0.555873
68.664885 0.264249 0.082371 0.451429 0.015842 0.533751 0.001549 0.556391
82.864277 0.265287 0.082480 0.452529 0.015855 0.536198 0.001551 0.556778
100.000000 0.266689 0.082570 0.453479 0.015865 0.538925 0.001553 0.557609
