0.001000 7.690690 1.528448 54.379309 0.711971 309.865492 0.406643 812.118218
0.001038 7.576678 1.520207 53.042075 0.711094 300.048900 0.406353 782.912255
0.001077 7.475966 1.512010 51.737716 0.710217 290.543241 0.406062 754.756473
0.001117 7.361015 1.503857 50.764507 0.709341 281.338669 0.405772 727.613101
0.001159 7.247830 1.495747 49.894364 0.708466 272.425643 0.405482 701.445736
0.001203 7.136384 1.487681 48.770473 0.707592 263.794937 0.405192 676.219281
0.001248 7.038110 1.485077 47.516542 0.706719 255.437596 0.404902 651.899919
0.001296 6.987983 1.484410 46.277079 0.705847 247.344975 0.404611 628.455005
0.001344 6.907878 1.483742 45.069942 0.704976 239.508682 0.404322 605.853112
0.001395 6.817277 1.479848 43.894287 0.704106 231.920601 0.404032 584.063933
0.001448 6.727863 1.476548 42.749293 0.703237 224.572868 0.403742 563.058237
0.001502 6.639621 1.474986 41.634162 0.702368 217.457868 0.403452 542.807861
0.001559 6.552536 1.473424 40.548111 0.701501 210.568230 0.403162 523.285631
0.001617 6.466591 1.465202 39.490385 0.700634 203.896822 0.402872 504.465384
0.001678 6.381773 1.452659 38.722265 0.699768 197.422755 0.402582 486.321866
0.001742 6.298065 1.440223 37.979419 0.698903 191.017845 0.402293 468.830748
0.001807 6.215455 1.427894 37.250812 0.698039 184.820663 0.402003 451.968572
0.001875 6.133927 1.422207 36.536171 0.697176 178.824475 0.401713 435.712727
0.001946 6.079673 1.418515 35.835227 0.696314 173.022764 0.401423 420.041405
0.002019 5.997050 1.414832 35.147719 0.695452 167.409220 0.401134 404.933591
0.002095 5.905656 1.410726 34.473389 0.694451 161.977740 0.400844 390.369024
0.002174 5.833066 1.399569 33.811983 0.693075 156.722421 0.400554 376.328172
0.002256 5.761367 1.388500 33.108033 0.691701 151.637550 0.400264 362.792204
0.002341 5.681096 1.377517 32.362100 0.690330 146.717598 0.399974 349.742964
0.002430 5.598302 1.367544 31.632961 0.688962 141.957216 0.399685 337.162953
0.002521 5.519006 1.362204 30.920240 0.687596 137.351230 0.399395 325.035300
0.002616 5.446603 1.356915 30.223565 0.686232 132.894632 0.399105 313.343738
0.002715 5.375148 1.351583 29.542576 0.684871 128.582578 0.398814 302.072589
0.002817 5.304630 1.346303 28.876919 0.683513 124.410379 0.398524 291.206736
0.002923 5.232012 1.338684 28.206345 0.682156 120.857326 0.398234 280.731606
0.003033 5.150699 1.331308 27.519129 0.680803 117.230756 0.397944 270.633150
0.003148 5.070647 1.328186 26.848652 0.679452 113.396642 0.397653 260.897827
0.003266 4.991837 1.325071 26.194507 0.678103 109.740761 0.397363 251.512578
0.003389 4.919865 1.319499 25.556295 0.676756 106.202729 0.397072 242.464818
0.003517 4.856012 1.309869 24.933629 0.675413 102.778747 0.396781 233.742412
0.003650 4.792986 1.301997 24.326129 0.674695 99.465141 0.396490 225.333661
0.003787 4.730776 1.296380 23.733428 0.673992 96.258354 0.396199 217.227289
0.003930 4.669371 1.288887 23.155165 0.673290 93.154941 0.395908 209.412424
0.004078 4.608761 1.280831 22.590988 0.672589 90.151572 0.395617 201.878585
0.004232 4.536928 1.274150 22.040553 0.671888 87.245023 0.395325 194.615668
0.004391 4.458392 1.270251 21.503528 0.671188 84.947881 0.395033 187.613933
0.004557 4.381215 1.266363 20.979585 0.670489 82.763284 0.394741 180.863989
0.004728 4.305374 1.262487 20.468405 0.669449 80.140121 0.394449 174.356784
0.004906 4.235392 1.257511 19.969678 0.666920 77.600055 0.394157 168.083591
0.005091 4.173644 1.250708 19.508155 0.664401 75.140454 0.393864 162.035997
0.005283 4.112796 1.243942 19.078923 0.661891 72.758771 0.393572 156.205890
0.005482 4.064359 1.237393 18.659124 0.659472 70.452538 0.393279 150.585453
0.005689 4.018896 1.234863 18.248551 0.658159 68.219366 0.392985 145.167147
0.005903 3.973940 1.230812 17.847001 0.656848 67.063981 0.392692 139.943706
0.006126 3.929485 1.227819 17.454276 0.655540 66.011787 0.392398 134.908124
0.006356 3.885778 1.226046 17.070182 0.654234 64.967855 0.392104 130.053648
0.006596 3.851859 1.221639 16.682595 0.652930 63.931773 0.391810 125.373768
0.006844 3.818234 1.214005 16.223679 0.651629 62.903127 0.391515 120.862207
0.007102 3.784903 1.206419 15.837606 0.650809 61.881502 0.391220 116.512915
0.007370 3.739128 1.199267 15.490213 0.650521 60.866486 0.390925 112.320059
0.007648 3.680835 1.195297 15.136142 0.649309 59.437638 0.390629 108.278015
0.007936 3.631875 1.193282 14.759280 0.647500 58.400481 0.390334 104.381364
0.008235 3.591235 1.186740 14.391796 0.645697 57.019928 0.390038 100.624878
0.008545 3.548621 1.178815 14.042405 0.643898 55.667251 0.389741 97.003520
0.008867 3.510767 1.173595 13.689864 0.642105 54.341710 0.389445 93.512433
0.009201 3.472019 1.168627 13.346166 0.640316 52.839597 0.389148 90.146936
0.009548 3.430307 1.164967 13.011091 0.638532 51.148753 0.388850 86.902515
0.009908 3.394745 1.158458 12.684423 0.636753 49.587711 0.388553 83.774819
0.010281 3.356755 1.153457 12.371195 0.634979 48.670120 0.388255 80.759653
0.010669 3.315805 1.149832 12.063156 0.633210 47.476167 0.387957 77.852973
0.011071 3.269109 1.148723 11.790491 0.631446 46.002507 0.387658 75.050882
0.011488 3.223070 1.147614 11.539807 0.630641 44.488672 0.387360 72.349621
0.011921 3.177681 1.139663 11.294446 0.630606 43.024681 0.387061 69.745568
0.012370 3.132932 1.130712 11.054297 0.630571 41.608897 0.386762 67.295541
0.012836 3.088814 1.127963 10.819249 0.629887 40.239738 0.386462 65.141761
0.013320 3.045832 1.119356 10.578426 0.628633 38.915672 0.386163 63.041604
0.013822 3.002439 1.114241 10.319873 0.627381 37.635218 0.385864 60.994366
0.014343 2.960165 1.109439 10.100025 0.626132 36.396945 0.385564 58.999385
0.014883 2.918488 1.104660 9.877750 0.624887 35.199468 0.385264 57.056034
0.015444 2.878844 1.100023 9.715879 0.623588 34.146487 0.384462 55.163712
0.016026 2.851298 1.097837 9.479450 0.621918 33.446508 0.383504 53.232707
0.016630 2.813926 1.090458 9.258259 0.620252 32.366418 0.382550 51.318370
0.017256 2.791547 1.085770 9.023813 0.618593 31.688385 0.381600 49.472923
0.017907 2.759468 1.080883 8.804329 0.616938 31.104810 0.380653 47.693896
0.018581 2.733364 1.076464 8.604057 0.615289 30.520186 0.379710 45.978907
0.019281 2.697822 1.072413 8.403387 0.613645 29.910612 0.378771 44.325661
0.020008 2.655176 1.067252 8.195510 0.612008 28.912976 0.377836 42.731944
0.020762 2.621264 1.062683 7.992801 0.610376 27.948731 0.376905 41.195622
0.021544 2.584758 1.055087 7.804984 0.608751 27.016766 0.375979 39.714640
0.022356 2.556755 1.049384 7.631480 0.607699 26.116010 0.375057 38.287015
0.023199 2.535517 1.042921 7.424732 0.607136 25.245425 0.374140 36.910835
0.024073 2.492937 1.036062 7.276314 0.606577 24.584335 0.373228 35.584259
0.024980 2.466102 1.031029 7.096445 0.606021 23.958687 0.372321 34.363518
0.025921 2.427697 1.024488 6.920126 0.605469 23.194377 0.371419 33.188553
0.026898 2.400571 1.021418 6.748248 0.604921 22.445420 0.370523 32.044959
0.027911 2.368470 1.012731 6.580703 0.604367 21.648900 0.369931 30.933101
0.028963 2.338049 1.005338 6.423560 0.603212 20.879210 0.369782 29.853197
0.030055 2.311484 0.995009 6.285116 0.602065 20.135625 0.369637 28.805329
0.031187 2.281195 0.986289 6.180021 0.600927 19.417434 0.369495 27.789449
0.032362 2.257363 0.979915 6.046936 0.599799 18.723933 0.369358 26.805387
0.033582 2.233806 0.974768 5.916947 0.598680 18.054429 0.369225 25.852862
0.034847 2.210295 0.967121 5.759662 0.597571 17.408234 0.369097 24.931495
0.036160 2.181141 0.963024 5.622328 0.596474 16.818807 0.368975 24.040819
0.037523 2.145814 0.959452 5.486199 0.595389 16.260517 0.368858 23.180289
0.038937 2.111041 0.955908 5.355954 0.594394 15.721067 0.368748 22.349298
0.040404 2.074608 0.954097 5.245907 0.593259 15.199838 0.368645 21.547184
0.041927 2.043467 0.953577 5.138238 0.592215 14.674337 0.368550 20.773242
0.043507 2.010538 0.952685 5.038962 0.591188 14.209669 0.368463 20.026735
0.045146 1.988379 0.945684 4.929857 0.590177 13.739593 0.368385 19.306901
0.046847 1.965297 0.943601 4.813375 0.589185 13.285463 0.368317 18.612966
0.048612 1.951732 0.939845 4.723729 0.588212 12.861054 0.368261 17.944144
0.050444 1.933261 0.938950 4.634064 0.585809 12.428910 0.368216 17.299649
0.052345 1.908734 0.933449 4.534181 0.583183 12.013630 0.368184 16.678700
0.054317 1.884511 0.925625 4.428391 0.583030 11.618251 0.368166 16.080525
0.056364 1.860421 0.922318 4.340663 0.582901 11.236386 0.368163 15.504361
0.058488 1.837659 0.919185 4.258213 0.582798 10.918346 0.368177 14.949463
0.060692 1.810037 0.911134 4.168507 0.582723 10.560341 0.368208 14.415105
0.062979 1.788989 0.906751 4.071118 0.582088 10.212303 0.368259 13.900577
0.065352 1.765488 0.902440 3.988519 0.581334 9.874143 0.368332 13.405192
0.067815 1.753899 0.898204 3.911923 0.580618 9.545768 0.368427 12.928283
0.070370 1.737373 0.893349 3.827605 0.579943 9.227082 0.368547 12.469205
0.073022 1.708517 0.886990 3.741178 0.579311 8.917987 0.368694 12.027337
0.075774 1.695258 0.885349 3.664087 0.578726 8.618551 0.368871 11.602076
0.078629 1.671914 0.880833 3.575072 0.578191 8.340353 0.369078 11.192844
0.081592 1.656407 0.876969 3.495313 0.577168 8.075321 0.369321 10.799082
0.084666 1.642593 0.875535 3.444397 0.574373 7.862978 0.369600 10.420253
0.087857 1.621100 0.872579 3.375564 0.571659 7.656135 0.369919 10.055839
0.091167 1.597955 0.868538 3.312694 0.569030 7.479267 0.370282 9.705343
0.094603 1.589132 0.865861 3.258316 0.566490 7.315303 0.370692 9.368284
0.098168 1.572216 0.860912 3.221962 0.564043 7.101089 0.371153 9.044204
0.101867 1.548995 0.857807 3.167448 0.562147 6.881358 0.371669 8.732658
0.105705 1.539842 0.855289 3.103849 0.561642 6.657235 0.372245 8.433222
0.109688 1.529792 0.855364 3.023275 0.562447 6.441486 0.372885 8.145487
0.113822 1.512145 0.849542 2.966518 0.563056 6.237809 0.373595 7.869060
0.118111 1.496452 0.844506 2.918525 0.564338 6.035044 0.374380 7.603563
0.122561 1.481088 0.842905 2.849970 0.565017 5.835527 0.375246 7.348636
0.127180 1.470325 0.839376 2.798028 0.566187 5.643557 0.376201 7.103930
0.131972 1.446068 0.835956 2.747958 0.567498 5.458981 0.377251 6.869113
0.136945 1.442874 0.831785 2.700828 0.567375 5.281640 0.378404 6.643866
0.142105 1.437914 0.825645 2.667009 0.569244 5.111369 0.379668 6.427883
0.147460 1.420037 0.820349 2.626215 0.571292 4.978288 0.381052 6.220870
0.153017 1.401425 0.820356 2.583333 0.570485 4.820610 0.382567 6.022549
0.158783 1.394745 0.820632 2.534586 0.569875 4.669645 0.384223 5.832651
0.164766 1.385314 0.817210 2.486178 0.569485 4.533434 0.386030 5.650920
0.170975 1.381313 0.811361 2.448247 0.569332 4.412416 0.388002 5.477113
0.177417 1.365772 0.810899 2.413355 0.569432 4.296511 0.390152 5.310997
0.184103 1.354653 0.811151 2.391294 0.570730 4.171087 0.392495 5.152351
0.191040 1.339819 0.811662 2.359058 0.571487 4.049609 0.395045 5.000964
0.198239 1.337547 0.814711 2.323593 0.571886 3.942764 0.397820 4.856638
0.205709 1.329361 0.814904 2.275679 0.573101 3.844710 0.400839 4.720376
0.213460 1.319187 0.816703 2.252733 0.577339 3.757863 0.404122 4.591071
0.221504 1.316148 0.817795 2.218980 0.582358 3.669255 0.407661 4.468247
0.229851 1.309695 0.819423 2.184231 0.587221 3.573058 0.411238 4.351754
0.238512 1.304877 0.821624 2.163024 0.589108 3.481962 0.415140 4.241455
0.247499 1.300350 0.824437 2.148059 0.593884 3.421815 0.419392 4.137218
0.256826 1.305554 0.827903 2.122305 0.598656 3.369749 0.424024 4.038923
0.266503 1.306967 0.829775 2.102744 0.602586 3.299502 0.429069 3.946459
0.276546 1.309943 0.833974 2.099128 0.605897 3.233720 0.434560 3.859725
0.286967 1.312865 0.841662 2.087302 0.609863 3.172356 0.440536 3.778629
0.297780 1.318233 0.848422 2.074957 0.617825 3.115370 0.447036 3.703091
0.309001 1.322116 0.857276 2.069199 0.626536 3.062733 0.454107 3.633042
0.320645 1.327447 0.866116 2.065733 0.636059 3.047210 0.461795 3.568719
0.332727 1.331919 0.876515 2.061384 0.646458 3.007693 0.470155 3.522222
0.345265 1.339948 0.884417 2.064085 0.657808 2.972000 0.479244 3.479133
0.358275 1.351157 0.892654 2.066723 0.670185 2.938538 0.489126 3.431820
0.371776 1.363403 0.907205 2.067153 0.680246 2.909082 0.499868 3.387267
0.385785 1.373366 0.922118 2.073906 0.693628 2.876886 0.511547 3.348055
0.400322 1.391317 0.938135 2.071040 0.708286 2.848774 0.524245 3.314197
0.415407 1.409103 0.958253 2.074958 0.724326 2.856313 0.538052 3.285715
0.431060 1.425110 0.976009 2.082266 0.741865 2.846114 0.553068 3.262651
0.447304 1.446858 0.996790 2.098563 0.761028 2.840410 0.569399 3.245058
0.464159 1.470241 1.020887 2.114422 0.781954 2.839303 0.587165 3.233006
0.481649 1.500152 1.046659 2.142123 0.804792 2.842911 0.606496 3.226582
0.499799 1.530966 1.074099 2.170018 0.831869 2.858850 0.627534 3.225892
0.518632 1.566735 1.104759 2.198873 0.857569 2.879961 0.650436 3.231057
0.538175 1.605326 1.137516 2.232156 0.885008 2.905593 0.675373 3.242220
0.558455 1.644995 1.169090 2.271521 0.915055 2.923746 0.702533 3.273944
0.579498 1.690317 1.202264 2.322232 0.951720 2.945809 0.732125 3.320198
0.601335 1.738866 1.242634 2.368761 0.985731 2.981020 0.764374 3.365799
0.623994 1.790398 1.287127 2.412220 1.024650 3.015463 0.799532 3.402750
0.647508 1.846078 1.334078 2.480256 1.064923 3.066152 0.837872 3.446607
0.671907 1.904858 1.386688 2.557973 1.106890 3.143887 0.879695 3.497674
0.697226 1.967665 1.437634 2.633496 1.153589 3.219288 0.925333 3.556279
0.723499 2.045019 1.502175 2.720476 1.205519 3.303955 0.975150 3.623014
0.750762 2.123306 1.571685 2.809338 1.267474 3.387167 1.029546 3.712394
0.779052 2.202440 1.648006 2.907093 1.332620 3.494531 1.088960 3.814096
0.808408 2.296222 1.729585 3.009616 1.406450 3.611988 1.153875 3.934527
0.838870 2.394705 1.820601 3.116838 1.482525 3.715322 1.224819 4.064705
0.870480 2.496701 1.912022 3.237438 1.559982 3.849450 1.302375 4.205175
0.903282 2.600715 2.009427 3.373566 1.655368 3.987671 1.387181 4.356518
0.937319 2.722036 2.116292 3.521203 1.763440 4.135273 1.479938 4.519346
0.972639 2.878810 2.231607 3.673385 1.868283 4.313964 1.581412 4.690545
1.009290 3.029851 2.369500 3.849595 1.988170 4.499296 1.692447 4.859370
1.047322 3.180613 2.501126 4.028864 2.120521 4.696064 1.813965 5.040994
1.086787 3.352658 2.647515 4.218210 2.252686 4.923452 1.946975 5.259016
1.127740 3.535805 2.807200 4.444564 2.394481 5.158654 2.092584 5.527040
1.170235 3.734002 2.977881 4.664490 2.548659 5.404824 2.252001 5.776520
1.214332 3.950892 3.159255 4.903237 2.716274 5.680398 2.423970 6.079354
1.260090 4.178930 3.351429 5.184154 2.905586 5.966178 2.603654 6.430011
1.307573 4.423224 3.566706 5.493650 3.096565 6.270271 2.799931 6.796405
1.356845 4.688784 3.789865 5.831087 3.311611 6.601452 3.014320 7.168863
1.407973 4.957301 4.035673 6.165590 3.545333 7.006670 3.222725 7.565891
1.461028 5.258833 4.301962 6.551975 3.779044 7.399414 3.426135 7.988865
1.516083 5.567658 4.573231 6.942659 4.035384 7.842846 3.672213 8.506951
1.573212 5.913192 4.858586 7.366849 4.312959 8.294735 3.935974 9.195004
1.632493 6.290152 5.169962 7.802897 4.600941 8.760545 4.186752 9.818269
1.694009 6.698757 5.514414 8.293208 4.926721 9.357860 4.457231 10.585843
1.757842 7.136801 5.889072 8.829210 5.217949 9.974499 4.748870 11.492746
1.824081 7.605626 6.279726 9.357995 5.578951 10.678622 5.063231 12.482672
1.892816 8.106093 6.689020 9.969815 5.963160 11.397399 5.401980 13.562656
1.964141 8.613991 7.130551 10.617161 6.347031 12.207381 5.755863 14.740220
2.038154 9.151479 7.595740 11.313813 6.772276 13.073294 6.158303 16.023387
2.114955 9.788611 8.080188 12.037287 7.202494 13.916534 6.582978 17.351959
2.194651 10.406720 8.616803 12.824962 7.623646 14.818171 7.038318 18.577285
2.277350 11.082350 9.195014 13.699307 8.103269 15.699322 7.528208 19.774681
2.363165 11.870807 9.792232 14.601530 8.612359 16.736540 7.980967 20.946554
2.452213 12.631847 10.409517 15.602842 9.146795 17.986235 8.457528 22.510779
2.544617 13.429781 11.090996 16.598110 9.691489 19.256534 8.964991 24.547017
2.640503 14.301695 11.821935 17.695412 10.274382 20.459280 9.505122 26.759382
2.740003 15.235523 12.613840 18.833658 10.885065 21.924127 10.079771 28.771414
2.843251 16.219544 13.425195 20.064082 11.529467 23.427295 10.690870 30.275512
2.950391 17.253981 14.286659 21.385864 12.250863 25.092916 11.340437 31.742024
3.061567 18.344328 15.204555 22.794103 13.007566 26.903161 12.030577 34.430431
3.176933 19.489620 16.135716 24.284409 13.761792 28.856802 12.763484 37.456240
3.296646 20.716867 17.147950 25.777529 14.586148 30.976729 13.541443 40.500014
3.420870 21.994586 18.203798 27.410908 15.424312 33.222695 14.366829 42.769027
3.549775 23.391925 19.306880 29.166543 16.269814 35.515126 15.242109 45.672393
3.683537 24.844940 20.479735 30.835632 17.246507 38.017313 16.169845 48.519562
3.822340 26.487645 21.753853 32.766810 18.282879 40.663917 17.152688 51.313243
3.966373 28.184475 23.037859 34.851911 19.407934 43.227773 18.193384 54.294604
4.115834 30.006635 24.429823 37.119979 20.583924 45.779087 19.288494 57.086855
4.270926 31.729587 25.943533 39.406965 21.798076 48.824643 19.757259 59.560724
4.431863 33.534671 27.414769 41.817799 23.010587 52.044001 20.202617 62.124134
4.598864 35.586579 28.953035 44.368259 24.264810 55.558780 20.625909 65.080408
4.772158 37.665198 30.531216 46.943594 25.574596 58.428089 21.157777 68.835609
4.951983 39.712785 32.315889 49.729727 27.062267 61.864144 22.306929 72.806266
5.138583 41.890690 34.091672 52.728042 28.643696 64.472929 22.737774 76.487448
5.332215 44.160545 35.981640 55.785448 30.277277 68.682211 23.084571 80.003783
5.533143 46.713486 37.787888 59.019673 31.931222 72.269921 23.406908 83.566509
5.741642 49.286097 39.755668 62.174470 33.519804 76.433947 23.706592 88.604721
5.957999 51.906506 41.766783 65.659574 34.847714 80.782522 23.985284 94.076133
6.182508 54.421041 43.907896 69.388957 36.235239 85.151477 24.244515 99.968764
6.415476 57.162602 45.924172 73.090250 37.857356 89.422946 24.485697 105.260469
6.657224 60.305047 48.120706 77.007191 39.622915 94.744670 24.710131 111.361166
6.908081 63.398281 50.466814 80.800676 40.886514 99.864194 24.919021 117.000662
7.168391 66.577320 52.307759 85.066041 42.491252 104.519894 25.113477 122.947256
7.438510 69.964941 54.479023 89.247251 43.420984 109.495852 25.294526 130.472566
7.718807 73.530092 56.956443 93.507303 44.523426 113.526030 25.463119 138.371361
8.009667 76.751266 59.594894 98.060343 45.386258 119.704261 25.620133 146.480997
8.311487 80.360692 61.870190 102.107140 46.201373 126.420378 25.766385 154.508859
8.624680 84.006159 64.186554 106.835661 47.106324 132.010781 25.902627 162.898549
8.949674 87.489049 66.698157 111.943576 47.699190 138.183711 26.029560 171.661707
9.286915 91.223591 68.869165 117.439143 48.386856 143.822450 26.147833 180.809898
9.636864 95.370474 71.667744 122.594322 49.036755 150.715577 26.258046 190.354569
10.000000 99.247192 73.230112 127.785084 49.651011 157.966148 26.360759 200.307014
