0.010000 2.717479 2.587932 2.851613 2.467575 2.982246 2.346252 3.117950
0.012068 2.715439 2.586047 2.849290 2.465895 2.979860 2.344650 3.115373
0.014563 2.712495 2.583303 2.845908 2.463448 2.976386 2.342316 3.111620
0.017575 2.708195 2.579319 2.840999 2.459896 2.971343 2.338928 3.106173
0.021210 2.701908 2.573355 2.834150 2.454746 2.964036 2.334015 3.098280
0.025595 2.692815 2.564372 2.824444 2.447249 2.953405 2.326864 3.086801
0.030888 2.679667 2.552430 2.810099 2.436508 2.938042 2.316519 3.070213
0.037276 2.660719 2.534477 2.789617 2.421287 2.916314 2.301599 3.046330
0.044984 2.633654 2.508751 2.760119 2.398858 2.885098 2.280107 3.012014
0.054287 2.593895 2.472754 2.716360 2.365941 2.840338 2.249311 2.963021
0.065513 2.537635 2.420354 2.655969 2.319996 2.775596 2.205622 2.893866
0.079060 2.459087 2.347336 2.570720 2.252955 2.685304 2.144312 2.797516
0.095410 2.351322 2.248951 2.452247 2.159920 2.561841 2.059306 2.662855
0.115140 2.207927 2.113519 2.298484 2.033527 2.396334 1.944392 2.479741
0.138950 2.019927 1.937357 2.100066 1.869226 2.181219 1.793620 2.245237
0.167683 1.786951 1.718835 1.851264 1.665500 1.917116 1.603542 1.969812
0.202359 1.512902 1.461494 1.563048 1.421733 1.609486 1.376662 1.652117
0.244205 1.214882 1.179133 1.250326 1.149188 1.283318 1.120518 1.310941
0.294705 0.916225 0.892599 0.941693 0.872133 0.965450 0.850343 0.978496
0.355648 0.647581 0.630350 0.664782 0.616486 0.681761 0.600193 0.692669
0.429193 0.426471 0.413625 0.438591 0.404315 0.449772 0.392102 0.463729
0.517947 0.261717 0.253049 0.270354 0.246509 0.278536 0.236553 0.289200
0.625055 0.151906 0.146087 0.157391 0.141544 0.162641 0.135016 0.169943
0.754312 0.083848 0.080200 0.087067 0.077525 0.090346 0.073547 0.095148
0.910298 0.044239 0.042229 0.046100 0.040605 0.048129 0.038424 0.050815
1.098541 0.022547 0.021486 0.023578 0.020585 0.024716 0.019443 0.026138
1.325711 0.011321 0.010772 0.011867 0.010296 0.012459 0.009712 0.013203
1.599859 0.005564 0.005288 0.005845 0.005050 0.006142 0.004756 0.006518
1.930698 0.002687 0.002553 0.002825 0.002435 0.002974 0.002290 0.003159
2.329952 0.001295 0.001230 0.001362 0.001171 0.001437 0.001102 0.001526
2.811769 0.000621 0.000590 0.000654 0.000561 0.000690 0.000528 0.000733
3.393222 0.000295 0.000280 0.000311 0.000266 0.000328 0.000250 0.000349
4.094915 0.000139 0.000132 0.000147 0.000126 0.000155 0.000118 0.000165
4.941713 0.000066 0.000063 0.000070 0.000060 0.000074 0.000056 0.000079
5.963623 0.000031 0.000030 0.000033 0.000028 0.000035 0.000027 0.000037
7.196857 0.000015 0.000014 0.000016 0.000013 0.000016 0.000013 0.000017
8.685114 0.000007 0.000007 0.000007 0.000006 0.000008 0.000006 0.000008
10.481131 0.000003 0.000003 0.000003 0.000003 0.000004 0.000003 0.000004
12.648552 0.000002 0.000001 0.000002 0.000001 0.000002 0.000001 0.000002
15.264180 0.000001 0.000001 0.000001 0.000001 0.000001 0.000001 0.000001
18.420700 0.000000 0.000000 0.000000 0.000000 0.000000 0.000000 0.000000
22.229965 0.000000 0.000000 0.000000 0.000000 0.000000 0.000000 0.000000
26.826958 0.000000 0.000000 0.000000 0.000000 0.000000 0.000000 0.000000
32.374575 0.000000 0.000000 0.000000 0.000000 0.000000 0.000000 0.000000
39.069399 0.000000 0.000000 0.000000 0.000000 0.000000 0.000000 0.000000
47.148664 0.000000 0.000000 0.000000 0.000000 0.000000 0.000000 0.000000
56.898660 0.000000 0.000000 0.000000 0.000000 0.000000 0.000000 0.000000
68.664885 0.000000 0.000000 0.000000 0.000000 0.000000 0.000000 0.000000
82.864277 0.000000 0.000000 0.000000 0.000000 0.000000 0.000000 0.000000
100.000000 0.000000 0.000000 0.000000 0.000000 0.000000 0.000000 0.000000
