0.010000 13.653604 12.951603 14.389021 12.256577 15.373075 11.922023 16.214267
0.012068 13.630846 12.928633 14.365216 12.234352 15.350925 11.902228 16.191010
0.014563 13.612270 12.916957 14.343322 12.219340 15.333070 11.883313 16.173230
0.017575 13.596429 12.907427 14.324469 12.209251 15.315621 11.867816 16.156807
0.021210 13.577527 12.890867 14.299473 12.195261 15.294934 11.853207 16.137933
0.025595 13.557823 12.875074 14.270657 12.191885 15.267392 11.838411 16.113075
0.030888 13.532194 12.862922 14.236584 12.174416 15.224011 11.821886 16.078892
0.037276 13.499128 12.832651 14.187966 12.161527 15.161937 11.802334 16.031716
0.044984 13.454444 12.789714 14.121522 12.153136 15.071176 11.779388 15.967176
0.054287 13.388776 12.741517 14.039671 12.135388 14.946312 11.753654 15.880305
0.065513 13.314259 12.689512 13.952733 12.116977 14.774811 11.764902 15.765704
0.079060 13.217435 12.628722 13.832025 12.085055 14.636753 11.712381 15.617726
0.095410 13.116601 12.553942 13.699873 12.036727 14.411243 11.670965 15.431040
0.115140 12.996313 12.455208 13.544937 11.991907 14.218817 11.653169 15.201845
0.138950 12.875274 12.374443 13.396136 11.958417 14.008437 11.611025 14.751219
0.167683 12.753493 12.303785 13.213109 11.914934 13.759900 11.538857 14.473308
0.202359 12.620217 12.213215 13.053330 11.841741 13.517003 11.438968 14.220381
0.244205 12.513527 12.137327 12.942853 11.752845 13.384926 11.391817 13.926791
0.294705 12.443286 12.089764 12.862440 11.686037 13.293090 11.336719 13.651196
0.355648 12.463193 12.084460 12.857401 11.706478 13.230693 11.257029 13.663749
0.429193 12.560809 12.148523 12.951115 11.742632 13.295790 11.369285 13.830622
0.517947 12.694617 12.231636 13.129468 11.863155 13.549925 11.349303 14.040586
0.625055 12.914759 12.392436 13.442536 11.969771 13.923481 11.483841 14.256612
0.754312 13.197356 12.580561 13.798210 12.075715 14.437610 11.780811 14.839243
0.910298 13.500291 12.800716 14.231714 12.215412 14.927052 11.677706 15.585575
1.098541 13.728276 12.956346 14.685070 12.299650 15.475606 11.656794 16.270215
1.325711 13.882959 12.965908 15.142990 12.189543 16.086355 11.587854 16.903647
1.599859 13.920449 12.684106 15.550135 11.810759 16.724364 11.087911 17.780341
1.930698 13.872633 12.127181 15.782707 11.097883 17.232986 10.646594 18.688091
2.329952 13.558154 11.390264 15.897160 10.358013 17.928357 9.881784 19.616612
2.811769 13.091722 10.634380 15.999697 9.579382 18.308059 9.102780 20.387002
3.393222 12.382830 9.894817 15.921889 8.801573 18.444079 8.363267 20.873654
4.094915 11.646109 9.153852 15.545513 8.096952 18.561943 7.480914 20.924888
4.941713 10.899990 8.427916 15.017701 7.422304 18.356209 6.692539 21.236666
5.963623 10.103223 7.724079 14.333514 6.774239 18.205647 5.984493 21.732136
7.196857 9.294941 7.080849 13.453522 6.149677 17.557823 5.342696 22.090602
8.685114 8.549824 6.436225 12.542917 5.565961 16.925071 4.746733 22.196960
10.481131 7.746704 5.791334 11.498023 4.966359 15.844670 4.158029 21.944528
12.648552 6.832074 5.066821 10.105341 4.264506 14.474687 3.477260 20.992490
15.264180 5.504022 4.025401 7.972108 3.212792 11.590394 2.491113 18.368568
18.420700 0.000000 0.000000 0.000000 0.000000 0.000000 0.000000 0.000000
22.229965 0.000000 0.000000 0.000000 0.000000 0.000000 0.000000 0.000000
26.826958 0.000000 0.000000 0.000000 0.000000 0.000000 0.000000 0.000000
32.374575 0.000000 0.000000 0.000000 0.000000 0.000000 0.000000 0.000000
39.069399 0.000000 0.000000 0.000000 0.000000 0.000000 0.000000 0.000000
47.148664 0.000000 0.000000 0.000000 0.000000 0.000000 0.000000 0.000000
56.898660 0.000000 0.000000 0.000000 0.000000 0.000000 0.000000 0.000000
68.664885 0.000000 0.000000 0.000000 0.000000 0.000000 0.000000 0.000000
82.864277 0.000000 0.000000 0.000000 0.000000 0.000000 0.000000 0.000000
100.000000 0.000000 0.000000 0.000000 0.000000 0.000000 0.000000 0.000000
