0.001000 0.000000 0.000000 0.000000 0.000000 0.000000 0.000000 0.000000
0.001038 0.000000 0.000000 0.000000 0.000000 0.000000 0.000000 0.000000
0.001077 0.000000 0.000000 0.000000 0.000000 0.000000 0.000000 0.000000
0.001117 0.000000 0.000000 0.000000 0.000000 0.000000 0.000000 0.000000
0.001159 0.000000 0.000000 0.000000 0.000000 0.000000 0.000000 0.000000
0.001203 0.000000 0.000000 0.000000 0.000000 0.000000 0.000000 0.000000
0.001248 0.000000 0.000000 0.000000 0.000000 0.000000 0.000000 0.000000
0.001296 0.000000 0.000000 0.000000 0.000000 0.000000 0.000000 0.000000
0.001344 0.000000 0.000000 0.000000 0.000000 0.000000 0.000000 0.000000
0.001395 0.000000 0.000000 0.000000 0.000000 0.000000 0.000000 0.000000
0.001448 0.000000 0.000000 0.000000 0.000000 0.000000 0.000000 0.000000
0.001502 0.000000 0.000000 0.000000 0.000000 0.000000 0.000000 0.000000
0.001559 0.000000 0.000000 0.000000 0.000000 0.000000 0.000000 0.000000
0.001617 0.000000 0.000000 0.000000 0.000000 0.000000 0.000000 0.000000
0.001678 0.000000 0.000000 0.000000 0.000000 0.000000 0.000000 0.000000
0.001742 0.000000 0.000000 0.000000 0.000000 0.000000 0.000000 0.000000
0.001807 0.000000 0.000000 0.000000 0.000000 0.000000 0.000000 0.000000
0.001875 0.000000 0.000000 0.000000 0.000000 0.000000 0.000000 0.000000
0.001946 0.000000 0.000000 0.000000 0.000000 0.000000 0.000000 0.000000
0.002019 0.000000 0.000000 0.000000 0.000000 0.000000 0.000000 0.000000
0.002095 0.000000 0.000000 0.000000 0.000000 0.000000 0.000000 0.000000
0.002174 0.000000 0.000000 0.000000 0.000000 0.000000 0.000000 0.000000
0.002256 0.000000 0.000000 0.000000 0.000000 0.000000 0.000000 0.000000
0.002341 0.000000 0.000000 0.000000 0.000000 0.000000 0.000000 0.000000
0.002430 0.000000 0.000000 0.000000 0.000000 0.000000 0.000000 0.000000
0.002521 0.000000 0.000000 0.000000 0.000000 0.000000 0.000000 0.000000
0.002616 0.000000 0.000000 0.000000 0.000000 0.000001 0.000000 0.000001
0.002715 0.000000 0.000000 0.000001 0.000000 0.000001 0.000000 0.000001
0.002817 0.000001 0.000001 0.000001 0.000000 0.000001 0.000000 0.000001
0.002923 0.000001 0.000001 0.000001 0.000001 0.000001 0.000001 0.000001
0.003033 0.000001 0.000001 0.000001 0.000001 0.000001 0.000001 0.000001
0.003148 0.000001 0.000001 0.000001 0.000001 0.000001 0.000001 0.000001
0.003266 0.000001 0.000001 0.000001 0.000001 0.000001 0.000001 0.000001
0.003389 0.000001 0.000001 0.000001 0.000001 0.000001 0.000001 0.000001
0.003517 0.000001 0.000001 0.000001 0.000001 0.000001 0.000001 0.000001
0.003650 0.000001 0.000001 0.000001 0.000001 0.000001 0.000001 0.000001
0.003787 0.000001 0.000001 0.000001 0.000001 0.000002 0.000001 0.000002
0.003930 0.000001 0.000001 0.000002 0.000001 0.000002 0.000001 0.000002
0.004078 0.000002 0.000002 0.000002 0.000001 0.000002 0.000001 0.000002
0.004232 0.000002 0.000002 0.000002 0.000002 0.000002 0.000002 0.000002
0.004391 0.000002 0.000002 0.000002 0.000002 0.000002 0.000002 0.000003
0.004557 0.000002 0.000002 0.000003 0.000002 0.000003 0.000002 0.000003
0.004728 0.000003 0.000002 0.000003 0.000002 0.000003 0.000002 0.000003
0.004906 0.000003 0.000003 0.000003 0.000003 0.000003 0.000002 0.000004
0.005091 0.000003 0.000003 0.000003 0.000003 0.000004 0.000003 0.000004
0.005283 0.000004 0.000003 0.000004 0.000003 0.000004 0.000003 0.000004
0.005482 0.000004 0.000004 0.000004 0.000004 0.000005 0.000003 0.000005
0.005689 0.000005 0.000004 0.000005 0.000004 0.000005 0.000004 0.000006
0.005903 0.000005 0.000005 0.000005 0.000004 0.000006 0.000004 0.000006
0.006126 0.000006 0.000005 0.000006 0.000005 0.000006 0.000005 0.000007
0.006356 0.000006 0.000006 0.000007 0.000006 0.000007 0.000005 0.000008
0.006596 0.000007 0.000007 0.000008 0.000006 0.000008 0.000006 0.000009
0.006844 0.000008 0.000007 0.000008 0.000007 0.000009 0.000006 0.000010
0.007102 0.000009 0.000008 0.000009 0.000008 0.000010 0.000007 0.000011
0.007370 0.000010 0.000009 0.000011 0.000009 0.000011 0.000008 0.000012
0.007648 0.000011 0.000010 0.000012 0.000010 0.000013 0.000009 0.000014
0.007936 0.000012 0.000012 0.000013 0.000011 0.000014 0.000010 0.000015
0.008235 0.000014 0.000013 0.000015 0.000012 0.000016 0.000011 0.000017
0.008545 0.000015 0.000014 0.000017 0.000013 0.000018 0.000013 0.000019
0.008867 0.000017 0.000016 0.000018 0.000015 0.000020 0.000014 0.000021
0.009201 0.000019 0.000018 0.000021 0.000017 0.000022 0.000016 0.000024
0.009548 0.000021 0.000020 0.000023 0.000019 0.000024 0.000017 0.000026
0.009908 0.000024 0.000022 0.000026 0.000021 0.000027 0.000020 0.000029
0.010281 0.000027 0.000025 0.000029 0.000023 0.000031 0.000022 0.000033
0.010669 0.000030 0.000028 0.000032 0.000026 0.000034 0.000024 0.000037
0.011071 0.000033 0.000031 0.000036 0.000029 0.000038 0.000027 0.000041
0.011488 0.000037 0.000035 0.000040 0.000033 0.000043 0.000030 0.000046
0.011921 0.000042 0.000039 0.000045 0.000036 0.000048 0.000034 0.000051
0.012370 0.000047 0.000044 0.000050 0.000041 0.000053 0.000038 0.000057
0.012836 0.000052 0.000049 0.000056 0.000046 0.000059 0.000042 0.000064
0.013320 0.000058 0.000054 0.000062 0.000051 0.000066 0.000047 0.000071
0.013822 0.000065 0.000061 0.000070 0.000057 0.000074 0.000053 0.000080
0.014343 0.000073 0.000068 0.000078 0.000064 0.000083 0.000059 0.000089
0.014883 0.000081 0.000076 0.000087 0.000071 0.000093 0.000066 0.000099
0.015444 0.000091 0.000085 0.000097 0.000079 0.000103 0.000074 0.000111
0.016026 0.000101 0.000095 0.000109 0.000089 0.000115 0.000083 0.000124
0.016630 0.000113 0.000106 0.000121 0.000099 0.000129 0.000092 0.000138
0.017256 0.000126 0.000118 0.000136 0.000110 0.000144 0.000103 0.000155
0.017907 0.000141 0.000132 0.000151 0.000123 0.000161 0.000115 0.000173
0.018581 0.000158 0.000147 0.000169 0.000138 0.000180 0.000129 0.000193
0.019281 0.000176 0.000164 0.000189 0.000154 0.000201 0.000144 0.000215
0.020008 0.000197 0.000184 0.000211 0.000172 0.000224 0.000160 0.000241
0.020762 0.000220 0.000205 0.000236 0.000192 0.000250 0.000179 0.000269
0.021544 0.000245 0.000229 0.000263 0.000215 0.000280 0.000200 0.000300
0.022356 0.000274 0.000256 0.000294 0.000240 0.000312 0.000223 0.000335
0.023199 0.000306 0.000286 0.000328 0.000268 0.000349 0.000250 0.000374
0.024073 0.000342 0.000319 0.000367 0.000299 0.000390 0.000279 0.000418
0.024980 0.000382 0.000356 0.000409 0.000334 0.000435 0.000311 0.000467
0.025921 0.000426 0.000398 0.000457 0.000373 0.000486 0.000348 0.000521
0.026898 0.000476 0.000444 0.000511 0.000416 0.000542 0.000388 0.000582
0.027911 0.000531 0.000496 0.000570 0.000465 0.000605 0.000434 0.000650
0.028963 0.000593 0.000554 0.000637 0.000519 0.000676 0.000484 0.000725
0.030055 0.000662 0.000619 0.000711 0.000579 0.000755 0.000541 0.000810
0.031187 0.000739 0.000691 0.000793 0.000647 0.000842 0.000603 0.000904
0.032362 0.000825 0.000771 0.000886 0.000722 0.000940 0.000674 0.001009
0.033582 0.000921 0.000861 0.000988 0.000806 0.001049 0.000752 0.001126
0.034847 0.001028 0.000961 0.001103 0.000900 0.001171 0.000840 0.001256
0.036160 0.001148 0.001072 0.001231 0.001004 0.001307 0.000937 0.001402
0.037523 0.001281 0.001196 0.001374 0.001121 0.001458 0.001046 0.001564
0.038937 0.001429 0.001335 0.001533 0.001251 0.001627 0.001167 0.001745
0.040404 0.001595 0.001490 0.001710 0.001396 0.001815 0.001303 0.001947
0.041927 0.001779 0.001662 0.001908 0.001557 0.002024 0.001454 0.002171
0.043507 0.001984 0.001854 0.002128 0.001737 0.002257 0.001622 0.002422
0.045146 0.002213 0.002068 0.002374 0.001937 0.002517 0.001809 0.002700
0.046847 0.002468 0.002307 0.002647 0.002161 0.002806 0.002018 0.003011
0.048612 0.002752 0.002572 0.002951 0.002410 0.003128 0.002251 0.003356
0.050444 0.003068 0.002868 0.003290 0.002687 0.003487 0.002510 0.003740
0.052345 0.003420 0.003197 0.003667 0.002996 0.003886 0.002799 0.004168
0.054317 0.003812 0.003563 0.004087 0.003339 0.004330 0.003120 0.004643
0.056364 0.004248 0.003971 0.004553 0.003722 0.004823 0.003478 0.005172
0.058488 0.004732 0.004424 0.005071 0.004147 0.005372 0.003876 0.005759
0.060692 0.005271 0.004928 0.005648 0.004621 0.005983 0.004319 0.006412
0.062979 0.005869 0.005489 0.006288 0.005147 0.006660 0.004811 0.007137
0.065352 0.006534 0.006112 0.006998 0.005732 0.007413 0.005358 0.007941
0.067815 0.007272 0.006804 0.007787 0.006382 0.008248 0.005966 0.008833
0.070370 0.008091 0.007573 0.008662 0.007104 0.009174 0.006641 0.009822
0.073022 0.008999 0.008426 0.009632 0.007905 0.010201 0.007391 0.010918
0.075774 0.010005 0.009372 0.010708 0.008794 0.011339 0.008223 0.012131
0.078629 0.011121 0.010417 0.011898 0.009780 0.012598 0.009145 0.013474
0.081592 0.012357 0.011574 0.013215 0.010872 0.013993 0.010167 0.014959
0.084666 0.013725 0.012858 0.014672 0.012082 0.015534 0.011300 0.016601
0.087857 0.015238 0.014279 0.016285 0.013421 0.017237 0.012554 0.018413
0.091167 0.016909 0.015844 0.018062 0.014903 0.019114 0.013941 0.020413
0.094603 0.018755 0.017572 0.020027 0.016540 0.021184 0.015474 0.022617
0.098168 0.020790 0.019482 0.022190 0.018349 0.023464 0.017168 0.025044
0.101867 0.023033 0.021590 0.024571 0.020344 0.025974 0.019038 0.027714
0.105705 0.025503 0.023912 0.027194 0.022539 0.028743 0.021100 0.030648
0.109688 0.028219 0.026471 0.030081 0.024949 0.031788 0.023372 0.033869
0.113822 0.031198 0.029287 0.033243 0.027599 0.035125 0.025872 0.037400
0.118111 0.034471 0.032369 0.036704 0.030509 0.038772 0.028622 0.041266
0.122561 0.038058 0.035753 0.040498 0.033701 0.042780 0.031642 0.045493
0.127180 0.041980 0.039465 0.044658 0.037198 0.047168 0.034954 0.050108
0.131972 0.046271 0.043531 0.049217 0.041024 0.051947 0.038584 0.055139
0.136945 0.050954 0.047955 0.054184 0.045222 0.057139 0.042555 0.060615
0.142105 0.056059 0.052773 0.059554 0.049805 0.062788 0.046895 0.066564
0.147460 0.061613 0.058018 0.065387 0.054800 0.068917 0.051629 0.073017
0.153017 0.067641 0.063743 0.071710 0.060235 0.075560 0.056785 0.080001
0.158783 0.074186 0.069944 0.078622 0.066138 0.082738 0.062379 0.087548
0.164766 0.081251 0.076653 0.086058 0.072540 0.090483 0.068444 0.095684
0.170975 0.088891 0.083905 0.094109 0.079467 0.098854 0.075012 0.104438
0.177417 0.097108 0.091764 0.102725 0.086949 0.107831 0.082111 0.113833
0.184103 0.105964 0.100211 0.112036 0.095014 0.117456 0.089768 0.123895
0.191040 0.115451 0.109291 0.122004 0.103686 0.127751 0.098009 0.134643
0.198239 0.125604 0.118987 0.132585 0.112991 0.138810 0.106858 0.146095
0.205709 0.136471 0.129351 0.143889 0.122952 0.150684 0.116339 0.158266
0.213460 0.148016 0.140430 0.155914 0.133587 0.163269 0.126472 0.171165
0.221504 0.160236 0.152188 0.168649 0.144913 0.176460 0.137272 0.184854
0.229851 0.173264 0.164612 0.182232 0.156944 0.190531 0.148756 0.199435
0.238512 0.186981 0.177834 0.196331 0.169686 0.205397 0.160931 0.214781
0.247499 0.201473 0.191742 0.211370 0.182999 0.221082 0.173804 0.230882
0.256826 0.216575 0.206305 0.226934 0.196981 0.237497 0.187376 0.247724
0.266503 0.232498 0.221590 0.243265 0.211988 0.254497 0.201640 0.265284
0.276546 0.249004 0.237426 0.260334 0.227473 0.272055 0.216588 0.283534
0.286967 0.266183 0.254156 0.278016 0.243751 0.290452 0.232202 0.302214
0.297780 0.283994 0.271439 0.296326 0.260686 0.309485 0.248461 0.321326
0.309001 0.302432 0.289215 0.315194 0.278053 0.329103 0.265335 0.340951
0.320645 0.321474 0.307674 0.334764 0.295884 0.349115 0.282791 0.361037
0.332727 0.341067 0.326465 0.354861 0.314226 0.369572 0.300789 0.381525
0.345265 0.360911 0.345750 0.375430 0.333117 0.390427 0.319282 0.402350
0.358275 0.381057 0.365527 0.396160 0.352633 0.411616 0.338221 0.423575
0.371776 0.401616 0.385464 0.417103 0.372528 0.433071 0.357549 0.445523
0.385785 0.422652 0.405825 0.438486 0.392592 0.454723 0.377208 0.467660
0.400322 0.443682 0.426481 0.460025 0.412867 0.476652 0.397135 0.489912
0.415407 0.464828 0.447168 0.481689 0.433340 0.498535 0.417265 0.512206
0.431060 0.485860 0.467927 0.503348 0.454161 0.520136 0.437531 0.534469
0.447304 0.506963 0.488817 0.524845 0.474451 0.541856 0.457868 0.556628
0.464159 0.528104 0.509571 0.546171 0.495008 0.563396 0.478206 0.578616
0.481649 0.548888 0.530050 0.567439 0.515468 0.584646 0.498481 0.600365
0.499799 0.569583 0.550365 0.588465 0.535338 0.605812 0.518628 0.621813
0.518632 0.590050 0.570538 0.609097 0.555164 0.626525 0.538585 0.642902
0.538175 0.610069 0.590279 0.629530 0.574560 0.646714 0.558293 0.663577
0.558455 0.629796 0.609737 0.649425 0.593726 0.666714 0.577698 0.683792
0.579498 0.648986 0.628610 0.669143 0.612884 0.686158 0.596747 0.703503
0.601335 0.667631 0.647202 0.688052 0.631266 0.705993 0.615396 0.722672
0.623994 0.686053 0.665522 0.706467 0.648895 0.725038 0.633284 0.741267
0.647508 0.703973 0.683192 0.724597 0.666915 0.743282 0.650542 0.759263
0.671907 0.721157 0.700214 0.741991 0.683291 0.761184 0.667217 0.776639
0.697226 0.738001 0.716624 0.758604 0.699599 0.778310 0.683517 0.793377
0.723499 0.753786 0.732518 0.775268 0.715395 0.794921 0.699190 0.809537
0.750762 0.769028 0.747867 0.790600 0.730493 0.810463 0.714297 0.825690
0.779052 0.784027 0.762282 0.805345 0.744358 0.826199 0.728829 0.841177
0.808408 0.798236 0.775846 0.820030 0.757633 0.840620 0.742780 0.856000
0.838870 0.811649 0.789485 0.834023 0.770761 0.854722 0.755748 0.870160
0.870480 0.824335 0.802151 0.847272 0.783507 0.868178 0.766782 0.883483
0.903282 0.836688 0.814518 0.859928 0.795145 0.881102 0.777273 0.895654
0.937319 0.848257 0.826144 0.871877 0.806660 0.893188 0.787232 0.907210
0.972639 0.859453 0.837258 0.883137 0.817491 0.904590 0.796672 0.918244
1.009290 0.869688 0.847528 0.893763 0.827483 0.915749 0.805969 0.930258
1.047322 0.879914 0.857197 0.904163 0.836947 0.926149 0.815268 0.941657
1.086787 0.889033 0.866476 0.913654 0.845899 0.936213 0.824065 0.951596
1.127740 0.898113 0.875343 0.922794 0.854357 0.946312 0.832378 0.960892
1.170235 0.906378 0.883635 0.931291 0.862385 0.955216 0.840223 0.969662
1.214332 0.914365 0.891376 0.939449 0.870358 0.963612 0.847620 0.977927
1.260090 0.921899 0.898799 0.946940 0.877140 0.971520 0.854588 0.985708
1.307573 0.928705 0.905817 0.953952 0.883850 0.978962 0.861144 0.993028
1.356845 0.935340 0.912184 0.960610 0.890206 0.985834 0.867309 0.999907
1.407973 0.941573 0.918377 0.967044 0.896049 0.992136 0.873100 1.006367
1.461028 0.947423 0.924044 0.973140 0.901936 0.998165 0.878536 1.012736
1.516083 0.952971 0.929346 0.978685 0.906965 1.003998 0.883635 1.018727
1.573212 0.958236 0.934316 0.983984 0.911944 1.009467 0.888415 1.024344
1.632493 0.963172 0.938911 0.989021 0.916623 1.014590 0.892892 1.029608
1.694009 0.967646 0.943229 0.993702 0.920999 1.019387 0.897085 1.034537
1.757842 0.971617 0.947406 0.998074 0.925094 1.023876 0.901007 1.039150
1.824081 0.975556 0.951236 1.002152 0.928954 1.028040 0.904676 1.043466
1.892816 0.979247 0.954801 1.005991 0.932575 1.031666 0.908105 1.047500
1.964141 0.982801 0.958234 1.009592 0.935959 1.035283 0.911310 1.051271
2.038154 0.986215 0.961340 1.012909 0.939120 1.038753 0.914303 1.054793
2.114955 0.989153 0.964277 1.016052 0.942071 1.041994 0.917097 1.058082
2.194651 0.991894 0.967058 1.018974 0.944826 1.044843 0.919704 1.061152
2.277350 0.994552 0.969578 1.021530 0.947386 1.047428 0.922137 1.064016
2.363165 0.997034 0.971977 1.023977 0.949710 1.050298 0.924406 1.066688
2.452213 0.999347 0.974128 1.026196 0.951857 1.052822 0.926521 1.069179
2.544617 1.001570 0.976140 1.028264 0.953846 1.055036 0.928493 1.071502
2.640503 1.003622 0.978010 1.030230 0.955731 1.057099 0.930330 1.073666
2.740003 1.005499 0.979754 1.032123 0.957521 1.059021 0.932042 1.075683
2.843251 1.007221 0.981448 1.033884 0.959047 1.060744 0.933637 1.077562
2.950391 1.008811 0.983084 1.035474 0.960681 1.062332 0.935122 1.079311
3.061567 1.010294 0.984594 1.036987 0.962101 1.063811 0.936504 1.080941
3.176933 1.011609 0.985831 1.038396 0.963419 1.065187 0.937791 1.082457
3.296646 1.012867 0.986988 1.039689 0.964646 1.066468 0.938989 1.083869
3.420870 1.014097 0.988129 1.040873 0.965797 1.067746 0.940104 1.085183
3.549775 1.015244 0.989259 1.042030 0.966894 1.068988 0.941141 1.086406
3.683537 1.016311 0.990311 1.043106 0.967915 1.070142 0.942106 1.087543
3.822340 1.017286 0.991289 1.044158 0.968865 1.071217 0.943004 1.088601
3.966373 1.018170 0.992181 1.045173 0.969748 1.072216 0.943839 1.089586
4.115834 1.018986 0.992938 1.046024 0.970569 1.073134 0.944615 1.090501
4.270926 1.019745 0.993641 1.046894 0.971333 1.073945 0.945337 1.091352
4.431863 1.020450 0.994295 1.047641 0.971988 1.074698 0.946009 1.092144
4.598864 1.021106 0.994970 1.048291 0.972590 1.075346 0.946633 1.092880
4.772158 1.021715 0.995631 1.048895 0.973149 1.075945 0.947213 1.093564
4.951983 1.022282 0.996245 1.049457 0.973670 1.076502 0.947753 1.094200
5.138583 1.022809 0.996815 1.050008 0.974153 1.077019 0.948254 1.094792
5.332215 1.023299 0.997346 1.050546 0.974612 1.077500 0.948720 1.095341
5.533143 1.023754 0.997839 1.051046 0.975055 1.077947 0.949153 1.095852
5.741642 1.024177 0.998298 1.051511 0.975468 1.078372 0.949556 1.096327
5.957999 1.024570 0.998702 1.051943 0.975851 1.078828 0.949930 1.096768
6.182508 1.024935 0.999034 1.052341 0.976207 1.079252 0.950278 1.097178
6.415476 1.025280 0.999342 1.052683 0.976538 1.079646 0.950601 1.097559
6.657224 1.025608 0.999628 1.053000 0.976845 1.080011 0.950901 1.097913
6.908081 1.025913 0.999894 1.053294 0.977131 1.080351 0.951180 1.098242
7.168391 1.026196 1.000142 1.053568 0.977397 1.080667 0.951439 1.098548
7.438510 1.026450 1.000371 1.053823 0.977643 1.080961 0.951680 1.098832
7.718807 1.026679 1.000584 1.054059 0.977872 1.081233 0.951904 1.099096
8.009667 1.026892 1.000783 1.054278 0.978085 1.081487 0.952112 1.099341
8.311487 1.027090 1.000967 1.054482 0.978283 1.081722 0.952305 1.099569
8.624680 1.027273 1.001138 1.054681 0.978467 1.081941 0.952484 1.099780
8.949674 1.027444 1.001297 1.054867 0.978637 1.082144 0.952651 1.099977
9.286915 1.027609 1.001444 1.055040 0.978796 1.082327 0.952806 1.100160
9.636864 1.027775 1.001581 1.055200 0.978943 1.082488 0.952949 1.100329
10.000000 1.027930 1.001709 1.055349 0.979080 1.082638 0.953083 1.100487
