0.001000 4928.882567 1065.067741 18529.372348 215.228401 30631.764949 88.043558 38294.710390
0.001038 4817.338263 1047.941868 17906.487601 214.504531 29551.443816 87.602922 36929.834400
0.001077 4710.836620 1028.937176 17304.535972 213.783071 28509.207921 87.164487 35613.598195
0.001117 4655.792402 1018.349078 16722.817994 213.123675 27503.712731 86.728240 34344.274879
0.001159 4590.130038 1008.393724 16250.645669 212.811441 26533.662282 86.294174 33120.189332
0.001203 4478.526297 998.535441 15750.067927 212.499648 25597.807271 85.862277 31939.730938
0.001248 4369.635456 988.773165 15209.011633 212.188265 24694.942654 85.432546 30801.344539
0.001296 4265.339744 979.106044 14750.048393 211.877308 23821.336925 85.004960 29703.531265
0.001344 4193.730304 969.533080 14306.214925 210.910112 22962.724580 84.579510 28644.843387
0.001395 4121.885442 960.053321 13875.731975 209.403802 22135.055643 84.156192 27623.888642
0.001448 4051.268088 950.665955 13447.139104 208.097440 21337.214861 83.734993 26639.320693
0.001502 3997.464108 941.369945 13031.339846 207.397378 20580.272705 83.315894 25689.843639
0.001559 3916.717795 931.422224 12690.625112 206.699646 19854.202203 82.898900 24774.207360
0.001617 3846.571463 913.462371 12296.865998 206.004244 19153.740541 82.483990 23891.205139
0.001678 3780.656386 901.279854 11991.855514 205.311170 18477.984806 82.071156 23039.674373
0.001742 3715.866588 886.408922 11596.764586 204.620407 17826.063445 81.660391 22218.493488
0.001807 3639.739214 871.783321 11204.988241 203.931958 17197.135973 81.251681 21426.580493
0.001875 3567.733223 857.398989 10845.201069 203.245805 16590.391141 80.845022 20662.893090
0.001946 3515.932652 846.101859 10487.885128 202.508090 16005.046946 80.440405 19926.425094
0.002019 3446.294219 838.227503 10125.706084 201.255220 15442.225726 80.037813 19216.206656
0.002095 3392.430165 830.425795 9770.766799 200.010088 14900.895532 79.637243 18531.302345
0.002174 3337.595778 822.696044 9428.269875 198.772656 14378.208829 79.238683 17870.809631
0.002256 3277.305094 816.585312 9104.623708 197.542868 13866.509213 78.842126 17233.859368
0.002341 3210.076499 815.329484 8812.075600 196.320688 13373.827359 78.447562 16619.611918
0.002430 3144.675447 803.791199 8531.964431 195.106065 12901.935092 78.054982 16027.258836
0.002521 3078.707336 791.078368 8256.630227 193.898955 12446.687158 77.664379 15456.019781
0.002616 3017.270956 778.566526 7997.010546 192.699315 12007.496553 77.275742 14905.142289
0.002715 2972.846550 766.506396 7747.627231 191.507101 11583.796983 76.889065 14373.901032
0.002817 2907.152265 761.126429 7502.211412 190.322271 11175.042055 76.504341 13861.596011
0.002923 2868.167490 759.781851 7265.913648 189.453447 10780.704783 76.121559 13367.552900
0.003033 2834.470746 749.263834 7034.613465 188.235414 10400.276626 75.740713 12891.120599
0.003148 2798.668022 746.718234 6815.857298 187.025231 10033.267082 75.361796 12431.671892
0.003266 2753.540018 737.901742 6601.333516 185.822847 9679.202880 74.984800 11988.601471
0.003389 2699.420576 724.937994 6393.519161 184.628217 9337.627494 74.609719 11561.326050
0.003517 2646.346938 712.201949 6192.202892 183.441295 9008.100492 74.236545 11149.282597
0.003650 2591.244808 702.425091 6001.016454 182.262037 8690.196970 73.865273 10751.928620
0.003787 2535.702485 701.562733 5808.251422 181.104332 8383.506989 73.495895 10368.740665
0.003930 2480.077275 700.694416 5630.108824 180.732807 8087.635119 73.128406 9999.214133
0.004078 2444.093006 688.621896 5447.915745 180.655386 7809.456249 72.762801 9642.862341
0.004232 2395.938526 686.296101 5273.696151 180.577979 7542.858873 72.399075 9299.215902
0.004391 2359.407416 680.162901 5097.718419 180.500591 7297.284610 72.037222 8967.822245
0.004557 2317.063692 668.965005 4937.514273 180.423223 7042.201865 71.677237 8648.244930
0.004728 2265.429488 663.762108 4776.467331 180.345879 6795.242461 71.319119 8340.063034
0.004906 2212.375895 657.552515 4618.907285 180.268561 6556.938014 70.962861 8042.870672
0.005091 2161.512548 645.217319 4487.676552 180.191274 6326.985261 70.608461 7756.276426
0.005283 2105.535650 638.795109 4341.702667 180.114022 6105.091595 70.255917 7479.902869
0.005482 2060.106810 629.618424 4213.233232 180.036809 5892.457271 69.905227 7213.385985
0.005689 2021.933821 620.573872 4081.364931 179.145796 5717.211644 69.556388 6956.374765
0.005903 1984.907237 611.659587 3946.561165 178.063213 5522.737994 69.209399 6708.530722
0.006126 1939.478106 607.473948 3828.637048 176.987350 5328.964398 68.864262 6469.527431
0.006356 1904.921610 606.656417 3705.686386 175.918186 5141.466918 68.520974 6239.050150
0.006596 1867.724827 597.680169 3599.624469 174.855698 4960.562402 68.179539 6016.795309
0.006844 1828.169888 594.128721 3478.742761 173.799868 4801.830398 67.839957 5802.470210
0.007102 1788.974369 584.286962 3373.409133 172.750679 4628.590068 67.502231 5595.792583
0.007370 1761.175153 577.024691 3270.982071 171.708115 4461.591542 67.166365 5396.490232
0.007648 1728.126749 571.609329 3179.517334 170.672162 4300.610293 66.832364 5204.300683
0.007936 1691.782705 566.855865 3064.375654 169.642810 4156.149537 66.500232 5018.970821
0.008235 1657.971514 559.820133 2987.863829 168.620050 4025.037560 66.169976 4840.256562
0.008545 1621.350507 550.468502 2887.182429 168.232249 3884.919541 65.841605 4667.922562
0.008867 1579.697194 540.173818 2817.812019 168.066242 3760.366959 65.515126 4501.741849
0.009201 1537.584606 534.996852 2718.580652 167.399814 3639.761349 65.190551 4341.495569
0.009548 1504.222588 532.261428 2643.175784 166.121858 3522.976214 64.867892 4186.972698
0.009908 1480.219688 526.345196 2551.555892 165.439521 3418.537728 64.547161 4037.969730
0.010281 1449.576610 520.198426 2471.353952 164.086278 3308.344185 64.228373 3894.290439
0.010669 1415.304971 512.139279 2386.420778 163.450806 3198.516018 63.911546 3755.654968
0.011071 1382.210244 503.365341 2332.259031 163.423511 3096.850572 63.596697 3620.986454
0.011488 1347.501231 493.573602 2267.300318 163.395906 2991.012886 63.283847 3491.169398
0.011921 1314.263752 485.530760 2196.204585 163.367977 2895.904779 62.973019 3366.030131
0.012370 1286.015703 477.430317 2125.029710 163.339706 2802.644925 62.664238 3245.401239
0.012836 1257.335693 471.102716 2058.750482 163.311074 2712.328927 62.357532 3129.121343
0.013320 1231.228189 464.054375 1989.451210 163.282064 2624.862475 62.052930 3017.034889
0.013822 1203.572936 455.044042 1923.424193 163.252654 2540.154320 61.750466 2908.991927
0.014343 1174.257421 449.497308 1874.460520 163.222825 2458.116187 61.450175 2804.847923
0.014883 1139.670794 444.288249 1816.942177 163.192552 2372.247715 61.152096 2704.463556
0.015444 1116.530047 441.262158 1768.597718 163.161813 2288.024583 60.856274 2607.704539
0.016026 1087.943223 436.049706 1715.194045 162.226201 2207.259429 60.562752 2514.441436
0.016630 1065.159381 429.286413 1665.022518 160.543568 2141.180284 60.271584 2424.549486
0.017256 1047.324186 423.009064 1611.562587 158.445893 2066.198017 59.982822 2337.908444
0.017907 1022.828891 419.176134 1566.482124 156.378107 2003.607925 59.696526 2254.402412
0.018581 995.707453 413.235433 1517.214410 154.339963 1938.500220 59.412762 2173.919687
0.019281 975.438878 405.744470 1472.362622 152.331226 1879.253253 59.131597 2096.352617
0.020008 955.555585 400.568450 1421.602818 150.351678 1825.818996 58.853107 2021.597445
0.020762 932.154978 393.034683 1381.012163 148.401112 1764.522254 58.577375 1949.554184
0.021544 910.825153 386.575012 1336.417614 146.479335 1703.993449 58.375063 1880.126473
0.022356 888.487425 378.780764 1297.710654 145.657467 1645.270687 58.200834 1818.028937
0.023199 866.450345 374.522783 1263.839012 145.139775 1588.334352 58.028895 1759.980637
0.024073 847.310314 370.315329 1221.301376 143.783372 1536.506456 57.859366 1702.785675
0.024980 823.268119 366.158051 1182.868800 141.841226 1488.530096 57.692380 1647.934989
0.025921 800.372539 360.029335 1147.168922 140.340028 1439.517778 57.528078 1594.167298
0.026898 779.837550 354.829124 1111.569442 139.523818 1395.290085 57.366614 1541.556549
0.027911 760.710479 346.267498 1078.022534 139.121649 1351.615027 57.208152 1490.166048
0.028963 735.216484 342.704197 1042.127317 138.813045 1305.152174 57.052868 1440.048551
0.030055 716.146553 338.912785 1008.770391 138.510896 1265.255374 56.900953 1391.246517
0.031187 695.236416 334.856813 977.677108 138.215612 1226.583487 56.752610 1343.792516
0.032362 678.989756 328.212579 950.466171 137.927629 1188.723162 56.608061 1297.709757
0.033582 662.248195 321.816191 917.629523 137.647419 1148.622967 56.467541 1253.012709
0.034847 643.889028 316.512468 887.499133 137.175970 1108.887216 56.331306 1209.707815
0.036160 625.349573 310.845409 860.470789 136.004433 1071.507989 56.199630 1167.794246
0.037523 608.349032 307.329819 831.011287 134.853520 1034.843306 56.072806 1127.264689
0.038937 592.697061 304.492399 806.410863 133.723688 1001.821517 55.951153 1088.106149
0.040404 577.703332 298.343255 779.585793 132.579412 970.645217 55.835011 1050.300736
0.041927 561.694243 292.037239 756.449837 131.311534 936.547504 55.724746 1016.266459
0.043507 546.672614 287.654950 735.914527 130.033294 903.735855 55.620755 983.262297
0.045146 531.004703 281.224586 710.834754 128.436040 872.529732 55.523461 951.139250
0.046847 515.455628 275.507686 689.075452 126.873923 843.523176 55.433321 919.913612
0.048612 499.813628 271.906012 667.063954 125.347303 815.509500 55.350828 889.597654
0.050444 486.030813 268.931538 647.538480 123.856588 788.463819 55.276510 860.199730
0.052345 470.717149 265.865352 628.215463 122.402239 762.362059 55.210938 831.724426
0.054317 457.507995 263.570130 609.577629 120.984774 737.180903 55.154725 804.172771
0.056364 444.289346 260.318947 590.622021 119.604769 712.897731 55.108531 777.542471
0.058488 432.166541 256.929228 571.144618 118.124358 690.238821 55.073067 751.828190
0.060692 419.909006 252.090986 552.414012 116.959760 668.672420 55.049099 727.021844
0.062979 408.383010 248.752346 537.420814 116.351576 647.733357 55.037452 703.112915
0.065352 397.961334 246.021353 521.536793 115.906349 627.432564 55.039016 680.088773
0.067815 387.070179 241.420324 506.396201 115.483862 607.553757 55.054747 657.934993
0.070370 377.103953 238.424840 492.062069 115.085387 587.881411 55.085680 636.635670
0.073022 366.746554 235.348219 476.537924 114.712288 569.005249 55.132926 616.173723
0.075774 355.805138 232.384902 463.264062 114.340066 550.903953 55.197688 596.531175
0.078629 346.159145 227.579791 449.557569 113.981799 533.649538 55.281260 577.689428
0.081592 336.610271 224.550538 436.008613 113.506039 517.196362 55.385041 560.419922
0.084666 327.112349 223.254349 422.860978 113.386243 501.474800 55.510539 544.078135
0.087857 318.776871 220.570319 411.752244 113.153743 486.529365 55.659386 528.325320
0.091167 310.477117 216.322851 400.682662 112.968254 472.108973 55.833340 513.160285
0.094603 302.737417 213.260928 389.162114 112.832644 458.660960 56.034307 498.581171
0.098168 295.290816 211.561441 379.595783 112.722262 445.482979 56.264341 484.585463
0.101867 287.865412 209.022213 368.989772 112.425231 432.851908 56.525670 471.170035
0.105705 280.831903 203.913423 360.793440 112.191452 421.307091 56.820701 458.331194
0.109688 274.673167 202.156119 351.223461 112.024513 410.638250 57.152040 446.064747
0.113822 267.917191 199.162128 341.951990 111.928278 399.745303 57.522513 434.366075
0.118111 262.663921 195.527849 333.354836 111.383140 389.719394 57.935178 423.230217
0.122561 256.379069 193.349133 325.473984 110.582778 379.788424 58.393355 412.651962
0.127180 251.184682 191.409557 317.899689 110.801762 370.399442 58.900643 402.625948
0.131972 246.386844 188.383869 311.651858 110.972349 361.643182 59.460949 393.146768
0.136945 241.391481 186.144119 304.752098 110.635846 353.761599 60.078518 384.209068
0.142105 236.912208 184.948086 298.479788 110.393040 346.328652 60.757960 375.807664
0.147460 232.580889 182.436240 292.545680 110.383974 339.345881 61.504291 367.937644
0.153017 228.170021 179.712304 287.033032 110.782867 332.814724 62.322966 360.594474
0.158783 224.514972 178.626119 281.935579 110.507137 326.634800 63.143206 353.774108
0.164766 220.797876 177.108873 277.119268 111.006867 321.113074 63.677054 347.473089
0.170975 217.909907 175.812293 272.596192 112.282284 315.945822 64.292550 341.688648
0.177417 215.010329 174.326776 268.992613 113.981317 312.504456 64.995625 336.418806
0.184103 212.491815 172.936806 265.499966 114.750208 308.908805 65.792736 331.662468
0.191040 209.933980 171.716720 262.161818 115.874372 305.094050 66.690921 327.419520
0.198239 207.985692 170.164231 260.290255 117.386236 301.750165 67.697846 323.690917
0.205709 206.726008 169.117221 258.221657 118.959922 298.881406 68.821876 320.478781
0.213460 205.968715 168.984935 256.765946 119.400973 296.492962 70.072141 317.786486
0.221504 204.927056 169.218251 255.437755 120.137077 294.721495 71.458606 315.618757
0.229851 204.565198 169.332558 254.190562 122.510695 293.461714 72.992162 313.981760
0.238512 204.355846 169.559522 253.626654 125.082943 292.677829 74.684710 312.883200
0.247499 204.254446 170.159763 254.189322 127.867505 292.205867 76.549265 312.332419
0.256826 204.376654 170.723063 254.515858 130.630795 292.152661 78.600067 312.340501
0.266503 204.996676 171.622438 255.863366 133.512547 292.687098 80.852697 312.920382
0.276546 206.268122 172.529872 257.210929 136.642608 293.909816 83.324213 315.831938
0.286967 207.652481 173.954196 258.549938 140.037202 295.656883 86.258237 320.326142
0.297780 210.371944 175.725563 261.237361 143.713587 297.911592 89.715705 322.985781
0.309001 213.327032 178.117529 263.828100 147.690118 301.295328 93.490198 326.111506
0.320645 216.319366 180.755555 267.598884 151.702797 305.342756 97.611206 329.918211
0.332727 219.887197 184.199144 271.525064 156.622894 309.815372 102.111133 334.433372
0.345265 223.614145 187.302490 276.231859 161.621928 315.117877 107.025584 339.687360
0.358275 227.839882 191.167119 281.335938 166.394776 320.812571 112.393684 345.713625
0.371776 232.649839 196.028980 287.048461 171.635347 327.207836 117.885382 352.548880
0.385785 238.348517 200.879090 293.940909 175.344795 334.395302 122.818394 360.233313
0.400322 244.360960 206.527520 301.210737 179.484511 342.518532 128.209278 368.810799
0.415407 251.149757 212.440569 309.041109 186.705017 351.532347 134.096907 378.329130
0.431060 258.421025 218.529761 317.706523 193.237865 361.530067 140.523741 388.840264
0.447304 266.913526 225.571701 326.996155 199.087432 373.455402 147.536141 400.440273
0.464159 275.979027 233.798105 338.096808 207.080638 385.362667 155.514443 415.118025
0.481649 286.240733 242.123037 350.416377 214.086914 398.605247 164.906027 430.912952
0.499799 297.190078 250.790954 363.209037 222.930539 413.233476 175.161918 447.899014
0.518632 308.499647 260.720704 376.857280 231.637673 429.127285 186.361784 466.155534
0.538175 321.756356 272.297141 392.173350 242.575295 446.373606 198.592608 486.340970
0.558455 335.462051 284.565789 408.749943 253.819605 465.065673 211.949294 508.756978
0.579498 349.911069 297.323525 427.904893 264.682693 484.719314 226.535323 533.111231
0.601335 366.138691 311.102661 447.518481 276.343929 507.194391 242.463434 561.841165
0.623994 382.650291 325.890296 468.511483 289.057375 530.853462 259.856360 592.834742
0.647508 401.339137 341.906354 490.895790 303.146322 556.404227 278.847590 626.251098
0.671907 421.081817 358.520116 514.899931 319.663777 583.979191 296.581690 662.259791
0.697226 442.332567 376.490815 541.808199 336.395404 613.720499 311.134237 701.041383
0.723499 467.534191 396.844451 570.649136 353.941579 645.780610 326.790065 742.788045
0.750762 492.293820 418.016374 601.386333 372.977055 680.323020 345.992876 787.704220
0.779052 518.590045 440.739753 631.992213 394.506717 717.523025 365.507425 831.567262
0.808408 547.816371 465.116781 668.530070 417.586408 757.463306 385.138785 877.477777
0.838870 578.827555 491.095671 705.378645 441.213515 798.679651 406.209978 926.788139
0.870480 612.627416 519.274356 745.516451 465.129403 842.699807 428.815762 979.736556
0.903282 648.590150 549.552391 789.406440 493.798091 889.873271 453.056970 1036.577184
0.937319 688.064248 581.651705 836.592802 522.305453 940.402918 479.040830 1097.581066
0.972639 728.902759 615.873671 889.792666 553.152912 994.584314 506.881294 1163.037121
1.009290 772.980555 652.721347 943.698380 585.253481 1057.140535 536.699381 1233.253197
1.047322 821.686249 692.338188 1001.447806 619.294181 1120.336336 568.623531 1305.855317
1.086787 871.561117 734.338183 1063.767232 655.820376 1194.806820 602.789970 1377.665745
1.127740 926.549036 780.483947 1129.502348 695.186874 1273.354418 639.343086 1481.455770
1.170235 985.492724 828.921993 1200.633254 737.430146 1352.111921 678.435814 1593.217108
1.214332 1048.085141 882.060488 1276.227051 784.686985 1436.378859 720.230033 1713.478544
1.260090 1115.114550 936.420505 1357.356540 832.571885 1526.924671 764.896971 1834.688686
1.307573 1186.224073 994.703369 1438.226027 883.194479 1624.816040 812.617620 1914.327592
1.356845 1260.161160 1057.636474 1518.763523 938.742224 1733.021863 863.583153 1989.365741
1.407973 1332.462587 1122.830772 1612.377713 998.964252 1840.666442 917.995351 2060.154396
1.461028 1411.509400 1192.617538 1710.528976 1063.335180 1955.983145 976.067037 2127.009875
1.516083 1489.921918 1266.356228 1815.336833 1124.075748 2085.526505 1038.022507 2250.700917
1.573212 1572.666059 1343.748926 1908.543141 1185.857444 2222.025842 1104.097966 2401.128762
1.632493 1657.642683 1421.210256 2020.725994 1260.045832 2371.371919 1167.847948 2559.010686
1.694009 1756.782099 1505.845901 2132.757848 1320.108833 2521.649471 1205.626130 2721.621426
1.757842 1848.885273 1582.789434 2258.397720 1379.036774 2676.614062 1227.010784 2924.166647
1.824081 1949.575940 1665.586676 2396.532971 1435.506642 2843.540901 1247.261851 3147.848307
1.892816 2057.578785 1746.929881 2514.054347 1475.818399 3007.956809 1266.452663 3387.695145
1.964141 2167.403129 1832.142071 2650.634926 1508.995548 3187.561274 1284.674989 3644.679233
2.038154 2273.360343 1902.503792 2803.071505 1542.046013 3391.631106 1304.918820 3899.538537
2.114955 2398.388783 1984.245507 2957.188383 1574.252346 3575.415937 1324.257152 4189.615022
2.194651 2512.490625 2052.969364 3119.877446 1605.646413 3756.490626 1342.738841 4503.823547
2.277350 2628.045548 2121.348814 3299.163165 1639.512188 3984.936786 1360.409066 4839.648444
2.363165 2759.176696 2182.018376 3478.025772 1675.202940 4238.615054 1377.309703 5190.550647
2.452213 2896.689044 2231.897351 3688.473932 1704.290277 4519.954160 1393.479651 5583.487424
2.544617 3040.647524 2277.534307 3884.808680 1726.350947 4818.441420 1408.955121 5959.920697
2.640503 3190.895281 2328.980628 4087.975364 1754.862502 5092.439083 1423.769900 6310.457409
2.740003 3327.778139 2363.271336 4322.398732 1778.449533 5365.690059 1437.955571 6636.977055
2.843251 3462.357850 2402.193450 4525.894433 1807.623360 5629.721349 1451.541720 6941.210368
2.950391 3605.184280 2434.986128 4723.199144 1831.069577 5949.894385 1464.556113 7224.752572
3.061567 3726.600236 2473.713121 4936.525530 1855.835009 6317.816955 1477.024857 7489.075296
3.176933 3859.599406 2512.377845 5192.931476 1880.416699 6702.093368 1488.972544 7774.439712
3.296646 3991.081643 2549.635554 5473.925453 1899.056755 7067.973471 1500.422371 8176.205097
3.420870 4099.935373 2584.787527 5742.988783 1918.087996 7497.891483 1511.396259 8702.979479
3.549775 4211.154323 2614.217836 6046.047217 1930.042378 7923.516953 1521.914951 9260.977732
3.683537 4298.912659 2647.501759 6375.592292 1949.845291 8273.106397 1531.998106 9851.809071
3.822340 4371.228202 2685.674751 6695.846442 1964.769040 8716.360282 1541.664372 10477.142299
3.966373 4454.189706 2703.507020 6994.542317 1979.091606 9126.564117 1550.931468 11019.099047
4.115834 4531.534345 2732.979051 7321.580926 1992.837927 9551.314517 1559.816241 11545.067960
4.270926 4628.634329 2761.404142 7616.992459 2006.031749 9899.558860 1568.334734 12248.633085
4.431863 4700.237049 2785.648194 7917.536448 2018.695704 10323.543849 1576.502230 12990.688489
4.598864 4770.046206 2805.403991 8270.839245 2030.851381 10823.249136 1584.333306 13769.268874
4.772158 4846.850020 2830.996172 8669.588096 2042.519394 11341.049730 1591.841875 14525.791471
4.951983 4898.313875 2847.271445 8933.465893 2053.719438 12021.649321 1599.041228 15241.117899
5.138583 4972.568544 2862.942444 9268.861262 2064.470342 12688.592070 1603.395606 15917.552695
5.332215 5066.691773 2877.274046 9590.152552 2074.790123 13451.856668 1605.597950 16557.263935
5.533143 5139.461447 2894.248029 9992.542959 2084.696027 14038.473170 1607.644367 17305.465407
5.741642 5202.037978 2926.045500 10319.759368 2093.398287 14426.654216 1609.546062 18187.060005
5.957999 5271.457931 2939.800202 10624.395283 2097.117608 15015.279013 1611.313412 19028.282363
6.182508 5360.696976 2956.310297 11014.208213 2100.614179 15599.996067 1612.956031 19831.031393
6.415476 5410.768753 2964.649176 11347.344080 2110.460745 16410.951744 1614.482828 20624.420485
6.657224 5467.226932 2998.683145 11561.334334 2116.361965 17047.373687 1615.902062 21629.882282
6.908081 5530.545953 3016.534226 11777.692139 2123.752224 17739.020297 1617.221390 22794.474281
7.168391 5592.917789 3033.783835 12058.233526 2130.824562 18366.522270 1618.447912 24050.871129
7.438510 5649.209755 3047.948344 12338.655494 2137.592538 19229.949409 1619.588217 25361.877070
7.718807 5708.701898 3065.461550 12508.555945 2141.580786 20037.257511 1620.648415 26552.307203
8.009667 5774.475603 3078.844142 12819.761999 2143.521762 20912.488444 1621.634179 27606.247270
8.311487 5807.618094 3091.758708 13044.769615 2145.331408 21782.972612 1622.550771 28608.926861
8.624680 5867.640787 3105.187702 13264.739479 2147.018665 22317.855836 1623.403079 29562.869155
8.949674 5920.544070 3118.815704 13417.255409 2148.591859 23178.381722 1624.195640 30532.675304
9.286915 5954.197571 3139.908912 13586.617350 2150.058743 24167.241544 1624.932665 32214.399802
9.636864 6024.512581 3158.785935 13751.477665 2151.426537 25014.354282 1625.618068 33972.833541
10.000000 6073.742690 3171.845183 13911.956365 2152.701964 25730.135231 1626.255481 35810.264408
