0.010000 7.680065 7.342014 8.042339 7.027115 8.385584 6.787708 8.626050
0.012068 7.663768 7.326740 8.023837 7.012500 8.366402 6.774220 8.605828
0.014563 7.640161 7.304614 7.997044 6.991327 8.338514 6.754677 8.576548
0.017575 7.604656 7.272584 7.958972 6.960723 8.298168 6.726379 8.534192
0.021210 7.553877 7.226205 7.904232 6.917733 8.239798 6.685392 8.472927
0.025595 7.482030 7.156108 7.825781 6.853745 8.155987 6.627469 8.384985
0.030888 7.378516 7.060367 7.713479 6.766067 8.036377 6.544796 8.259532
0.037276 7.229875 6.922153 7.552197 6.637915 7.866501 6.426896 8.081467
0.044984 7.023362 6.728319 7.329293 6.461114 7.628438 6.257659 7.832341
0.054287 6.738452 6.462534 7.021997 6.218055 7.296791 6.020803 7.490043
0.065513 6.352656 6.102137 6.608504 5.885620 6.849683 5.699978 7.030399
0.079060 5.847157 5.628236 6.071891 5.439737 6.276426 5.275169 6.449837
0.095410 5.216009 5.032719 5.392775 4.871609 5.562181 4.738017 5.725779
0.115140 4.464796 4.324676 4.601894 4.195943 4.732645 4.083731 4.865680
0.138950 3.631853 3.529571 3.730366 3.425086 3.829422 3.335066 3.932888
0.167683 2.780361 2.708211 2.845774 2.635180 2.920706 2.571520 2.986464
0.202359 1.988083 1.938390 2.035958 1.889837 2.083073 1.855376 2.119309
0.244205 1.326640 1.291365 1.359237 1.252914 1.392995 1.227399 1.416121
0.294705 0.827852 0.803969 0.850857 0.779149 0.875359 0.757165 0.891176
0.355648 0.485204 0.469198 0.500541 0.453653 0.515099 0.439009 0.527190
0.429193 0.268785 0.258950 0.278311 0.249010 0.286953 0.240549 0.295147
0.517947 0.143509 0.137919 0.148872 0.132289 0.153878 0.127184 0.159285
0.625055 0.074006 0.070946 0.076951 0.067977 0.079685 0.065081 0.082806
0.754312 0.037059 0.035463 0.038601 0.033943 0.040097 0.032393 0.041707
0.910298 0.018234 0.017432 0.019035 0.016664 0.019781 0.015877 0.020618
1.098541 0.008907 0.008503 0.009299 0.008126 0.009675 0.007730 0.010099
1.325711 0.004289 0.004091 0.004480 0.003907 0.004665 0.003714 0.004872
1.599859 0.002039 0.001945 0.002131 0.001856 0.002221 0.001763 0.002320
1.930698 0.000977 0.000931 0.001021 0.000889 0.001065 0.000844 0.001112
2.329952 0.000465 0.000443 0.000486 0.000422 0.000507 0.000401 0.000529
2.811769 0.000219 0.000209 0.000229 0.000199 0.000239 0.000189 0.000250
3.393222 0.000104 0.000099 0.000108 0.000094 0.000113 0.000089 0.000118
4.094915 0.000049 0.000047 0.000051 0.000045 0.000054 0.000042 0.000056
4.941713 0.000023 0.000022 0.000024 0.000021 0.000025 0.000020 0.000026
5.963623 0.000011 0.000010 0.000011 0.000010 0.000012 0.000009 0.000012
7.196857 0.000005 0.000005 0.000005 0.000005 0.000006 0.000004 0.000006
8.685114 0.000002 0.000002 0.000003 0.000002 0.000003 0.000002 0.000003
10.481131 0.000001 0.000001 0.000001 0.000001 0.000001 0.000001 0.000001
12.648552 0.000000 0.000000 0.000000 0.000000 0.000000 0.000000 0.000000
15.264180 0.000000 0.000000 0.000000 0.000000 0.000000 0.000000 0.000000
18.420700 0.000000 0.000000 0.000000 0.000000 0.000000 0.000000 0.000000
22.229965 0.000000 0.000000 0.000000 0.000000 0.000000 0.000000 0.000000
26.826958 0.000000 0.000000 0.000000 0.000000 0.000000 0.000000 0.000000
32.374575 0.000000 0.000000 0.000000 0.000000 0.000000 0.000000 0.000000
39.069399 0.000000 0.000000 0.000000 0.000000 0.000000 0.000000 0.000000
47.148664 0.000000 0.000000 0.000000 0.000000 0.000000 0.000000 0.000000
56.898660 0.000000 0.000000 0.000000 0.000000 0.000000 0.000000 0.000000
68.664885 0.000000 0.000000 0.000000 0.000000 0.000000 0.000000 0.000000
82.864277 0.000000 0.000000 0.000000 0.000000 0.000000 0.000000 0.000000
100.000000 0.000000 0.000000 0.000000 0.000000 0.000000 0.000000 0.000000
