0.010000 0.001600 0.000290 0.006882 0.000049 0.044099 0.000002 0.206953
0.012068 0.001912 0.000354 0.008051 0.000060 0.051817 0.000003 0.226249
0.014563 0.002310 0.000440 0.009599 0.000076 0.061798 0.000003 0.245909
0.017575 0.002801 0.000547 0.011273 0.000092 0.073402 0.000004 0.265708
0.021210 0.003394 0.000689 0.013118 0.000111 0.084357 0.000005 0.285412
0.025595 0.004113 0.000855 0.015488 0.000135 0.093670 0.000006 0.304794
0.030888 0.004977 0.001055 0.018199 0.000163 0.109118 0.000008 0.323639
0.037276 0.006008 0.001321 0.021340 0.000197 0.121967 0.000009 0.337824
0.044984 0.007177 0.001629 0.025050 0.000237 0.136446 0.000011 0.348931
0.054287 0.008727 0.002037 0.029104 0.000287 0.153243 0.000014 0.365438
0.065513 0.010496 0.002541 0.033902 0.000346 0.170053 0.000017 0.380468
0.079060 0.012446 0.003132 0.039637 0.000417 0.184240 0.000021 0.393998
0.095410 0.014800 0.003800 0.046117 0.000493 0.199029 0.000026 0.406343
0.115140 0.017497 0.004690 0.054641 0.000592 0.216594 0.000031 0.427008
0.138950 0.021225 0.005661 0.063616 0.000700 0.242570 0.000038 0.439303
0.167683 0.024950 0.006844 0.072567 0.000826 0.253085 0.000047 0.449865
0.202359 0.029621 0.008409 0.085160 0.000974 0.263428 0.000057 0.466327
0.244205 0.035306 0.009998 0.094540 0.001218 0.276311 0.000069 0.480185
0.294705 0.041689 0.011889 0.107512 0.001497 0.291739 0.000084 0.491247
0.355648 0.048638 0.014220 0.121722 0.001840 0.304174 0.000101 0.498121
0.429193 0.056517 0.017106 0.136245 0.002255 0.320882 0.000122 0.503660
0.517947 0.065133 0.020040 0.152549 0.002712 0.342261 0.000146 0.508102
0.625055 0.074738 0.023763 0.169814 0.003072 0.360384 0.000174 0.511648
0.754312 0.084935 0.026673 0.186764 0.003365 0.373413 0.000207 0.514470
0.910298 0.097253 0.030094 0.204304 0.003743 0.384768 0.000244 0.516711
1.098541 0.111051 0.033236 0.220792 0.004094 0.401869 0.000286 0.518486
1.325711 0.124068 0.037470 0.237823 0.004282 0.411786 0.000332 0.520880
1.599859 0.137130 0.041676 0.254958 0.004922 0.426478 0.000383 0.523929
1.930698 0.150079 0.045262 0.274060 0.005571 0.443227 0.000438 0.527881
2.329952 0.164925 0.049385 0.291908 0.006089 0.457919 0.000495 0.532680
2.811769 0.175975 0.052716 0.310011 0.006598 0.465002 0.000554 0.536532
3.393222 0.186235 0.056533 0.326128 0.007085 0.473023 0.000613 0.537666
4.094915 0.195888 0.059563 0.342000 0.007382 0.478092 0.000672 0.538174
4.941713 0.204692 0.062196 0.357187 0.007573 0.486145 0.000729 0.538576
5.963623 0.213252 0.064693 0.372997 0.007804 0.489403 0.000783 0.541174
7.196857 0.219851 0.066863 0.384923 0.008119 0.494697 0.000833 0.544648
8.685114 0.225394 0.068230 0.396314 0.008368 0.501804 0.000879 0.547448
10.481131 0.229396 0.070292 0.407909 0.008679 0.506871 0.000921 0.548573
12.648552 0.234809 0.071942 0.415299 0.008957 0.511955 0.000957 0.549187
15.264180 0.238850 0.073135 0.421431 0.009204 0.515793 0.000990 0.549672
18.420700 0.242687 0.073187 0.428351 0.009421 0.521040 0.001017 0.550057
22.229965 0.245597 0.073948 0.430217 0.009590 0.522903 0.001041 0.550360
26.826958 0.247325 0.075247 0.431649 0.009698 0.524417 0.001061 0.550600
32.374575 0.249618 0.076305 0.436477 0.009785 0.528119 0.001078 0.551426
39.069399 0.251736 0.076562 0.441274 0.009854 0.530247 0.001093 0.552675
47.148664 0.252551 0.077144 0.444562 0.009889 0.532790 0.001105 0.553761
56.898660 0.254681 0.077620 0.447822 0.009895 0.535115 0.001114 0.554707
68.664885 0.254864 0.078009 0.450571 0.009984 0.537109 0.001123 0.555529
82.864277 0.255022 0.078325 0.451615 0.010016 0.539046 0.001129 0.556243
100.000000 0.255448 0.078581 0.453313 0.010038 0.540518 0.001135 0.556864
