0.010000 0.002628 -0.011708 0.016433 -0.018778 0.030335 -0.019972 0.054831
0.012068 0.003380 -0.011164 0.017169 -0.018596 0.036652 -0.019841 0.065767
0.014563 0.004816 -0.010788 0.018511 -0.018237 0.043429 -0.019696 0.078698
0.017575 0.006142 -0.009879 0.020437 -0.017804 0.054509 -0.019613 0.092382
0.021210 0.007916 -0.008603 0.025139 -0.017103 0.065323 -0.019482 0.107894
0.025595 0.010489 -0.006931 0.032059 -0.016358 0.081663 -0.019384 0.125878
0.030888 0.014144 -0.004287 0.041937 -0.015671 0.099985 -0.019367 0.149548
0.037276 0.018847 -0.001666 0.054887 -0.014277 0.120138 -0.019576 0.176953
0.044984 0.025925 0.002521 0.072212 -0.012699 0.146635 -0.019781 0.207996
0.054287 0.037062 0.007335 0.096755 -0.010820 0.178690 -0.022754 0.242700
0.065513 0.055069 0.014150 0.129419 -0.009120 0.219882 -0.027505 0.280933
0.079060 0.080676 0.022142 0.169278 -0.006606 0.259808 -0.033137 0.321265
0.095410 0.118116 0.033700 0.222508 -0.002600 0.311768 -0.039043 0.366530
0.115140 0.162795 0.050255 0.294343 0.002521 0.377933 -0.052639 0.419844
0.138950 0.220662 0.074401 0.376063 0.008488 0.455733 -0.064202 0.510708
0.167683 0.289247 0.109728 0.456896 0.015886 0.553339 -0.085451 0.636412
0.202359 0.366614 0.155392 0.540481 0.023541 0.654325 -0.107235 0.749350
0.244205 0.447931 0.203410 0.623134 0.032646 0.747555 -0.126716 0.830069
0.294705 0.521829 0.261738 0.696802 0.043180 0.818448 -0.142527 0.886428
0.355648 0.582509 0.317725 0.758350 0.054748 0.866045 -0.154380 0.925701
0.429193 0.640981 0.360928 0.807369 0.061608 0.901912 -0.162746 0.951840
0.517947 0.682727 0.405205 0.844195 0.066026 0.929454 -0.168404 0.967587
0.625055 0.720298 0.435285 0.871743 0.067956 0.945899 -0.172121 0.975445
0.754312 0.752552 0.462772 0.890870 0.076305 0.958330 -0.176646 0.979910
0.910298 0.772090 0.481921 0.911206 0.082984 0.967357 -0.177819 0.982471
1.098541 0.788629 0.501424 0.921631 0.087668 0.973603 -0.178562 0.984406
1.325711 0.799607 0.508776 0.928062 0.091531 0.978306 -0.179031 0.986574
1.599859 0.807126 0.513337 0.932869 0.093966 0.981052 -0.179327 0.987888
1.930698 0.810587 0.517767 0.937568 0.095594 0.983803 -0.179512 0.988684
2.329952 0.814116 0.525889 0.941601 0.096665 0.985538 -0.179629 0.989165
2.811769 0.817126 0.530122 0.943927 0.097361 0.986500 -0.179702 0.989475
3.393222 0.820834 0.531679 0.946211 0.097810 0.987261 -0.179748 0.989655
4.094915 0.821944 0.531810 0.948047 0.098099 0.987933 -0.179776 0.989759
4.941713 0.823002 0.531889 0.949785 0.098284 0.988548 -0.179794 0.989818
5.963623 0.823424 0.531938 0.949912 0.098402 0.988935 -0.179806 0.989853
7.196857 0.823503 0.532346 0.950579 0.098478 0.989266 -0.179813 0.989872
8.685114 0.823677 0.536010 0.951070 0.098526 0.989476 -0.179817 0.989884
10.481131 0.824204 0.536019 0.951077 0.098557 0.989559 -0.179820 0.989890
12.648552 0.824753 0.536024 0.951080 0.098576 0.989659 -0.179822 0.989894
15.264180 0.825038 0.536027 0.952321 0.098589 0.989730 -0.179823 0.989896
18.420700 0.825241 0.536029 0.952327 0.098597 0.989780 -0.179824 0.989897
22.229965 0.825386 0.536030 0.952348 0.098602 0.989815 -0.179824 0.989898
26.826958 0.825490 0.536692 0.952912 0.098605 0.989840 -0.179824 0.989898
32.374575 0.825655 0.537247 0.952929 0.098607 0.989858 -0.179824 0.989899
39.069399 0.825655 0.537706 0.952941 0.098608 0.989870 -0.179825 0.989899
47.148664 0.825655 0.538084 0.952950 0.098609 0.989878 -0.179825 0.989899
56.898660 0.825682 0.538397 0.952956 0.098610 0.989885 -0.179825 0.989899
68.664885 0.825701 0.538655 0.952960 0.098610 0.989889 -0.179825 0.989899
82.864277 0.825715 0.538789 0.952963 0.098610 0.989892 -0.179825 0.989899
100.000000 0.825725 0.538795 0.952965 0.098610 0.989894 -0.179825 0.989899
