0.010000 0.000219 0.000100 0.000471 0.000056 0.000825 0.000039 0.000968
0.012068 0.000243 0.000112 0.000507 0.000070 0.000841 0.000050 0.000972
0.014563 0.000262 0.000121 0.000540 0.000082 0.000844 0.000062 0.000974
0.017575 0.000279 0.000128 0.000569 0.000090 0.000858 0.000072 0.000976
0.021210 0.000291 0.000134 0.000595 0.000096 0.000872 0.000081 0.000978
0.025595 0.000299 0.000141 0.000617 0.000100 0.000878 0.000088 0.000980
0.030888 0.000305 0.000146 0.000629 0.000101 0.000891 0.000092 0.000980
0.037276 0.000310 0.000148 0.000640 0.000103 0.000901 0.000094 0.000980
0.044984 0.000313 0.000151 0.000645 0.000105 0.000911 0.000096 0.000980
0.054287 0.000317 0.000151 0.000653 0.000106 0.000912 0.000097 0.000980
0.065513 0.000318 0.000152 0.000655 0.000106 0.000914 0.000098 0.000980
0.079060 0.000319 0.000152 0.000657 0.000107 0.000915 0.000099 0.000983
0.095410 0.000319 0.000153 0.000658 0.000107 0.000916 0.000100 0.000987
0.115140 0.000319 0.000153 0.000658 0.000107 0.000917 0.000100 0.000989
0.138950 0.000320 0.000154 0.000659 0.000107 0.000918 0.000100 0.000989
0.167683 0.000320 0.000154 0.000660 0.000108 0.000918 0.000101 0.000989
0.202359 0.000320 0.000154 0.000661 0.000108 0.000918 0.000101 0.000991
0.244205 0.000320 0.000154 0.000662 0.000108 0.000918 0.000101 0.000991
0.294705 0.000320 0.000154 0.000662 0.000108 0.000919 0.000101 0.000992
0.355648 0.000320 0.000154 0.000662 0.000108 0.000920 0.000101 0.000992
0.429193 0.000320 0.000154 0.000662 0.000108 0.000920 0.000101 0.000993
0.517947 0.000320 0.000154 0.000662 0.000108 0.000920 0.000101 0.000993
0.625055 0.000320 0.000154 0.000662 0.000108 0.000920 0.000101 0.000993
0.754312 0.000320 0.000154 0.000662 0.000108 0.000920 0.000101 0.000993
0.910298 0.000320 0.000154 0.000662 0.000108 0.000920 0.000101 0.000993
1.098541 0.000320 0.000154 0.000662 0.000108 0.000920 0.000101 0.000993
1.325711 0.000320 0.000154 0.000662 0.000108 0.000920 0.000101 0.000993
1.599859 0.000320 0.000154 0.000662 0.000108 0.000920 0.000101 0.000993
1.930698 0.000320 0.000154 0.000662 0.000108 0.000921 0.000101 0.000993
2.329952 0.000320 0.000154 0.000662 0.000108 0.000921 0.000101 0.000993
2.811769 0.000320 0.000154 0.000662 0.000108 0.000921 0.000101 0.000993
3.393222 0.000320 0.000154 0.000662 0.000108 0.000921 0.000101 0.000993
4.094915 0.000320 0.000154 0.000662 0.000108 0.000921 0.000101 0.000993
4.941713 0.000320 0.000154 0.000662 0.000108 0.000921 0.000101 0.000993
5.963623 0.000320 0.000154 0.000662 0.000108 0.000921 0.000101 0.000993
7.196857 0.000320 0.000154 0.000662 0.000108 0.000921 0.000101 0.000993
8.685114 0.000320 0.000154 0.000662 0.000108 0.000921 0.000101 0.000993
10.481131 0.000320 0.000154 0.000662 0.000108 0.000921 0.000101 0.000993
12.648552 0.000320 0.000154 0.000662 0.000108 0.000921 0.000101 0.000993
15.264180 0.000320 0.000154 0.000662 0.000108 0.000921 0.000101 0.000993
18.420700 0.000320 0.000154 0.000662 0.000108 0.000921 0.000101 0.000993
22.229965 0.000320 0.000154 0.000662 0.000108 0.000921 0.000101 0.000993
26.826958 0.000320 0.000154 0.000662 0.000108 0.000921 0.000101 0.000993
32.374575 0.000320 0.000154 0.000662 0.000108 0.000921 0.000101 0.000993
39.069399 0.000320 0.000154 0.000662 0.000108 0.000921 0.000101 0.000993
47.148664 0.000320 0.000154 0.000662 0.000108 0.000921 0.000101 0.000993
56.898660 0.000320 0.000154 0.000662 0.000108 0.000921 0.000101 0.000993
68.664885 0.000320 0.000154 0.000662 0.000108 0.000921 0.000101 0.000993
82.864277 0.000320 0.000154 0.000662 0.000108 0.000921 0.000101 0.000993
100.000000 0.000320 0.000154 0.000662 0.000108 0.000921 0.000101 0.000993
