0.010000 -0.654354 -0.909993 -0.299733 -0.999632 -0.099209 -1.037108 -0.027889
0.012068 -0.681495 -0.924382 -0.323880 -1.006974 -0.108314 -1.047887 -0.029994
0.014563 -0.698420 -0.951316 -0.340222 -1.016422 -0.120196 -1.060727 -0.032849
0.017575 -0.717387 -0.976162 -0.355806 -1.047675 -0.128532 -1.100628 -0.036753
0.021210 -0.742913 -1.000017 -0.376677 -1.083065 -0.139298 -1.160171 -0.042124
0.025595 -0.771117 -1.018471 -0.404049 -1.112694 -0.149257 -1.191644 -0.049557
0.030888 -0.803540 -1.041146 -0.430437 -1.132364 -0.167226 -1.213542 -0.059886
0.037276 -0.844147 -1.062911 -0.456718 -1.155065 -0.191459 -1.248181 -0.074279
0.044984 -0.884663 -1.083887 -0.495554 -1.190678 -0.207082 -1.282601 -0.094347
0.054287 -0.924890 -1.111058 -0.531010 -1.238428 -0.236561 -1.327683 -0.119397
0.065513 -0.964179 -1.141769 -0.557709 -1.293936 -0.258998 -1.395675 -0.155946
0.079060 -1.006002 -1.179896 -0.607895 -1.340084 -0.298026 -1.458343 -0.185182
0.095410 -1.043395 -1.225888 -0.670635 -1.403257 -0.329869 -1.524967 -0.218919
0.115140 -1.068878 -1.280909 -0.723765 -1.475006 -0.372305 -1.587536 -0.233967
0.138950 -1.101009 -1.339344 -0.784330 -1.556518 -0.432353 -1.705931 -0.251600
0.167683 -1.138770 -1.401457 -0.847524 -1.640572 -0.478355 -1.781034 -0.303079
0.202359 -1.185420 -1.473802 -0.917715 -1.733357 -0.541935 -1.850905 -0.338828
0.244205 -1.246142 -1.553659 -0.990987 -1.824532 -0.608596 -1.957110 -0.382209
0.294705 -1.310775 -1.635468 -1.039896 -1.911485 -0.678080 -2.067802 -0.438394
0.355648 -1.386443 -1.731484 -1.085790 -2.010993 -0.752033 -2.153008 -0.470909
0.429193 -1.461400 -1.830065 -1.130422 -2.109531 -0.821692 -2.254797 -0.477308
0.517947 -1.543297 -1.935861 -1.200690 -2.210045 -0.898124 -2.320394 -0.510947
0.625055 -1.641214 -2.040562 -1.258117 -2.297889 -0.960497 -2.401923 -0.579405
0.754312 -1.739093 -2.136525 -1.326367 -2.389333 -1.027085 -2.501890 -0.660411
0.910298 -1.855601 -2.229772 -1.406485 -2.473668 -1.054125 -2.617096 -0.747520
1.098541 -1.976059 -2.350231 -1.497261 -2.577088 -1.104192 -4.624816 -0.781860
1.325711 -2.108045 -2.498120 -1.602837 -4.177502 -1.167476 -4.891864 -0.809598
1.599859 -2.241654 -2.634887 -1.734690 -4.480428 -1.232561 -4.969203 -1.011439
1.930698 -2.368209 -3.190290 -1.837654 -4.627337 -1.321783 -4.969203 -1.060591
2.329952 -2.495792 -3.588941 -1.971178 -4.703113 -1.421225 -4.972531 -1.086639
2.811769 -2.619560 -3.808666 -2.144489 -4.772348 -1.508466 -4.972531 -1.198338
3.393222 -2.745359 -4.058452 -2.274866 -4.857553 -1.595926 -4.995158 -1.234542
4.094915 -2.844122 -4.193804 -2.420584 -4.882333 -1.741865 -4.995158 -1.391044
4.941713 -3.039410 -4.281548 -2.544280 -4.908800 -1.837545 -4.995158 -1.444438
5.963623 -3.191970 -4.394405 -2.653305 -4.916340 -2.031210 -4.995158 -1.505985
7.196857 -3.385260 -4.470925 -2.761644 -4.939260 -2.244730 -4.995158 -1.576755
8.685114 -3.522251 -4.510501 -2.840742 -4.942064 -2.446924 -4.995158 -1.655586
10.481131 -3.673647 -4.560039 -2.909794 -4.946898 -2.623683 -4.995158 -1.740622
12.648552 -3.741727 -4.617772 -3.026078 -4.953219 -2.715295 -4.995158 -1.932438
15.264180 -3.808666 -4.635845 -3.111318 -4.953219 -2.796614 -4.995158 -2.026312
18.420700 -3.898368 -4.673361 -3.228067 -4.953620 -2.948587 -4.995158 -2.694596
22.229965 -3.951823 -4.699579 -3.276392 -4.953620 -3.050425 -4.995158 -3.012893
26.826958 -3.951823 -4.699579 -3.276392 -4.953620 -3.050425 -4.995158 -3.012893
32.374575 -3.951823 -4.699579 -3.276392 -4.953620 -3.050425 -4.995158 -3.012893
39.069399 -3.951823 -4.699579 -3.276392 -4.953620 -3.050425 -4.995158 -3.012893
47.148664 -3.951823 -4.699579 -3.276392 -4.953620 -3.050425 -4.995158 -3.012893
56.898660 -3.951823 -4.699579 -3.276392 -4.953620 -3.050425 -4.995158 -3.012893
68.664885 -3.951823 -4.699579 -3.276392 -4.953620 -3.050425 -4.995158 -3.012893
82.864277 -3.951823 -4.699579 -3.276392 -4.953620 -3.050425 -4.995158 -3.012893
100.000000 -3.951823 -4.699579 -3.276392 -4.953620 -3.050425 -4.995158 -3.012893
