0.001000 0.006861 0.005637 0.007892 0.005126 0.008255 0.005001 0.008315
0.001038 0.007666 0.006299 0.008819 0.005727 0.009224 0.005588 0.009291
0.001077 0.008566 0.007038 0.009854 0.006399 0.010307 0.006244 0.010381
0.001117 0.009571 0.007864 0.011010 0.007150 0.011516 0.006976 0.011599
0.001159 0.010694 0.008787 0.012302 0.007990 0.012868 0.007795 0.012961
0.001203 0.011949 0.009818 0.013746 0.008927 0.014378 0.008710 0.014482
0.001248 0.013352 0.010971 0.015359 0.009975 0.016065 0.009732 0.016181
0.001296 0.014919 0.012258 0.017162 0.011146 0.017950 0.010874 0.018080
0.001344 0.016669 0.013697 0.019176 0.012454 0.020057 0.012150 0.020202
0.001395 0.018626 0.015304 0.021426 0.013915 0.022411 0.013576 0.022573
0.001448 0.020811 0.017100 0.023940 0.015548 0.025041 0.015169 0.025222
0.001502 0.023254 0.019107 0.026750 0.017373 0.027980 0.016949 0.028182
0.001559 0.025983 0.021349 0.029889 0.019411 0.031263 0.018938 0.031489
0.001617 0.029032 0.023855 0.033397 0.021689 0.034932 0.021161 0.035184
0.001678 0.032439 0.026654 0.037316 0.024235 0.039031 0.023644 0.039313
0.001742 0.036245 0.029782 0.041695 0.027079 0.043612 0.026419 0.043927
0.001807 0.040499 0.033277 0.046588 0.030257 0.048730 0.029519 0.049082
0.001875 0.045252 0.037182 0.052055 0.033807 0.054448 0.032984 0.054842
0.001946 0.050562 0.041546 0.058164 0.037775 0.060838 0.036854 0.061277
0.002019 0.056496 0.046421 0.064990 0.042207 0.067977 0.041179 0.068468
0.002095 0.063125 0.051869 0.072616 0.047161 0.075955 0.046012 0.076503
0.002174 0.070533 0.057956 0.081138 0.052695 0.084868 0.051411 0.085481
0.002256 0.078810 0.064757 0.090659 0.058879 0.094827 0.057444 0.095512
0.002341 0.088059 0.072356 0.101298 0.065788 0.105955 0.064185 0.106720
0.002430 0.098392 0.080847 0.113185 0.073508 0.118389 0.071717 0.119244
0.002521 0.109938 0.090334 0.126467 0.082134 0.132281 0.080133 0.133237
0.002616 0.122839 0.100934 0.141308 0.091772 0.147804 0.089536 0.148872
0.002715 0.137254 0.112778 0.157890 0.102541 0.165148 0.100043 0.166341
0.002817 0.153359 0.126012 0.176417 0.114574 0.184527 0.111782 0.185860
0.002923 0.171355 0.140799 0.197119 0.128018 0.206180 0.124899 0.207670
0.003033 0.191462 0.157321 0.220249 0.143040 0.230374 0.139555 0.232038
0.003148 0.213929 0.175781 0.246093 0.159825 0.257406 0.155931 0.259266
0.003266 0.239031 0.196407 0.274970 0.178579 0.287610 0.174227 0.289688
0.003389 0.267078 0.219453 0.307234 0.199533 0.321357 0.194671 0.323679
0.003517 0.298416 0.245203 0.343284 0.222945 0.359064 0.217513 0.361658
0.003650 0.333431 0.273973 0.383563 0.249104 0.401195 0.243035 0.404093
0.003787 0.372553 0.306119 0.428567 0.278332 0.448268 0.271551 0.451507
0.003930 0.416265 0.342036 0.478851 0.310989 0.500864 0.303412 0.504482
0.004078 0.465105 0.382167 0.535034 0.347477 0.559629 0.339011 0.563672
0.004232 0.519674 0.427005 0.597808 0.388245 0.625289 0.378785 0.629806
0.004391 0.580644 0.477103 0.667945 0.433795 0.698650 0.423226 0.703697
0.004557 0.648765 0.533077 0.746308 0.484689 0.780616 0.472879 0.786255
0.004728 0.724877 0.595617 0.833864 0.541551 0.872196 0.528356 0.878497
0.004906 0.809916 0.665491 0.931688 0.605083 0.974517 0.590340 0.981557
0.005091 0.904928 0.743561 1.040986 0.676066 1.088839 0.659594 1.096705
0.005283 1.011083 0.830786 1.163101 0.755374 1.216568 0.736969 1.225357
0.005482 1.129687 0.928240 1.299537 0.843982 1.359276 0.823418 1.369096
0.005689 1.262199 1.037122 1.451972 0.942981 1.518719 0.920005 1.529690
0.005903 1.410248 1.158771 1.622281 1.053587 1.696857 1.027917 1.709115
0.006126 1.575656 1.294684 1.812558 1.177163 1.895881 1.148481 1.909576
0.006356 1.760456 1.446530 2.025144 1.315226 2.118238 1.283180 2.133540
0.006596 1.966920 1.616178 2.262650 1.469474 2.366663 1.433670 2.383760
0.006844 2.197587 1.805711 2.527997 1.641803 2.644208 1.601800 2.663310
0.007102 2.455289 2.017460 2.824446 1.834331 2.954284 1.789637 2.975626
0.007370 2.743194 2.254025 3.155637 2.049423 3.300700 1.999488 3.324544
0.007648 3.064837 2.518312 3.525640 2.289720 3.687712 2.233931 3.714351
0.007936 3.424167 2.813567 3.938996 2.558174 4.120070 2.495844 4.149833
0.008235 3.825597 3.143413 4.400781 2.858079 4.603083 2.788442 4.636335
0.008545 4.274050 3.511898 4.916661 3.193116 5.142677 3.115315 5.179827
0.008867 4.775030 3.923542 5.492963 3.567395 5.745472 3.480475 5.786977
0.009201 5.334678 4.383394 6.136755 3.985504 6.418859 3.888397 6.465228
0.009548 5.959855 4.897088 6.855929 4.452570 7.171092 4.344083 7.222896
0.009908 6.658220 5.470921 7.659294 4.974314 8.011388 4.853115 8.069262
0.010281 7.438326 6.111918 8.556691 5.557127 8.950037 5.421727 9.014692
0.010669 8.309722 6.827926 9.559103 6.208141 9.998530 6.056879 10.070758
0.011071 9.283068 7.627704 10.678793 6.935322 11.169691 6.766342 11.250380
0.011488 10.370265 8.521031 11.929452 7.747560 12.477842 7.558790 12.567981
0.011921 11.584597 9.518822 13.326360 8.654780 13.938966 8.443905 14.039660
0.012370 12.940892 10.633262 14.886577 9.668059 15.570905 9.432496 15.683388
0.012836 14.455700 11.877947 16.629138 10.799762 17.393571 10.536625 17.519221
0.013320 16.147489 13.268055 18.575290 12.063687 19.429186 11.769754 19.569542
0.013822 18.036869 14.820519 20.748742 13.475231 21.702550 13.146905 21.859328
0.014343 20.146836 16.554235 23.175946 15.051574 24.241331 14.684841 24.416449
0.014883 22.503045 18.490283 25.886415 16.811883 27.076399 16.402260 27.271997
0.015444 25.134116 20.652179 28.913072 18.777540 30.242190 18.320023 30.460658
0.016026 28.071971 23.066154 32.292638 20.972393 33.777113 20.461398 34.021117
0.016630 31.352211 25.761458 36.066067 23.423039 37.724004 22.852334 37.996520
0.017256 35.014532 28.770712 40.279025 26.159137 42.130630 25.521766 42.434979
0.017907 39.103195 32.130281 44.982424 29.213751 47.050242 28.501954 47.390130
0.018581 43.667535 35.880704 50.233020 32.623741 52.542205 31.828859 52.921767
0.019281 48.762538 40.067161 56.094065 36.430185 58.672679 35.542559 59.096527
0.020008 54.449473 44.739998 62.636041 40.678859 65.515386 39.687713 65.988665
0.020762 60.796600 49.955299 69.937469 45.420757 73.152456 44.314075 73.680905
0.021544 67.879945 55.775536 78.085806 50.712680 81.675368 49.477059 82.265386
0.022356 75.784166 62.270270 87.178439 56.617874 91.185985 55.238371 91.844707
0.023199 84.603508 69.516939 97.323783 63.206748 101.797705 61.666707 102.533085
0.024073 94.442857 77.601727 108.642495 70.557664 113.636732 68.838517 114.457636
0.024980 105.418909 86.620521 121.268814 78.757803 126.843476 76.838859 127.759786
0.025921 117.661455 96.679965 135.352047 87.904132 141.574108 85.762336 142.596830
0.026898 131.314799 107.898633 151.058193 98.104459 158.002257 95.714131 159.143655
0.027911 146.539319 120.408304 168.571744 109.478602 176.320896 106.811142 177.594627
0.028963 163.513187 134.355378 188.097661 122.159672 196.744409 119.183236 198.165678
0.030055 182.434253 149.902424 209.863541 136.295482 219.510855 132.974624 221.096587
0.031187 203.522116 167.229881 234.121998 152.050091 244.884460 148.345370 246.653489
0.032362 227.020384 186.537918 261.153270 169.605500 273.158345 165.473039 275.131623
0.033582 253.199158 208.048471 291.268065 189.163497 304.657501 184.554503 306.858327
0.034847 282.357727 232.007460 324.810672 210.947680 339.742044 205.807912 342.196319
0.036160 314.827513 258.687206 362.162343 235.205653 378.810751 229.474835 381.547255
0.037523 350.975265 288.389060 403.744969 262.211411 422.304907 255.822594 425.355611
0.038937 391.206524 321.446248 450.025064 292.267931 470.712473 285.146784 474.112870
0.040404 435.969367 358.226943 501.518073 325.709970 524.572588 317.774002 528.362067
0.041927 485.758436 399.137582 558.793009 362.907069 584.480422 354.064790 588.702672
0.043507 541.119269 444.626426 622.477435 404.266799 651.092387 394.416785 655.795836
0.045146 602.652938 495.187359 693.262791 450.238216 725.131707 439.268101 730.370012
0.046847 671.020976 551.363951 771.910075 501.315547 807.394365 489.100926 813.226930
0.048612 746.950614 613.753752 859.255858 558.042101 898.755386 544.445330 905.247938
0.050444 831.240297 683.012828 956.218633 621.014393 1000.175488 605.883294 1007.400692
0.052345 924.765470 759.860513 1063.805468 690.886461 1112.708031 674.052919 1120.746163
0.054317 1028.484591 845.084353 1183.118928 768.374363 1237.506267 749.652818 1246.445933
0.056364 1143.445350 939.545213 1315.364225 854.260822 1375.830808 833.446643 1385.769722
0.058488 1270.791020 1044.182496 1461.856524 949.399971 1529.057280 926.267713 1540.103092
0.060692 1411.766880 1160.019421 1624.028334 1054.722148 1698.684041 1029.023701 1710.955226
0.062979 1567.726614 1288.168285 1803.436869 1171.238683 1886.339889 1142.701296 1899.966688
0.065352 1740.138587 1429.835609 2001.771264 1300.046583 2093.791609 1268.370774 2108.917026
0.067815 1930.591852 1586.327088 2220.859489 1442.333019 2322.951202 1407.190381 2339.732052
0.070370 2140.801745 1759.052176 2462.674782 1599.379506 2575.882613 1560.410410 2594.490625
0.073022 2372.614868 1949.528188 2729.341386 1772.565631 2854.807738 1729.376831 2875.430686
0.075774 2628.013262 2159.383725 3023.139346 1963.372163 3162.111431 1915.534337 3184.954322
0.078629 2909.117516 2390.361232 3346.508083 2173.383382 3500.345255 2120.428604 3525.631525
0.081592 3218.188541 2644.318452 3702.048441 2404.288399 3872.229611 2345.707589 3900.202350
0.084666 3557.627707 2923.228540 4092.522840 2657.881263 4280.653908 2593.121629 4311.577078
0.087857 3929.975014 3229.178562 4520.853172 2936.059592 4728.674354 2864.522105 4762.833995
0.091167 4337.904937 3564.366077 4990.116025 3240.821469 5219.508967 3161.858418 5257.214366
0.094603 4784.219580 3931.093518 5503.534803 3574.260329 5756.529329 3487.172996 5798.114129
0.098168 5271.838757 4331.760033 6064.468320 3938.557547 6343.248657 3842.594063 6389.071880
0.101867 5803.786619 4768.850504 6676.395410 4335.972445 6983.305706 4230.325894 7033.752660
0.105705 6383.174456 5244.921414 7342.895155 4768.829450 7680.444084 4652.636281 7735.927121
0.109688 7013.179363 5762.583316 8067.622328 5239.502150 8438.486574 5111.840977 8499.445662
0.113822 7697.018458 6324.479648 8854.277747 5750.394033 9261.304119 5610.284910 9328.207188
0.118111 8437.918469 6933.261746 9706.573284 6303.915767 10152.779222 6150.320013 10226.122250
0.122561 9239.080560 7591.559938 10628.191403 6902.458921 11116.763629 6734.279583 11197.070419
0.127180 10103.640416 8301.950753 11622.739245 7548.366147 12157.030299 7364.449192 12244.851908
0.131972 11034.623739 9066.920346 12693.697430 8243.897927 13277.219854 8043.034247 13373.133642
0.136945 12034.897481 9888.824433 13844.363962 8991.196142 14480.781905 8772.124440 14585.390148
0.142105 13107.117335 10769.845140 15077.793822 9792.244845 15770.911871 9553.655484 15884.839929
0.147460 14253.672217 11711.945390 16396.735101 10648.828779 17150.484169 10389.368636 17274.378170
0.153017 15476.626662 12716.821569 17803.562743 11562.490346 18621.982920 11280.768716 18756.506933
0.158783 16777.662316 13785.855450 19300.211231 12534.485892 20187.431531 12229.081460 20333.264245
0.164766 18158.019857 14920.066473 20888.107782 13565.742321 21848.322830 13235.211187 22006.153717
0.170975 19618.442904 16120.065653 22568.107818 14656.815185 23605.551562 14299.699915 23776.076556
0.177417 21159.125566 17386.012486 24340.434633 15807.849502 25459.351284 15422.689126 25643.268009
0.184103 22779.665401 18717.576293 26204.625277 17018.544611 27409.237767 16603.885486 27607.240347
0.191040 24479.023567 20113.903481 28159.484718 18288.124398 29453.961041 17842.531792 29666.734572
0.198239 26255.493877 21573.592110 30203.050238 19615.314183 31591.468166 19137.384419 31819.682912
0.205709 28106.682350 23094.675096 32332.567920 20998.325437 33818.878627 20486.698418 34063.184043
0.213460 30029.498625 24674.613155 34544.482761 22434.849371 36132.474000 21888.221253 36393.492682
0.221504 32020.160294 26310.298360 36834.443661 23922.060172 38527.703168 23339.195963 38806.024832
0.229851 34074.210837 27998.068881 39197.324056 25456.628401 40999.203900 24836.374232 41295.379527
0.238512 36186.551413 29733.735107 41627.258485 27034.744747 43540.841104 26376.039561 43855.377356
0.247499 38351.486280 31512.616967 44117.694843 28652.153956 46145.761478 27954.040378 46479.115508
0.256826 40562.781138 33329.591864 46661.461493 30304.198423 48806.463709 29565.832559 49159.038481
0.266503 42813.733201 35179.152261 49250.847873 31985.870539 51514.882784 31206.530508 51887.023002
0.276546 45097.251377 37055.471554 51877.696734 33691.872592 54262.486470 32870.965592 54654.475202
0.286967 47405.944551 38952.476618 54533.505696 35416.682729 57040.381538 34553.750498 57452.437606
0.297780 49732.215684 40863.925125 57209.535491 37154.625247 59839.426979 36249.347813 60271.703173
0.309001 52068.359230 42783.485587 59896.922032 38899.943383 62650.351230 37952.141038 63102.933360
0.320645 54406.659320 44704.818037 62586.789358 40646.872659 65463.870306 39656.506149 65936.777118
0.332727 56739.486174 46621.653243 65270.360536 42389.712915 68270.803804 41356.881867 68763.987724
0.345265 59059.388329 48527.868493 67939.063767 44122.897210 71062.185883 43047.836894 71575.534569
0.358275 61359.178543 50417.558180 70584.631194 45841.056001 73829.368617 44724.132515 74362.707255
0.371776 63632.011502 52285.097653 73199.188298 47539.075195 76564.115501 46380.779244 77117.209775
0.385785 65871.451852 54125.199115 75775.332160 49212.146982 79258.683307 48013.086413 79831.242966
0.400322 68071.531486 55932.958697 78306.197359 50855.812626 81905.891013 49616.703922 82497.573932
0.415407 70226.795410 57703.894144 80785.508732 52465.996736 84499.174993 51187.655680 85109.591629
0.431060 72332.335944 59433.972918 83207.620722 54039.032813 87032.630165 52722.364522 87661.348319
0.447304 74383.815376 61119.630811 85567.543435 55571.680181 89501.037252 54217.668731 90147.587021
0.464159 76377.477529 62757.781451 87860.955947 57061.132625 91899.876700 55670.830466 92563.755532
0.481649 78310.148990 64345.817310 90084.207717 58505.019306 94225.330155 57079.536654 94906.007914
0.499799 80179.230954 65881.603005 92234.309206 59901.398675 96474.270649 58441.893052 97171.194610
0.518632 81982.682814 67363.461812 94308.912997 61248.746206 98644.242857 59756.412280 99356.842559
0.538175 83718.998721 68790.156405 96306.286834 62545.936889 100733.434893 61021.996737 101461.126784
0.558455 85387.178372 70160.864856 98225.280019 63792.223404 102740.643159 62237.917314 103482.834995
0.579498 86986.693296 71475.152933 100065.284622 64987.210934 104665.231782 63403.788812 105421.326723
0.601335 88517.449840 72732.943681 101826.192912 66130.829511 106507.088075 64519.542969 107276.488468
0.623994 89979.749991 73934.485239 103508.352277 67223.304748 108266.575400 65585.399900 109048.686216
0.647508 91374.251058 75080.317701 105112.518855 68265.127715 109944.484650 66601.838712 110738.716576
0.671907 92701.925117 76171.239805 106639.810876 69257.024647 111541.985461 67569.567941 112347.757631
0.697226 93964.019005 77208.276048 108091.662641 70199.927045 113060.578068 68489.496395 113877.320454
0.723499 95162.015495 78192.644796 109469.779858 71094.942680 114502.046591 69362.704855 115329.202053
0.750762 96297.596181 79125.727779 110776.096955 71943.327862 115868.414380 70190.419018 116705.440395
0.779052 97372.606470 80009.041328 112012.736795 72746.461281 117161.901887 70973.983983 118008.271973
0.808408 98389.022959 80844.209573 113181.973162 73505.819641 118384.887418 71714.840475 119240.092274
0.838870 99348.923398 81632.939758 114286.196199 74222.955216 119539.870993 72414.502945 120403.419377
0.870480 100254.459342 82376.999770 115327.880950 74899.475419 120629.441430 73074.539642 121500.860801
0.903282 101107.831504 83078.197890 116309.559010 75537.024389 121656.246701 73696.554646 122535.083647
0.937319 101911.267811 83738.364758 117233.793277 76137.266596 122622.967519 74282.171871 123508.787994
0.972639 102667.004050 84359.337475 118103.155693 76701.872382 123532.294056 74833.020961 124424.683448
1.009290 103377.267024 84942.945758 118920.207865 77232.505378 124386.905675 75350.725013 125285.468727
1.047322 104044.260047 85491.000023 119687.484377 77730.811667 125189.453475 75836.890002 126093.814081
1.086787 104670.150637 86005.281277 120407.478640 78198.410587 125942.545486 76293.095812 126852.346380
1.127740 105257.060231 86487.532658 121082.631048 78636.887049 126648.734286 76720.888736 127563.636643
1.170235 105807.055729 86939.452496 121715.319268 79047.785223 127310.506842 77121.775321 128230.189802
1.214332 106322.142723 87362.688744 122307.850433 79432.603474 127930.276345 77497.217423 128854.436480
1.260090 106804.260198 87758.834625 122862.455057 79792.790404 128510.375844 77848.628351 129438.726581
1.307573 107255.276566 88129.425374 123381.282471 80129.741893 129053.053475 78177.369971 129985.324480
1.356845 107676.986857 88475.935932 123866.397594 80444.798997 129560.469078 78484.750667 130496.405621
1.407973 108071.110934 88799.779471 124319.778869 80739.246614 130034.692046 78772.024028 130974.054345
1.461028 108439.292569 89102.306647 124743.317213 81014.312795 130477.700219 79040.388184 131420.262781
1.516083 108783.099276 89384.805453 125138.815820 81271.168622 130891.379684 79290.985684 131836.930640
1.573212 109104.022782 89648.501609 125507.990698 81510.928552 131277.525332 79524.903832 132225.865780
1.632493 109403.480011 89894.559373 125852.471811 81734.651163 131637.842056 79743.175412 132588.785409
1.694009 109682.814524 90124.082720 126173.804724 81943.340219 131973.946470 79946.779731 132927.317819
1.757842 109943.298293 90338.116804 126473.452653 82137.946003 132287.369052 80136.643918 133243.004546
1.824081 110186.133769 90537.649654 126752.798840 82319.366859 132579.556632 80313.644431 133537.302871
1.892816 110412.456162 90723.614048 127013.149174 82488.450893 132851.875131 80478.608710 133811.588581
1.964141 110623.335880 90896.889516 127255.735001 82645.997803 133105.612498 80632.316968 134067.158930
2.038154 110819.781082 91058.304445 127481.716060 82792.760777 133341.981785 80775.504043 134305.235734
2.114955 111002.740312 91208.638231 127692.183509 82929.448465 133562.124308 80908.861317 134526.968553
2.194651 111173.105156 91348.623472 127888.162985 83056.726968 133767.112855 81033.038662 134733.437924
2.277350 111331.712920 91478.948166 128070.617685 83175.221830 133957.954900 81148.646381 134925.658599
2.363165 111479.349288 91600.257893 128240.451422 83285.520031 134135.595802 81256.257151 135104.582768
2.452213 111616.750944 91713.157970 128398.511641 83388.171943 134300.921964 81356.407936 135271.103235
2.544617 111744.608142 91818.215565 128545.592378 83483.693251 134454.763923 81449.601854 135426.056539
2.640503 111863.567215 91915.961756 128682.437142 83572.566825 134597.899366 81536.310012 135570.225984
2.740003 111974.233003 92006.893527 128809.741711 83655.244539 134731.056059 81616.973272 135704.344591
2.843251 112077.171204 92091.475702 128928.156839 83732.149021 134854.914666 81692.003966 135829.097945
2.950391 112172.910635 92170.142797 129038.290850 83803.675347 134970.111478 81761.787544 135945.126932
3.061567 112261.945401 92243.300809 129140.712139 83870.192660 135077.241018 81826.684153 136053.030368
3.176933 112344.736968 92311.328914 129235.951553 83932.045719 135176.858536 81887.030154 136153.367518
3.296646 112421.716145 92374.581099 129324.504675 83989.556377 135269.482398 81943.139557 136246.660488
3.420870 112493.284968 92433.387710 129406.833987 84043.024994 135355.596344 81995.305405 136333.396516
3.549775 112559.818490 92488.056918 129483.370933 84092.731770 135435.651652 82043.801068 136414.030138
3.683537 112621.666478 92538.876120 129554.517866 84138.938012 135510.069171 82088.881488 136488.985245
3.822340 112679.155018 92586.113255 129620.649902 84181.887338 135579.241262 82130.784349 136558.657030
3.966373 112732.588037 92630.018054 129682.116663 84221.806811 135643.533616 82169.731178 136623.413829
4.115834 112782.248733 92670.823213 129739.243926 84258.908004 135703.286989 82205.928396 136683.598856
4.270926 112828.400926 92708.745507 129792.335176 84293.388017 135758.818815 82239.568298 136739.531840
4.431863 112871.290327 92743.986834 129841.673069 84325.430418 135810.424744 82270.829982 136791.510567
4.598864 112911.145738 92776.735195 129887.520805 84355.206145 135858.380076 82299.880219 136839.812325
4.772158 112948.180171 92807.165616 129930.123426 84382.874336 135902.941116 82326.874272 136884.695271
4.951983 112982.591904 92835.441021 129969.709020 84408.583126 135944.346439 82351.956663 136926.399703
5.138583 113014.565472 92861.713035 130006.489866 84432.470377 135982.818080 82375.261898 136965.149261
5.332215 113044.272587 92886.122753 130040.663494 84454.664376 136018.562652 82396.915137 137001.152050
5.533143 113071.873014 92908.801448 130072.413690 84475.284481 136051.772387 82417.032831 137034.601690
5.741642 113097.515375 92929.871242 130101.911422 84494.441728 136082.626114 82435.723309 137065.678303
5.957999 113121.337917 92949.445728 130129.315722 84512.239399 136111.290175 82453.087337 137094.549430
6.182508 113143.469215 92967.630554 130154.774497 84528.773552 136137.919276 82469.218633 137121.370898
6.415476 113164.028840 92984.523969 130178.425295 84544.133518 136162.657288 82484.204352 137146.287617
6.657224 113183.127977 93000.217333 130200.396019 84558.402364 136185.637994 82498.125535 137169.434334
6.908081 113200.870006 93014.795587 130220.805590 84571.657321 136206.985782 82511.057534 137190.936337
7.168391 113217.351036 93028.337707 130239.764571 84583.970196 136226.816297 82523.070403 137210.910106
7.438510 113232.660419 93040.917108 130257.375744 84595.407739 136245.237047 82534.229269 137229.463926
7.718807 113246.881209 93052.602034 130273.734653 84606.032002 136262.347966 82544.594671 137246.698453
8.009667 113260.090608 93063.455922 130288.930106 84615.900660 136278.241946 82554.222878 137262.707250
8.311487 113272.360368 93073.537729 130303.044646 84625.067321 136293.005323 82563.166192 137277.577277
8.624680 113283.757179 93082.902251 130316.154986 84633.581807 136306.718338 82571.473221 137291.389355
8.949674 113294.343016 93091.600412 130328.332420 84641.490419 136319.455563 82579.189139 137304.218592
9.286915 113304.175473 93099.679537 130339.643203 84648.836185 136331.286296 82586.355924 137316.134790
9.636864 113313.308068 93107.183600 130350.148899 84655.659090 136342.274933 82593.012588 137327.202808
10.000000 113321.790533 93114.153464 130359.906716 84661.996286 136352.481312 82599.195377 137337.482917
