0.001000 0.000000 0.000000 0.000000 0.000000 0.000000 0.000000 0.000000
0.001038 0.000000 0.000000 0.000000 0.000000 0.000000 0.000000 0.000000
0.001077 0.000000 0.000000 0.000000 0.000000 0.000000 0.000000 0.000000
0.001117 0.000000 0.000000 0.000000 0.000000 0.000000 0.000000 0.000000
0.001159 0.000000 0.000000 0.000000 0.000000 0.000000 0.000000 0.000000
0.001203 0.000000 0.000000 0.000000 0.000000 0.000000 0.000000 0.000000
0.001248 0.000000 0.000000 0.000000 0.000000 0.000000 0.000000 0.000000
0.001296 0.000000 0.000000 0.000000 0.000000 0.000000 0.000000 0.000000
0.001344 0.000000 0.000000 0.000000 0.000000 0.000000 0.000000 0.000000
0.001395 0.000000 0.000000 0.000000 0.000000 0.000000 0.000000 0.000000
0.001448 0.000000 0.000000 0.000000 0.000000 0.000000 0.000000 0.000000
0.001502 0.000000 0.000000 0.000000 0.000000 0.000000 0.000000 0.000000
0.001559 0.000000 0.000000 0.000000 0.000000 0.000000 0.000000 0.000000
0.001617 0.000000 0.000000 0.000000 0.000000 0.000000 0.000000 0.000000
0.001678 0.000000 0.000000 0.000000 0.000000 0.000000 0.000000 0.000000
0.001742 0.000000 0.000000 0.000000 0.000000 0.000000 0.000000 0.000000
0.001807 0.000000 0.000000 0.000000 0.000000 0.000000 0.000000 0.000001
0.001875 0.000000 0.000000 0.000000 0.000000 0.000001 0.000000 0.000001
0.001946 0.000000 0.000000 0.000001 0.000000 0.000001 0.000000 0.000001
0.002019 0.000000 0.000000 0.000001 0.000000 0.000001 0.000000 0.000001
0.002095 0.000001 0.000000 0.000001 0.000000 0.000001 0.000000 0.000001
0.002174 0.000001 0.000001 0.000001 0.000000 0.000001 0.000000 0.000001
0.002256 0.000001 0.000001 0.000001 0.000001 0.000001 0.000001 0.000001
0.002341 0.000001 0.000001 0.000001 0.000001 0.000001 0.000001 0.000001
0.002430 0.000001 0.000001 0.000001 0.000001 0.000001 0.000001 0.000001
0.002521 0.000001 0.000001 0.000001 0.000001 0.000001 0.000001 0.000001
0.002616 0.000001 0.000001 0.000001 0.000001 0.000001 0.000001 0.000002
0.002715 0.000001 0.000001 0.000001 0.000001 0.000002 0.000001 0.000002
0.002817 0.000001 0.000001 0.000002 0.000001 0.000002 0.000001 0.000002
0.002923 0.000002 0.000001 0.000002 0.000001 0.000002 0.000001 0.000002
0.003033 0.000002 0.000001 0.000002 0.000001 0.000002 0.000001 0.000002
0.003148 0.000002 0.000002 0.000002 0.000002 0.000002 0.000001 0.000003
0.003266 0.000002 0.000002 0.000002 0.000002 0.000003 0.000002 0.000003
0.003389 0.000002 0.000002 0.000003 0.000002 0.000003 0.000002 0.000003
0.003517 0.000003 0.000002 0.000003 0.000002 0.000003 0.000002 0.000004
0.003650 0.000003 0.000003 0.000003 0.000002 0.000004 0.000002 0.000004
0.003787 0.000003 0.000003 0.000004 0.000003 0.000004 0.000002 0.000005
0.003930 0.000004 0.000003 0.000004 0.000003 0.000005 0.000003 0.000005
0.004078 0.000004 0.000004 0.000005 0.000003 0.000005 0.000003 0.000006
0.004232 0.000005 0.000004 0.000005 0.000004 0.000006 0.000003 0.000007
0.004391 0.000005 0.000004 0.000006 0.000004 0.000007 0.000004 0.000007
0.004557 0.000006 0.000005 0.000007 0.000005 0.000008 0.000004 0.000008
0.004728 0.000006 0.000006 0.000007 0.000005 0.000008 0.000005 0.000009
0.004906 0.000007 0.000006 0.000008 0.000006 0.000009 0.000005 0.000010
0.005091 0.000008 0.000007 0.000009 0.000006 0.000011 0.000006 0.000011
0.005283 0.000009 0.000008 0.000010 0.000007 0.000012 0.000007 0.000013
0.005482 0.000010 0.000009 0.000012 0.000008 0.000013 0.000007 0.000014
0.005689 0.000011 0.000010 0.000013 0.000009 0.000015 0.000008 0.000016
0.005903 0.000012 0.000011 0.000015 0.000010 0.000016 0.000009 0.000018
0.006126 0.000014 0.000012 0.000016 0.000011 0.000018 0.000010 0.000020
0.006356 0.000016 0.000013 0.000018 0.000012 0.000020 0.000011 0.000022
0.006596 0.000017 0.000015 0.000020 0.000014 0.000023 0.000013 0.000025
0.006844 0.000019 0.000017 0.000023 0.000015 0.000026 0.000014 0.000028
0.007102 0.000022 0.000019 0.000025 0.000017 0.000029 0.000016 0.000031
0.007370 0.000024 0.000021 0.000028 0.000019 0.000032 0.000018 0.000035
0.007648 0.000027 0.000023 0.000032 0.000022 0.000036 0.000020 0.000039
0.007936 0.000030 0.000026 0.000035 0.000024 0.000040 0.000022 0.000043
0.008235 0.000034 0.000029 0.000040 0.000027 0.000044 0.000025 0.000048
0.008545 0.000038 0.000033 0.000044 0.000030 0.000050 0.000028 0.000054
0.008867 0.000042 0.000037 0.000049 0.000034 0.000056 0.000031 0.000060
0.009201 0.000047 0.000041 0.000055 0.000038 0.000062 0.000035 0.000067
0.009548 0.000053 0.000046 0.000062 0.000042 0.000069 0.000039 0.000075
0.009908 0.000059 0.000051 0.000069 0.000047 0.000077 0.000043 0.000084
0.010281 0.000066 0.000057 0.000077 0.000052 0.000086 0.000048 0.000094
0.010669 0.000073 0.000064 0.000086 0.000059 0.000097 0.000054 0.000105
0.011071 0.000082 0.000071 0.000096 0.000065 0.000108 0.000060 0.000117
0.011488 0.000092 0.000080 0.000107 0.000073 0.000121 0.000067 0.000131
0.011921 0.000102 0.000089 0.000120 0.000082 0.000135 0.000075 0.000146
0.012370 0.000114 0.000099 0.000134 0.000091 0.000150 0.000084 0.000163
0.012836 0.000128 0.000111 0.000149 0.000102 0.000168 0.000094 0.000182
0.013320 0.000143 0.000124 0.000167 0.000114 0.000188 0.000105 0.000203
0.013822 0.000159 0.000138 0.000186 0.000127 0.000210 0.000117 0.000227
0.014343 0.000178 0.000155 0.000208 0.000142 0.000234 0.000131 0.000254
0.014883 0.000199 0.000173 0.000232 0.000159 0.000262 0.000146 0.000283
0.015444 0.000222 0.000193 0.000260 0.000177 0.000292 0.000163 0.000316
0.016026 0.000248 0.000215 0.000290 0.000198 0.000326 0.000182 0.000353
0.016630 0.000277 0.000240 0.000324 0.000221 0.000364 0.000204 0.000394
0.017256 0.000309 0.000269 0.000362 0.000247 0.000407 0.000228 0.000440
0.017907 0.000345 0.000300 0.000404 0.000276 0.000454 0.000254 0.000492
0.018581 0.000386 0.000335 0.000451 0.000308 0.000507 0.000284 0.000549
0.019281 0.000431 0.000374 0.000504 0.000344 0.000566 0.000317 0.000613
0.020008 0.000481 0.000418 0.000562 0.000384 0.000632 0.000354 0.000685
0.020762 0.000537 0.000467 0.000628 0.000429 0.000706 0.000395 0.000764
0.021544 0.000599 0.000521 0.000701 0.000479 0.000788 0.000442 0.000853
0.022356 0.000669 0.000582 0.000782 0.000535 0.000880 0.000493 0.000953
0.023199 0.000747 0.000649 0.000873 0.000597 0.000982 0.000550 0.001063
0.024073 0.000834 0.000725 0.000975 0.000666 0.001096 0.000615 0.001187
0.024980 0.000931 0.000809 0.001088 0.000744 0.001223 0.000686 0.001324
0.025921 0.001039 0.000903 0.001214 0.000830 0.001365 0.000766 0.001478
0.026898 0.001159 0.001008 0.001355 0.000927 0.001523 0.000855 0.001649
0.027911 0.001294 0.001125 0.001512 0.001035 0.001699 0.000954 0.001840
0.028963 0.001444 0.001256 0.001687 0.001155 0.001896 0.001065 0.002052
0.030055 0.001611 0.001402 0.001882 0.001288 0.002115 0.001189 0.002289
0.031187 0.001797 0.001564 0.002100 0.001438 0.002359 0.001326 0.002553
0.032362 0.002004 0.001745 0.002342 0.001604 0.002630 0.001480 0.002846
0.033582 0.002236 0.001946 0.002612 0.001789 0.002933 0.001651 0.003174
0.034847 0.002493 0.002171 0.002912 0.001996 0.003269 0.001842 0.003538
0.036160 0.002780 0.002421 0.003246 0.002226 0.003644 0.002054 0.003943
0.037523 0.003099 0.002699 0.003619 0.002482 0.004061 0.002291 0.004394
0.038937 0.003455 0.003009 0.004033 0.002767 0.004525 0.002555 0.004895
0.040404 0.003850 0.003354 0.004493 0.003085 0.005041 0.002848 0.005452
0.041927 0.004290 0.003738 0.005006 0.003438 0.005614 0.003175 0.006072
0.043507 0.004779 0.004164 0.005575 0.003832 0.006251 0.003538 0.006760
0.045146 0.005323 0.004639 0.006208 0.004269 0.006958 0.003943 0.007524
0.046847 0.005928 0.005166 0.006910 0.004755 0.007743 0.004392 0.008372
0.048612 0.006599 0.005752 0.007688 0.005295 0.008615 0.004892 0.009313
0.050444 0.007345 0.006403 0.008552 0.005896 0.009581 0.005448 0.010356
0.052345 0.008173 0.007125 0.009510 0.006562 0.010652 0.006065 0.011511
0.054317 0.009090 0.007926 0.010573 0.007302 0.011838 0.006750 0.012791
0.056364 0.010105 0.008814 0.011750 0.008123 0.013151 0.007510 0.014208
0.058488 0.011232 0.009799 0.013052 0.009033 0.014604 0.008354 0.015775
0.060692 0.012479 0.010890 0.014489 0.010041 0.016210 0.009289 0.017506
0.062979 0.013859 0.012098 0.016078 0.011158 0.017984 0.010325 0.019418
0.065352 0.015385 0.013435 0.017832 0.012395 0.019942 0.011472 0.021527
0.067815 0.017070 0.014912 0.019767 0.013762 0.022103 0.012742 0.023853
0.070370 0.018931 0.016549 0.021901 0.015273 0.024481 0.014145 0.026414
0.073022 0.020985 0.018354 0.024256 0.016944 0.027100 0.015697 0.029231
0.075774 0.023249 0.020344 0.026837 0.018789 0.029979 0.017409 0.032327
0.078629 0.025736 0.022537 0.029673 0.020825 0.033141 0.019299 0.035726
0.081592 0.028470 0.024952 0.032809 0.023068 0.036595 0.021381 0.039453
0.084666 0.031477 0.027615 0.036241 0.025536 0.040368 0.023674 0.043533
0.087857 0.034776 0.030553 0.039975 0.028245 0.044491 0.026196 0.047995
0.091167 0.038391 0.033779 0.044054 0.031214 0.048998 0.028967 0.052867
0.094603 0.042347 0.037318 0.048546 0.034470 0.053942 0.032008 0.058179
0.098168 0.046670 0.041153 0.053421 0.038034 0.059328 0.035341 0.063960
0.101867 0.051378 0.045342 0.058756 0.041932 0.065185 0.038990 0.070242
0.105705 0.056527 0.049915 0.064540 0.046188 0.071542 0.042979 0.077056
0.109688 0.062144 0.054891 0.070832 0.050827 0.078430 0.047333 0.084434
0.113822 0.068210 0.060367 0.077671 0.055877 0.085879 0.052079 0.092404
0.118111 0.074784 0.066261 0.085054 0.061369 0.093919 0.057242 0.100999
0.122561 0.081907 0.072640 0.093023 0.067337 0.102577 0.062851 0.110246
0.127180 0.089565 0.079592 0.101559 0.073800 0.111879 0.068932 0.120173
0.131972 0.097813 0.087023 0.110680 0.080800 0.121815 0.075512 0.130804
0.136945 0.106695 0.095084 0.120443 0.088394 0.132492 0.082619 0.142162
0.142105 0.116230 0.103781 0.130870 0.096576 0.143884 0.090279 0.154265
0.147460 0.126446 0.113126 0.142124 0.105373 0.155899 0.098516 0.167128
0.153017 0.137343 0.123011 0.153945 0.114749 0.168525 0.107353 0.180762
0.158783 0.148946 0.133688 0.166492 0.124690 0.182062 0.116812 0.195173
0.164766 0.161256 0.145104 0.179703 0.135274 0.196451 0.126911 0.210359
0.170975 0.174293 0.157110 0.193642 0.146517 0.211556 0.137665 0.226317
0.177417 0.188046 0.169856 0.208320 0.158429 0.227149 0.149088 0.243033
0.184103 0.202443 0.183325 0.223922 0.171107 0.243587 0.161185 0.260489
0.191040 0.217737 0.197507 0.240259 0.184383 0.260744 0.173962 0.278661
0.198239 0.233593 0.212298 0.257136 0.198434 0.278397 0.187416 0.297516
0.205709 0.250048 0.227677 0.274701 0.213102 0.297026 0.201542 0.317016
0.213460 0.267015 0.243883 0.292811 0.228489 0.316267 0.216325 0.337117
0.221504 0.284659 0.260703 0.311567 0.244490 0.335957 0.231749 0.357767
0.229851 0.302762 0.278133 0.330818 0.261025 0.355836 0.247789 0.378911
0.238512 0.321646 0.295665 0.350788 0.278277 0.376128 0.264416 0.400487
0.247499 0.340690 0.314205 0.371024 0.295989 0.397153 0.281594 0.422429
0.256826 0.360699 0.333136 0.391603 0.314276 0.418476 0.299281 0.444669
0.266503 0.380738 0.352475 0.412542 0.332826 0.439749 0.317432 0.467134
0.276546 0.401385 0.372082 0.433964 0.351847 0.461175 0.335994 0.489751
0.286967 0.421867 0.392054 0.455749 0.371245 0.482685 0.354914 0.512447
0.297780 0.442958 0.412241 0.477635 0.390999 0.504267 0.374131 0.535146
0.309001 0.463716 0.432602 0.499506 0.410969 0.526760 0.393584 0.557775
0.320645 0.484729 0.453084 0.521093 0.431038 0.549191 0.412871 0.580264
0.332727 0.505727 0.473549 0.542088 0.451022 0.571491 0.432136 0.602443
0.345265 0.526453 0.494000 0.563928 0.470796 0.592292 0.451410 0.624217
0.358275 0.547205 0.514088 0.584990 0.490511 0.612966 0.470632 0.645646
0.371776 0.568097 0.534031 0.605791 0.510066 0.634396 0.489740 0.666673
0.385785 0.587889 0.554064 0.626893 0.529531 0.654941 0.508676 0.687251
0.400322 0.607747 0.573039 0.646622 0.548718 0.675290 0.527383 0.707332
0.415407 0.627481 0.591820 0.666161 0.567119 0.695150 0.545810 0.726879
0.431060 0.646165 0.610694 0.685833 0.585481 0.714484 0.563907 0.745857
0.447304 0.664719 0.628837 0.704212 0.603719 0.733256 0.581630 0.764239
0.464159 0.682517 0.645685 0.721979 0.620956 0.751494 0.598940 0.782001
0.481649 0.700247 0.662727 0.739705 0.637996 0.769011 0.615801 0.799126
0.499799 0.717764 0.679322 0.757237 0.654375 0.785952 0.632182 0.815602
0.518632 0.733841 0.695591 0.774480 0.670122 0.802225 0.648458 0.831420
0.538175 0.749673 0.710886 0.790916 0.685070 0.817556 0.664222 0.846577
0.558455 0.764749 0.725295 0.805483 0.699891 0.832324 0.679444 0.861074
0.579498 0.779504 0.739327 0.820301 0.714019 0.846657 0.694107 0.874915
0.601335 0.793787 0.753060 0.834293 0.727090 0.860928 0.708204 0.888107
0.623994 0.806697 0.765743 0.847516 0.739330 0.874267 0.721729 0.900661
0.647508 0.819803 0.778072 0.860171 0.751054 0.886958 0.734047 0.912589
0.671907 0.831988 0.789787 0.872277 0.762563 0.899022 0.745522 0.923906
0.697226 0.843809 0.801040 0.884584 0.773931 0.911127 0.756452 0.934630
0.723499 0.854555 0.811540 0.895757 0.784289 0.921878 0.766844 0.944778
0.750762 0.864948 0.821768 0.906289 0.794097 0.932099 0.776711 0.954370
0.779052 0.874583 0.831419 0.916373 0.803130 0.941706 0.786345 0.963579
0.808408 0.883834 0.840716 0.925852 0.811384 0.950899 0.795103 0.972404
0.838870 0.892580 0.848969 0.935132 0.819820 0.960053 0.803342 0.980721
0.870480 0.900807 0.856494 0.943950 0.827292 0.968332 0.811216 0.988551
0.903282 0.908439 0.863712 0.952320 0.833857 0.975983 0.818683 0.995918
0.937319 0.915821 0.870576 0.959946 0.840499 0.983961 0.825569 1.002841
0.972639 0.922755 0.877264 0.967422 0.846933 0.991525 0.831887 1.009344
1.009290 0.929363 0.883643 0.973970 0.853395 0.998223 0.838010 1.015445
1.047322 0.935346 0.889289 0.980095 0.858863 1.004423 0.843764 1.021167
1.086787 0.941205 0.895162 0.985715 0.863717 1.010171 0.849167 1.026571
1.127740 0.946604 0.900459 0.991293 0.868951 1.016353 0.854237 1.031663
1.170235 0.951847 0.905334 0.996769 0.873657 1.021080 0.858990 1.036430
1.214332 0.956426 0.909897 1.001798 0.877525 1.026117 0.863444 1.040890
1.260090 0.960758 0.914043 1.006173 0.881412 1.031083 0.867615 1.045061
1.307573 0.964886 0.918113 1.010289 0.885022 1.035658 0.871424 1.048960
1.356845 0.969017 0.921907 1.014223 0.888323 1.039769 0.874854 1.052644
1.407973 0.972379 0.925392 1.018091 0.891616 1.043504 0.878060 1.056561
1.461028 0.975764 0.928209 1.021467 0.894691 1.046949 0.881055 1.060221
1.516083 0.978866 0.930940 1.024735 0.897564 1.050063 0.883852 1.063639
1.573212 0.981724 0.933663 1.027795 0.900096 1.053011 0.886464 1.066830
1.632493 0.984562 0.936280 1.030434 0.902518 1.056357 0.888900 1.069807
1.694009 0.986924 0.938627 1.033060 0.904775 1.059221 0.891173 1.072584
1.757842 0.989197 0.941167 1.035582 0.907049 1.061742 0.893293 1.075175
1.824081 0.991351 0.943287 1.037681 0.909195 1.064325 0.895270 1.077590
1.892816 0.993374 0.945368 1.039909 0.911106 1.066733 0.897112 1.079826
1.964141 0.995304 0.947187 1.041854 0.912886 1.068978 0.898828 1.081938
2.038154 0.997263 0.948810 1.043665 0.914518 1.071069 0.900427 1.083892
2.114955 0.999019 0.950604 1.045243 0.915997 1.073016 0.901917 1.085711
2.194651 1.000595 0.952244 1.046871 0.917374 1.074624 0.903239 1.087406
2.277350 1.002232 0.953605 1.048386 0.918655 1.076121 0.904452 1.088984
2.363165 1.003486 0.954848 1.049747 0.919848 1.077515 0.905581 1.090452
2.452213 1.004796 0.956143 1.051005 0.920958 1.078811 0.906631 1.091819
2.544617 1.005904 0.957395 1.052232 0.921991 1.080018 0.907609 1.093091
2.640503 1.006936 0.958528 1.053391 0.922952 1.081140 0.908518 1.094275
2.740003 1.007896 0.959520 1.054454 0.923846 1.082185 0.909363 1.095376
2.843251 1.008816 0.960443 1.055394 0.924678 1.083216 0.910150 1.096400
2.950391 1.009685 0.961301 1.056268 0.925451 1.084243 0.910882 1.097352
3.061567 1.010457 0.962099 1.057192 0.926171 1.085199 0.911562 1.098238
3.176933 1.011162 0.962827 1.057964 0.926839 1.085951 0.912194 1.099062
3.296646 1.011833 0.963448 1.058662 0.927461 1.086612 0.912782 1.099828
3.420870 1.012503 0.964127 1.059365 0.928039 1.087227 0.913329 1.100540
3.549775 1.013144 0.964758 1.060049 0.928583 1.087798 0.913837 1.101202
3.683537 1.013739 0.965327 1.060685 0.929095 1.088329 0.914325 1.101817
3.822340 1.014293 0.965875 1.061270 0.929571 1.088835 0.914802 1.102389
3.966373 1.014793 0.966385 1.061781 0.930013 1.089339 0.915246 1.102921
4.115834 1.015245 0.966859 1.062256 0.930424 1.089807 0.915658 1.103415
4.270926 1.015666 0.967278 1.062697 0.930806 1.090243 0.916041 1.103874
4.431863 1.016058 0.967642 1.063107 0.931161 1.090647 0.916397 1.104301
4.598864 1.016421 0.967979 1.063488 0.931491 1.091023 0.916728 1.104698
4.772158 1.016759 0.968293 1.063843 0.931798 1.091373 0.917036 1.105066
4.951983 1.017073 0.968585 1.064172 0.932083 1.091697 0.917321 1.105409
5.138583 1.017364 0.968856 1.064477 0.932347 1.091999 0.917587 1.105727
5.332215 1.017636 0.969117 1.064761 0.932593 1.092279 0.917833 1.106023
5.533143 1.017897 0.969365 1.065030 0.932822 1.092539 0.918063 1.106297
5.741642 1.018138 0.969595 1.065310 0.933034 1.092781 0.918276 1.106552
5.957999 1.018338 0.969808 1.065570 0.933231 1.093006 0.918473 1.106790
6.182508 1.018540 0.970007 1.065812 0.933414 1.093215 0.918657 1.107010
6.415476 1.018727 0.970191 1.066036 0.933585 1.093408 0.918828 1.107214
6.657224 1.018902 0.970363 1.066245 0.933743 1.093589 0.918986 1.107404
6.908081 1.019063 0.970522 1.066421 0.933889 1.093756 0.919134 1.107581
7.168391 1.019214 0.970670 1.066582 0.934026 1.093911 0.919270 1.107745
7.438510 1.019353 0.970807 1.066731 0.934153 1.094056 0.919398 1.107897
7.718807 1.019483 0.970935 1.066870 0.934270 1.094190 0.919516 1.108039
8.009667 1.019604 0.971053 1.066998 0.934380 1.094314 0.919625 1.108170
8.311487 1.019715 0.971164 1.067118 0.934492 1.094430 0.919727 1.108292
8.624680 1.019819 0.971266 1.067229 0.934601 1.094538 0.919822 1.108406
8.949674 1.019916 0.971361 1.067332 0.934701 1.094637 0.919910 1.108511
9.286915 1.020006 0.971449 1.067428 0.934794 1.094730 0.919991 1.108609
9.636864 1.020089 0.971531 1.067517 0.934881 1.094816 0.920067 1.108700
10.000000 1.020166 0.971607 1.067605 0.934961 1.094896 0.920138 1.108784
