799.999238
800.006309
799.995432
800.006100
800.002078
799.993733
800.007290
799.992920
800.007988
800.006642
800.003269
799.992869
799.999946
800.001052
799.994145
800.003914
799.998633
799.994358
800.002078
799.997201
799.994048
800.002897
800.002132
799.992319
800.000472
800.006396
799.992059
800.000673
799.995243
799.996487
800.002472
800.002852
800.006532
799.998419
799.998656
800.001005
800.000587
800.000765
799.993292
800.000577
799.992532
800.000871
799.997367
800.003207
800.000476
799.993036
799.998825
800.002958
799.994054
800.002096
800.005223
800.007987
799.995205
799.996923
800.005000
800.004890
800.002593
799.998796
799.994162
799.995694
799.995271
799.995649
799.995789
800.003304
799.995625
800.004458
800.001228
799.993763
799.996767
799.996462
800.002427
799.994452
799.995228
799.994155
799.997056
799.993192
799.992992
799.995731
799.997026
800.007249
799.997820
799.997325
799.992490
800.006103
800.006482
799.993368
800.006277
799.992865
799.999172
800.002056
799.999541
800.002383
800.006894
799.996131
799.993391
799.994058
800.001188
800.007710
800.001811
800.004711
800.007772
799.996050
799.997568
800.005455
799.997891
799.992821
799.998754
800.005799
800.001941
800.002373
799.992159
800.002734
800.004346
799.995967
800.004520
799.995332
800.001055
800.006051
800.001647
799.998820
800.004897
799.996553
800.001183
799.996719
800.005102
799.997806
799.997392
800.003628
800.006856
800.004973
800.006494
800.006246
800.000585
800.005193
799.998741
800.001100
800.005476
800.004934
800.000598
799.994520
800.001166
800.001129
800.000776
799.994648
799.995316
799.995794
799.995943
800.004410
800.003565
800.001384
800.003124
800.000500
799.996959
800.002326
800.000264
799.998924
800.005629
799.992351
799.993834
800.005736
800.000944
800.004960
800.003461
799.996405
799.998463
800.001324
799.992824
799.999122
800.003655
799.994536
799.994563
799.996466
799.996891
799.994838
800.005364
800.000519
800.002133
799.992768
799.997356
800.003036
799.997537
799.994006
799.993193
799.992802
799.998673
799.992165
800.004449
800.003836
799.997677
800.000638
799.995076
800.002065
800.001133
799.995833
799.996553
799.995415
799.995744
800.002180
799.998811
799.992307
800.001403
800.006697
800.001287
800.003467
799.992365
800.005469
800.003670
799.994626
800.003085
799.999210
800.003241
799.999474
800.001879
800.005974
800.006595
799.999234
800.002150
799.995400
799.998078
799.992752
799.995512
799.992122
799.999134
799.993328
799.994245
800.000978
799.993869
800.001982
799.999053
800.005952
799.997624
800.003836
799.996284
800.005713
800.001072
800.003632
799.996653
800.005705
800.000300
799.999930
799.994972
799.999071
799.997227
799.995277
800.000943
799.993948
799.998394
800.002169
800.002105
799.997538
799.999353
799.992885
799.993015
800.006139
800.000591
800.005492
799.999955
799.992774
800.006845
799.994974
800.000183
799.996987
800.001848
799.997198
800.001090
799.993148
800.000519
800.004752
800.001428
800.003797
800.002199
799.995354
800.002339
800.001701
800.003112
800.001820
799.997016
800.001079
800.004591
800.004601
799.997872
800.002629
799.997401
800.003587
799.995203
800.004776
800.001165
800.001803
800.005768
800.005027
799.997928
800.002506
799.995800
800.005075
799.995870
799.995141
800.003400
800.003224
799.994532
799.993987
800.006732
799.996807
799.995859
799.999336
799.994517
799.999469
799.993958
800.002804
800.006112
799.996707
799.992404
799.993775
800.000990
799.996200
800.000298
799.994636
800.001344
800.007484
800.004060
799.996290
800.000495
799.992023
799.998352
800.001880
799.995404
800.001210
800.003544
799.997865
800.001806
800.005026
799.995197
799.997078
800.000824
799.994843
800.000144
799.997561
800.003928
799.997414
799.992056
799.996438
799.999121
800.007688
799.995991
800.001345
799.995211
799.993648
800.002624
799.992269
799.992065
799.994349
800.007008
800.001468
800.005751
799.999920
799.996928
799.997069
800.001050
799.999298
799.993876
799.993880
799.999041
799.999501
800.001113
800.007289
799.994715
800.000942
800.001076
799.998691
800.006119
799.995655
799.993340
800.005803
799.998393
799.995343
800.003326
799.994988
800.002410
799.995635
800.007010
800.004288
799.994059
800.005600
800.007509
800.003319
800.004000
800.001037
800.004636
799.995066
800.001455
799.992851
799.998842
800.001932
799.994153
799.997154
800.002401
799.995164
799.999354
800.000420
800.007858
800.000611
800.002290
799.999566
799.998164
800.006906
800.005377
800.006677
800.000628
800.000523
800.002056
800.000381
799.992966
800.002898
800.007641
800.007092
800.002183
799.993193
799.996946
799.993669
800.005694
800.000820
799.992623
799.994698
799.996161
799.992100
800.005058
800.006481
800.002215
800.007719
800.003240
799.995555
800.004367
799.996987
800.005705
799.998130
800.004810
799.996365
800.003111
800.000839
800.001267
799.998843
800.002862
800.002597
799.998100
800.004923
799.993974
800.002804
799.993229
800.002081
799.992511
800.007759
799.998850
800.005546
800.004684
800.003071
800.001451
800.000799
799.995858
799.998231
800.000991
799.992778
799.999537
799.995274
800.004159
800.005561
799.996109
799.997313
800.006358
799.992399
800.001123
799.999922
799.996093
800.001279
800.006797
799.998268
799.996342
799.993983
799.997304
799.992711
799.996535
799.995050
799.992764
800.001217
799.998060
800.005336
799.992419
799.997017
799.999101
799.998755
799.994069
800.000039
800.004919
800.007679
799.997668
799.999470
799.997212
800.000126
800.003037
799.998877
799.993260
800.007027
799.992739
799.997527
800.003323
800.001503
799.994828
800.003934
800.002410
799.999067
799.994236
799.997851
799.999807
800.001553
800.000223
799.992017
799.992787
800.007828
799.996489
800.006497
800.006721
799.992167
799.993497
799.998898
800.004100
800.005228
799.997718
799.998880
799.993664
800.002737
800.007497
800.002895
800.006398
799.998137
800.002675
800.001857
799.998234
800.002178
799.996038
800.006262
800.001676
800.000265
799.998618
800.003686
800.003839
799.998174
799.996309
799.996640
800.001381
799.995878
800.000817
799.995706
800.007291
800.001885
799.999417
800.007857
799.999299
799.992849
799.998996
800.001125
800.002735
799.998048
799.998503
800.002532
799.993883
800.007356
799.996074
799.995310
799.996436
800.004373
800.006686
799.998057
800.001352
799.999059
799.998685
800.003696
799.996867
800.001836
799.992273
799.993042
800.006204
799.992462
799.994484
800.004308
799.998941
799.997721
800.000642
799.996757
799.993739
799.995706
800.004403
799.993637
799.994525
799.993637
800.001216
800.002899
800.006687
800.005749
799.997961
800.007241
799.998791
799.997860
800.000851
799.996345
799.993789
800.005567
799.996309
799.993875
800.004761
799.995756
799.992947
799.992903
800.007679
800.007190
799.995676
799.993642
800.003830
799.994833
800.007025
800.007826
799.994718
799.995028
799.997150
799.999436
799.997731
799.998144
800.006927
799.995961
799.995955
799.992930
799.993146
800.005863
800.004497
799.995197
800.000998
799.995742
799.999603
800.003466
799.999711
799.998106
800.003605
799.992684
800.006967
800.000359
800.002149
800.001635
799.999434
799.992582
800.004933
800.006444
799.999176
799.992603
800.006231
799.997370
799.998046
799.997207
800.007302
799.993034
799.998593
799.996028
800.007607
800.000940
800.000340
799.995692
799.996141
800.002213
799.992043
799.996991
799.995421
799.999518
800.006715
800.002998
800.000164
799.995547
799.992836
799.996022
800.007880
799.998236
799.996113
800.000692
799.997818
799.994472
800.000708
800.001076
799.995312
800.003595
800.003932
800.004774
799.995049
800.006155
799.998963
800.006492
800.002178
799.998455
799.992322
800.007143
800.003847
799.995542
799.994079
800.002461
800.003435
799.995811
800.002045
800.000930
800.000760
800.005539
800.004658
799.999895
800.000316
799.992933
800.005792
800.005152
799.998053
799.994602
799.994301
800.002438
799.996983
799.994243
800.003968
800.005736
799.996316
800.007983
800.003315
800.006931
799.996380
799.997653
800.006453
799.993490
799.997121
800.006401
799.994854
800.005100
800.004991
800.001867
799.995135
799.995628
799.994092
800.000053
800.003077
800.001097
799.997535
800.007200
799.997886
799.997868
799.994213
800.000320
799.997812
800.005862
800.003112
799.998398
799.996284
799.997600
799.997197
800.001627
799.995627
799.996276
799.996843
799.995201
800.003871
800.005070
799.999729
799.992013
800.007024
800.000300
799.993069
799.998329
800.001646
800.004569
799.996821
800.006427
799.994825
799.998739
800.004058
799.992839
799.993991
799.998723
799.999174
799.993871
799.994809
799.997209
799.996515
800.003544
800.003692
800.001058
799.995733
799.996823
800.001877
799.993825
800.004603
799.999148
800.003911
799.998459
800.003797
800.002092
800.007511
799.993425
800.006771
800.001922
800.001723
800.002159
799.995045
800.007459
800.001031
800.001341
800.003380
800.000212
800.002163
800.001341
800.006693
799.993371
799.993956
799.993471
800.007783
800.001231
800.006630
799.998381
800.000085
799.999201
799.997663
800.005525
799.995346
800.004777
799.992218
800.005034
799.996825
799.996124
800.003509
799.999695
799.998223
799.995589
800.002612
799.992423
800.004887
799.994645
800.001713
799.994149
800.006118
799.992178
799.995668
799.998379
800.002199
799.992907
799.996549
800.004579
800.002478
800.003234
799.999599
799.993809
799.998949
799.999465
799.996717
800.007902
799.994793
800.002377
799.992638
800.007332
800.007593
800.005338
800.000832
799.999463
799.993785
799.998702
799.998260
800.005089
799.995474
800.001634
799.995693
799.994750
800.001779
800.003773
800.005561
800.000751
799.992195
799.998139
799.999609
799.995792
800.006528
799.999015
800.005600
800.001688
800.001416
800.004603
800.001967
800.005067
799.995921
800.006126
800.002568
800.004683
799.994649
800.006413
799.993568
800.000223
800.004386
799.996933
800.003697
800.000302
799.997578
799.998101
800.005120
799.997565
799.998204
800.005285
800.007763
800.002180
799.997936
800.005986
800.005692
799.996104
800.005013
799.998146
800.003614
800.006482
800.006743
799.996055
799.992384
799.994167
800.001714
800.006571
799.996970
800.004606
799.999926
800.001478
800.000944
800.005692
800.001698
800.003104
799.996533
800.004785
799.993355
799.993029
799.994608
799.996677
800.007446
800.002227
799.996973
799.994211
799.999442
799.995354
799.999700
800.000424
799.999926
799.996185
799.994103
800.006788
800.003842
799.997317
800.000460
800.007962
800.004849
799.995170
799.994655
800.001321
800.005687
799.998323
799.995354
800.006842
800.005965
799.992306
800.002114
799.995992
799.999665
799.996882
800.004144
799.998781
799.992377
800.007341
800.006370
800.000834
799.999730
799.995517
800.006739
800.001080
800.002125
800.000020
800.003646
799.992922
800.002364
799.993897
799.994870
799.992599
799.997439
799.996282
799.996269
800.004787
800.002215
799.998556
799.998270
799.998342
800.000668
800.007789
799.994073
800.005174
800.006008
800.007990
800.007841
799.994246
800.001778
799.998010
800.005430
799.994915
799.996812
800.006671
