128.474914 -179.797610 -445.006420 91.609062 1012.347104 878.502165 1171.337316 5146097262774.168945 2578467143440.217773 10278706269200.664062 0.000057 0.000025 0.000086 1.878909 -203.317740 199.330086 161.909964 67.938546 258.330686
385.932914 19.398038 -158.160472 236.480351 927.537445 795.248871 1107.652235 3402326712669.332520 1587165122268.202881 7972409402517.945312 0.000055 0.000024 0.000085 3.138560 -201.586637 209.131847 155.895208 66.929495 252.563690
640.099677 49.523328 -118.004842 216.798661 931.936983 795.709523 1095.421197 3505024453139.031250 1611773324881.711426 7683324239671.963867 0.000054 0.000024 0.000085 -8.792460 -206.793557 195.079674 159.339688 67.358913 253.640290
936.790748 53.023706 -81.769293 191.607368 839.596121 724.430137 997.892701 2167507565266.952637 1078911665115.390015 5045972944530.661133 0.000056 0.000025 0.000085 -1.606093 -204.313941 202.421961 162.314449 66.043384 258.111344
1438.715862 -86.352231 -237.569964 75.002661 728.778597 635.200561 872.572495 1019280584744.218872 478956278271.011047 2575161074183.443848 0.000053 0.000025 0.000086 -0.863456 -203.694237 205.280878 164.078830 66.341422 253.979018
2107.554697 -0.580916 -173.693413 173.554792 774.649867 669.501713 921.420606 1383586552260.917480 648660098363.949829 3338631591362.977051 0.000055 0.000024 0.000087 5.791714 -201.497103 198.097550 161.327520 68.352906 256.971093
2855.536044 -72.055077 -142.581011 -4.226891 519.000313 483.008654 549.661952 144616963579.507782 109370863291.856918 183637904306.305603 0.000056 0.000026 0.000086 -4.428018 -203.938793 203.354962 161.804155 68.537027 258.236137
3642.500863 -78.541437 -177.235689 16.869040 493.461655 415.809385 590.217131 230538116790.119049 116611148453.755737 509938335587.829102 0.000056 0.000024 0.000086 -5.716844 -196.453166 203.260635 166.072763 67.585768 255.939286
4541.146206 -28.489443 -116.042110 72.641907 457.611627 391.994844 537.163185 129297286977.099518 71593834148.588043 259961673605.291290 0.000055 0.000025 0.000086 -0.261210 -208.172865 205.975183 166.190601 68.833975 255.801921
5568.135359 63.890496 -6.556947 140.169090 464.132463 378.630999 565.726038 203898828252.972565 93806234358.867157 464567767248.691711 0.000053 0.000024 0.000085 6.792361 -195.577109 206.419232 159.344123 69.048639 257.703641
