0.010000 5.553960 4.390432 8.444081 4.017110 12.745226 3.792665 33.486887
0.012068 6.006285 4.763732 8.913374 4.338509 13.698362 4.113172 36.195800
0.014563 6.458261 5.182854 9.439838 4.672196 14.379162 4.482716 40.263136
0.017575 6.935511 5.588481 9.983674 5.049908 15.813643 4.853910 39.559017
0.021210 7.331853 6.003371 10.481880 5.465152 16.669364 5.185736 39.257999
0.025595 7.772594 6.457713 10.910983 5.889076 16.737480 5.633264 39.904078
0.030888 8.224408 6.929573 11.341411 6.352473 17.268424 6.054584 40.212153
0.037276 8.700728 7.403931 11.882973 6.803371 17.601689 6.584524 40.202717
0.044984 9.223734 7.912831 12.313628 7.300999 18.819505 7.021414 39.934056
0.054287 9.728145 8.404289 12.943251 7.805599 19.330839 7.427984 39.474589
0.065513 10.270539 8.907382 13.440161 8.307570 19.781999 7.935783 38.205005
0.079060 10.817179 9.461791 13.921970 8.846456 20.325076 8.504288 35.471762
0.095410 11.378906 10.053643 14.577746 9.385214 21.282604 9.066349 34.083952
0.115140 12.012507 10.649267 15.168285 9.897607 21.926161 9.529565 33.684934
0.138950 12.644804 11.233813 15.944251 10.453631 23.019031 10.061857 32.997575
0.167683 13.255691 11.849163 16.619317 11.005349 23.723222 10.487573 32.502969
0.202359 13.957609 12.506659 17.454050 11.589954 23.956572 10.815601 32.031467
0.244205 14.644406 13.102799 18.206595 12.072852 24.217369 11.121347 31.544081
0.294705 15.405177 13.728365 18.988851 12.441911 24.732903 11.397812 31.509584
0.355648 16.134837 14.376971 19.809333 12.531962 25.493117 11.635091 32.556347
0.429193 16.867037 14.945657 20.613441 12.414183 26.166858 11.543135 32.909026
0.517947 17.569011 15.498486 21.334041 12.435429 26.758972 11.204612 32.805437
0.625055 18.271201 15.934497 21.948663 12.441284 27.035714 10.837988 33.187372
0.754312 18.863594 16.283742 22.573401 12.187755 27.722736 10.446172 34.034591
0.910298 19.310792 16.440906 23.170981 11.820426 28.449229 10.031594 35.013374
1.098541 19.605989 16.280538 23.602634 10.946854 28.836661 9.496011 36.059725
1.325711 19.849794 15.482191 23.938740 10.171676 29.439065 8.815549 36.943004
1.599859 19.953707 14.425304 24.362429 9.791979 29.849379 8.286062 37.233249
1.930698 19.634657 13.283697 24.559598 9.420458 30.293991 7.535164 37.449254
2.329952 19.164827 12.430506 24.690343 8.925671 30.472164 6.932482 37.565598
2.811769 18.264239 12.006901 24.693939 8.428891 30.703031 6.299493 37.548646
3.393222 16.833785 11.562031 24.409102 7.945502 30.652390 5.899457 37.519791
4.094915 15.736653 10.947674 24.022947 7.449815 30.650531 5.483720 37.258286
4.941713 15.017310 10.279920 23.433663 6.914968 30.460564 5.046844 36.642935
5.963623 14.357348 9.584712 22.294873 6.423586 30.055066 4.635859 35.655408
7.196857 13.725990 8.911763 21.286188 5.954589 29.306601 4.252878 34.770764
8.685114 12.931473 8.230466 19.761415 5.505700 28.414194 3.895645 33.507685
10.481131 12.112990 7.590708 18.533116 5.074510 27.096147 3.563748 31.892599
12.648552 0.000000 0.000000 0.000000 0.000000 0.000000 0.000000 0.000000
15.264180 0.000000 0.000000 0.000000 0.000000 0.000000 0.000000 0.000000
18.420700 0.000000 0.000000 0.000000 0.000000 0.000000 0.000000 0.000000
22.229965 0.000000 0.000000 0.000000 0.000000 0.000000 0.000000 0.000000
26.826958 0.000000 0.000000 0.000000 0.000000 0.000000 0.000000 0.000000
32.374575 0.000000 0.000000 0.000000 0.000000 0.000000 0.000000 0.000000
39.069399 0.000000 0.000000 0.000000 0.000000 0.000000 0.000000 0.000000
47.148664 0.000000 0.000000 0.000000 0.000000 0.000000 0.000000 0.000000
56.898660 0.000000 0.000000 0.000000 0.000000 0.000000 0.000000 0.000000
68.664885 0.000000 0.000000 0.000000 0.000000 0.000000 0.000000 0.000000
82.864277 0.000000 0.000000 0.000000 0.000000 0.000000 0.000000 0.000000
100.000000 0.000000 0.000000 0.000000 0.000000 0.000000 0.000000 0.000000
