0.010000 0.000029 -0.006591 0.007145 -0.009255 0.011617 -0.011584 0.018620
0.012068 0.000245 -0.006456 0.007509 -0.009261 0.012679 -0.012069 0.020448
0.014563 0.000516 -0.006293 0.008137 -0.009283 0.014033 -0.012654 0.022619
0.017575 0.000893 -0.005925 0.008654 -0.009435 0.015639 -0.013353 0.025185
0.021210 0.001344 -0.005761 0.009362 -0.009488 0.018743 -0.014186 0.028200
0.025595 0.001907 -0.005638 0.010072 -0.009466 0.023135 -0.015169 0.031718
0.030888 0.002615 -0.005285 0.011297 -0.009432 0.027521 -0.016318 0.036534
0.037276 0.003500 -0.005099 0.013475 -0.009538 0.033080 -0.017646 0.045760
0.044984 0.004441 -0.004973 0.016556 -0.009980 0.040859 -0.020063 0.054870
0.054287 0.005850 -0.004369 0.021261 -0.010647 0.050053 -0.022161 0.063447
0.065513 0.007365 -0.004004 0.027197 -0.011800 0.060413 -0.025942 0.080559
0.079060 0.010078 -0.003334 0.034899 -0.013595 0.072275 -0.030490 0.101973
0.095410 0.013609 -0.002266 0.043945 -0.016256 0.089592 -0.035180 0.129285
0.115140 0.018951 -0.001524 0.057727 -0.019549 0.107054 -0.040261 0.156098
0.138950 0.027118 -0.000602 0.073383 -0.024076 0.130891 -0.046279 0.192401
0.167683 0.037280 0.000233 0.092966 -0.029211 0.159819 -0.051495 0.251087
0.202359 0.052797 0.001764 0.116990 -0.033976 0.195780 -0.057021 0.313435
0.244205 0.070218 0.003451 0.145895 -0.038399 0.237963 -0.062528 0.363071
0.294705 0.091055 0.004591 0.179442 -0.043651 0.281825 -0.067709 0.428705
0.355648 0.112244 0.006499 0.215468 -0.050012 0.332011 -0.074490 0.488426
0.429193 0.135960 0.007366 0.260578 -0.055840 0.384834 -0.079467 0.582098
0.517947 0.153734 0.008173 0.303784 -0.062046 0.450812 -0.082896 0.656019
0.625055 0.172224 0.008855 0.359487 -0.067360 0.514315 -0.085173 0.735681
0.754312 0.186091 0.009384 0.402322 -0.069626 0.578485 -0.086648 0.794895
0.910298 0.197338 0.009768 0.446396 -0.072328 0.629107 -0.088017 0.834237
1.098541 0.206829 0.010034 0.479971 -0.074181 0.685307 -0.088649 0.867712
1.325711 0.213006 0.010212 0.502419 -0.075893 0.728631 -0.090849 0.900555
1.599859 0.217448 0.010329 0.530127 -0.076674 0.761781 -0.092174 0.924407
1.930698 0.219446 0.010404 0.545497 -0.077606 0.783141 -0.093033 0.941405
2.329952 0.222205 0.010452 0.553290 -0.078463 0.798898 -0.093709 0.951281
2.811769 0.225842 0.010483 0.562340 -0.078830 0.818112 -0.094238 0.956346
3.393222 0.227461 0.010502 0.566376 -0.079302 0.833089 -0.094560 0.959326
4.094915 0.228090 0.010514 0.569782 -0.079692 0.843230 -0.094676 0.961073
4.941713 0.228500 0.010522 0.573501 -0.079967 0.846153 -0.094743 0.962095
5.963623 0.228541 0.010527 0.576991 -0.080162 0.856349 -0.094785 0.962692
7.196857 0.228566 0.010530 0.581857 -0.080299 0.857654 -0.094878 0.964597
8.685114 0.229016 0.010532 0.582478 -0.080396 0.858506 -0.094941 0.968814
10.481131 0.229039 0.010533 0.582577 -0.080464 0.863965 -0.094984 0.971887
12.648552 0.229053 0.010534 0.583651 -0.080512 0.866831 -0.095013 0.974120
15.264180 0.229062 0.010534 0.583935 -0.080546 0.871747 -0.095033 0.975742
18.420700 0.229067 0.010534 0.584137 -0.080627 0.872658 -0.095046 0.976917
22.229965 0.229070 0.010535 0.584281 -0.080627 0.873318 -0.095055 0.977769
26.826958 0.229072 0.010535 0.584562 -0.080627 0.873797 -0.095061 0.978386
32.374575 0.229073 0.010535 0.584955 -0.080627 0.874143 -0.095065 0.978833
39.069399 0.229074 0.010535 0.585248 -0.080627 0.874395 -0.095068 0.979156
47.148664 0.229075 0.010535 0.585467 -0.080627 0.874576 -0.095070 0.979389
56.898660 0.229075 0.010535 0.585631 -0.080627 0.874708 -0.095071 0.979558
68.664885 0.229075 0.010535 0.585753 -0.080627 0.874803 -0.095072 0.979681
82.864277 0.229075 0.010535 0.585844 -0.080627 0.875133 -0.095073 0.979769
100.000000 0.229075 0.010535 0.585912 -0.080627 0.875653 -0.095073 0.979833
