104.999528
104.999234
105.000225
105.000990
105.000587
105.000137
104.998978
105.000699
104.999241
104.999099
105.000805
104.999212
104.999623
104.999418
104.999715
105.000339
105.000207
104.999616
105.000695
105.000307
104.999375
104.999991
104.999664
104.999094
105.000982
105.000919
105.000397
104.999549
105.000120
105.000014
105.000565
104.999256
105.000643
105.000019
104.999424
104.999041
104.999512
105.000681
105.000168
105.000033
104.999703
105.000586
105.000698
105.000258
105.000682
104.999205
104.999514
104.999565
104.999486
104.999622
105.000795
104.999701
105.000884
105.000665
105.000411
104.999634
105.000394
104.999787
104.999561
105.000572
104.999651
104.999355
105.000800
104.999142
104.999911
105.000708
104.999153
104.999399
104.999141
104.999589
104.999095
104.999245
105.000489
104.999973
105.000367
104.999874
105.000659
105.000178
104.999498
105.000944
104.999033
104.999238
104.999300
104.999191
104.999678
105.000990
104.999048
105.000685
104.999880
105.000460
104.999478
104.999416
104.999583
105.000339
104.999022
104.999510
105.000780
105.000956
105.000190
104.999668
105.000896
105.000907
105.000022
104.999634
105.000469
105.000879
104.999202
104.999050
105.000913
104.999339
105.000053
105.000102
104.999384
105.000546
104.999294
104.999514
104.999009
105.000665
104.999815
104.998997
104.999742
104.999202
105.000481
104.999359
104.999207
104.999346
105.000525
105.000230
105.000692
105.000500
104.999176
104.999541
104.999505
105.000669
105.000782
105.000672
104.999224
105.000612
105.000897
104.999874
105.000769
104.999535
104.999030
104.999441
105.000156
105.000041
104.999581
105.000359
104.999843
104.999102
105.000267
105.000733
104.999377
104.999987
105.000390
104.999018
105.000805
105.000423
105.000082
104.999067
104.999625
104.999385
105.000134
104.999326
105.000731
104.999247
105.000709
104.999879
104.999974
105.000598
105.000953
105.000971
105.000761
105.000107
104.999288
104.999314
104.999892
105.000334
105.000224
104.999244
104.999707
105.000184
104.999929
104.999258
104.999912
104.999141
105.000639
104.999124
105.000642
105.000712
104.998987
104.999877
104.999479
104.999910
104.999141
105.001031
104.999037
105.000947
104.999530
104.999066
104.999516
105.000248
104.999489
105.000840
104.999113
104.999343
104.999051
104.999504
105.000458
105.000669
104.999487
104.999081
104.999002
105.000518
105.000211
105.000153
104.999921
105.000271
104.998975
104.999844
104.999172
104.999525
105.000254
105.000594
105.000203
104.999056
105.000893
104.999083
105.000138
105.000061
104.999996
104.999746
105.000042
105.000007
105.000803
104.999228
105.000130
104.999212
105.000429
104.999685
105.000877
105.000185
104.999892
104.999880
105.000398
104.999211
104.999901
105.000035
104.999939
104.999914
105.000553
104.999994
105.000316
104.999065
104.999500
105.000445
105.000260
105.000716
105.000851
105.000305
105.000066
104.999261
105.000332
105.000189
104.999687
104.999950
104.999593
104.999822
104.999970
104.998969
104.999938
104.999636
105.000517
104.998969
104.999469
105.000702
105.000281
105.000365
104.999555
105.000921
105.000728
104.999687
105.000105
104.999284
105.000381
105.001015
105.000542
105.000271
104.998973
105.000994
104.999155
104.999329
105.000232
104.999571
104.999701
105.000438
105.000792
105.000343
104.999677
105.000390
105.000810
104.999070
105.000489
105.000999
104.999840
105.000054
105.000138
105.000199
104.998988
104.999463
104.999182
105.000599
104.999625
105.000687
105.000397
105.000874
105.000667
105.000113
105.000694
105.000961
104.999753
104.999218
104.999753
105.000394
105.000012
104.999987
104.999634
104.999057
104.999118
105.000272
105.000956
105.000319
104.999562
104.999672
104.999393
104.999128
105.000293
104.999066
104.999863
105.000226
104.998998
104.999769
105.000834
104.999310
105.000484
104.999494
105.000462
104.999543
104.999925
104.999216
104.999540
105.000066
105.000850
105.000310
104.999216
104.999710
105.000066
104.999126
104.999288
105.000477
104.999340
104.999557
104.999405
104.999341
105.000214
105.000473
105.000954
105.000224
104.999268
105.000912
105.000354
105.000585
105.000296
105.000664
104.999064
105.000724
105.000479
104.999770
105.000307
104.999553
104.999563
105.000075
104.998976
104.999563
104.999122
105.000921
104.999046
104.998973
105.000696
105.000511
105.000968
104.998995
105.000304
105.000609
104.999349
105.000957
104.999435
104.999694
105.000545
105.000986
104.999314
105.000586
104.999149
105.001025
105.000161
104.999752
105.000767
105.000392
104.999585
104.999723
104.999776
104.999463
104.999374
105.000682
105.000475
104.999961
105.000940
104.999799
105.000504
104.999856
104.998970
105.000384
105.000976
105.000746
104.999567
104.999520
104.999705
105.000831
105.000480
105.000487
104.999526
104.999591
104.999212
105.000876
104.999214
104.999902
104.999324
105.000481
105.000700
105.000246
104.999082
104.999678
104.999141
105.000896
104.999793
105.000807
105.000309
105.000441
105.000426
105.000079
105.000010
104.999364
104.998961
105.000368
105.000967
104.999677
104.999628
104.999584
104.999130
104.998987
105.000741
104.999315
104.999917
104.999897
105.000787
105.000830
104.999863
105.000862
104.999854
105.000507
105.001024
104.999052
104.999255
105.000368
105.000541
105.000059
104.999265
105.000398
104.999394
104.999706
105.000185
104.999344
105.000060
105.000456
104.999660
105.000527
104.999909
105.000166
105.000081
104.999674
105.000622
104.999301
104.999942
105.000490
105.001029
104.999020
104.999307
104.999237
104.999656
104.998996
105.000203
104.999903
105.000311
104.999318
104.999492
104.999678
104.999418
105.000620
105.000456
105.000511
105.000005
104.999436
105.001027
104.999824
104.999811
105.000902
104.999540
105.000660
105.000072
104.999268
104.999321
104.999259
104.999756
104.999806
104.999475
105.000878
105.000860
104.999544
104.999107
105.000727
104.999705
104.999243
104.999328
104.999150
104.999399
104.998977
105.000973
104.999465
105.000895
104.999462
105.001043
104.999319
105.000865
105.000973
105.000043
105.000162
104.998989
105.000737
105.000067
105.000639
105.000147
105.000782
104.999490
105.000969
104.999441
104.999920
104.999237
104.999476
104.999736
104.999675
104.999930
105.000804
105.000633
105.000895
104.999877
105.000211
104.999263
104.999142
104.999131
104.999986
104.999051
104.999701
104.999737
104.999041
105.000386
105.000913
104.999826
104.999698
105.000353
104.999101
104.999141
105.000682
104.999306
104.999195
105.000881
104.999877
105.000864
105.000105
104.999683
105.000765
104.999973
105.000226
104.999314
105.000884
105.000166
104.999157
105.000727
104.999976
105.000104
105.000127
105.000534
104.999545
104.999724
105.000853
104.999629
104.999616
104.999475
105.000712
104.999383
105.000516
105.000750
105.000306
104.999212
105.000979
105.001015
104.999317
104.999545
104.999720
104.999812
104.999509
105.000755
105.000829
105.000518
104.999439
105.000789
104.999761
104.999392
104.999697
104.999794
104.999599
104.999933
104.999366
105.000708
104.999625
104.999173
104.999024
104.999601
104.999176
104.999171
104.999703
104.999878
104.999315
104.999372
104.999432
105.000551
104.999350
105.000386
105.000507
104.999761
105.000544
105.000842
105.000835
104.999151
104.999669
105.000167
104.999845
105.000103
104.999153
105.000096
104.999645
104.998952
105.000852
105.000858
104.999144
105.001042
105.000460
105.000010
104.999166
105.001027
104.999928
104.999005
104.998974
105.000607
104.999392
105.000823
105.000472
105.000881
105.000244
104.999018
105.000583
104.999557
105.000834
104.999894
104.999007
104.999322
104.999369
105.000655
104.999236
104.998994
105.000448
104.999302
105.000907
104.999062
105.000626
104.999807
105.000970
105.000996
105.000900
105.000041
105.000333
105.000526
104.999822
105.000853
105.000250
105.000487
104.999355
104.999173
105.000335
105.000399
105.000974
104.999355
104.999083
104.999848
105.000661
104.999935
104.999470
105.000360
104.999669
105.000643
104.999706
105.000644
105.000676
105.000249
105.000079
104.999031
105.001040
105.001016
104.999344
104.999070
104.999061
104.999098
104.999985
105.000342
105.000837
104.999678
105.000956
104.999231
104.999147
105.001046
104.999483
105.000432
104.999934
104.999751
105.000736
105.000264
105.000448
104.999654
104.999112
104.999800
104.999151
105.000807
104.999082
105.000638
104.999533
105.000332
105.000825
105.000867
104.999650
105.000838
105.000758
104.999210
104.999299
104.999558
104.999666
104.999461
104.999848
105.000446
105.000605
104.999259
105.001031
104.999953
105.000856
105.000217
105.000665
105.000272
105.000825
104.999753
105.000877
104.999930
105.000086
105.000736
105.000692
105.000973
105.000622
104.999037
105.000933
104.999746
105.000634
104.999521
104.999017
104.999382
104.999004
105.000113
105.000123
105.000689
104.999873
104.999513
104.999679
104.999227
105.000252
105.000066
105.000063
105.000860
105.000330
105.000449
105.000120
104.999667
105.001044
105.000938
104.999772
104.999345
105.000111
105.000924
105.000491
105.000379
104.999264
104.999647
105.000288
105.000107
104.999237
104.999186
105.001035
105.000981
105.000157
104.999626
104.999197
105.000746
105.000393
104.999977
104.999651
104.999973
104.999247
104.999236
105.000266
105.000916
104.999122
104.999000
104.998959
105.000571
104.998968
105.000099
104.999185
105.000653
105.000707
104.999410
105.000235
105.000919
104.999381
104.999145
104.999461
104.999463
105.000245
104.999303
105.000876
104.999564
104.999382
104.999593
104.999945
104.999037
104.999575
104.999769
105.000317
105.000694
104.999243
104.999988
104.999107
105.000605
105.000037
104.999145
104.999043
104.999796
104.999049
104.999814
104.999970
105.000164
104.999575
105.000039
104.999986
105.000733
105.000506
104.999276
105.000588
104.999769
104.999306
105.000158
105.000102
104.999086
105.000058
105.000156
105.000994
105.000664
105.000443
105.000051
105.000016
105.000393
104.999884
104.999295
104.999443
104.999620
104.999614
104.999965
105.000727
104.999415
104.999933
104.999484
105.000940
104.999695
104.999822
104.999327
104.999585
105.000862
105.000135
104.999045
104.999999
104.999905
105.000428
105.000474
104.999362
104.999688
105.000675
104.999379
105.001011
105.000735
104.999769
104.999501
105.000069
104.999377
104.999319
104.999867
105.000090
104.999499
105.000232
105.000646
104.999370
104.999726
105.000840
105.000281
104.999343
104.999762
105.000898
105.000893
105.000327
104.999517
105.000700
105.000301
105.000670
104.999202
105.000230
104.999195
105.000499
105.000764
104.999466
104.999882
104.999626
104.999264
104.999128
105.000823
104.998987
104.999185
104.999403
104.999367
104.998965
104.999719
105.000852
105.000875
104.999397
104.999118
105.000973
105.000596
104.999858
105.000287
104.999995
104.999716
105.000601
104.999121
105.000407
104.999679
105.000175
105.000858
105.000839
104.999745
105.000780
104.999608
105.000013
105.000693
104.999480
104.999185
105.000333
105.000503
104.998986
104.999587
104.999500
104.999765
104.999599
104.999688
105.000120
105.000834
105.000313
104.999645
104.999560
