0.001000 0.037200 0.030373 0.042948 0.027841 0.045249 0.027374 0.045566
0.001038 0.041524 0.033903 0.047939 0.031077 0.050508 0.030556 0.050862
0.001077 0.046346 0.037841 0.053507 0.034686 0.056374 0.034104 0.056770
0.001117 0.051725 0.042232 0.059716 0.038711 0.062916 0.038062 0.063358
0.001159 0.057722 0.047129 0.066640 0.043200 0.070210 0.042475 0.070704
0.001203 0.064409 0.052588 0.074360 0.048204 0.078344 0.047396 0.078894
0.001248 0.071863 0.058674 0.082966 0.053782 0.087410 0.052881 0.088024
0.001296 0.080170 0.065457 0.092557 0.060000 0.097515 0.058994 0.098200
0.001344 0.089427 0.073015 0.103244 0.066928 0.108775 0.065806 0.109540
0.001395 0.099741 0.081436 0.115151 0.074647 0.121320 0.073395 0.122173
0.001448 0.111229 0.090816 0.128414 0.083244 0.135293 0.081849 0.136244
0.001502 0.124022 0.101261 0.143183 0.092818 0.150854 0.091262 0.151914
0.001559 0.138264 0.112889 0.159626 0.103477 0.168177 0.101742 0.169359
0.001617 0.154115 0.125832 0.177927 0.115341 0.187458 0.113407 0.188776
0.001678 0.171753 0.140232 0.198290 0.128541 0.208912 0.126386 0.210380
0.001742 0.191372 0.156251 0.220940 0.143224 0.232776 0.140823 0.234412
0.001807 0.213188 0.174063 0.246126 0.159551 0.259312 0.156876 0.261134
0.001875 0.237438 0.193862 0.274122 0.177699 0.288808 0.174720 0.290837
0.001946 0.264382 0.215862 0.305230 0.197865 0.321581 0.194548 0.323841
0.002019 0.294309 0.240296 0.339780 0.220262 0.357983 0.216569 0.360498
0.002095 0.327533 0.267423 0.378137 0.245127 0.398395 0.241017 0.401194
0.002174 0.364400 0.297524 0.420701 0.272718 0.443238 0.268147 0.446353
0.002256 0.405290 0.330910 0.467908 0.303320 0.492975 0.298236 0.496439
0.002341 0.450616 0.367917 0.520237 0.337243 0.548107 0.331589 0.551959
0.002430 0.500831 0.408917 0.578211 0.374824 0.609187 0.368541 0.613468
0.002521 0.556429 0.454311 0.642399 0.416434 0.676813 0.409453 0.681569
0.002616 0.617945 0.504538 0.713420 0.462473 0.751639 0.454720 0.756920
0.002715 0.685963 0.560073 0.791946 0.513377 0.834372 0.504771 0.840235
0.002817 0.761112 0.621430 0.878706 0.569619 0.925780 0.560070 0.932285
0.002923 0.844075 0.689168 0.974487 0.631709 1.026692 0.621119 1.033906
0.003033 0.935587 0.763885 1.080138 0.700198 1.138003 0.688459 1.145999
0.003148 1.036439 0.846228 1.196571 0.775675 1.260674 0.762671 1.269532
0.003266 1.147476 0.936888 1.324764 0.858776 1.395734 0.844379 1.405542
0.003389 1.269605 1.036603 1.465763 0.950178 1.544286 0.934249 1.555137
0.003517 1.403790 1.146162 1.620679 1.050602 1.707501 1.032989 1.719499
0.003650 1.551052 1.266398 1.790694 1.160814 1.886624 1.141354 1.899881
0.003787 1.712474 1.398195 1.977055 1.281622 2.082969 1.260137 2.097606
0.003930 1.889192 1.542481 2.181077 1.413879 2.297921 1.390176 2.314067
0.004078 2.082397 1.700229 2.404133 1.558475 2.532927 1.532348 2.550725
0.004232 2.293333 1.872453 2.647660 1.716340 2.789499 1.687567 2.809100
0.004391 2.523287 2.060205 2.913141 1.888438 3.069203 1.856780 3.090769
0.004557 2.773585 2.264568 3.202112 2.075763 3.373654 2.040964 3.397359
0.004728 3.045588 2.486651 3.516139 2.279330 3.704504 2.241119 3.730535
0.004906 3.340677 2.727585 3.856821 2.500177 4.063437 2.458263 4.091989
0.005091 3.660251 2.988509 4.225769 2.739347 4.452150 2.693424 4.483434
0.005283 4.005706 3.270566 4.624599 2.997887 4.872346 2.947630 4.906582
0.005482 4.378433 3.574889 5.054912 3.276837 5.325712 3.221903 5.363134
0.005689 4.779796 3.902592 5.518287 3.577219 5.813911 3.517250 5.854763
0.005903 5.211124 4.254761 6.016257 3.900027 6.338557 3.834646 6.383096
0.006126 5.673694 4.632439 6.550295 4.246216 6.901205 4.175031 6.949697
0.006356 6.168719 5.036615 7.121802 4.616694 7.503329 4.539299 7.556052
0.006596 6.697332 5.468216 7.732087 5.012311 8.146308 4.928283 8.203549
0.006844 7.260578 5.928093 8.382357 5.433847 8.831414 5.342752 8.893469
0.007102 7.859403 6.417020 9.073702 5.882010 9.559795 5.783402 9.626968
0.007370 8.494645 6.935680 9.807091 6.357427 10.332473 6.250850 10.405075
0.007648 9.167033 7.484669 10.583364 6.860645 11.150332 6.745632 11.228681
0.007936 9.877185 8.064492 11.403236 7.392126 12.014126 7.268202 12.098545
0.008235 10.625617 8.675569 12.267303 7.952255 12.924483 7.818942 13.015298
0.008545 11.412752 9.318246 13.176052 8.541350 13.881915 8.398161 13.979458
0.008867 12.238936 9.992806 14.129884 9.159670 14.886845 9.006115 14.991449
0.009201 13.104465 10.699491 15.129140 9.807435 15.939633 9.643021 16.051635
0.009548 14.009615 11.438525 16.174138 10.484853 17.040613 10.309083 17.160351
0.009908 14.954678 12.210147 17.265216 11.192143 18.190142 11.004515 18.317957
0.010281 15.940011 13.014648 18.402785 11.929570 19.388653 11.729580 19.524890
0.010669 16.966085 13.852414 19.587391 12.697488 20.636719 12.484624 20.781726
0.011071 18.033549 14.723973 20.819780 13.496382 21.935130 13.270125 22.089260
0.011488 19.143291 15.630052 22.100981 14.326918 23.284966 14.086738 23.448581
0.011921 20.296519 16.571635 23.432385 15.189998 24.687696 14.935349 24.861167
0.012370 21.494831 17.550029 24.815839 16.086819 26.145264 15.817136 26.328977
0.012836 22.740307 18.566931 26.253745 17.018939 27.660201 16.733629 27.854559
0.013320 24.035595 19.624504 27.749159 17.988338 29.235726 17.686777 29.441155
0.013822 25.384009 20.725453 29.305906 18.997497 30.875872 18.679018 31.092825
0.014343 26.789626 21.873106 30.928695 20.049466 32.585596 19.713352 32.814563
0.014883 28.257394 23.071505 32.623237 21.147949 34.370917 20.793420 34.612428
0.015444 29.793240 24.325487 34.396375 22.297383 36.239045 21.923585 36.493684
0.016026 31.404190 25.640790 36.256221 23.503025 38.198526 23.109014 38.466933
0.016630 33.098488 27.024146 38.212293 24.771044 40.259388 24.355777 40.542276
0.017256 34.885730 28.483387 40.275668 26.108624 42.433302 25.670932 42.731465
0.017907 36.777000 30.027565 42.459145 27.524058 44.733751 27.062638 45.048078
0.018581 38.785022 31.667068 44.777411 29.026870 47.176211 28.540256 47.507701
0.019281 40.924319 33.413754 47.247236 30.627928 49.778347 30.114475 50.128122
0.020008 43.211389 35.281094 49.887664 32.339581 52.560228 31.797433 52.929550
0.020762 45.664895 37.284324 52.720243 34.175795 55.544553 33.602864 55.934844
0.021544 48.305871 39.440620 55.769257 36.152312 58.756908 35.546247 59.169771
0.022356 51.157954 41.769279 59.061994 38.286823 62.226042 37.644973 62.663282
0.023199 54.247630 44.291928 62.629034 40.599149 65.984173 39.918535 66.447820
0.024073 57.604514 47.032745 66.504565 43.111454 70.067323 42.388724 70.559660
0.024980 61.261649 50.018711 70.726737 45.848470 74.515685 45.079855 75.039279
0.025921 65.255846 53.279880 75.338048 48.837743 79.374031 48.019016 79.931763
0.026898 69.628045 56.849679 80.385764 52.109915 84.692161 51.236332 85.287262
0.027911 74.423724 60.765239 85.922387 55.699020 90.525390 54.765269 91.161479
0.028963 79.693336 65.067755 92.006169 59.642820 96.935090 58.642954 97.616217
0.030055 85.492800 69.802882 98.701666 63.983163 103.989276 62.910534 104.719970
0.031187 91.884025 75.021169 106.080352 68.766381 111.763250 67.613566 112.548569
0.032362 98.935488 80.778524 114.221284 74.043725 120.340305 72.802438 121.185892
0.033582 106.722858 87.136730 123.211824 79.871825 129.812483 78.532835 130.724628
0.034847 115.329678 94.163998 133.148420 86.313204 140.281399 84.866229 141.267105
0.036160 124.848091 101.935561 144.137453 93.436823 151.859133 91.870426 152.926191
0.037523 135.379628 110.534316 156.296141 101.318669 164.669181 99.620139 165.826251
0.038937 147.036051 120.051514 169.753512 110.042383 178.847486 108.197607 180.104181
0.040404 159.940244 130.587488 184.651438 119.699935 194.543518 117.693257 195.910504
0.041927 174.227170 142.252431 201.145732 130.392329 211.921438 128.206401 213.410532
0.043507 190.044867 155.167212 219.407305 142.230358 231.161313 139.845975 232.785599
0.045146 207.555497 169.464233 239.623374 155.335385 252.460390 152.731306 254.234337
0.046847 226.936439 185.288322 261.998723 169.840162 276.034424 166.992921 277.974016
0.048612 248.381410 202.797642 286.757000 185.889666 302.119041 182.773368 304.241921
0.050444 272.101610 222.164633 314.142033 203.641961 330.971136 200.228059 333.296749
0.052345 298.326876 243.576952 344.419173 223.269057 362.870271 219.526123 365.420028
0.054317 327.306828 267.238409 377.876605 244.957773 398.120073 240.851243 400.917517
0.056364 359.311988 293.369877 414.826647 268.910565 437.049589 264.402486 440.120576
0.058488 394.634837 322.210162 455.606971 295.346331 480.014581 290.395076 483.387468
0.060692 433.590800 354.016799 500.581734 324.501133 527.398716 319.061120 531.104553
0.062979 476.519101 389.066758 550.142572 356.628850 579.614610 350.650240 583.687349
0.065352 523.783468 427.657014 604.709410 392.001696 637.104682 385.430088 641.581383
0.067815 575.772629 470.104954 664.731034 430.910597 700.341763 423.686711 705.262807
0.070370 632.900553 516.748574 730.685374 473.665369 769.829385 465.724732 775.238694
0.073022 695.606387 567.946429 803.079427 520.594673 846.101706 511.867302 852.046952
0.075774 764.354013 624.077266 882.448744 572.045678 929.722967 562.455771 936.255789
0.078629 839.631174 685.539317 969.356427 628.383415 1021.286437 617.849048 1028.462642
0.081592 921.948095 752.749166 1064.391531 689.989735 1121.412727 678.422586 1129.292482
0.084666 1011.835527 826.140164 1168.166812 757.261859 1230.747419 744.566944 1239.395429
0.087857 1109.842164 906.160302 1281.315734 830.610427 1349.957915 816.685880 1359.443573
0.091167 1216.531334 993.269527 1404.488666 910.457040 1479.729421 895.193925 1490.126937
0.094603 1332.476949 1087.936424 1538.348187 997.231214 1620.760017 980.513396 1632.148502
0.098168 1458.258631 1190.634240 1683.563473 1091.366740 1773.754723 1073.070812 1786.218246
0.101867 1594.455996 1301.836219 1840.803695 1193.297407 1939.418560 1173.292690 1953.046142
0.105705 1741.642088 1422.010238 2010.730430 1303.452082 2118.448549 1281.600706 2133.334109
0.109688 1900.375953 1551.612746 2193.989100 1422.249157 2311.524686 1398.406240 2327.766921
0.113822 2071.194407 1691.082039 2391.199460 1550.090389 2519.299928 1524.104311 2537.002124
0.118111 2254.603056 1840.830933 2602.945234 1687.354174 2742.389269 1659.066974 2761.659032
0.122561 2451.066675 2001.238907 2829.763006 1834.388352 2981.358040 1803.636237 3002.306948
0.127180 2660.999091 2172.643839 3072.130539 1991.502633 3236.709599 1958.116617 3259.452769
0.131972 2884.752742 2355.333489 3330.454725 2158.960783 3508.872634 2122.767460 3533.528194
0.136945 3122.608142 2549.536888 3605.059418 2336.972740 3798.188349 2297.795182 3824.876824
0.142105 3374.763497 2755.415868 3896.173447 2525.686842 4104.897833 2483.345637 4133.741443
0.147460 3641.324767 2973.056942 4203.919143 2725.182390 4429.129970 2679.496794 4460.251840
0.153017 3922.296466 3202.463796 4528.301718 2935.462762 4770.890250 2886.251977 4804.413544
0.158783 4217.573538 3443.550655 4869.199884 3156.449333 5130.050888 3103.533878 5166.097873
0.164766 4526.934612 3696.136774 5226.358069 3387.976430 5506.342621 3331.179600 5545.033669
0.170975 4850.036957 3959.942319 5599.380586 3629.787550 5899.348565 3568.936942 5940.801122
0.177417 5186.413391 4234.585851 5987.728075 3881.533053 6308.500465 3816.462124 6352.827982
0.184103 5535.471407 4519.583599 6390.716485 4142.769504 6733.077623 4073.319146 6780.388488
0.191040 5896.494657 4814.350682 6807.518788 4412.960784 7172.208708 4338.980877 7222.605185
0.198239 6268.646916 5118.204341 7237.169562 4691.481061 7624.876577 4612.831975 7678.453785
0.205709 6650.978540 5430.369216 7678.572441 4977.619617 8089.926130 4894.173637 8146.771071
0.213460 7042.435356 5749.984598 8130.510378 5270.587503 8566.075122 5182.230141 8626.265787
0.221504 7441.869819 6076.113542 8591.658530 5569.525894 9051.927735 5476.157059 9115.532307
0.229851 7848.054213 6407.753648 9060.599494 5873.515960 9545.990634 5775.050964 9613.066805
0.238512 8259.695567 6743.849235 9535.840534 6181.590038 10046.691113 6077.960416 10117.285523
0.247499 8675.451918 7083.304621 10015.832348 6492.743795 10552.396874 6383.897919 10626.544693
0.256826 9093.949486 7424.998148 10498.988905 6805.949092 11061.436919 6691.852569 11139.161575
0.266503 9513.800315 7767.796580 10983.707806 7120.167174 11572.123004 7000.803026 11653.436064
0.276546 9933.619906 8110.569507 11468.390642 7434.361878 12082.771093 7309.730496 12167.672289
0.286967 10352.044396 8452.203367 11951.462831 7747.512483 12591.722249 7617.631370 12680.199658
0.297780 10767.746867 8791.614762 12431.392440 8058.625917 13097.362473 7923.529226 13189.392831
0.309001 11179.452393 9127.762744 12906.707567 8366.748021 13598.141008 8226.485899 13693.690153
0.320645 11585.951529 9459.659830 13376.011903 8670.973642 14092.586746 8525.611411 14191.610179
0.332727 11986.111988 9786.381533 13837.998218 8970.455370 14579.322424 8820.072557 14681.765970
0.345265 12378.888324 10107.074272 14291.459544 9264.410791 15057.076415 9109.100041 15162.876963
0.358275 12763.329552 10420.961588 14735.297966 9552.128182 15524.691987 9391.994070 15633.778298
0.371776 13138.584647 10727.348642 15168.530973 9832.970635 15981.133996 9668.128414 16093.427557
0.385785 13503.905997 11025.625024 15590.295445 10106.378631 16425.493080 9936.952935 16540.908989
0.400322 13858.650881 11315.265967 15999.849358 10371.871157 16856.987466 10197.994682 16975.435328
0.415407 14202.281141 11595.832079 16396.571409 10629.045454 17274.962567 10450.857649 17396.347387
0.431060 14534.361228 11866.967742 16779.958754 10877.575553 17678.888599 10695.221331 17803.111659
0.447304 14854.554817 12128.398357 17149.623105 11117.209748 18068.356474 10930.838242 18195.316182
0.464159 15162.620236 12379.926603 17505.285451 11347.767170 18443.072235 11157.530546 18572.664932
0.481649 15458.404925 12621.427919 17846.769663 11569.133645 18802.850315 11375.185982 18934.971040
0.499799 15741.839157 12852.845374 18173.995239 11781.256987 19147.605900 11583.753238 19282.149096
0.518632 16012.929224 13074.184106 18486.969444 11984.141905 19477.346645 11783.236946 19614.206808
0.538175 16271.750304 13285.505495 18785.779070 12177.844662 19792.163991 11973.692425 19931.236261
0.558455 16518.439170 13486.921214 19070.582023 12362.467622 20092.224304 12155.220322 20233.404988
0.579498 16753.186909 13678.587281 19341.598913 12538.153792 20377.760013 12327.961248 20520.947051
0.601335 16976.231778 13860.698226 19599.104808 12705.081487 20649.060920 12492.090528 20794.154290
0.623994 17187.852302 14033.481460 19843.421267 12863.459155 20906.465812 12647.813116 21053.367871
0.647508 17388.360715 14197.191914 20074.908764 13013.520474 21150.354472 12795.358772 21298.970248
0.671907 17578.096788 14352.107002 20293.959565 13155.519728 21381.140183 12934.977517 21531.377605
0.697226 17757.422105 14498.521951 20500.991122 13289.727532 21599.262759 13066.935430 21751.032849
0.723499 17926.714819 14636.745512 20696.440011 13416.426893 21805.182165 13191.510773 21958.399174
0.750762 18086.364878 14767.096071 20880.756430 13535.909652 21999.372716 13308.990495 22153.954231
0.779052 18236.769757 14889.898155 21054.399263 13648.473280 22182.317880 13419.667081 22338.184884
0.808408 18378.330657 15005.479336 21217.831699 13754.418038 22354.505659 13523.835756 22511.582563
0.838870 18511.449173 15114.167506 21371.517380 13854.044482 22516.424534 13621.792038 22674.639182
0.870480 18636.524403 15216.288521 21515.917067 13947.651297 22668.559948 13713.829607 22827.843596
0.903282 18753.950471 15312.164174 21651.485775 14035.533448 22811.391293 13800.238481 22971.678565
0.937319 18864.114432 15402.110484 21778.670362 14117.980608 22945.389366 13881.303478 23106.618193
0.972639 18967.394535 15486.436285 21897.907515 14195.275860 23071.014249 13957.302934 23233.125796
1.009290 19064.158799 15565.442055 22009.622116 14267.694633 23188.713584 14028.507661 23351.652161
1.047322 19154.763892 15639.419005 22114.225937 14335.503856 23298.921203 14095.180115 23462.634168
1.086787 19239.554251 15708.648360 22212.116632 14398.961308 23402.056063 14157.573752 23566.493719
1.127740 19318.861445 15773.400838 22303.676999 14458.315137 23498.521468 14215.932559 23663.636951
1.170235 19393.003729 15833.936288 22389.274463 14513.803527 23588.704529 14270.490728 23754.453695
1.214332 19462.285778 15890.503469 22469.260773 14565.654496 23672.975836 14321.472456 23839.317146
1.260090 19526.998567 15943.339955 22543.971860 14614.085813 23751.689319 14369.091859 23918.583719
1.307573 19587.419379 15992.672143 22613.727849 14659.304997 23825.182250 14413.552978 23992.593058
1.356845 19643.811924 16038.715343 22678.833192 14701.509408 23893.775393 14455.049865 24061.668180
1.407973 19696.426542 16081.673954 22739.576909 14740.886404 23957.773249 14493.766735 24126.115726
1.461028 19745.500484 16121.741686 22796.232906 14777.613544 24017.464401 14529.878172 24186.226305
1.516083 19791.258250 16159.101838 22849.060368 14811.858844 24073.121917 14563.549376 24242.274907
1.573212 19833.911974 16193.927610 22898.304206 14843.781065 24125.003828 14594.936446 24294.521372
1.632493 19873.661842 16226.382453 22944.195536 14873.530030 24173.353631 14624.186693 24343.210912
1.694009 19910.696544 16256.620425 22986.952197 14901.246953 24218.400837 14651.438962 24388.574648
1.757842 19945.193730 16284.786575 23026.779290 14927.064788 24260.361532 14676.823981 24430.830186
1.824081 19977.320493 16311.017329 23063.869723 14951.108589 24299.438961 14700.464706 24470.182197
1.892816 20007.233843 16335.440884 23098.404766 14973.495863 24335.824102 14722.476675 24506.823004
1.964141 20035.081193 16358.177597 23130.554606 14994.336934 24369.696262 14742.968362 24540.933170
2.038154 20061.000830 16379.340378 23160.478896 15013.735297 24401.223644 14762.041525 24572.682084
2.114955 20085.122385 16399.035066 23188.327296 15031.787968 24430.563929 14779.791557 24602.228532
2.194651 20107.567295 16417.360812 23214.240003 15048.585830 24457.864823 14796.307816 24629.721259
2.277350 20128.449243 16434.410437 23238.348268 15064.213966 24483.264607 14811.673958 24655.299518
2.363165 20147.874597 16450.270787 23260.774891 15078.751980 24506.892661 14825.968254 24679.093598
2.452213 20165.942823 16465.023073 23281.634706 15092.274314 24528.869969 14839.263896 24701.225333
2.544617 20182.746886 16478.743199 23301.035041 15104.850544 24549.309613 14851.629295 24721.808598
2.640503 20198.373637 16491.502078 23319.076167 15116.545669 24568.317231 14863.128360 24740.949776
2.740003 20212.904178 16503.365927 23335.851716 15127.420386 24585.991474 14873.820771 24758.748209
2.843251 20226.414215 16514.396557 23351.449089 15137.531353 24602.424424 14883.762235 24775.296628
2.950391 20238.974387 16524.651646 23365.949841 15146.931437 24617.702005 14893.004734 24790.681559
3.061567 20250.650586 16534.184990 23379.430044 15155.669952 24631.904364 14901.596754 24804.983712
3.176933 20261.504254 16543.046758 23391.960633 15163.792882 24645.106237 14909.583510 24818.278350
3.296646 20271.592670 16551.283714 23403.607736 15171.343093 24657.377294 14917.007148 24830.635632
3.420870 20280.969213 16558.939444 23414.432980 15178.360537 24668.782465 14923.906949 24842.120942
3.549775 20289.683620 16566.054555 23424.493787 15184.882435 24679.382245 14930.319513 24852.795203
3.683537 20297.782220 16572.666873 23433.843641 15190.943460 24689.232987 14936.278930 24862.715163
3.822340 20305.308158 16578.811626 23442.532357 15196.575903 24698.387171 14941.816949 24871.933670
3.966373 20312.301609 16584.521616 23450.606315 15201.809831 24706.893664 14946.963134 24880.499935
4.115834 20318.799972 16589.827378 23458.108692 15206.673232 24714.797956 14951.745004 24888.459767
4.270926 20324.838058 16594.757335 23465.079678 15211.192160 24722.142389 14956.188175 24895.855807
4.431863 20330.448261 16599.337936 23471.556673 15215.390860 24728.966367 14960.316487 24902.727735
4.598864 20335.660727 16603.593793 23477.574479 15219.291890 24735.306557 14964.152120 24909.112475
4.772158 20340.503500 16607.547804 23483.165473 15222.916241 24741.197070 14967.715712 24915.044378
4.951983 20345.002668 16611.221270 23488.359774 15226.283437 24746.669638 14971.026459 24920.555400
5.138583 20349.182496 16614.634002 23493.185396 15229.411637 24751.753777 14974.102217 24925.675263
5.332215 20353.065551 16617.804426 23497.668395 15232.317732 24756.476936 14976.959593 24930.431611
5.533143 20356.672821 16620.749678 23501.832997 15235.017428 24760.864643 14979.614031 24934.850149
5.741642 20360.023818 16623.485690 23505.701732 15237.525328 24764.940633 14982.079888 24938.954779
5.957999 20363.136687 16626.027274 23509.295547 15239.855011 24768.726975 14984.370516 24942.767725
6.182508 20366.028293 16628.388203 23512.633914 15242.019101 24772.244184 14986.498327 24946.309649
6.415476 20368.714318 16630.581280 23515.734937 15244.029333 24775.511333 14988.474859 24949.599755
6.657224 20371.209336 16632.618405 23518.615443 15245.896615 24778.546152 14990.310837 24952.655899
6.908081 20373.526896 16634.510638 23521.291072 15247.631087 24781.365119 14992.016231 24955.494674
7.168391 20375.679589 16636.268262 23523.776361 15249.242171 24783.983550 14993.600307 24958.131503
7.438510 20377.679117 16637.900830 23526.084821 15250.738625 24786.415678 14995.071675 24960.580721
7.718807 20379.536355 16639.417222 23528.229008 15252.128590 24788.674732 14996.438338 24962.855648
8.009667 20381.261409 16640.825689 23530.220588 15253.419628 24790.773004 14997.707732 24964.968664
8.311487 20382.863671 16642.133898 23532.070404 15254.618767 24792.721917 14998.886769 24966.931272
8.624680 20384.351867 16643.348975 23533.788529 15255.732539 24794.532086 14999.981869 24968.754160
8.949674 20385.734104 16644.477540 23535.384326 15256.767011 24796.213372 15000.998999 24970.447260
9.286915 20387.017917 16645.525743 23536.866491 15257.727822 24797.774939 15001.943702 24972.019799
9.636864 20388.210303 16646.499299 23538.243104 15258.620209 24799.225300 15002.821129 24973.480351
10.000000 20389.317767 16647.403517 23539.521674 15259.449039 24800.572364 15003.636065 24974.836881
