5050887613.363156 49.436402 0.735293 6.908986 14.230708 4.955135 47.170441
8661665563.491858 23.536205 0.538151 7.720021 5.676372 4.983840 44.626660
11375934252.727943 9.231680 0.446326 0.987123 10.305291 3.545533 38.406394
5887276462.371405 14.020799 0.874840 1.064521 15.112071 3.844860 34.017780
3804000284.401649 39.162290 0.908671 3.172431 2.730294 3.582308 39.732032
82757649801.106674 4.294878 0.340165 0.032152 4.810932 4.424308 65.465599
2550069300.043330 29.324579 0.577915 2.608505 5.891724 3.511034 31.725152
10770696889.820288 8.841710 0.964743 0.295184 19.631882 3.737731 37.369874
14307944470.869844 7.799143 0.896512 0.030304 7.444715 4.423948 40.050802
11011513497.820547 13.120882 0.335501 5.697900 10.331174 3.152442 41.218940
14684760501.791739 7.614484 0.664354 0.012698 19.669413 3.800831 40.212288
13542570248.205339 7.818541 0.676110 0.021827 7.927514 3.365491 39.342607
7616612904.458984 10.187197 0.962745 0.212317 13.341576 4.754178 34.332500
14590692201.125084 7.716288 0.349982 0.510094 11.948938 3.492589 40.229262
12197545211.297035 8.735503 0.946419 0.365128 16.393099 4.152234 38.854038
7572349241.411929 11.432439 0.852220 0.763850 7.677082 4.923746 35.187594
2978616308.822548 26.843306 0.897687 1.700981 14.596484 3.575014 32.519240
9222125111.313715 9.262702 0.795760 0.422087 14.572000 3.327758 35.836883
5200410223.208987 18.296312 0.359843 4.859027 9.709808 4.210342 35.033176
6609489651.298844 19.098617 0.677293 2.835912 4.575207 3.628728 38.403830
16235327528.026627 7.740927 0.502742 0.469438 7.913337 4.558626 41.713096
22337907974.517662 6.471565 0.722262 0.034400 6.999111 3.229575 44.894929
5379785367.384647 18.853490 0.420736 3.651059 2.992226 3.136557 35.727819
4202127682.036557 17.677589 0.545804 1.531618 4.073073 3.758004 32.322979
12129390642.442625 8.442680 0.285836 0.029413 17.641574 3.699233 38.509998
36608315677.935501 13.197169 0.760784 3.379149 1.472355 3.361368 61.607671
7225720414.636321 16.110137 0.416829 3.456790 11.153841 3.355670 37.764708
6874090702.714073 11.979318 0.576988 0.799637 12.244765 4.986779 34.452180
5788644787.930737 12.137294 0.538466 0.657914 6.592546 4.342947 32.636859
5017231815.398821 14.846596 0.889621 0.822186 15.188602 4.342360 32.730164
3378878064.090358 27.406318 0.641299 2.691697 13.679349 4.269978 34.129742
12221953911.598049 9.480397 0.666604 0.897252 12.435145 4.039517 39.561735
4201329788.635578 31.533016 0.703622 3.748002 19.391520 4.680596 38.325412
34959688007.532806 5.630232 0.691393 0.042558 12.238819 3.308166 50.951770
8819801765.824984 11.423285 0.416017 2.094595 6.508102 3.589948 37.015497
6549142815.261879 14.318762 0.437029 2.452931 11.172680 3.820082 35.437565
8295813202.631000 10.575916 0.280990 1.346167 10.881484 4.426673 35.624684
5402768344.581467 23.117120 0.619930 3.755655 4.683923 3.624196 37.928998
21098496765.020035 7.417355 0.092862 6.280856 5.719696 4.513370 45.148949
5439785250.054951 16.587900 0.942023 1.279836 9.917095 3.779049 34.624502
4319395200.319558 21.720105 0.676762 2.292768 6.091019 3.419765 34.569003
8409149861.580015 14.743682 0.507600 2.797182 19.636091 4.818242 38.808541
15393841686.333933 7.773490 0.411140 0.011736 6.907619 4.549699 41.013069
4414775215.313141 19.276393 0.481115 2.650860 19.066053 3.651160 33.657516
11521502820.234625 8.670535 0.953182 0.235368 6.648516 3.592063 38.063508
18709421379.640736 7.176934 0.741933 0.072120 9.573221 4.534063 43.109383
7104717395.465990 10.983131 0.386590 0.613192 6.433626 4.919453 34.126248
3611406863.808965 15.194225 0.934858 0.424086 7.673814 4.702669 29.510195
23492403841.010109 6.335842 0.302160 0.254086 9.322998 4.465235 45.490219
5780242046.939297 16.359364 0.416404 2.639594 18.061013 4.500759 35.201017
4416339950.576914 20.633001 0.693947 2.123624 3.952388 3.569873 34.315681
10664052262.315960 11.465549 0.136099 9.053177 4.105097 4.033209 39.468431
3297279983.973584 22.050832 0.668674 1.597457 4.912976 3.833480 31.732117
5110793197.205484 22.377393 0.432341 4.931835 11.048191 4.359632 36.880717
5450134762.513078 34.184127 0.627624 6.970317 18.312264 4.850850 42.876373
5353883599.356351 13.081909 0.831989 0.617892 5.228538 3.211217 32.387906
7845144808.214732 18.134392 0.327836 8.606346 5.695928 3.593598 40.080608
66848800821.435020 4.640590 0.517454 0.012089 3.952798 4.856032 61.544013
4236208149.221874 15.645390 0.981505 0.871641 6.887439 3.780468 31.362633
22364608931.638977 6.624509 0.155095 0.704506 6.366112 3.826838 45.095565
10498225803.066545 9.106657 0.447251 0.830660 17.370490 3.057905 37.283519
3711103283.393189 23.385327 0.923202 1.579161 14.694617 4.341887 33.579363
5241454667.292753 12.477701 0.921127 0.415974 11.349788 3.187703 31.787114
9495530717.088657 9.904946 0.972182 0.629305 13.450836 3.213181 36.720152
5288910655.147445 11.786281 0.895671 0.457946 9.446979 4.873324 31.446818
5753023347.988243 18.072997 0.464763 3.051550 3.462576 3.234303 36.109924
123726830887.930191 4.019479 0.061337 3.891526 2.973806 3.807279 74.310805
14386246315.834780 8.876314 0.954990 0.622632 9.289612 4.981820 41.188719
6735832642.442678 12.562522 0.135395 3.130928 18.628010 4.744491 34.616537
6210985167.880932 16.795781 0.904633 1.645732 17.532065 3.884489 36.310588
6630005344.506351 12.614892 0.735297 0.984921 17.644000 4.050490 34.469406
13414110867.243271 8.620916 0.316658 0.748537 8.912722 4.159877 39.995478
4339836874.269497 37.316760 0.712761 4.742211 18.438275 4.306876 40.872406
11370701256.876989 8.436368 0.259877 0.071986 17.765109 3.199651 37.683967
11669183582.644480 9.831808 0.148847 2.977421 4.068795 4.418368 39.267507
6305304863.836950 27.093451 0.552923 6.944469 19.544021 3.209839 41.872333
6237365351.354478 13.072931 0.834500 0.803950 9.868647 4.880860 34.073719
6644725482.874532 13.832474 0.805669 1.265089 6.614066 4.596334 35.296728
36404355850.185806 5.448096 0.687445 0.042144 12.739253 3.299682 51.386818
4178157375.650233 48.608478 0.652052 7.056797 6.862366 3.134142 44.029392
9862232202.015678 19.124771 0.464361 7.701424 5.057764 4.385035 43.901224
17792263917.798851 7.228230 0.889874 0.015199 7.610754 4.342464 42.449210
5923605550.454901 30.931257 0.505550 9.780689 12.689134 3.241238 42.717405
25384054000.999702 6.101806 0.619483 0.046238 10.834678 3.890748 46.386913
4050857652.556057 45.692989 0.740006 5.509358 6.997525 3.318334 42.685611
4611010424.677831 25.375195 0.495231 5.094002 5.098155 3.897854 36.985921
32656482406.569878 5.675942 0.210145 0.293621 6.178031 4.781466 49.869662
5233552436.221516 14.895749 0.960251 1.023838 6.504095 3.520892 33.222469
5192273312.726119 24.999318 0.499530 5.234974 4.954087 4.183793 38.307555
4317475293.967231 16.183192 0.887287 1.031064 17.660699 3.274137 31.846350
29766598471.668530 6.942486 0.172005 2.487557 3.041519 4.024234 50.021015
3325474528.147058 31.536137 0.904161 2.358055 3.305375 3.784164 35.453238
4227079370.240703 23.316314 0.381331 5.277542 17.053677 4.218179 35.038111
4696729455.847311 22.790195 0.719685 2.817486 11.410230 3.329766 36.048355
27110970556.504475 6.310517 0.159989 0.330687 11.286372 4.340811 47.682888
4723374112.461992 31.972405 0.736719 4.336440 12.013363 4.132002 40.024506
7828443483.527745 10.470898 0.395142 0.028853 9.368459 3.800084 34.863404
8566883222.934773 15.992347 0.341141 6.527854 3.845805 3.913511 39.891931
26880708425.898117 6.286945 0.566860 0.265224 4.101767 3.081293 47.517462
10444598982.804846 9.093635 0.851381 0.448880 13.141910 4.150700 37.208614
1905910269.128829 48.621737 0.855874 2.117497 14.748023 3.118593 33.896513
23962149132.671204 6.412620 0.438628 0.023462 5.306176 3.462265 45.885527
7593666760.714704 10.416572 0.793426 0.297777 10.102277 4.538620 34.470632
11848365705.316591 9.263327 0.439865 0.871097 5.186812 3.960614 38.959405
7662024422.793830 14.865150 0.404245 3.932935 10.545803 3.868004 37.703543
16816491296.044827 7.379010 0.508844 0.016997 7.758769 4.369418 41.819980
25989342675.671906 6.470389 0.214874 0.326945 6.603310 4.376928 47.217316
14839816776.734514 7.457350 0.904131 0.029540 7.052170 4.817302 40.192887
9893660645.302467 9.005265 0.628694 0.027252 7.621192 4.315578 36.467009
10912622755.209927 9.096790 0.794223 0.483388 17.193026 4.505369 37.759069
3745609811.789181 16.036580 0.707897 0.847730 16.589763 3.756092 30.299632
25503649010.009495 6.202418 0.697916 0.364494 13.551558 4.582191 46.585848
7280947534.083914 11.332207 0.796645 0.599413 7.457494 4.606070 34.658378
2089869882.476876 20.985081 0.996799 0.503062 10.364768 4.096328 26.870799
4502064222.016866 26.531051 0.577645 4.166511 17.193045 4.317021 37.187770
7528730504.059233 15.260177 0.357635 4.690637 3.517461 3.789174 37.740963
14031157331.928694 7.879281 0.163634 1.159884 6.040895 4.642295 39.870539
11562330482.396069 8.115035 0.251293 0.068465 18.162102 3.184428 37.598547
20370243327.722084 6.893949 0.913314 0.016341 8.745182 4.231813 44.024137
145316693439.376007 4.900398 0.932071 0.811135 1.522052 3.378512 80.295411
13800013619.249537 7.966035 0.227963 0.807771 7.377004 4.562912 39.735979
192697320671.967896 3.287653 0.359402 0.022402 3.930236 4.873080 84.600527
5605654626.349928 44.180297 0.987674 4.901555 5.904513 3.711956 47.038455
5516595590.356726 47.642375 0.899911 5.402053 6.873562 3.218678 47.978596
5803940472.731352 27.011803 0.516457 6.514580 18.388467 4.163496 40.694396
4311596873.804867 18.156212 0.752297 1.406919 3.455835 3.367058 32.841586
16892338702.134052 7.150827 0.793856 0.063374 13.177099 4.898369 41.637902
15003091961.666231 8.211948 0.165315 1.345586 12.690785 4.970223 41.107008
14525760246.798723 7.785882 0.606297 0.332133 3.722792 3.424772 40.239662
8911378684.056740 10.195708 0.313686 1.064695 7.912669 4.709079 36.183827
16991689115.281984 7.605008 0.747937 0.071143 17.141070 4.672265 42.206377
4358890851.907885 20.262601 0.938530 1.470875 18.287410 4.771231 33.990396
5212303766.060604 14.129333 0.959965 0.779887 13.712484 3.694831 32.728933
5234793228.552763 29.893926 0.627153 5.590291 14.357320 3.162118 40.560465
5889541765.185081 14.494909 0.839271 1.126500 14.745545 3.160259 34.313204
6607669500.090587 32.230545 0.647687 6.640811 10.401445 4.815099 44.876775
6594873811.863276 26.490362 0.719329 4.373459 2.705397 3.135259 42.214674
10293082494.422907 9.952661 0.852809 0.604865 5.647883 4.130570 37.760922
14711783885.499125 7.470791 0.433403 0.043504 6.983285 4.042394 40.090672
44451735248.534912 5.206807 0.703961 0.015483 4.622326 4.844449 54.560755
5186558249.245380 31.722005 0.575157 6.751806 5.862336 3.116227 41.190518
14286050494.964384 7.655983 0.126929 0.137705 6.769935 3.618342 39.886740
5672813317.640996 13.666802 0.705747 0.898995 4.239551 3.229205 33.382414
14726314797.748121 7.736718 0.543080 0.624972 15.791172 4.400652 40.374229
12650851989.638165 7.962614 0.220800 0.015509 17.881918 3.556666 38.597617
23442114546.277302 6.978575 0.750294 0.354144 3.443376 3.518809 46.236362
4196264082.966539 33.343545 0.880278 2.726886 2.023681 3.833883 38.989018
9238519617.804323 13.819543 0.265522 7.449911 12.421148 3.020348 39.385825
4267714560.164826 47.243192 0.975007 4.265770 9.259671 4.756430 43.920364
3570481916.500859 26.751873 0.614797 3.201268 10.210027 4.760162 34.508697
8120662630.613846 11.199508 0.729594 0.905784 14.786988 4.081075 35.843476
9467836776.433634 9.357568 0.662742 0.721517 9.995456 3.219280 36.231628
3842015551.072697 34.161021 0.917826 2.718105 3.505293 3.626244 38.151245
15288750319.213533 7.457142 0.646066 0.010135 19.444860 3.855953 40.593957
12243991813.858377 8.615638 0.460051 0.037111 6.448914 4.318374 38.792076
6440941375.773060 44.266795 0.667237 9.898464 7.817689 4.819161 49.299455
9681674850.770323 9.191913 0.945845 0.010791 9.041941 4.005977 36.362792
7930999603.577028 11.304250 0.077043 8.612775 9.104285 4.812398 35.639881
5920900465.244843 11.941119 0.306408 0.810025 6.006829 3.813908 32.754756
26929057323.272430 6.178937 0.406672 0.204794 6.294124 3.612173 47.408081
14704702164.691320 7.909585 0.234979 0.024693 7.430726 4.386206 40.529130
4913230938.175713 13.743296 0.867184 0.705891 18.240696 3.702783 31.865434
21236849295.399521 6.690309 0.227579 0.010790 19.583627 3.270411 44.401604
19098462297.059860 7.183927 0.111992 0.585618 11.757748 4.243016 43.413971
36728310784.692978 5.649229 0.334914 0.770802 6.820952 3.815563 51.823837
2257529414.559082 39.109290 0.981866 1.848220 10.121495 3.648160 33.374433
6664697556.817273 15.998218 0.899531 1.566891 7.555349 3.631252 36.692726
6254681698.089715 31.319912 0.582021 8.372848 7.021116 3.649149 43.668830
3721269770.171935 29.082794 0.862483 2.445818 10.184957 3.524189 35.892811
4762287560.396907 17.749526 0.289382 4.032686 5.831606 3.564809 33.737290
6629888740.260987 24.156965 0.591738 5.271805 3.468245 3.075376 41.137478
21280261636.695869 6.894740 0.031141 2.885115 6.266657 3.902634 44.671112
8627831060.368538 27.608330 0.584568 9.706622 10.075089 3.146656 46.753587
6767218964.195023 11.983823 0.748126 0.811409 5.252164 3.194991 34.275802
9527561684.551786 10.089926 0.593770 0.843393 9.602512 4.594460 36.912994
3176210300.466018 42.741570 0.746485 3.862991 18.174690 3.636742 38.500245
9443508151.143480 32.937581 0.643905 9.671681 2.570593 3.056593 50.896155
26451067480.082756 6.359632 0.754993 0.350087 3.753910 3.313529 47.355072
163085416959.409760 3.828258 0.100007 1.843544 2.198024 3.150871 81.074497
18897858110.415936 7.213442 0.758927 0.066249 13.733280 4.392656 43.294363
2385304488.635529 48.134997 0.951701 2.589026 14.907342 3.748578 36.405667
20450232561.820095 7.026949 0.872535 0.020300 10.134859 3.768376 44.234806
22026053885.070900 6.587360 0.709075 0.139835 19.982308 3.254036 44.822730
26482341201.079109 6.029293 0.407740 0.016057 10.072933 3.703849 46.954331
7203012938.961706 10.813809 0.168555 1.418403 12.058214 3.388129 34.159998
10198472219.954388 8.885615 0.114605 0.128884 10.596693 4.762200 36.734115
8936159715.995886 17.827664 0.342011 9.846672 11.440647 3.191341 41.662506
3597704678.178313 47.729592 0.813055 4.164042 3.389145 3.963146 41.632424
3288692596.083363 47.159577 0.914568 3.513434 10.485057 4.437058 40.242468
3620223958.380422 38.391337 0.876296 3.368019 9.557147 4.625817 38.830228
8231990651.128092 12.014161 0.968831 0.899300 12.556280 3.341420 36.611422
2328495022.950540 37.618061 0.695269 2.540230 5.520738 3.693458 33.298497
13785032400.038980 8.087653 0.834908 0.012567 7.721431 4.111116 39.841196
15398994089.477915 7.960770 0.889943 0.548684 16.241206 4.840778 41.209576
5082195933.652223 40.222450 0.852698 4.623195 6.100882 3.630364 44.142493
3030352964.772838 34.191713 0.834712 2.487344 18.559917 4.172331 35.259595
8343604823.323149 13.185792 0.238668 4.734252 13.630599 4.179773 37.624096
4760892662.463778 14.020814 0.941489 0.713774 11.647965 3.884912 31.693053
11957225052.332703 8.534962 0.890495 0.309698 16.940384 3.749059 38.412343
4528457424.994722 19.577232 0.975029 1.558126 16.679606 4.040784 34.092043
8889248375.083347 11.339088 0.165428 3.438600 19.316234 3.460757 37.047812
83982039664.225494 4.213479 0.395200 0.021349 4.655751 4.348578 65.643444
19109807279.971558 6.769187 0.871960 0.024882 15.899963 3.924795 42.955940
4870189183.232914 29.503696 0.489408 6.873863 5.012454 4.153667 39.435321
18378797517.517086 7.279125 0.512061 0.575407 7.283657 4.973842 42.966818
11920487771.880684 8.370504 0.142853 0.020871 14.434428 3.010368 38.220733
3289026611.182347 18.527966 0.925517 0.856663 4.519366 4.505996 30.176569
155104460441.345642 4.846296 0.998391 0.796448 1.365086 3.317262 81.937107
4462954091.640676 26.315117 0.502189 4.656465 13.379130 4.687949 36.988284
6219177192.008960 12.487091 0.768305 0.836554 13.227766 4.149717 33.658228
15448922395.977835 8.278095 0.324966 1.137248 13.176433 3.895586 41.577375
8273232540.629466 10.770419 0.601871 0.915429 4.814496 3.627878 35.741236
6734660253.199334 16.458986 0.411200 4.164265 8.684645 3.357170 37.100945
9171871123.367287 11.653113 0.311393 2.711346 8.806652 3.922902 37.678894
22064308252.472618 6.494649 0.453921 0.021304 12.417687 4.955938 44.738368
4419621720.161127 28.002441 0.973108 2.375050 19.428390 4.307099 37.571337
12299157410.267214 8.322161 0.625869 0.579933 9.722570 3.742911 38.575875
12153582123.299255 8.301603 0.971662 0.029914 13.347051 4.536966 38.403842
4431449610.421578 16.836477 0.193249 4.349148 8.591082 4.254824 32.467245
7619920500.451988 14.979417 0.833946 1.787896 14.724390 3.801561 37.709381
230352031512.800293 3.266690 0.373976 0.018218 3.831352 4.998647 89.744871
11313430574.858011 9.946618 0.682183 0.865748 18.053896 4.778934 38.964312
16118203673.196173 7.590435 0.657583 0.129966 7.293764 3.575772 41.455117
3047028254.169654 39.523298 0.701474 3.799626 3.471700 3.612991 37.009724
16303649708.917488 7.684506 0.868090 0.015213 5.697819 4.392350 41.712352
44501653932.538582 11.726712 0.801379 3.201784 1.484301 3.071727 63.883452
55305070636.172989 5.088982 0.211144 0.770240 8.820593 3.988582 58.491948
7228461219.658780 19.496030 0.450183 5.384983 13.290012 4.140187 39.796365
20860047704.953876 7.568965 0.075820 6.422253 5.895302 4.524009 45.151809
5005547626.557464 40.636144 0.828794 4.803024 3.573734 3.160202 44.066537
6066060118.513301 38.363372 0.647376 7.941582 7.640459 4.995894 46.109580
25824730101.907566 6.152435 0.320996 0.017142 8.824842 3.118298 46.717589
17861313646.446362 7.745208 0.868936 0.514710 10.724245 3.807758 43.066197
11224695130.684402 9.429199 0.468806 0.669899 4.340787 3.779569 38.409974
5244796022.342217 12.200906 0.928754 0.264709 7.461528 4.544626 31.620928
5123662409.723208 14.376678 0.947331 0.916279 9.502030 3.870740 32.687316
11880605790.101912 8.035641 0.806321 0.019378 12.101853 3.814520 37.866217
9679068856.918776 11.118267 0.997323 0.963352 14.882806 4.376776 37.938996
3020197247.304466 47.207875 0.896701 3.293485 5.353103 4.390674 39.129468
2746187252.602638 36.363065 0.977611 2.043818 16.871074 3.722921 34.798790
12207352503.500780 7.980351 0.656459 0.338616 18.923726 3.224287 38.157979
8005325012.036840 15.889610 0.973126 1.739975 12.544173 3.626761 38.933820
12246897573.928354 8.657501 0.314520 0.549196 4.761785 3.477982 38.834035
12937890531.257229 9.110651 0.291090 1.919919 13.990240 3.908826 39.976666
6909253413.863251 16.136398 0.917273 1.530052 12.577341 3.282805 37.221282
6397596958.192692 37.474970 0.619386 9.021129 16.492415 3.442005 46.580500
12804858470.304012 9.972657 0.626646 1.339023 14.049064 4.157356 40.629916
33565819120.191990 5.698712 0.125007 0.061289 4.092502 4.459446 50.359654
5072667079.877516 37.352528 0.973891 3.751754 10.117482 3.144286 43.067737
11045978716.794586 8.589419 0.065700 0.028741 4.947609 3.907406 37.459650
5874026802.557393 44.660075 0.778812 6.798286 5.648430 3.118333 47.948814
4136781795.146602 28.993044 0.625498 4.055081 15.656470 4.068184 37.146478
5175948089.129225 30.084108 0.526008 6.973980 11.881584 3.199468 40.487456
4987144025.683053 15.334765 0.436577 1.741623 18.334168 4.234850 32.941615
16984917316.598614 9.011674 0.432428 1.521261 5.009903 3.121446 43.671783
7181179178.258644 13.331983 0.452772 2.068960 5.113097 3.797821 35.887453
5549976779.893378 14.369659 0.348849 2.363569 12.517556 4.770646 33.565645
2749085258.968858 27.410414 0.937785 1.608927 14.334222 3.584258 31.863343
4187582897.474184 21.745242 0.644146 2.164793 10.045425 3.824656 34.225170
7631293339.061740 11.895032 0.904942 0.862162 3.868842 3.240916 35.612981
21369137302.424061 6.767548 0.679936 0.021533 12.331014 3.057865 44.584242
24366557401.811817 6.661267 0.040379 1.850640 4.381966 4.164570 46.447993
7111557903.337850 13.167603 0.413448 1.788355 10.683802 3.915375 35.660468
12109326878.096970 9.247833 0.735639 0.794806 19.135007 3.917355 39.229285
6373354531.398801 14.055353 0.511658 1.698436 16.077506 3.921654 34.951266
13856096994.244680 7.730799 0.714251 0.020911 5.991802 3.750209 39.556877
3994755208.406753 31.247594 0.614172 3.840282 6.832544 4.608976 37.579647
4136977584.598618 21.313922 0.403876 4.101958 12.202751 3.242197 33.890273
6372710464.438166 14.649583 0.580487 1.627841 3.420696 3.109408 35.323610
14461014996.796093 7.539111 0.530568 0.010667 17.957310 4.044859 39.930790
7132343560.171477 14.425636 0.590340 1.934472 18.607849 3.669967 36.529411
19011679193.142899 6.787538 0.013200 0.151703 17.977713 3.264705 42.902979
8345274161.347241 10.118936 0.602821 0.568637 6.256684 4.024000 35.340899
23124126601.281689 6.496426 0.590979 0.025488 12.464679 3.494526 45.445653
8954068936.828053 10.865390 0.610426 1.052265 13.348163 3.990626 36.770248
14364695049.898232 8.547540 0.437593 0.786051 19.629918 4.442082 40.846753
14874716679.051527 7.701533 0.728891 0.364723 14.504537 3.562458 40.473611
17576397838.992168 7.672729 0.473135 0.625220 13.604186 4.948170 42.758024
27158014072.848728 6.387399 0.801275 0.493649 3.564878 3.355188 47.808732
18726933298.348633 7.193694 0.148746 1.062346 6.672729 4.123749 43.141477
44758187724.200867 5.094263 0.740578 0.010700 4.595698 4.986338 54.516560
3986581780.603778 14.789738 0.704593 0.722758 8.468074 3.995456 30.285024
11720597448.592308 8.489635 0.804267 0.275056 8.740145 3.057426 38.115618
28176166560.316814 6.275415 0.429535 0.219203 3.835125 3.717724 48.253920
233378065910.129883 3.057484 0.346549 0.017315 3.893155 4.970766 89.738818
7899974700.684599 14.987255 0.895945 1.670776 11.842704 3.526577 38.171011
7942643268.774444 24.799192 0.624971 5.872058 3.534148 3.254341 44.033024
14721730981.892000 7.565009 0.730327 0.038690 10.699373 4.304272 40.195693
15759491945.528515 7.053082 0.899325 0.044618 15.783230 4.516551 40.582635
69456198195.750992 5.734626 0.286741 2.284909 2.518747 3.155951 64.236242
3927351507.182905 32.088067 0.710781 3.505854 7.945121 4.605498 37.679130
5813645132.845081 40.470495 0.755324 6.174984 7.969567 3.108430 46.258832
5042163899.297019 29.184749 0.832201 3.230283 4.194917 3.247351 39.760461
4169949082.207457 33.675329 0.806664 3.466913 7.911107 4.571924 39.029493
10695481176.075241 9.709027 0.449397 1.153333 18.613453 4.356232 38.038127
12313915521.238136 8.931404 0.370871 0.949241 13.173787 3.955569 39.158465
7171468642.531721 12.098597 0.881570 0.781974 6.554238 3.964834 35.025465
257492446071.947266 3.123507 0.257363 0.021904 3.123904 4.927531 92.853802
36427660635.753365 5.630173 0.788288 0.015299 5.665516 4.842103 51.655094
6602612445.542894 14.963357 0.433776 2.423922 3.442956 3.118032 35.940427
10717103086.377670 9.367876 0.955765 0.447231 15.812156 4.336084 37.768794
9143527887.036583 10.206667 0.963637 0.538863 14.845932 4.075286 36.504146
11458901144.643440 15.806012 0.385130 7.234674 2.985698 3.834783 43.816832
5150361967.554246 49.259994 0.948906 4.616681 2.936385 3.586176 47.421009
8171284030.604155 10.087598 0.816548 0.450256 14.897047 4.737355 35.069244
4749902465.971199 25.261635 0.548600 4.378244 13.190442 3.539876 37.303463
19705803772.203079 6.894328 0.616044 0.125683 16.264633 3.396263 43.540606
5036354552.690884 31.497585 0.863955 3.538196 14.673871 4.047848 40.698384
6727584525.517581 18.618229 0.477041 4.740826 9.263701 3.130159 38.357760
9293156782.089901 9.579960 0.387708 0.072453 14.186185 3.728018 36.191166
3784683814.575206 20.334993 0.463077 2.589123 19.051815 3.314529 32.459945
3586287758.929895 33.835567 0.809728 2.994479 9.510823 4.602607 37.172166
18514419127.219765 7.172086 0.645569 0.033369 6.441921 4.587026 42.953713
12665394732.901840 8.120827 0.588298 0.010418 19.213949 3.859681 38.763597
14105151863.523510 9.041591 0.432269 1.059180 6.134536 4.171818 41.078089
3865700997.011117 25.780781 0.418116 5.100759 12.559662 4.755399 35.041377
15463939047.207228 9.034559 0.230708 3.492700 6.686305 4.374343 42.349941
4707352156.787296 14.019964 0.833158 0.623980 18.431541 3.745678 31.573311
29438459228.848969 5.995811 0.413689 0.122955 6.069990 4.330362 48.596089
7208961818.905025 14.334863 0.194266 8.185297 16.122672 3.215516 36.600346
3854815806.432184 28.673079 0.642402 3.415231 13.670115 3.404676 36.158872
7661821032.934157 13.901302 0.695614 1.652781 18.268233 3.537918 37.059515
5958859075.849324 12.705363 0.425965 1.116901 11.801564 4.973224 33.323111
5637447020.655279 17.889800 0.408286 3.675573 5.940943 3.417775 35.766048
5456331902.326723 44.809723 0.929772 4.812037 5.677244 4.068130 46.836193
6757559346.236327 12.821513 0.609764 0.942411 5.677459 3.533471 34.827939
13827962485.215368 8.145110 0.407980 0.499047 12.138142 3.583074 39.938934
3575540375.387083 31.067195 0.466223 5.245103 6.949577 3.701551 36.150784
4073476416.272634 34.142110 0.873937 3.127895 3.485370 3.593828 38.895649
3053847808.046721 33.808773 0.817322 2.585424 8.834117 3.318303 35.224340
3213608375.730054 18.653343 0.979755 0.835559 5.327440 4.012824 30.000278
50811133255.581497 12.066385 0.768929 3.390066 1.326376 3.103424 67.228734
13383552725.607212 9.354694 0.526742 0.788456 2.536008 3.065284 40.659871
18056016114.017433 7.408697 0.258291 0.022541 4.027608 4.849797 42.855694
5959316703.311490 20.141036 0.592579 3.123523 9.869419 3.217138 37.660632
5688480820.004688 40.257261 0.783787 6.099456 5.627719 3.778050 45.845265
5034340512.617542 21.959171 0.394357 5.781298 14.651352 3.695687 36.495268
8766506918.203815 9.239066 0.807432 0.277739 16.216383 3.020802 35.217434
13790601927.061314 8.005517 0.771275 0.014333 4.226003 3.813080 39.765820
12904553196.834469 8.079768 0.739622 0.054666 4.402987 3.802517 38.966646
4206135677.193634 23.811316 0.639811 2.875248 9.598856 4.531904 35.197430
13500532574.974606 8.107586 0.904245 0.032313 8.175674 4.547806 39.584632
9045639006.306929 10.295154 0.942569 0.481775 14.116597 4.071068 36.444123
15118394614.906069 7.778571 0.001103 0.254496 9.995662 4.077995 40.772163
5006192143.374814 30.088797 0.705705 4.384504 18.568558 3.562090 40.041840
12643687495.230547 8.472132 0.891368 0.306625 6.348896 3.597598 39.074567
4221516250.313356 27.097037 0.799492 2.698059 8.045962 3.018665 36.632404
4235037597.010087 15.061643 0.477019 1.094042 13.017831 4.913701 31.048314
15732380770.858032 7.748088 0.751161 0.015371 10.273933 3.824522 41.285249
16116977411.327534 7.140480 0.732714 0.034252 12.579712 3.924006 40.979876
8014781902.696011 11.102168 0.538800 1.057909 7.781037 3.611525 35.614365
4014748607.671261 15.412031 0.770856 0.700761 14.683490 3.181212 30.684583
4881155871.963100 24.167822 0.713056 2.789135 5.864728 3.514640 37.150757
4324887472.393486 19.346439 0.708001 1.639225 10.073594 3.056571 33.461562
6177799435.511158 20.240880 0.462191 4.756923 3.277490 3.270917 38.168914
6110142692.665689 18.618094 0.360802 6.304967 7.698036 3.293476 37.146374
40146084598.275909 5.233964 0.357041 0.275597 5.293532 3.212429 52.778458
9361396437.701450 11.761526 0.953535 1.048606 12.667084 4.290456 38.020417
4811761324.773096 13.439335 0.906635 0.550760 7.398376 4.386547 31.466727
5392615652.968743 13.858426 0.665919 0.772103 9.403422 4.392783 32.939351
32840249369.868118 5.837717 0.544797 0.215493 4.112129 3.047384 50.184116
3619859517.518946 25.985142 0.598614 3.037936 9.987639 4.808307 34.363785
3821690222.438132 19.812774 0.937310 1.182131 18.991732 3.240330 32.326099
11769152069.467857 10.358078 0.683951 0.961376 3.354829 3.097028 39.840694
15298090609.179810 7.590074 0.581748 0.419620 14.789174 4.400053 40.739376
5382972744.165460 17.662346 0.448131 2.795222 6.266143 3.608146 35.096173
43535757876.641548 11.886487 0.847922 2.736357 1.339907 3.019649 63.623299
6891001213.035538 12.285555 0.339562 1.380195 19.712239 3.461583 34.691286
6981015837.214896 13.985020 0.381987 2.388067 19.822182 4.464353 35.982515
5792772950.022072 13.219052 0.807800 0.751873 13.879406 4.603117 33.336230
16587915376.309534 7.208953 0.141577 0.015754 9.598807 4.167645 41.448378
11097083755.940809 8.706342 0.951183 0.242924 6.895532 3.586327 37.622405
6348982692.283394 22.117517 0.525480 5.478738 18.875482 3.354812 39.512018
5024068632.065913 37.937073 0.647343 6.766758 7.757786 4.652380 43.145607
12346401646.841316 9.539329 0.269504 1.710385 12.076156 3.900048 39.749017
20027927465.725376 7.135757 0.159631 1.131706 13.739643 4.993158 44.052283
10513314596.065130 9.406389 0.331569 0.848882 7.130064 3.322837 37.561105
15426268827.865461 7.507049 0.210746 0.532307 5.027560 4.212512 40.766995
14317428616.085587 7.925253 0.692644 0.205676 11.351736 3.958427 40.185810
8468547128.387537 10.700976 0.560673 0.765197 4.534077 3.028116 35.966838
5992578572.933609 34.800595 0.614834 7.819196 5.762853 3.899221 44.506501
4332335646.069748 43.525837 0.671201 6.286847 10.579768 4.029971 42.954356
3820485920.444873 19.749186 0.748926 1.358962 7.573344 3.606771 32.293372
7891298299.149693 10.868054 0.239106 1.647075 18.505035 4.472568 35.255792
6915431712.947696 12.495422 0.463918 1.251648 8.581697 3.730869 34.875796
6514382814.953064 14.055256 0.770647 1.311757 18.457831 4.958637 35.207124
3606760175.810083 21.105130 0.659977 1.790765 7.852095 3.668495 32.284252
7663266000.252418 14.698303 0.989757 1.504799 15.442221 3.846666 37.595391
6437896482.054484 13.522333 0.524484 1.502663 14.922631 3.937954 34.727215
5888971488.849867 27.924860 0.617003 5.128328 19.391623 4.861091 41.308515
6745781830.165252 14.529654 0.265751 5.995944 14.968124 3.395922 35.923570
5133049516.059317 13.075669 0.935252 0.619579 15.266391 4.130166 31.932547
11192202887.884342 8.446167 0.496668 0.016462 15.797645 3.596465 37.494622
6698515955.379215 13.215430 0.683140 1.101216 18.952849 3.939717 34.987869
13518017204.938696 7.914058 0.717747 0.178332 19.789740 4.523146 39.412548
204289140063.620667 3.615363 0.008755 1.609830 1.970160 3.048349 86.931170
4373390010.862767 21.370794 0.262625 8.310240 11.427297 3.442821 34.550416
22560365165.071678 6.189328 0.738137 0.058278 12.652898 3.373512 44.704259
33182125592.214069 5.668920 0.483074 0.149582 4.849067 4.569979 50.126180
4914851641.474360 18.736412 0.924475 1.397185 9.444893 3.130265 34.607319
15099657393.314913 7.484664 0.519897 0.011521 18.252214 4.016049 40.454216
17855361426.378220 7.624934 0.326893 0.708883 7.714655 4.676918 42.931293
15092512666.325863 7.553443 0.424053 0.059215 13.982139 3.911044 40.518487
14108304365.677303 8.573685 0.302087 1.140113 13.518339 3.894892 40.627792
11846303480.525501 9.053574 0.952319 0.496940 16.191477 3.385906 38.767438
15595056323.261377 7.706163 0.087564 0.229482 9.568836 4.120284 41.121466
5031738279.595842 14.699253 0.754859 1.034257 17.372355 3.416418 32.677081
4912966172.880765 37.602621 0.586373 7.726899 13.598389 3.382758 42.702819
16118948535.475851 7.715466 0.177237 0.217585 13.318772 3.610017 41.586595
221110967484.115143 3.748399 0.087258 1.661335 1.777395 3.060132 89.550662
20141226317.514824 6.838590 0.658225 0.029695 9.502795 4.698887 43.795002
2831664831.199868 34.521736 0.849595 2.378590 9.380765 3.265575 34.576954
4245797833.123001 35.827360 0.904000 3.298268 12.242127 3.440540 40.047311
7165215996.318307 23.741933 0.576609 5.647951 12.397083 4.862738 42.000257
16087705465.386740 7.331982 0.480229 0.298931 12.400341 3.931293 41.157366
11777936350.203035 8.598567 0.994339 0.401658 16.449283 4.466834 38.277834
4703894356.799068 20.780113 0.632502 2.545444 8.152120 4.275780 35.116078
5299504346.620408 13.054557 0.575100 0.517253 7.234166 4.984515 32.261100
24648616508.124382 6.275237 0.047642 1.012619 5.558577 4.780306 46.149543
5765503454.566858 29.870668 0.668847 4.894205 17.640824 4.197430 41.877178
3108288941.901355 19.460263 0.993757 0.848287 4.713530 4.401124 30.022322
6222651239.966536 12.285627 0.830170 0.728221 7.272915 3.579362 33.531430
9323736413.311968 11.311234 0.376465 1.738167 9.291220 3.304220 37.620098
9845234285.643635 10.033188 0.406913 0.743551 3.692855 3.666378 37.271858
10512921603.155016 11.631519 0.595771 1.615029 13.540697 4.145061 39.415033
239181951914.368988 3.074667 0.237584 0.014266 3.219685 4.964181 90.507918
16162859575.152050 7.286040 0.478685 0.297083 12.523291 3.929759 41.172825
8014690546.530372 13.164001 0.382971 2.595964 16.956042 3.571091 37.107763
16100348197.301792 7.540763 0.182721 0.015129 18.103108 4.348607 41.387728
13472801013.854582 8.059201 0.158991 0.023438 14.825213 3.033849 39.510363
6985288710.730245 10.411500 0.158055 0.014251 6.223987 3.184646 33.520636
15049959743.813698 7.589025 0.669986 0.142653 19.032585 4.830699 40.516840
4634592602.225777 13.926546 0.899495 0.627404 13.471921 3.447297 31.356416
13674719772.992342 8.003427 0.507890 0.027661 6.711728 4.711058 39.652072
11070226812.607965 8.760697 0.602883 0.283913 11.904952 3.046814 37.640713
8504842749.242788 10.226733 0.791463 0.507202 4.117966 3.245084 35.649325
3719810921.368944 18.336819 0.553292 1.295392 6.938680 3.781486 31.350150
3102996824.063909 44.204548 0.842804 3.382295 5.712012 4.530596 38.629313
5290490167.312962 25.057345 0.440798 6.477662 12.169923 4.009766 38.574301
17140724228.607553 7.149359 0.072586 0.147987 17.002839 4.167567 41.839405
6475674796.705877 15.218133 0.257492 5.771436 8.553791 3.399624 35.866332
6232597384.237723 29.892546 0.680679 5.431244 3.507233 3.595649 42.988592
3483500566.865850 21.898983 0.970367 1.224622 7.207094 3.892426 32.253896
6656293969.739111 11.150615 0.764738 0.462900 10.275730 4.009022 33.510417
6021244495.437784 13.161421 0.448227 1.387980 14.939688 4.175239 33.732102
3835669431.993090 36.221717 0.851275 3.260890 4.446510 3.656692 38.850045
6958010047.585038 16.119876 0.870999 1.646343 3.064321 3.026833 37.298443
2732772707.618042 34.894423 0.515183 4.481436 9.701322 3.513167 34.286735
3606785485.585597 16.714258 0.847628 0.672163 17.856802 3.796932 30.254043
8380548576.696407 11.980792 0.725081 1.083809 5.773435 4.544518 36.805717
4542924199.927764 31.267352 0.842509 3.218008 6.480282 4.487832 39.233189
19380687899.064636 7.397129 0.478705 0.087035 14.102897 3.430145 43.866138
17596883653.606991 7.197981 0.782314 0.237621 9.056043 3.685680 42.260313
2962852641.886701 43.666343 0.768730 3.467861 18.940355 4.004902 37.884877
4331671977.394556 21.402662 0.831886 1.768553 7.884335 3.763020 34.454992
20031668997.362724 7.052646 0.177838 0.579335 5.212864 4.235616 43.960265
21766696548.823467 6.803386 0.184070 0.566842 8.452004 3.951073 44.901302
7552453545.372690 11.549418 0.359745 1.363723 11.465920 4.023362 35.241447
80726065503.979004 4.250796 0.853135 0.020937 4.585319 4.730373 64.848654
4156670129.794474 30.120037 0.620505 3.873322 18.499105 4.904726 37.647248
3179836123.694048 20.025747 0.978050 0.922335 4.968551 4.417885 30.496511
8429051815.255848 13.515634 0.552005 2.171450 9.871016 3.298745 37.986337
3947530718.932612 43.268657 0.936988 3.824676 13.777818 4.795173 41.561528
3378555020.065778 38.161718 0.893070 2.939594 19.155177 3.658158 37.872562
13020195697.233479 8.326614 0.576111 0.434153 14.463279 3.680062 39.319703
6663729308.187409 12.620024 0.268965 2.313395 9.764277 3.732425 34.531194
14557197175.679876 7.489157 0.086045 0.409828 15.231219 3.831653 39.968415
10208498630.533773 9.427390 0.923077 0.397667 11.729518 4.006533 37.212464
11426993410.951441 12.570780 0.229350 8.789448 4.340196 3.966223 41.292108
5397398384.369851 14.452187 0.975931 0.932298 19.231481 3.820368 33.304189
19583988995.549686 6.277593 0.826810 0.019817 12.086882 3.909016 42.746221
6985317790.578793 19.113347 0.470638 5.063930 5.934307 4.351726 39.126798
3349542908.158323 45.895041 0.847614 3.576455 3.664817 4.596319 40.123525
5549421919.635731 14.880999 0.779279 1.297960 13.651653 3.280126 33.869111
19702183636.207050 6.869292 0.492822 0.706943 7.426556 4.397151 43.509428
4822628015.289130 28.097535 0.562204 4.665304 13.929921 4.246602 38.720426
15808478564.837141 7.484299 0.208713 0.040458 10.380252 4.748875 41.077192
14301563352.242308 7.546682 0.420814 0.038184 7.870086 4.743645 39.791119
10342508495.041880 10.914193 0.100189 8.523105 6.290911 4.708368 38.620227
5949077898.617776 45.163216 0.783497 6.966636 5.449555 3.077875 48.331608
11224331786.984642 8.973882 0.828704 0.357706 8.279005 4.116455 38.005626
3509343575.804978 37.613015 0.897830 2.982669 19.651053 3.654538 38.175905
3879832999.993804 47.400664 0.742088 5.634751 6.127540 4.296528 42.594677
2888648596.979088 37.640570 0.953437 2.524528 7.460519 4.126922 35.786152
2371206335.746902 40.033518 0.698015 2.492890 12.134976 4.062368 34.184472
18548212819.840359 7.157853 0.392691 0.391597 6.102147 3.792489 42.964038
27951440772.008217 5.906214 0.000332 0.016869 16.089814 3.296621 47.647656
3866044534.988721 19.825829 0.675212 1.809355 13.126628 3.877579 32.456717
6751844681.959927 24.309745 0.557513 6.255299 12.848499 4.925470 41.465665
3705274520.128524 25.885877 0.709394 2.485915 8.384053 4.200084 34.592085
15053350194.573626 7.592553 0.657512 0.013494 19.684504 3.809412 40.523496
16097432066.645977 7.962441 0.957861 0.485259 10.460620 3.718165 41.825155
11901982735.555641 7.952522 0.299653 0.043964 12.910176 3.731574 37.811009
5391356502.725440 31.441350 0.589715 6.324752 6.682438 3.746714 41.609727
47731685059.133774 5.180771 0.616756 0.321826 3.789683 3.142756 55.830938
5588720355.925114 24.449736 0.383541 8.748782 7.304502 4.835851 38.999532
10402335202.372709 9.282149 0.956766 0.299458 8.928121 3.180873 37.321480
25607125101.566261 10.146831 0.604653 2.100941 1.453251 3.014348 51.386840
7702304574.690416 9.852204 0.352889 0.014192 6.572719 3.582587 34.205197
12825257543.257425 8.057098 0.566550 0.011125 19.860435 3.840604 38.864929
2922848604.811723 25.019406 0.508275 2.348594 11.242222 3.471147 31.637699
21538364590.552509 6.716020 0.502292 0.064164 5.021094 4.337172 44.641015
8456574058.974567 11.403600 0.825386 0.956597 10.850553 3.829294 36.485383
7664925724.886275 11.366809 0.574940 1.038035 4.357666 3.683589 35.282521
23451571846.321152 6.473035 0.716676 0.217092 8.992290 4.580018 45.630734
18514419127.219765 7.172086 0.645569 0.033369 6.441921 4.587026 42.953713
25703917198.797363 6.203278 0.588524 0.023257 14.939643 3.315521 46.708550
14233131110.625338 8.182104 0.675706 0.420409 11.854255 4.372694 40.361895
8505597905.594561 13.046205 0.210997 5.940106 17.700317 3.053325 37.765915
2183664620.089007 33.379578 0.736546 1.800015 6.390193 4.051385 31.371243
7845988249.006441 10.202052 0.448267 0.020755 10.799767 3.079543 34.685081
24866687071.158871 6.020596 0.778308 0.011380 6.981842 4.556490 45.968524
9540355961.768080 8.964838 0.899432 0.013105 7.659055 4.212258 35.993458
12850548421.461395 11.032260 0.247444 5.185973 4.540654 4.684168 41.622692
8395364097.818043 35.414095 0.636903 9.407973 2.560061 3.012916 50.078865
4272095390.042757 26.638339 0.982944 2.181483 8.218931 4.518964 36.588144
26833916836.797787 6.077688 0.707844 0.348682 14.872225 4.529452 47.222990
12107470424.413248 8.104997 0.775833 0.201703 12.931346 4.950065 38.170962
6144079130.591448 11.594873 0.778826 0.526907 15.030930 4.872822 32.929189
20463901756.502880 6.957425 0.590966 0.240258 5.847205 3.981416 44.164652
23674386333.378342 6.400491 0.212386 0.032513 18.566995 3.780193 45.686306
9297715390.947723 9.644707 0.456544 0.033038 10.446411 4.518291 36.250350
4739235907.039474 14.913774 0.972837 0.846898 18.699916 3.230275 32.151830
6329400440.571254 19.473073 0.537614 3.396997 12.673202 3.031174 38.060257
1771974356.401213 38.622818 0.793984 1.624182 9.557938 3.179656 30.661282
3487097907.750246 37.372734 0.933219 2.834509 16.450407 4.887322 38.016350
3074267834.051714 29.058249 0.805257 2.241640 9.744555 3.153488 33.670118
14493626976.099415 7.656438 0.849111 0.270141 13.589008 3.646565 40.079456
9486560460.985825 9.098437 0.246939 0.019283 9.956484 4.874606 36.038319
22042593822.063953 6.599454 0.075434 0.405243 15.636764 4.905815 44.848319
10196744611.886023 10.138097 0.174654 1.790343 12.769912 3.789200 37.797964
5288523698.904749 20.859805 0.663497 2.750652 6.401252 3.524460 36.554483
4940128671.579874 16.471375 0.866494 1.272373 16.280511 3.473800 33.466746
22781479761.660206 6.561445 0.582088 0.086970 5.513221 3.512247 45.298264
18964221192.807159 6.974225 0.037928 1.045671 4.898347 3.094085 43.077172
10991342267.079439 9.008148 0.891583 0.310115 9.734161 3.316598 37.771199
11489235172.069902 8.143396 0.464289 0.070966 5.790031 3.947570 37.545322
6275102920.654786 25.245310 0.584967 5.644524 10.969409 3.109409 40.923913
11595161820.916893 9.491525 0.903161 0.518208 11.936877 4.091437 38.883429
2764366811.834477 48.907082 0.841365 3.173624 16.429632 3.602644 38.445008
3440150365.242738 24.820780 0.985632 1.580766 5.276478 3.677929 33.324374
4441739346.558867 14.911942 0.990023 0.630724 13.537033 3.834046 31.463479
5482401102.075144 13.770602 0.946909 0.814572 9.422053 4.835493 33.067841
10213519560.538645 8.872797 0.978477 0.415693 14.857163 4.739123 36.741045
4485707803.625987 28.643258 0.540393 4.635543 16.069555 4.002771 38.020552
8992712521.353775 13.926439 0.744499 1.808010 14.964785 3.702374 39.109772
4826675169.293655 14.142617 0.884198 0.807760 5.988917 3.694668 31.908683
3711615005.051564 15.652607 0.846438 0.626872 17.389612 3.765021 30.014235
14217435011.764090 8.195873 0.455536 0.037882 17.699170 4.912088 40.360672
3130306899.924603 31.536104 0.883204 2.257089 8.737617 3.905361 34.745631
8628471556.597013 15.169053 0.390718 5.041182 9.521738 3.183341 39.433886
8291641629.738895 9.536769 0.027402 0.361556 18.908593 4.913519 34.807092
3210972487.412937 46.383046 0.972751 3.062484 12.122048 4.232978 39.702147
92665872779.775681 4.620263 0.096131 4.580763 2.951323 4.030045 68.583514
6260201821.870331 20.782305 0.429478 6.123332 15.864283 4.576231 38.627450
5753710293.526250 17.456299 0.227069 8.628256 16.629143 3.133212 35.769147
27386291898.914318 6.204831 0.610240 0.270149 4.465663 3.518504 47.708142
17933435104.514664 7.542757 0.327164 0.554074 7.869669 4.669452 42.904510
10018843360.455553 9.669714 0.691208 0.701777 12.479971 4.586915 37.185365
3916683622.606881 20.105032 0.693015 1.790598 6.150802 3.071018 32.727125
13710451411.027742 7.991087 0.812426 0.021441 10.494847 3.492009 39.674455
4082329088.939348 43.965180 0.670037 6.381154 13.280215 3.626669 42.251787
4947777003.818139 31.224939 0.831786 3.432928 7.219670 4.430127 40.348516
30202594167.938423 5.982567 0.422517 0.938141 7.583797 3.746400 48.995378
25728956638.557800 6.405869 0.720973 0.013832 6.585290 3.145354 46.978186
12084426230.023094 8.151874 0.769915 0.017096 8.883977 3.227386 38.190726
15566460904.709597 7.307444 0.192925 0.073437 19.622238 4.403928 40.682383
6124410570.617249 16.263559 0.222670 6.870058 15.191619 3.095334 35.829905
3511289611.127886 43.151005 0.886448 3.345616 19.030335 4.272475 39.934494
16488127601.573105 7.153789 0.081479 0.069579 15.806081 3.854276 41.306265
3885176172.456406 36.001329 0.852627 3.107137 4.453626 3.661839 38.940178
22513463444.108532 6.750709 0.558620 0.013647 7.369018 4.379140 45.346185
64573185126.277550 4.500899 0.324363 0.295606 3.962748 3.067095 60.606079
2580432165.171236 31.082730 0.958320 1.721523 12.209357 3.102840 32.431654
30548347685.309952 5.820517 0.552121 0.012049 5.320151 3.661027 48.965466
5074278907.156219 18.643346 0.320945 4.598359 7.271446 4.709050 34.929124
10809982896.948402 8.909606 0.442196 0.041405 11.426851 4.832085 37.475328
9212944356.915480 9.389749 0.975247 0.083674 17.204039 4.028444 35.930114
54841477285.052399 11.603126 0.800342 3.108115 1.323847 3.022295 68.318522
4589819388.443351 18.209155 0.213557 6.717779 4.181193 4.326554 33.560291
25607125101.566261 10.146831 0.604653 2.100941 1.453251 3.014348 51.386840
9269353568.726154 11.149538 0.629669 1.206285 17.954695 4.796815 37.420451
4036995423.184515 42.917954 0.675711 5.748564 8.923521 3.297626 41.760863
8060487101.222866 10.267690 0.608367 0.484277 6.183189 4.355628 35.048827
19102763525.408527 8.067421 0.385596 1.297261 3.854622 3.882214 44.396140
4705693579.073619 20.356452 0.836705 1.861870 11.643271 4.109467 34.914790
6624389026.835570 10.707743 0.049127 0.068901 16.735782 4.020243 33.144454
69128051473.599014 4.451182 0.629220 0.012071 4.757970 4.957505 61.915105
10877839718.666182 12.773676 0.946364 1.468982 3.481186 3.025373 40.779808
5026767048.885082 12.374624 0.956291 0.332232 8.147807 4.123590 31.283724
6690461713.503434 15.290436 0.877420 1.415391 8.421610 3.237881 36.303615
143427582130.357574 4.807143 0.980021 0.770208 1.434622 3.290380 79.741183
5030473023.852147 20.357480 0.422293 4.687870 12.403760 3.234259 35.700755
12075986032.584162 9.408466 0.306043 1.161825 4.369531 4.838390 39.338704
4594336976.505762 25.287965 0.736500 2.989176 16.236670 3.349156 36.903198
3579134794.102468 48.976677 0.787890 4.469376 3.003923 3.590143 41.921970
3597049971.353374 34.968130 0.698496 3.440778 16.655121 3.327171 37.600997
4771740586.092494 26.382274 0.656475 3.457516 16.071230 3.314473 37.851526
30682852657.163040 6.859919 0.170104 2.491986 3.048904 4.039215 50.420123
11429665328.233896 8.649218 0.963196 0.391416 15.643826 3.844438 37.942764
10868752775.207375 9.172507 0.560389 0.546908 15.122076 4.732760 37.774994
3451241363.249470 47.299089 0.826393 4.181716 5.356967 4.332707 40.935275
3397169324.222373 24.525713 0.608675 2.269164 10.056364 3.620364 33.067015
5089384399.163927 13.679870 0.459803 0.770650 10.155114 4.791385 32.204122
4421480136.423439 17.277342 0.579705 1.496600 5.818803 3.042766 32.670991
15846630486.268593 7.656282 0.043243 0.224124 9.598178 4.167298 41.289542
8083126848.885306 12.913244 0.423270 2.426870 8.258855 4.811113 37.035857
4965601917.122363 20.907309 0.668026 2.262165 8.930405 3.314207 35.818112
5223305486.490976 44.353326 0.776530 6.210434 6.072857 3.154635 46.003250
5868917387.018692 48.821804 0.673750 9.623281 16.869588 3.754873 49.382453
15675967516.456247 7.166235 0.156371 0.082083 3.908721 3.913494 40.629661
14817846376.943714 7.792342 0.257094 0.015546 9.370078 4.804253 40.514138
6734762637.195474 12.367212 0.676495 1.036697 11.593223 4.867174 34.482570
21760584997.890320 6.706528 0.113180 0.031047 8.135300 3.998034 44.782807
6322770389.897259 12.560455 0.155608 3.322402 15.485406 4.219930 33.892596
14098929812.318024 8.008302 0.410248 0.083369 8.189024 3.535133 40.062758
65503450883.871742 4.673833 0.514374 0.012499 4.093846 4.843287 61.184009
4812917895.254532 14.298619 0.863857 0.890015 8.434596 3.836870 31.967970
12150776129.489096 8.497701 0.883731 0.263710 13.596303 4.958707 38.583847
20910977980.745049 6.657180 0.991577 0.153196 4.993497 4.985924 44.134693
9738373603.643732 8.918252 0.275634 0.023946 5.550105 3.132362 36.201048
7926600745.203885 20.903055 0.410763 9.567516 8.577181 3.133856 41.858379
5315084010.616749 20.808022 0.667557 2.869996 8.046807 3.669173 36.589539
9204556480.679310 25.216099 0.592645 7.607739 4.609715 4.640377 46.482271
3606778790.884462 47.339326 0.944591 3.648036 14.304714 4.074631 41.553026
11998811936.032658 8.773321 0.788707 0.527543 14.024896 4.122271 38.676639
7902278834.106069 30.311603 0.621336 9.127214 14.255619 3.158781 46.729442
4365725414.340275 15.517703 0.793090 0.839540 13.370342 3.995204 31.610667
14521155335.979094 8.007104 0.442471 0.606960 12.419801 4.340642 40.457557
5556488075.643847 25.227963 0.680487 3.863857 6.217300 3.570346 39.289905
5835561722.040169 13.658194 0.859507 0.953862 16.352427 4.979011 33.693288
3982083757.867121 21.768761 0.881987 1.567003 6.635580 3.120937 33.666431
16362572717.426550 7.367979 0.923256 0.365576 8.308593 3.835592 41.428585
6280608746.118183 12.847166 0.862582 0.847837 5.987705 3.196940 34.005248
2454890009.545857 17.233733 0.251200 0.084011 12.719259 3.953827 26.833989
8621911216.684593 10.096255 0.840357 0.529923 15.388611 3.488825 35.709248
3636016297.042714 46.020753 0.790363 4.087466 2.534580 3.457064 41.273847
10078926580.365862 15.263495 0.376077 7.137048 18.982648 4.261355 41.597627
6168316480.969216 12.095297 0.917405 0.526921 3.919613 3.552620 33.307459
5949744231.275984 15.712008 0.669821 1.679253 3.567751 3.208468 35.162017
22267670847.399757 6.709855 0.853674 0.041502 10.039551 3.077722 45.131956
16875111847.479259 7.604491 0.184034 1.011254 13.186971 4.830704 42.109082
8090099855.221730 10.456961 0.599203 0.479333 11.553783 4.075850 35.236918
16701480571.964918 7.732500 0.176129 0.993260 4.974992 4.385590 42.099657
14321532544.908279 7.506868 0.310846 0.094970 7.051099 3.499087 39.769448
4311164627.987858 16.670163 0.851591 0.979170 5.184476 3.344927 32.084788
21802942291.376125 7.617543 0.959117 0.574266 3.345685 4.090549 45.878416
19189072095.111454 7.429775 0.035401 6.464687 3.730680 4.485248 43.757515
43347531270.658974 11.881209 0.846746 2.727612 1.347500 3.022410 63.524715
2176453602.658923 40.180269 0.983134 1.941274 4.918562 3.853693 33.261419
6362489657.640093 37.439974 0.616107 9.740022 17.096901 3.430330 46.481123
17351394790.770329 7.166867 0.511106 0.412649 8.625986 4.202284 42.029120
9679068856.918776 11.118267 0.997323 0.963352 14.882806 4.376776 37.938996
4909422302.144655 17.208492 0.635850 1.661529 2.531577 3.155385 33.794419
6807771239.201924 12.156950 0.755090 0.960399 13.933111 3.098333 34.463089
8216204238.675220 9.798414 0.627400 0.293658 6.642786 4.435603 34.907420
10661843684.317646 8.919511 0.447408 0.038114 11.549307 4.924739 37.312068
14329247532.310854 7.473408 0.472788 0.272621 4.602233 3.568515 39.742781
3501211861.501112 41.687182 0.793250 4.003306 11.360935 3.327300 39.445569
19483247324.931477 8.088245 0.124810 4.606293 5.774757 4.447516 44.711910
7914079741.496121 21.706783 0.431905 9.132782 4.128761 4.247305 42.293047
3920330211.983100 45.373812 0.906327 3.711588 12.994491 3.848887 42.123767
2808546518.973098 30.550694 0.969469 1.649607 11.466846 3.070554 33.181408
4790922178.887306 41.338670 0.868055 4.133808 5.132204 3.114304 43.671914
3865263757.745703 39.195436 0.743369 4.079671 11.706379 3.656970 39.955180
19815898478.280357 6.956885 0.197249 0.757420 6.063830 4.594468 43.692860
8773956166.047726 9.203419 0.187626 0.028841 6.295131 3.176367 35.198292
8949884902.920845 9.693049 0.498720 0.576862 16.126874 4.227515 35.831746
4467086005.685369 30.772910 0.547776 5.345226 9.255105 4.394602 38.820035
28409499748.684921 6.184976 0.553979 0.202025 4.724197 4.913002 48.269244
4645493325.690662 14.987695 0.930883 0.774803 19.633066 3.801320 31.979551
8529099906.493702 10.517005 0.474869 0.965389 9.617978 3.761913 35.909795
4106473739.603281 39.945219 0.930040 3.337500 7.796207 4.241816 41.021921
5958820742.118248 41.514659 0.828286 5.899994 9.326412 3.196067 47.031383
15487551765.212507 7.639778 0.915393 0.305629 18.251889 4.892622 40.958242
8833160648.939159 10.445341 0.292567 1.460568 7.512982 4.516296 36.275138
7752523869.180882 11.975416 0.577764 1.195973 8.190986 3.205664 35.858489
5082251662.460419 23.755040 0.611855 3.558512 2.771885 3.277712 37.462638
9815474126.289076 26.824147 0.601730 8.594234 13.253567 4.119841 48.381418
12643861822.733919 8.569284 0.810259 0.020877 4.082386 3.750258 39.166277
5243932954.026080 46.291123 0.677624 7.737911 19.898478 4.072414 46.723296
4857661549.141724 23.173492 0.449268 5.072810 19.996807 4.349048 36.634100
20360078206.139145 6.483722 0.029216 0.091617 19.433060 3.367616 43.542852
13922280817.260979 7.961145 0.202753 0.311492 10.752814 3.605001 39.848154
11106819070.364985 8.998298 0.987466 0.391239 16.176350 4.457034 37.894253
10434411039.194130 9.569622 0.627937 0.791851 9.785355 4.520484 37.606994
4876915222.125405 36.459389 0.734587 5.137942 12.070709 4.517663 42.176595
2861389366.391089 16.575273 0.458888 0.216624 12.258833 4.043729 27.944287
7976810191.502488 10.470295 0.188399 1.482942 10.546920 3.659182 35.081815
2678783837.182026 42.559833 0.822496 2.681920 19.079511 3.870081 36.324246
6369365610.857126 13.218832 0.515933 1.448763 8.502940 3.206291 34.407351
4332398055.903713 38.209087 0.900390 3.737364 18.434836 3.852901 41.162165
103384473740.013779 4.420296 0.038187 8.438738 3.183764 4.099767 70.745649
14684043144.461472 7.834691 0.215965 0.203506 5.215850 3.189901 40.434604
7462723417.765253 11.140966 0.847052 0.672950 12.316497 3.357184 34.805432
19945756200.996021 6.719278 0.677604 0.011370 6.575413 3.011283 43.516165
5034608820.902039 20.399597 0.419225 4.240815 3.247623 3.750256 35.731547
16147875522.923557 8.560836 0.918442 0.644355 12.088951 3.388851 42.485040
3873250601.405980 13.472991 0.689946 0.292720 16.312924 4.983528 29.289691
30566607726.121109 5.975570 0.517290 0.029057 10.341027 3.645172 49.182096
3577324303.899156 26.275276 0.550821 3.102712 10.333070 4.284833 34.343465
11901729427.084385 8.176558 0.363148 0.060596 5.489401 4.528080 38.020313
11565410172.579035 8.291397 0.668705 0.038003 7.403055 4.364384 37.764658
5341172091.925881 30.511107 0.624776 5.798310 4.860761 4.475942 41.093320
7153639355.163060 15.680152 0.564331 2.601943 16.865891 3.990547 37.369479
5812055426.486863 33.373864 0.930419 3.806828 7.409229 3.440379 43.473320
15764130698.000595 7.746867 0.312962 0.720080 16.490850 4.323999 41.311739
7144124895.911996 37.124996 0.668439 8.602000 3.282049 3.140375 48.180071
11548889812.040737 17.521401 0.412490 8.904923 3.321595 4.309972 45.166256
7953873311.007386 31.900370 0.787959 6.134398 3.845164 4.098264 47.583970
13576423919.783388 8.043994 0.830681 0.046982 18.635247 4.289923 39.596531
17249861846.933041 7.283495 0.119456 0.023385 7.959043 4.400734 42.073124
5038961977.508380 12.759435 0.941867 0.367890 8.321196 4.147814 31.544622
5349622824.074611 30.079628 0.483327 8.736689 5.448339 4.150768 40.933433
206102191145.318604 3.149492 0.338136 0.019888 3.735672 4.921613 86.259717
11920487771.880684 8.370504 0.142853 0.020871 14.434428 3.010368 38.220733
14316099035.100370 7.747529 0.666746 0.017357 9.180639 4.494988 40.006655
2298762236.410426 33.768196 0.975900 1.509728 11.242627 3.568960 32.030206
3495856456.557140 21.645330 0.284075 4.531366 8.394344 4.978104 32.183320
14031157331.928694 7.879281 0.163634 1.159884 6.040895 4.642295 39.870539
78820079251.844528 4.275396 0.682816 0.014265 4.650007 4.903747 64.376693
17037801688.317373 7.224264 0.100674 0.050469 15.150033 4.476763 41.836248
12552586587.986223 8.702733 0.962452 0.449813 15.229682 4.748378 39.196801
10428534275.897501 10.730653 0.953622 0.943096 18.622378 4.427261 38.575929
2943583122.300346 29.491255 0.793643 1.978948 15.574748 3.439257 33.337952
3070499925.027621 23.068185 0.992885 1.157867 6.833175 3.819385 31.397780
14420874796.490612 7.771065 0.401035 0.011995 13.296197 3.697733 40.127684
6512207841.970930 10.719306 0.099412 0.646043 10.590322 3.312572 32.964455
4801219358.871060 14.093367 0.713248 0.799578 14.216890 3.535291 31.824132
4057489762.508581 20.803654 0.823450 1.637578 5.067107 3.018355 33.438487
18367284483.458027 6.966137 0.106994 0.395740 5.390456 4.106470 42.611382
34241345040.013756 5.800829 0.677911 0.017134 4.887921 4.553346 50.836763
11169238092.486486 9.295377 0.710029 0.488723 7.032575 3.744567 38.228670
32402258261.079300 5.743724 0.837017 0.025563 14.296765 3.294244 49.832129
6160745777.596269 12.846502 0.587523 0.840706 15.057602 3.205685 33.787101
135974207839.073456 4.754571 0.899711 0.768775 1.679327 3.326206 78.222236
3545155215.943430 20.901627 0.638442 1.702294 10.003253 3.172691 32.010319
3722618863.332394 20.181001 0.293131 3.488898 8.793953 4.939834 32.211873
4114118303.174037 38.627414 0.708890 4.809390 11.350485 3.744415 40.601946
11477829057.111139 8.334827 0.032997 1.045059 15.136182 4.612548 37.708948
20226234383.456486 7.056753 0.338303 0.624605 6.336065 3.868356 44.106836
14799635287.209854 7.468734 0.403103 0.012353 14.054387 4.069330 40.168212
6141270697.867366 16.787576 0.449669 2.975339 15.101299 4.995751 36.169452
7403063205.211718 15.942296 0.293320 5.996739 13.129262 4.027586 37.965241
43720965567.146301 11.691125 0.839622 2.790484 1.352143 3.023685 63.461722
4337393271.168339 45.744779 0.654271 7.027265 13.630150 3.756389 43.685692
4631171706.414008 26.121056 0.602142 4.099243 7.275976 4.888540 37.363729
3602701646.899663 46.799331 0.951395 3.530845 12.923853 3.895612 41.378357
10020281559.577444 9.346519 0.221856 0.881446 14.737490 3.935616 36.913655
10165523411.824924 9.144323 0.530588 0.104697 17.925806 3.095762 36.917835
69214284926.254410 4.469270 0.564151 0.501844 7.431460 3.637580 61.971279
4504507261.738120 45.073891 0.651681 7.149695 10.974834 4.113486 44.022846
4689918171.885647 40.574039 0.799552 4.747631 5.307866 3.326924 43.098580
5954534973.373008 24.098080 0.760531 3.463493 4.635889 3.427408 39.661647
60115984997.876305 4.909993 0.194520 0.716256 3.316830 3.708522 59.845323
6543970803.747905 12.369147 0.759145 0.695496 11.488715 4.008756 34.155124
6003184067.454640 22.493067 0.399876 6.774184 16.411236 3.755167 38.971729
130102392376.357132 5.485890 0.983733 0.995848 1.371441 3.236887 78.646575
4641310831.732551 15.891460 0.770420 0.953055 11.224283 4.626851 32.465916
4923276091.458190 15.512037 0.906140 0.854165 9.722864 4.236152 32.899640
5807863219.933186 15.188488 0.892860 1.295013 17.342183 3.475998 34.570779
2786546816.501247 37.631154 0.769458 2.908206 6.272787 3.341548 35.356596
10134815442.484926 13.052566 0.510040 2.272946 4.590972 3.072083 40.042659
39357409155.571640 5.317370 0.542029 0.012907 5.021458 4.965234 52.551081
8636011852.033724 11.645243 0.724444 1.030979 15.140172 4.079490 36.924405
10964600798.461781 8.927652 0.555234 0.488228 16.324678 4.592079 37.669179
17041084902.581312 7.359328 0.388415 0.468358 7.789526 3.516252 41.984203
27718902008.143890 5.852664 0.939789 0.022896 10.594098 3.756627 47.445995
14438768694.864561 7.822861 0.667341 0.411807 18.748856 4.585328 40.196327
5926580808.234557 12.579328 0.991326 0.570506 14.645187 4.024322 33.181557
7618191794.832368 10.191084 0.538904 0.411185 12.687903 4.635533 34.337811
3471816815.961561 27.726797 0.843135 2.215775 11.954473 3.810431 34.562157
4581082454.244605 14.068971 0.893266 0.538341 4.514219 3.271333 31.316279
10245718088.678831 9.676116 0.526114 0.810758 11.316052 4.218036 37.469388
4833737832.713917 14.588370 0.885210 0.784362 19.634073 3.869083 32.179671
54841477285.052399 11.603126 0.800342 3.108115 1.323847 3.022295 68.318522
4199224056.327290 20.759624 0.505668 2.834609 19.680710 3.555882 33.802902
8625748299.608559 16.663383 0.693239 2.859247 7.535567 3.419819 40.425215
10585643522.592974 9.336587 0.958992 0.447153 8.916613 3.147253 37.586634
4398185794.974033 45.622971 0.631983 7.996764 9.722680 3.805836 43.849908
5058514778.911866 14.202784 0.690936 0.771300 14.045028 3.635735 32.446799
3242486907.591701 34.431541 0.893928 2.518543 5.122988 4.852842 36.144096
3370680203.101682 25.739111 0.574235 2.664183 10.713321 4.796109 33.460548
4971779783.967078 28.751657 0.433084 8.295600 3.134511 3.828946 39.392760
10364204085.317131 10.982149 0.671362 1.108234 4.490080 4.652861 38.702818
5854963471.420447 45.039154 0.785954 6.816983 5.599092 3.104878 48.031467
8092976381.333406 14.893471 0.370605 4.288304 14.053926 4.947712 38.416565
3850111301.567376 49.632384 0.878975 4.228365 3.518278 3.789091 43.146980
4565674114.534034 44.461006 0.726046 6.010490 9.540904 3.822307 44.020748
188609935761.306732 3.657948 0.036234 1.232739 1.956451 3.078728 84.736686
4242681689.793385 15.623735 0.565121 1.173390 6.845230 3.408515 31.367129
9535578081.721247 9.348073 0.753891 0.285623 7.497148 4.704893 36.309893
17323404730.373489 7.122312 0.730079 0.013983 6.747948 4.597386 41.958164
4758119926.280317 14.131024 0.948731 0.666042 14.923619 4.736167 31.750240
14336113759.270981 7.982712 0.154154 1.185225 6.039918 4.656462 40.260648
6624706207.551159 11.376976 0.309487 0.997447 12.260400 3.416816 33.615318
5306242988.237976 16.148068 0.538494 1.631957 17.069264 3.987242 34.092620
9066442218.667454 10.029412 0.897271 0.412737 10.229631 4.686128 36.258923
14437586471.689880 7.740593 0.801208 0.027538 15.049474 4.416285 40.112522
6276709454.703018 11.847319 0.624021 0.731803 4.353607 3.095176 33.335086
3413081680.608635 45.211917 0.801841 3.824020 6.892034 3.650616 40.174684
6250909418.547934 11.160083 0.165458 0.685791 6.975038 4.315794 32.822334
5195382976.906495 14.694178 0.917177 0.979378 13.885258 3.250381 33.024604
4200789495.282605 20.047234 0.643375 2.153737 17.039578 3.435806 33.472709
5949077898.617776 45.163216 0.783497 6.966636 5.449555 3.077875 48.331608
4362182713.319246 14.616345 0.954580 0.684955 19.380872 4.495599 31.112629
4005408444.623334 44.551302 0.869756 4.371261 12.202818 4.579847 42.169347
6669345432.254485 16.405662 0.367321 4.297254 9.210051 3.310761 36.948460
5928099089.086953 36.096216 0.611979 7.909523 13.785323 3.609936 44.867587
3556466172.313741 43.727611 0.918725 3.560504 9.953737 4.561422 40.281298
5477631493.418530 40.807487 0.915767 4.377024 5.471120 4.242132 45.473014
8178122269.994225 24.652310 0.683329 5.500101 5.850366 3.485326 44.385310
4249303290.005230 16.241892 0.677296 1.019260 8.478222 3.978178 31.708481
7672757627.940299 12.972311 0.370623 2.085711 8.612704 4.052563 36.439332
7709312076.691010 11.804998 0.623387 1.027874 6.641865 4.798936 35.669016
19401573215.502087 6.971581 0.727374 0.082412 9.562978 4.490955 43.402816
3504314169.083890 30.375717 0.579311 3.892759 10.619823 4.023607 35.658196
9649948307.714788 14.062293 0.236162 7.989199 15.338999 4.451422 40.139307
4798050067.697302 28.385892 0.557113 4.665168 15.471217 4.564729 38.775679
2201328107.838155 34.151850 0.985386 1.537546 12.172163 3.572893 31.684503
9319398482.219742 11.427762 0.298955 2.697361 14.141139 3.825958 37.705098
17520986507.653538 7.009461 0.561667 0.273470 7.319437 4.637246 41.993951
7869777619.774896 11.401218 0.722777 0.809977 13.151729 4.016722 35.619423
2769508438.602533 48.851331 0.788057 3.699454 19.961487 3.931952 38.454084
4814058859.735530 21.375932 0.696784 2.540672 7.410491 3.705026 35.676405
5319211754.957972 46.671905 0.942394 5.006000 5.362680 4.124760 47.074326
6727485937.597121 14.539208 0.267964 3.868240 4.438590 3.820044 35.897146
18757332507.741016 6.942198 0.826572 0.136963 9.050820 3.621071 42.884123
10858300888.522175 9.339290 0.162772 1.985052 10.569195 4.418157 37.908974
3138519975.167170 24.209477 0.761748 1.604622 17.338027 4.859117 32.081661
3863237672.485193 35.011380 0.502063 6.444772 10.777218 4.476202 38.521713
4803908345.561895 23.911228 0.337907 8.116412 8.321607 4.553226 36.837120
2198674883.108428 32.152102 0.606329 1.993714 6.245016 4.348958 31.073722
3004069018.922292 34.534093 0.937480 2.205682 3.965612 4.021355 35.268925
3500902986.891345 28.103427 0.917549 2.015745 11.616779 3.289946 34.801672
2579952286.945589 39.063769 0.649059 3.282770 10.651985 3.059972 34.879931
9614241973.469810 33.192747 0.650670 9.818685 2.473754 3.025452 51.325988
4119912853.650366 25.849198 0.494220 4.263904 16.199932 4.031709 35.821792
18350067499.771290 7.100584 0.075280 0.697230 4.670604 3.189443 42.747133
11481002250.496002 9.211254 0.835890 0.587597 15.397650 4.384533 38.506025
16223790715.288645 7.573031 0.701914 0.531484 9.432605 4.245782 41.527156
25824730101.907566 6.152435 0.320996 0.017142 8.824842 3.118298 46.717589
5620079403.551255 20.381557 0.875039 2.083769 4.052498 3.413331 37.056810
22058752180.456944 6.572764 0.458552 0.412261 4.662381 3.648148 44.827547
14315462976.572037 7.718771 0.341321 0.061339 7.281848 3.380943 39.977195
37118550879.902298 5.657950 0.723097 0.013455 4.272246 4.984876 52.019146
5605243887.067295 13.268603 0.805333 0.803208 17.951722 3.130849 33.003358
16434642847.199547 8.187448 0.514620 0.941256 3.267560 3.039855 42.349510
24865609570.021770 6.226444 0.151226 0.236665 19.749353 3.596283 46.223940
10008893894.337036 15.603926 0.295379 8.033487 3.469762 4.048555 41.742447
18354609756.400784 7.227770 0.536694 0.489809 4.942280 3.041031 42.891291
7771537280.134521 11.385268 0.682388 0.818628 6.973886 3.306999 35.458892
37216921864.112175 5.471996 0.399623 0.162918 5.542294 4.256933 51.800329
3377501897.494027 17.223872 0.877523 0.716191 15.769053 4.442910 29.840460
13835064555.535454 8.494142 0.545187 0.784660 6.057935 3.602363 40.286603
3957931357.804552 25.215496 0.844740 2.132515 3.519368 3.209153 35.083751
12281430713.883236 8.292959 0.830535 0.245564 9.457299 3.043058 38.529918
4614563630.563522 26.555781 0.546019 4.226378 14.692307 3.901367 37.505551
11654803881.698437 8.624193 0.758742 0.356147 9.481158 3.182656 38.167408
2888507612.792220 17.908267 0.516086 0.638893 18.996318 4.418540 28.628008
17795878061.679089 7.140349 0.675991 0.035098 6.870282 3.351443 42.355952
3350200105.087425 47.870186 0.851687 3.741221 16.355295 3.665888 40.695035
5611046368.332301 40.235105 0.666832 7.621199 13.530676 3.491158 45.628089
14249871482.615894 7.770618 0.221276 0.057066 10.573839 4.737756 39.967993
3073897887.497781 48.021908 0.923896 3.044277 9.683527 3.957611 39.586003
7118193863.331832 13.200762 0.302935 2.689706 10.495938 3.397945 35.693923
11482139037.825792 8.530948 0.114505 0.080440 14.149535 3.905862 37.893057
3662790582.383747 22.583951 0.822297 1.643607 14.832160 4.322545 33.093094
4921219315.350301 17.716605 0.812792 1.537779 9.473023 3.044023 34.091141
4151646724.603487 17.144793 0.247882 3.702520 4.131072 4.098149 31.925485
8640076107.008030 19.072978 0.556499 4.688133 5.078181 4.533730 41.975370
35609441112.933090 5.506315 0.478356 0.240740 8.240294 3.729862 51.091650
6943460010.419424 14.370284 0.718744 1.625112 9.096598 3.443786 36.168301
9809149331.295507 10.601514 0.623118 1.014534 4.502698 4.944177 37.691911
16094562163.516562 7.395747 0.910993 0.028678 10.047017 3.237722 41.230386
10800171478.545033 9.090547 0.306566 0.878074 8.568036 3.187378 37.623437
6695399809.835609 11.109734 0.933782 0.541086 6.359819 3.307038 33.547160
4127977858.192189 44.949268 0.683807 6.162289 12.150946 4.600381 42.721067
4391722579.733194 40.252641 0.699203 5.456658 8.611820 3.113608 42.055656
2149516249.030410 35.798124 0.692556 2.090037 8.075176 4.420032 31.909520
4380725752.418642 15.471842 0.971637 0.877282 6.951143 3.797545 31.622180
20241334129.253082 6.661831 0.119928 0.093111 16.586988 4.141494 43.663822
11324727213.535206 12.289957 0.329339 4.489070 5.026317 3.724311 40.942402
21460256377.858208 8.309203 0.251166 3.567496 6.289196 3.050854 46.426430
30027389773.309364 6.057862 0.822659 0.200463 3.571445 3.072449 49.000272
13870603695.041576 8.124097 0.714536 0.394153 6.995759 4.103591 39.959300
5623901389.026342 44.029930 0.912532 4.777422 5.626361 4.056018 47.036306
14946140852.363922 7.805062 0.389111 0.057712 6.523826 3.994784 40.643658
16609372811.750433 7.956503 0.668321 0.432761 11.394592 3.996741 42.257695
151724065221.953491 5.319561 0.982913 0.937352 1.339399 3.271410 82.404421
4398313651.971165 26.847235 0.802805 2.764195 8.290029 3.040276 37.032544
18708308179.989594 7.354629 0.117631 0.597518 11.634559 4.231333 43.305806
10411294106.641722 8.953572 0.120681 1.230429 11.122867 4.034909 37.047182
4837781257.008602 41.188355 0.703308 6.448012 6.840921 3.072949 43.761549
3869865192.633771 31.103818 0.951879 2.374496 3.181915 4.000651 37.130335
2617550843.654760 48.025803 0.869139 3.132466 10.636287 4.210200 37.522234
5698390471.445761 12.667016 0.880101 0.734235 17.794535 4.226143 32.805954
10904146753.521944 9.634071 0.749651 0.627289 19.060807 3.190924 38.218995
8029590203.108618 10.411071 0.237060 1.271189 9.150376 4.084169 35.113803
3484277190.523557 21.030351 0.569043 1.799039 11.104498 4.807114 31.882091
13704528410.698133 7.900087 0.168268 0.022025 9.799877 4.987587 39.579225
20027927465.725376 7.135757 0.159631 1.131706 13.739643 4.993158 44.052283
203193826942.341553 3.760363 0.091481 1.399395 1.894501 3.086361 87.089678
4412517523.537700 41.484126 0.826707 4.374155 5.638387 3.383345 42.539427
9871660987.534904 9.600022 0.298576 1.027321 8.157407 4.228235 36.943923
11293818034.141302 8.899117 0.809966 0.534806 8.759572 3.083064 38.016889
22959299361.339699 6.507121 0.852930 0.040445 10.244447 3.022605 45.350318
8496483149.326960 10.621419 0.511877 0.832486 9.719758 3.584706 35.944871
14850729603.465126 8.337758 0.421666 0.737423 7.041267 3.773134 41.093336
5297547385.611749 48.056223 0.903140 4.981069 5.638001 4.095919 47.472357
28443607732.212730 5.837753 0.400113 0.115426 6.721305 4.701026 47.836507
3609196235.696901 24.694746 0.770283 2.327301 12.855681 3.359525 33.810171
5194781922.870310 12.672074 0.802369 0.490194 14.052937 4.243230 31.812682
6452763176.933136 24.656392 0.474081 7.657731 17.700033 3.072231 41.016448
2877911611.180460 38.541466 0.854503 2.585396 8.743703 3.261232 36.016376
5113336275.836796 46.586680 0.687023 7.637521 14.085464 3.776996 46.430653
1796286184.846519 40.116348 0.837937 1.611600 10.132933 3.319579 31.183425
3885851044.852427 15.540853 0.780054 0.703109 14.028340 3.982637 30.419177
8581699279.868419 9.504190 0.391398 0.019416 6.519146 3.550445 35.182152
6098906577.725395 17.931694 0.378604 4.372141 3.204404 3.505992 36.740077
2823076138.804111 44.448572 0.849421 3.041317 19.395675 3.643380 37.499290
10231089837.775480 9.845113 0.399182 1.101259 10.420918 4.578390 37.594425
6555396676.142638 13.095286 0.842958 0.969775 12.723169 3.056275 34.657978
3895306659.518356 18.676864 0.910156 1.081160 3.374351 4.689640 31.998310
12174778764.788383 8.483709 0.263507 0.741608 7.604347 3.662843 38.596209
3664402197.232543 26.528848 0.841552 2.120502 10.092372 4.039301 34.720532
3867540106.170311 35.737040 0.627805 4.831695 12.498177 4.159212 38.789497
6117122354.751186 14.481811 0.470101 1.943753 12.260992 3.085895 34.741511
10915157680.493322 8.936909 0.016145 3.519769 17.641586 4.764950 37.620676
5400040452.408347 12.452468 0.853000 0.494599 14.782386 3.021620 32.088660
20958018351.881107 6.688320 0.790464 0.136055 11.072460 3.334539 44.204101
4067376469.662010 19.314738 0.971942 1.177415 17.121442 3.346720 32.768720
4009023227.325354 26.539975 0.916064 2.112469 11.050901 3.479637 35.781067
3924579381.203795 20.867740 0.433468 2.793074 6.192746 4.633940 33.098437
4982577206.812214 18.832360 0.517060 2.529277 9.442832 4.643042 34.815055
3151728623.584900 39.530573 0.774303 3.359368 6.002514 3.531397 37.431105
120263545770.479599 5.090205 0.932864 0.749996 1.660868 3.533689 75.782176
12237712630.391594 8.509021 0.970287 0.340550 13.558016 3.866761 38.686204
149073579140.706848 4.648930 0.834647 0.868552 1.625727 3.294892 80.424300
2915421563.360434 21.576103 0.722367 1.078746 4.680949 3.357399 30.265301
2907467177.765741 38.772034 0.755884 3.173707 8.716107 3.112303 36.209242
16203104255.899151 8.034221 0.784258 0.530838 5.233298 3.467119 41.991033
7966729267.259591 15.380698 0.342791 6.038635 11.047204 3.064582 38.538539
14893197669.591898 7.982575 0.192827 1.143325 12.077292 4.890516 40.775390
5784116665.824184 15.865390 0.221634 5.472625 17.493055 4.469423 34.922390
5123389895.412235 32.462229 0.810410 4.073101 7.658323 3.814930 41.320904
6232544052.656593 11.917931 0.661234 0.592204 10.704942 4.797191 33.304097
4656751229.386730 14.839911 0.794257 0.913836 11.233414 3.251807 31.922999
22058519292.284924 6.780792 0.566655 0.013089 4.854464 3.154676 45.074310
7293127625.742231 16.110826 0.710679 2.065480 15.949601 3.519558 37.882209
18160747477.989513 6.799780 0.923768 0.297384 19.124174 4.956966 42.266687
5853559848.144544 15.057747 0.240805 3.880547 10.487821 4.014771 34.583024
7456294981.425837 13.421994 0.701421 1.498010 17.836681 3.676566 36.401327
5868132803.179293 11.500197 0.236776 0.589176 7.957435 4.275326 32.365730
13296470601.516542 8.771191 0.372297 0.965898 15.718025 3.657183 40.021447
4022774180.531169 40.386503 0.737915 4.871595 11.102466 3.818483 40.887659
5749081966.951669 12.113091 0.919142 0.578651 12.361192 3.289024 32.546643
11264466865.384125 8.754990 0.094330 0.422989 14.268693 4.229671 37.854450
4320364488.870667 16.018381 0.926968 0.861165 19.426175 4.749986 31.766700
8015433710.978999 16.393808 0.371525 5.536626 10.974380 3.128603 39.275962
4493127426.659052 18.342001 0.186248 7.660236 4.970364 4.528940 33.389983
12478677471.238556 8.458867 0.032777 2.705333 6.127642 3.646013 38.891374
11648735282.507114 8.701155 0.573203 0.019699 18.540164 3.696908 38.231043
7172705831.431117 10.962685 0.708566 0.723116 8.663387 4.021142 34.219973
5079198629.850081 13.362466 0.796645 0.788727 7.678970 4.382489 31.993180
9272854411.015446 16.856981 0.635681 3.614819 6.880589 3.530205 41.541043
7090737482.692151 17.627417 0.471098 4.215636 6.291331 4.300164 38.451578
22042942133.884739 6.716800 0.608590 0.145248 7.493697 4.751836 44.987853
4908555934.598487 21.035998 0.646151 2.680579 4.127860 3.274909 35.743241
5999401025.376303 13.696514 0.192795 3.729070 4.470131 3.595685 34.029774
16991689115.281984 7.605008 0.747937 0.071143 17.141070 4.672265 42.206377
5062333738.981636 13.403235 0.848078 0.766297 4.976566 3.185604 31.982136
13806838971.855774 7.859121 0.230995 0.576522 7.172893 4.694736 39.637003
7302251023.605535 16.038097 0.396807 3.776213 3.005622 3.201412 37.852366
2962313898.786352 49.241424 0.817106 3.630402 19.998876 3.707537 39.431818
6398589161.697837 12.443014 0.764774 0.820557 7.031818 3.574156 33.949510
5971407993.649282 44.293563 0.696917 8.856045 6.615664 3.443090 48.080787
213790495391.074280 3.324753 0.260714 0.016376 3.347475 4.956774 87.654145
24513200427.458813 10.097743 0.642243 1.744472 1.385667 3.018267 50.589513
7156535494.264531 13.139960 0.429179 1.859970 15.583426 4.250579 35.716793
11487299196.819853 8.322783 0.231516 0.031835 19.392429 3.702748 37.708265
3191623207.063451 34.895930 0.905789 2.559352 4.859474 4.939642 36.107838
10147906799.662806 9.324455 0.089003 1.791884 6.280594 4.758781 37.050864
5553371516.965479 12.824309 0.974470 0.500837 5.622162 3.710903 32.624216
8600753208.910765 9.854016 0.814708 0.471057 16.603771 3.543310 35.488013
18504585039.052933 7.598692 0.849400 0.604173 10.687265 3.793908 43.416655
14700609128.239153 8.146702 0.532274 0.482234 18.586131 4.307957 40.763597
18794453335.129112 7.175878 0.613984 0.134438 15.815125 3.443678 43.173417
36998781606.817650 5.719542 0.519803 0.038755 6.692750 3.233456 52.050710
25302216640.037743 6.226417 0.443723 0.034213 8.416997 4.506003 46.492882
5120229373.875144 20.519618 0.788130 2.271789 14.524721 3.569947 35.993066
4810289434.651838 14.466998 0.710612 0.889716 7.377647 4.052300 32.058432
7754179925.913841 10.856716 0.698016 0.438247 5.266387 3.983093 35.041954
15120823355.018801 7.717391 0.957943 0.047913 17.028599 4.206206 40.711829
10841373926.666576 9.487991 0.924346 0.405619 9.871133 3.231315 38.018820
7598318768.847476 11.342188 0.514627 0.801873 12.520294 4.245827 35.162086
7664216418.104790 15.595307 0.892109 1.700486 11.258385 3.535828 38.183450
4730983740.246870 15.632017 0.939126 0.937979 8.596289 3.859924 32.531632
3358643887.411723 44.936053 0.934727 3.315047 3.377805 3.908234 39.878782
14960085190.358091 7.756917 0.920044 0.339612 18.523847 3.157033 40.607314
