0.001000 4693.104882 722.705650 18779.443628 218.234998 37580.020976 121.676240 56931.366812
0.001038 4578.741872 717.242119 18229.957784 217.397138 36260.620443 121.406722 54987.696547
0.001077 4531.303398 713.565631 17690.742015 216.561985 34987.523009 121.137686 53110.291660
0.001117 4434.441217 706.731031 17136.597733 215.729513 33759.103877 120.875747 51296.892823
0.001159 4339.641039 699.762172 16586.310403 214.899699 32573.794981 120.824328 49545.317778
0.001203 4246.858854 692.860969 16053.679896 214.072516 31430.083524 120.772699 47853.458678
0.001248 4156.051584 686.026737 15680.020297 213.247938 30326.509644 120.720852 46219.279529
0.001296 4070.238554 679.786212 15171.606106 212.425938 29261.664608 120.668779 44640.813766
0.001344 4001.093921 676.001046 14796.756437 211.606491 28232.860172 120.616470 43116.161886
0.001395 3927.383831 672.796063 14365.239351 210.740290 27214.774284 120.563918 41643.489123
0.001448 3853.852738 665.091127 13895.422725 209.975143 26233.390860 120.511112 40221.023307
0.001502 3792.053062 661.550040 13479.891676 209.163186 25303.341794 120.458045 38847.052663
0.001559 3712.615172 658.026914 13046.229974 208.353670 24455.817799 120.404705 37519.923805
0.001617 3634.827439 654.550976 12626.514432 207.546565 23613.036392 120.351082 36238.039707
0.001678 3558.655390 650.739427 12220.296634 206.741843 22783.794745 120.297168 34999.857807
0.001742 3482.836103 643.092850 11827.142436 205.939473 21983.654576 120.242949 33803.888134
0.001807 3404.957820 635.534487 11446.631752 205.139425 21339.739022 120.188417 32648.691529
0.001875 3328.807105 628.063285 11145.982187 204.341669 20624.720450 120.133559 31532.877897
0.001946 3277.268232 620.678202 10790.570936 203.546172 19933.605390 120.078363 30455.104547
0.002019 3225.579999 613.378208 10517.042156 202.752903 19265.594765 120.022817 29414.074572
0.002095 3153.189080 606.630933 10250.371057 201.961830 18578.613762 119.966910 28408.535279
0.002174 3079.643931 601.334625 9981.660577 200.967180 17963.935669 119.910628 27437.276703
0.002256 3035.565706 596.083476 9666.698980 199.681573 17374.390682 119.853957 26499.130129
0.002341 2961.439861 592.411017 9389.742165 198.403723 16804.147054 119.796885 25592.966693
0.002430 2880.501706 588.880306 9074.544763 197.133572 16245.961721 119.739397 24717.696030
0.002521 2818.228992 582.928601 8780.128121 195.871061 15701.232568 119.681479 23872.264955
0.002616 2769.346116 577.534432 8526.379378 194.616131 15174.714506 119.604221 23055.656194
0.002715 2703.723993 573.606422 8281.352496 193.368727 14649.337099 119.483660 22266.887164
0.002817 2658.785243 569.703798 8057.033407 192.128789 14123.788813 119.363135 21505.008788
0.002923 2607.996179 565.826359 7848.375713 190.896261 13647.988074 118.988682 20769.104356
0.003033 2541.040362 562.343540 7624.125301 189.973955 13214.647463 118.537648 20058.288417
0.003148 2508.040036 559.911413 7374.429557 189.720111 12789.479234 118.087946 19371.705716
0.003266 2460.770171 555.721442 7135.489711 189.465760 12365.338499 117.639562 18708.530166
0.003389 2405.025896 554.360448 6918.855749 188.920940 11950.347674 117.192483 18067.963852
0.003517 2360.467668 552.670967 6740.523029 187.684890 11549.231673 116.746696 17449.236069
0.003650 2308.309635 549.947044 6555.450952 186.456511 11161.526816 116.302186 16851.602398
0.003787 2262.453925 542.031637 6405.713229 185.235750 10786.784931 115.858941 16274.343810
0.003930 2214.975694 540.039091 6193.818770 184.022551 10458.006312 115.416947 15716.765797
0.004078 2168.487875 535.186835 6036.046114 183.026555 10152.117764 114.976189 15178.197539
0.004232 2126.880233 528.605997 5835.642079 182.464223 9847.467002 114.536656 14657.991097
0.004391 2088.439322 524.743331 5657.434802 181.901875 9523.648358 114.098334 14155.520632
0.004557 2057.640799 519.597348 5532.328565 181.339467 9210.431492 113.661209 13670.181652
0.004728 2016.082538 513.262239 5352.049879 180.776951 8907.469387 113.225268 13201.390284
0.004906 1990.165563 509.454361 5214.573791 180.214282 8614.426393 112.790498 12748.582574
0.005091 1946.721687 504.456346 5059.107339 179.651411 8330.977859 112.356888 12311.213806
0.005283 1900.331486 499.506647 4894.986623 179.088291 8062.652861 111.924423 11888.757845
0.005482 1866.187530 494.604770 4746.145571 178.524873 7805.767122 111.493093 11480.706507
0.005689 1826.774065 489.750220 4616.092592 177.518618 7556.911969 111.062884 11086.568948
0.005903 1783.009012 483.395816 4484.802687 176.143706 7315.831874 110.633786 10705.871068
0.006126 1742.176780 476.639566 4343.780218 174.779071 7082.279353 110.205788 10338.154948
0.006356 1698.656013 471.637732 4231.836672 173.424640 6856.014724 109.778878 9982.978291
0.006596 1664.014942 467.989643 4100.135041 173.272596 6636.805866 109.353047 9639.913898
0.006844 1626.227780 464.760438 3986.365806 173.122264 6424.427994 108.928285 9308.549145
0.007102 1589.277578 462.640479 3883.787834 172.970386 6218.663435 108.504583 8988.485496
0.007370 1553.145722 459.821907 3776.736246 172.039728 6032.388670 108.081933 8679.338016
0.007648 1517.814022 456.201132 3653.517736 170.598276 5873.962108 107.660328 8380.734911
0.007936 1481.288597 453.531452 3546.970074 169.168058 5695.352705 107.239761 8076.970544
0.008235 1449.480398 448.710993 3431.656862 167.748988 5514.878169 106.920124 7782.029963
0.008545 1423.798676 441.887520 3321.824832 166.340984 5338.521448 106.669151 7497.815831
0.008867 1390.768664 440.244664 3239.686842 164.943964 5167.738988 106.418398 7223.939390
0.009201 1358.503214 434.168158 3154.715948 163.557852 5002.354952 106.167873 6960.026022
0.009548 1329.395523 428.176549 3081.216574 162.202298 4842.199079 105.917586 6705.714735
0.009908 1301.268267 422.286286 2997.810225 161.391497 4724.708557 105.667547 6460.657668
0.010281 1273.716541 418.124542 2930.183237 160.585163 4584.018732 105.417770 6224.519619
0.010669 1246.727627 414.002200 2857.345611 159.783318 4427.284026 105.168271 5996.977581
0.011071 1228.953486 409.918812 2781.302828 159.334250 4275.645601 104.919068 5777.720305
0.011488 1199.629375 405.873932 2699.784012 159.222526 4128.939174 104.670183 5566.447871
0.011921 1183.094062 401.867114 2643.779610 159.109975 3987.006477 104.421638 5362.871279
0.012370 1166.055903 396.797351 2551.476202 158.996594 3854.287180 104.173462 5166.712054
0.012836 1143.135036 393.255677 2477.569479 158.882380 3730.440990 103.925684 4996.657127
0.013320 1115.914682 389.742870 2393.602134 158.767335 3630.416427 103.678340 4857.575327
0.013822 1096.815390 386.258686 2323.527202 158.651460 3533.814538 103.431467 4722.052667
0.014343 1071.487684 382.388416 2248.304291 158.534761 3419.589702 103.185109 4589.990994
0.014883 1055.586430 378.809655 2172.054695 158.417248 3305.354590 102.939314 4453.047094
0.015444 1031.897092 375.651418 2099.160912 158.298931 3194.926902 102.694134 4298.718029
0.016026 1008.225242 371.428287 2035.597688 158.179827 3088.181473 102.449629 4149.667557
0.016630 985.228396 367.445294 1980.155481 157.392809 2984.997326 102.205863 4005.716690
0.017256 963.881881 363.794674 1927.714752 156.590778 2885.257536 101.962909 3866.692592
0.017907 944.518178 358.432730 1876.588522 155.793133 2793.586728 101.720845 3734.090263
0.018581 930.546239 354.544677 1817.498183 154.999977 2704.277850 101.479758 3621.438896
0.019281 907.359717 351.582366 1760.022082 154.211426 2614.482794 101.239744 3512.000189
0.020008 884.739978 345.753641 1706.975031 153.427606 2527.634837 101.000906 3405.681646
0.020762 865.816154 341.413886 1653.005148 152.300682 2461.636980 100.763360 3302.393516
0.021544 843.762759 338.616302 1600.388097 150.890867 2386.899929 100.527231 3202.048726
0.022356 825.491470 334.101616 1547.565453 149.707417 2332.450761 100.292655 3104.562809
0.023199 810.540115 328.659693 1498.550728 149.507538 2248.182056 100.059781 3009.853846
0.024073 796.840726 325.866377 1451.381918 149.157452 2166.987950 99.828772 2917.842400
0.024980 779.554618 323.527093 1410.236266 148.164540 2111.835883 99.599806 2828.451460
0.025921 766.122013 321.177879 1372.781135 147.177075 2053.749104 99.373074 2741.606382
0.026898 747.844682 317.800299 1328.806102 146.195238 1996.677564 99.148787 2657.234840
0.027911 728.934769 313.091722 1296.817454 145.219233 1927.179711 98.927173 2575.266773
0.028963 715.279976 310.139007 1264.817153 144.249283 1859.731005 98.708480 2495.634336
0.030055 699.508576 306.985904 1226.879412 143.285636 1794.336303 98.492976 2418.271860
0.031187 682.604679 302.270819 1190.183335 142.503511 1730.991903 98.280952 2343.115802
0.032362 665.634593 297.471397 1155.033265 142.142710 1669.686240 98.072726 2270.104709
0.033582 651.953396 293.122894 1118.778936 141.779725 1612.073388 97.868639 2199.179180
0.034847 636.838798 288.787443 1083.635112 141.414868 1558.753424 97.669062 2130.281824
0.036160 623.130041 286.278047 1049.571062 140.821266 1506.636528 97.474399 2063.357235
0.037523 610.881129 282.340228 1017.460198 139.683447 1455.773568 97.285082 1998.351949
0.038937 597.515132 278.044199 987.059643 139.063469 1406.207257 97.101583 1935.214418
0.040404 588.516742 273.732443 956.903526 138.932057 1359.457098 96.924410 1873.894980
0.041927 573.332444 270.451757 932.366899 138.804969 1315.830556 96.754114 1814.345825
0.043507 561.442641 269.267571 904.691561 138.477328 1274.250912 96.591287 1756.520970
0.045146 548.825255 266.199906 877.023812 137.870365 1233.435953 96.436572 1700.376226
0.046847 536.992576 262.369361 848.417291 137.277651 1194.360923 96.290662 1645.869168
0.048612 524.678722 258.608305 823.118742 136.725069 1156.187968 96.154306 1592.959106
0.050444 511.810488 254.576937 800.676964 136.692658 1120.458656 96.028310 1541.607053
0.052345 499.249541 250.574172 774.704816 135.977241 1084.871764 95.913546 1491.775685
0.054317 487.893393 247.343234 754.138479 135.649094 1046.565194 95.810956 1443.429310
0.056364 476.427592 243.885499 734.143868 135.487488 1010.844621 95.721553 1396.533825
0.058488 465.448004 241.028222 711.892033 134.960769 977.241896 95.646432 1351.224771
0.060692 455.207588 238.885910 694.161746 134.218640 944.224955 95.586772 1312.347162
0.062979 442.468876 236.685454 671.466920 133.495155 912.015516 95.543847 1273.954694
0.065352 430.919725 234.565761 652.151004 132.822599 881.072041 95.519027 1236.113900
0.067815 420.139529 231.539192 633.989613 132.696995 851.353635 95.513792 1198.888636
0.070370 411.492426 228.989525 614.636110 132.312396 822.821053 95.529735 1162.339469
0.073022 401.848353 225.750324 597.459177 131.694852 795.436645 95.568577 1126.523152
0.075774 391.895037 222.768917 579.793443 131.403112 769.164310 95.632169 1091.492164
0.078629 383.482710 220.195202 562.363152 130.721423 744.257908 95.722509 1057.294334
0.081592 374.979166 218.516145 544.393547 129.717998 721.693706 95.841749 1023.972567
0.084666 365.739052 216.078632 528.412579 129.171437 698.163666 95.992210 991.564647
0.087857 356.247594 213.892275 513.151243 128.665430 677.558968 96.176395 960.103150
0.091167 348.414564 211.318534 498.585301 128.297071 656.291294 96.028670 929.615427
0.094603 341.261544 208.708180 484.482360 128.348722 638.552798 95.888762 900.123690
0.098168 332.303532 205.947883 471.256844 128.443169 618.951304 95.791328 871.645165
0.101867 326.500316 203.898968 458.704902 128.583868 601.140535 95.739138 844.192311
0.105705 319.844936 201.900826 448.345748 128.752315 588.399077 95.735168 817.773109
0.109688 313.782464 200.092304 435.389283 128.224841 571.754359 95.782619 792.391384
0.113822 307.080808 197.936943 423.928967 128.334939 561.089821 95.884929 768.047173
0.118111 300.398084 196.398364 412.323298 128.728224 545.437450 96.045795 744.737118
0.122561 294.581291 194.802475 404.384039 129.196593 531.823806 96.269193 722.454867
0.127180 289.093577 192.768845 396.776250 128.949706 517.209678 96.559399 701.191492
0.131972 283.298969 191.510528 388.298281 128.098269 504.432845 96.921016 680.935893
0.136945 277.694827 190.240861 379.795210 127.770664 492.489545 97.358992 661.675196
0.142105 272.545445 189.245951 372.913172 128.961261 479.940380 97.878658 643.395139
0.147460 268.964885 187.484553 366.407612 130.256962 468.110642 98.485751 626.080421
0.153017 265.706881 186.436875 358.410462 131.609608 456.985850 99.186448 609.715044
0.158783 262.401566 185.248014 351.360834 132.274342 446.552406 99.987404 594.282613
0.164766 259.134691 184.238303 345.206730 133.057984 436.821997 100.895786 579.766613
0.170975 256.216638 183.695862 340.114146 133.968000 428.851557 101.919318 566.150653
0.177417 253.428836 183.859223 335.643763 134.819332 421.477198 102.759030 553.418679
0.184103 251.617859 183.491826 331.395515 135.511668 414.694119 103.623853 541.555166
0.191040 250.250557 183.620178 327.703420 136.376856 408.389437 104.612048 530.545275
0.198239 248.445828 183.940830 324.460085 137.425260 401.599856 105.732370 520.374992
0.205709 246.363869 183.711725 321.669578 138.668066 395.674613 106.994220 511.031237
0.213460 244.945620 184.570519 318.509730 141.257523 392.765623 108.407694 502.501965
0.221504 243.742795 185.126291 315.998975 143.395382 388.653990 109.983641 494.776239
0.229851 243.388584 186.211711 314.665452 145.180168 386.270655 111.733721 487.844296
0.238512 243.252787 186.950745 313.562115 147.124690 383.577862 113.670463 481.697594
0.247499 243.662697 188.799763 311.644372 149.724637 381.475520 115.807342 476.328856
0.256826 243.781142 190.894708 311.411285 152.889877 379.968668 118.158840 471.732100
0.266503 245.244359 192.551723 312.468528 154.984725 379.379586 120.740534 467.902661
0.276546 246.428470 193.663855 313.842035 157.561384 379.163121 123.569170 464.837210
0.286967 247.574195 195.247356 315.780541 160.952871 379.090578 126.802767 462.533770
0.297780 250.569747 198.520280 317.139147 164.985206 379.136107 131.010489 460.991716
0.309001 252.753568 201.914225 318.876622 169.416627 381.295619 135.581109 460.211783
0.320645 255.889849 205.879192 321.624697 173.510869 383.878703 140.543605 460.196067
0.332727 259.091994 209.644267 324.189146 177.696585 388.119550 145.929229 460.948013
0.345265 263.393940 214.772681 329.454032 182.266779 391.019276 151.726988 462.472413
0.358275 268.420223 220.093503 333.933370 187.242770 394.690206 156.533519 464.775385
0.371776 273.514694 225.688238 339.064704 192.404123 399.712034 161.771710 467.864363
0.385785 279.492431 231.942442 345.685179 197.244040 405.476573 167.471499 471.748067
0.400322 286.034702 238.321216 352.279534 203.792949 412.273987 173.664961 476.436483
0.415407 293.285098 244.853517 360.338436 210.116756 420.916563 180.386434 481.940823
0.431060 300.924565 251.188119 369.764827 217.068526 428.760768 187.672628 488.273495
0.447304 309.124705 258.689690 378.992360 224.139415 439.719919 195.562749 495.448055
0.464159 318.880422 266.652892 389.493292 232.012335 449.370082 204.098615 503.479163
0.481649 329.555495 275.566637 400.382254 240.040929 460.428121 211.701993 512.382530
0.499799 340.165364 285.375628 412.036904 249.886895 472.440545 219.818673 526.292779
0.518632 351.749847 295.857125 424.566652 260.296117 485.408212 228.606691 541.070473
0.538175 364.402155 306.880074 439.251942 270.143495 500.306226 238.108295 556.474085
0.558455 378.129731 318.672799 454.623407 282.401948 516.230145 248.368653 569.715682
0.579498 392.401311 331.390397 472.522997 293.389287 533.107686 259.436018 583.810799
0.601335 408.460764 345.026091 490.356313 306.769503 550.978079 271.361905 606.481305
0.623994 425.862557 359.848210 508.922462 319.530456 572.595663 284.201272 627.890699
0.647508 443.693909 375.942550 529.018638 332.272079 594.166084 298.012720 657.227667
0.671907 461.690148 391.520158 550.868109 346.772704 621.098538 312.858691 684.367727
0.697226 482.775052 408.138513 575.003790 362.077106 648.872280 328.805696 712.822674
0.723499 503.349632 426.551767 601.026446 379.016562 674.571526 342.120917 742.604836
0.750762 524.493148 444.320466 628.702205 396.807900 708.885874 356.223326 773.721893
0.779052 546.317870 464.949421 658.130663 417.139674 742.822541 371.209651 806.176606
0.808408 573.674734 486.151496 688.786294 434.831392 774.725361 387.117335 843.178756
0.838870 600.716823 508.973961 723.279083 455.507929 809.387275 403.984960 882.737104
0.870480 629.557374 532.144300 759.524826 475.691819 847.336224 421.852198 927.485848
0.903282 659.918001 557.817958 793.474709 497.411853 890.154467 443.138872 991.538060
0.937319 693.791999 584.509959 832.277174 519.490982 935.786615 467.193355 1050.451840
0.972639 725.004215 613.968421 874.145676 543.934171 993.190878 488.329181 1100.048686
1.009290 762.388421 644.594862 921.667726 570.503017 1043.464623 505.501342 1174.891362
1.047322 796.997029 677.623131 968.534435 596.219848 1107.811439 527.640824 1258.379247
1.086787 838.207957 711.066565 1017.426939 622.386751 1167.886697 548.815313 1348.068840
1.127740 882.608442 748.178806 1069.948163 648.192263 1232.684914 570.838130 1444.367729
1.170235 926.356990 785.254393 1125.730028 677.057206 1298.737295 593.825008 1547.704337
1.214332 975.852954 824.244444 1183.024167 706.386689 1375.232124 617.795479 1658.502495
1.260090 1023.284831 864.709109 1244.300639 730.729769 1460.295642 642.768543 1770.978561
1.307573 1074.943127 907.071334 1309.258271 761.996828 1545.877488 668.762598 1880.619530
1.356845 1128.089500 948.989435 1377.937555 794.911735 1637.473403 695.795389 1987.630489
1.407973 1178.855736 992.562366 1457.813057 832.456304 1737.988487 723.883947 2092.194134
1.461028 1234.520401 1036.999386 1534.201082 865.313590 1838.380138 753.044535 2194.473252
1.516083 1294.590589 1086.909160 1612.299384 897.383092 1938.294543 783.292600 2278.052663
1.573212 1356.198776 1134.890870 1696.595701 929.730605 2054.943142 814.642721 2392.742563
1.632493 1420.765448 1182.667588 1784.984992 963.092624 2164.311312 843.479444 2488.977532
1.694009 1490.330777 1235.504062 1876.294812 997.473250 2297.015908 871.381702 2606.881705
1.757842 1564.949498 1287.730935 1981.452114 1032.875650 2442.634010 900.041278 2756.464953
1.824081 1636.119252 1338.188670 2073.672448 1069.302042 2585.020073 929.456279 2913.671732
1.892816 1716.553996 1392.178193 2167.175320 1106.753702 2724.674580 958.407662 3019.535894
1.964141 1799.373792 1440.345069 2276.000452 1155.213083 2890.440015 986.303577 3213.016349
2.038154 1879.689498 1493.538867 2387.611439 1187.826304 3031.661087 1014.757884 3433.444345
2.114955 1958.412813 1555.062664 2507.932567 1230.561065 3212.323380 1043.767525 3639.156500
2.194651 2047.622788 1616.067890 2623.580178 1275.142270 3356.608923 1073.328832 3876.160581
2.277350 2142.522932 1673.886811 2752.226768 1320.655707 3550.485249 1103.437519 4128.303210
2.363165 2234.525451 1732.351102 2870.315729 1367.077871 3765.822201 1134.088688 4396.453869
2.452213 2323.360954 1790.984329 3003.230062 1414.384854 3993.958257 1165.276840 4681.521074
2.544617 2414.956673 1853.327155 3135.416156 1462.552630 4213.659145 1196.995900 4984.453288
2.640503 2515.585853 1906.403004 3284.047740 1504.993589 4484.274838 1229.239253 5306.239794
2.740003 2610.658059 1964.814700 3437.477345 1556.551736 4758.342581 1261.999778 5647.911496
2.843251 2706.508154 2024.356769 3600.274668 1595.285153 5041.831037 1295.269898 6010.541650
2.950391 2812.978325 2081.423721 3771.116941 1631.507575 5253.626647 1329.041627 6395.246499
3.061567 2899.575916 2136.162346 3929.607538 1664.780466 5478.160088 1366.786359 6803.185799
3.176933 2989.844508 2199.643997 4076.968200 1697.908282 5762.582179 1407.115730 7091.431888
3.296646 3097.772050 2246.750875 4216.935651 1738.911232 6022.210007 1448.078071 7419.607214
3.420870 3198.514771 2302.486842 4395.258183 1778.760955 6317.739280 1489.651239 7872.320269
3.549775 3294.074728 2364.460692 4567.830569 1796.422755 6653.581531 1531.811764 8343.663037
3.683537 3380.593996 2429.937156 4749.263832 1816.451518 6984.625475 1558.988900 8805.997408
3.822340 3480.761966 2479.818872 4946.301053 1837.773060 7283.002634 1578.754262 9254.880882
3.966373 3575.245399 2547.238280 5156.932358 1891.465648 7583.001272 1601.297787 9736.388218
4.115834 3655.541403 2594.205135 5373.824584 1930.963706 7876.570694 1622.070006 10226.399786
4.270926 3762.907783 2633.820873 5570.961196 1957.698928 8180.324062 1642.590087 10715.071185
4.431863 3854.541572 2678.251754 5791.425760 1983.104674 8615.202315 1662.859985 11202.447733
4.598864 3959.154362 2743.654358 5992.367188 2021.175347 9035.449331 1682.881628 11649.099129
4.772158 4078.260528 2793.036411 6231.520115 2039.613618 9496.075241 1702.656927 12164.592820
4.951983 4173.697410 2857.604950 6453.973999 2054.784565 9834.106257 1722.187783 12657.187124
5.138583 4279.358380 2902.776368 6666.024210 2074.647243 10087.597102 1734.693035 13139.741786
5.332215 4361.871987 2941.807917 6891.386690 2105.572473 10453.829949 1743.406175 13621.160540
5.533143 4464.267695 2994.624437 7081.274977 2138.229420 10829.893439 1751.592186 14166.378021
5.741642 4569.624511 3035.188009 7270.869095 2176.666470 11215.168309 1759.283459 14962.195329
5.957999 4681.830660 3087.468096 7456.982748 2181.385629 11633.605441 1766.510327 15745.808341
6.182508 4793.415638 3108.788453 7688.426042 2216.005800 12089.070723 1773.301204 16517.446523
6.415476 4872.743604 3139.095449 7957.031971 2231.204212 12456.568184 1779.682709 17185.879628
6.657224 4981.542476 3181.022963 8225.367356 2235.965033 12927.858181 1785.679795 17988.932935
6.908081 5072.204068 3222.469480 8372.106354 2248.486660 13308.507215 1791.315851 18762.675749
7.168391 5199.885463 3270.418463 8571.117118 2256.418253 13693.269032 1796.612812 19488.539380
7.438510 5312.274920 3301.147719 8776.052449 2277.291228 14186.952872 1801.591248 20203.453757
7.718807 5419.761480 3334.854178 8981.388711 2303.154594 14790.904604 1806.270459 20907.603836
8.009667 5500.899626 3361.831664 9183.386868 2328.874413 15157.244289 1810.668550 21601.168993
8.311487 5580.541962 3401.189686 9426.536023 2348.591397 15387.595293 1814.802516 22284.323420
8.624680 5663.362778 3437.090918 9647.093340 2351.056930 15630.663630 1818.688304 22957.236484
8.949674 5743.990712 3479.082621 9949.966063 2353.349126 16174.952929 1822.340888 23620.073050
9.286915 5817.699099 3504.752027 10117.217619 2355.480234 16717.358041 1825.774324 24272.993777
9.636864 5883.328896 3534.626353 10360.221928 2357.461628 17144.024608 1829.001812 24906.096298
10.000000 5955.752228 3546.856365 10551.545488 2359.303875 17357.856918 1832.035748 25401.416155
