0.010000 1780004236.379982 638847729.955456 3761092864.136960 284906669.991365 5219740974.877147 190618042.518988 6222949669.144489
0.012068 1587194637.860562 611117479.271448 3224625106.525169 278742591.857516 4391617665.496338 189641570.030027 5270345912.385943
0.014563 1395180028.296664 582665236.174400 2755382344.178084 271523697.357982 3744049621.728820 188493836.817881 4456296690.996114
0.017575 1259409269.638055 542829646.098454 2340867547.860973 266083925.955939 3219260460.125111 187142991.291547 3808971850.630918
0.021210 1117840531.297034 508240495.794252 1974840457.255689 257174606.298674 2728313048.595767 185552095.090754 3251470029.070884
0.025595 996741708.560856 480579304.302882 1678806287.413676 247708022.456342 2261594971.302016 183678677.915078 2757540099.493823
0.030888 886987261.270050 445422153.596598 1410767139.523561 238218766.228699 1870322352.344477 179127236.903111 2320046159.456558
0.037276 784897246.001685 409623100.952681 1193762784.592022 229001322.345305 1541321186.460959 174407442.033330 1933942445.905143
0.044984 692554753.487386 380132255.206386 1000495703.548968 221624858.946806 1269669986.037205 169537312.325891 1595998114.255699
0.054287 601153626.389865 352975065.864718 846542789.992671 213778282.283413 1040390478.177460 164482134.328098 1315380311.079067
0.065513 516459644.236709 324488636.380132 706446488.063226 204275490.234046 861491507.642102 156204105.798863 1063928609.972533
0.079060 440326587.262913 296783251.763825 584649582.604358 192851108.759972 703652698.577637 147759362.899277 849526040.868520
0.095410 373042475.683694 266488121.998409 487347692.630996 182996071.931984 572755945.459598 139408005.763203 685612163.611282
0.115140 315956523.233676 237280261.430631 399952136.244200 170705331.914855 467511509.088491 131122463.320474 548609465.766991
0.138950 267051358.756606 210556509.353534 326885291.751364 158233688.799465 377210160.932250 124004874.084116 434346928.520134
0.167683 224266865.666948 183610774.593778 267045225.251187 145309040.754071 303640581.480763 119134379.905277 346900952.845012
0.202359 186381862.887227 158726686.433220 217412274.619944 130559934.897206 244549376.497737 109652946.172432 281074010.624609
0.244205 152994120.323771 133834110.420653 174312621.546855 116211642.163325 193775102.052673 98215590.121166 213421244.631246
0.294705 124888020.993385 111627935.170035 139181861.063957 100305581.900354 153949091.267087 89048171.604409 175579116.780929
0.355648 100884256.158048 91998579.076584 110357049.612909 84898561.664290 120858414.017279 77786776.377662 133917483.594731
0.429193 80163953.235251 74321229.064233 86842243.072196 69099266.191912 95643833.717423 64749868.995682 103063476.702578
0.517947 62824755.755521 58517955.427768 68819823.689292 55029829.797860 75901085.549083 51832752.105660 82874518.970805
0.625055 48682038.340519 44630769.091284 54214557.063671 41210468.511679 60497076.138694 39034793.025726 66964972.786898
0.754312 37488561.960032 33412191.699764 42144621.121929 29490585.240681 48513360.568398 27693368.961731 56892688.421135
0.910298 28491015.604052 24182043.683420 32766033.562021 20363381.685186 38625419.221186 18914406.154560 46659967.846882
1.098541 21208058.334150 17125941.498200 25250745.265579 13807224.468520 29910049.860770 12703730.922789 37431656.090063
1.325711 15388342.114379 11752251.542706 18923827.933310 9223716.706576 22529290.019111 8240289.043632 27027375.933687
1.599859 10589941.110958 7722122.513419 13982580.682221 5880478.818758 16989497.750053 5212172.310695 20186882.284765
1.930698 7035293.335210 4750805.413176 9995897.785048 3388444.738541 12876186.176801 2648218.187015 15823381.883022
2.329952 4513368.928812 2830787.417753 6903786.363879 1657185.384479 9567618.058446 1130962.446948 12187386.030287
2.811769 2802673.130935 1543681.253986 4513179.338214 742934.167898 6688625.027448 463319.758215 9438258.963763
3.393222 1667674.854157 812521.638109 2909890.661430 326411.744261 4821634.445182 189807.538643 6861130.139545
4.094915 968220.292251 410312.222114 1873058.078472 133285.670653 3471554.739750 77758.181228 4980690.941786
4.941713 524810.310034 199876.336368 1166330.597366 57912.949606 2123199.984971 31855.082211 3039748.136064
5.963623 285888.931312 94763.332342 698277.030274 25163.318124 1313759.356232 13050.025691 1950377.755119
7.196857 149589.712517 43686.302702 394742.299120 10903.691778 821358.136061 5346.185246 1353287.404704
8.685114 78558.140789 19837.995307 212075.400444 4750.642555 468050.762730 2190.164017 936037.604771
10.481131 39244.558669 9027.437441 117323.813663 1929.763194 278246.720036 897.241341 559915.694333
12.648552 18948.841657 4131.130240 62470.061277 787.512262 154746.809840 367.571569 299866.171250
15.264180 9240.846801 1884.685335 31471.905385 331.696901 85937.094833 148.793179 147985.362889
18.420700 4393.080992 817.764108 16381.450453 130.181342 46817.121838 59.190377 84545.302326
22.229965 2089.160058 357.094586 8157.369994 52.785901 24456.773072 23.546111 45008.338315
26.826958 1052.461510 154.148692 4109.462080 22.575129 12415.135353 9.285840 23960.533136
32.374575 489.514523 65.236218 2162.182261 9.634672 6490.717288 3.628640 12093.195160
39.069399 232.859731 28.825992 1110.379671 4.022720 3469.523232 1.417968 6790.526882
47.148664 109.568525 12.503425 565.143305 1.597250 1856.754219 0.554101 3614.988921
56.898660 52.228000 5.346819 295.260296 0.632946 991.343157 0.216527 1977.740943
68.664885 24.280611 2.241364 150.673706 0.249637 552.736303 0.084612 1086.980166
82.864277 11.636772 0.979777 80.245809 0.102168 292.619994 0.033064 597.411853
100.000000 5.360594 0.410064 40.935399 0.041644 154.206797 0.012921 328.341706
